-1.46399
-1.04282
-0.811493
-0.839783
-0.823364
-0.666321
-0.951111
-0.941345
-0.271088
-0.882263
-0.0927429
-0.735779
0.021637
-0.823364
-0.397278
-0.536865
-0.321259
0.309204
0.0275879
0
-0.675629
-0.342285
-0.680634
-0.835693
-1.05899
-1.03741
-1.01797
-1.84796
-2.17148
-12.4624
1.40985
5.88092
12.3696
15.9676
17.7778
18.6372
19.1356
19.4637
19.7239
19.9739
20.1947
20.4138
20.611
20.8123
21.0219
21.2209
21.4188
21.6177
21.8275
22.0329
22.2455
22.4287
22.5869
22.7552
22.9157
23.0556
23.2455
23.4173
23.5935
23.7701
23.9482
24.1342
24.2834
24.4002
24.4512
24.4673
24.5791
24.938
25.2366
25.3634
25.456
25.5364
25.5787
25.667
25.7391
25.7912
25.9008
25.4352
24.1266
23.6069
23.4251
23.918
25.2169
24.9825
27.0684
27.8896
27.9201
27.958
27.9923
28.0377
28.0857
28.1165
28.1619
28.1766
28.1996
28.2204
28.2224
28.234
28.2157
28.2125
28.2239
28.2109
28.2122
28.2027
28.2028
28.2012
28.2305
28.2418
28.2598
28.2813
28.291
28.322
28.3204
28.3285
28.3333
28.363
28.3711
28.379
28.3903
28.4102
28.3938
28.4117
28.3954
28.4117
28.4083
28.4297
28.4281
28.4282
28.4099
28.4083
28.4297
28.459
28.4724
28.5118
28.5508
28.572
28.5898
28.5833
28.6212
28.6426
28.6618
28.6829
28.7109
28.7614
28.773
28.7985
28.8513
28.9087
29.0117
28.2224
6.03906
4.52274
4.36298
4.31055
4.31024
4.29071
4.29727
4.31686
4.32819
4.3696
4.37115
4.38126
4.39188
4.38867
4.38055
4.38251
4.40866
4.43008
4.45749
4.49811
4.52936
4.55865
4.58203
4.62079
4.61914
4.62897
4.64069
4.65204
4.66837
4.63055
4.63718
4.63055
4.6293
4.62897
4.6192
4.62109
4.63873
4.63055
4.63873
4.63907
4.6192
4.6192
4.60126
4.5867
4.56219
4.55084
4.5528
4.54764
4.55905
4.59811
4.63562
4.64694
4.65671
4.66687
4.64069
4.64108
4.6293
4.6192
4.63718
4.69812
4.75827
4.81882
4.8989
4.97897
4.95117
4.94928
4.82196
2.41687
0.457794
-0.189392
-1.14212
1.72742
6.3071
4.71765
1.21725
1.33835
1.1817
0.810547
1.41022
0.181335
0.307404
0.305145
0.277802
-0.712433
-3.67923
-5.96869
-6.64993
-0.30188
3.92859
7.59842
2.00476
-6.25305
-5.26282
-3.32025
1.54889
3.38718
3.5278
3.48874
3.44772
3.53796
3.76648
3.99881
3.63718
4.64694
4.48874
4.38718
4.39539
5.35632
5.24344
4.90359
5.13718
5.13757
5.35632
5.51804
5.64069
5.70593
5.63562
5.50671
5.37741
5.24686
5.10593
4.995
4.8364
4.66998
4.4657
4.26492
4.34656
4.67664
4.07352
3.52313
-44.3038
-262.903
-242.105
-232.333
-233.033
-237.689
-242.14
-245.668
-248.671
-250.972
-252.812
-254.075
-254.832
-255.232
-255.403
-255.433
-255.214
-254.796
-254.363
-253.903
-253.175
-252.425
-251.665
-250.81
-249.962
-249.093
-248.204
-247.152
-246.123
-245.144
-244.054
-242.903
-241.794
-240.673
-239.491
-238.362
-237.132
-235.933
-234.782
-233.585
-232.325
-231.165
-229.974
-228.745
-227.564
-226.291
-225.052
-223.862
-222.542
-221.321
-220.096
-218.866
-217.683
-216.449
-215.263
-214.042
-212.824
-211.564
-210.391
-209.232
-207.925
-206.593
-205.242
-203.823
-202.385
-201.007
-199.675
-198.426
-197.157
-195.905
-194.696
-193.525
-192.296
-191.126
-189.944
-188.742
-187.583
-186.405
-185.245
-184.066
-182.935
-181.775
-180.634
-179.415
-178.255
-177.114
-175.996
-174.854
-173.675
-172.472
-171.303
-170.216
-169.093
-167.921
-166.765
-165.671
-164.56
-163.451
-162.349
-161.284
-160.126
-159.034
-157.964
-156.935
-155.824
-154.739
-153.358
-151.694
-150.542
-149.532
-148.586
-147.69
-146.662
-146.396
-145.343
-144.036
-142.815
-141.5
-140.708
-139.601
-138.176
-136.952
-135.728
-135.902
-133.731
-132.827
-131.399
-131.654
-129.448
-128.727
-127.246
-126.181
-125.215
-124.151
-123.088
-122.088
-121.037
-120.063
-119.181
-118.121
-117.158
-116.22
-115.212
-114.222
-113.241
-112.212
-111.271
-110.341
-109.398
-108.369
-107.439
-106.441
-105.511
-104.534
-103.604
-102.673
-101.72
-100.802
-99.8397
-98.9214
-97.9702
-97.0831
-96.1323
-95.1596
-94.2546
-93.3936
-92.4049
-91.4573
-90.5975
-89.6186
-88.7432
-87.8445
-86.98
-86.1992
-85.0379
-84.022
-83.1225
-82.2285
-81.3186
-80.4425
-79.5291
-78.6566
-77.8281
-77.0066
-76.1548
-75.0999
-74.2275
-73.3428
-72.5616
-71.7073
-70.8085
-69.9769
-69.1862
-69.3923
-69.2366
-65.9832
-64.4969
-63.7499
-62.9998
-62.2772
-61.4143
-60.4538
-59.7464
-58.9913
-58.1581
-57.4442
-56.6895
-55.9512
-55.1523
-54.3926
-53.7109
-53.0035
-52.2437
-51.5
-50.7484
-50.0266
-49.3093
-48.5965
-47.8663
-47.093
-46.4149
-45.6831
-44.9738
-44.2059
-43.4855
-42.7531
-42.0246
-41.3609
-40.6339
-39.9035
-39.2551
-38.4511
-37.7629
-37.1441
-36.4363
-35.6472
-34.9789
-34.3073
-33.5788
-32.8461
-32.1422
-31.4738
-30.8563
-30.1374
-29.3773
-28.657
-27.9672
-27.368
-26.6163
-25.9262
-25.2042
-24.5277
-23.9054
-23.2449
-22.546
-21.9133
-21.2387
-20.5948
-19.9594
-19.3058
-18.5863
-17.9085
-17.3168
-16.6601
-15.9788
-15.2418
-14.639
-13.9773
-13.3578
-12.7648
-11.9965
-11.366
-10.8069
-10.1144
-9.50626
-8.81516
-8.16016
-7.52765
-6.93939
-6.35587
-5.72882
-5.10782
-4.47726
-3.88867
-3.25851
-2.5097
-1.91797
-1.28937
-0.676483
-6.26E-03
0.544128
1.10437
1.75983
2.37265
3.00165
3.53281
4.1243
4.78476
5.39383
5.96875
6.50946
7.13092
7.79108
8.38913
8.96094
9.63251
10.2422
10.7898
11.4708
12.072
12.6211
13.2188
13.8282
14.4134
14.9477
15.4626
16.0524
16.6586
17.2106
17.7501
18.309
18.8887
19.4985
20.0704
20.6505
21.1781
21.7204
22.2676
22.8301
23.4805
24.0118
24.5215
25.1001
25.6375
26.1993
26.7485
27.3071
27.8825
28.4234
28.9641
29.4512
30.0309
30.5919
31.0883
31.6552
32.1762
32.6876
33.2383
33.768
34.2911
34.7895
35.3774
35.8907
36.4005
36.9691
37.4278
37.9786
38.4493
39.0102
39.502
39.9805
40.5196
41.0801
41.6078
42.0176
42.5591
43.1524
43.6195
44.0505
44.6172
45.1684
45.6684
46.209
46.6684
47.2173
47.7368
48.1587
48.6997
49.2485
49.6898
50.129
50.6684
51.17
51.6078
52.1176
52.6161
53.1079
53.5981
54.0801
54.4868
55.0458
55.5492
56.0067
56.4559
56.9462
57.3579
57.8794
58.4282
58.9071
59.3481
59.8008
60.27
60.7191
61.1387
61.6208
62.0704
62.6082
63.0669
63.5098
63.9739
64.4344
64.9247
65.3891
65.8579
66.3059
66.7485
67.2208
67.6587
68.1473
68.5887
69.0215
69.4575
69.8907
70.3481
70.7696
71.2176
71.6552
72.1079
72.5669
73.0243
73.4165
73.8872
74.3462
74.7387
75.1634
75.6372
76.036
76.4575
76.8563
77.3466
77.8173
78.2469
78.6274
79.0395
79.4477
79.92
80.3876
80.7665
81.1766
81.597
82.0227
82.5016
82.9427
83.3446
83.7841
84.1962
84.5848
84.9575
85.3692
85.786
86.2075
86.6079
86.979
87.3876
87.7993
88.239
88.6571
89.0575
89.497
89.8876
90.2669
90.6688
91.0887
91.5165
91.9364
92.3071
92.7059
93.0673
93.4462
93.845
94.2747
94.7532
95.1634
95.5559
95.9462
96.3661
96.7466
97.1079
97.438
97.8446
98.245
98.5962
98.9594
99.3598
99.6808
100.181
100.518
101.093
102.115
102.483
102.722
102.949
103.223
103.645
103.359
103.701
104.299
104.757
105.493
105.371
105.982
106.691
107.145
107.713
106.785
108.263
108.609
109.44
108.503
109.982
110.029
110.941
111.379
111.743
112.152
112.512
112.843
113.226
113.575
113.897
114.25
114.598
114.988
115.366
115.696
116.056
116.43
116.799
117.202
117.588
117.93
118.278
118.659
119.015
119.347
119.728
120.126
120.515
120.832
121.19
121.569
121.938
122.268
122.626
123.009
123.404
123.768
124.135
124.497
124.844
125.261
125.664
125.966
126.15
126.437
127.049
127.625
127.987
128.327
128.652
129.043
129.391
129.693
130.02
130.322
130.702
131.261
131.662
131.972
132.249
132.549
132.883
133.203
133.597
132.733
132.345
135.651
136.297
136.576
136.906
137.178
137.466
137.821
138.134
138.415
138.711
139.014
139.27
139.511
139.771
140.079
140.359
140.6
140.868
141.119
141.397
141.698
141.967
142.217
142.487
142.747
142.987
143.255
143.516
143.796
144.096
144.369
144.646
144.925
145.185
145.414
145.684
145.974
146.265
146.528
146.773
147.044
147.322
147.616
147.856
148.121
148.405
148.695
148.974
149.26
149.542
149.825
150.044
150.306
150.577
150.825
151.105
151.366
151.685
151.975
152.225
152.428
152.683
152.984
153.245
153.485
153.771
154.041
154.273
154.562
154.863
155.133
155.392
155.655
155.915
156.234
156.513
156.755
157.025
157.302
157.557
157.812
158.083
158.359
158.649
158.918
159.152
159.4
159.642
159.924
160.203
160.464
160.732
161.013
161.293
161.552
161.804
162.082
162.371
162.65
162.904
163.156
163.4
163.653
163.94
164.19
164.428
164.698
164.961
165.239
165.49
165.714
165.979
166.27
166.569
166.819
167.061
167.278
167.562
167.82
168.09
168.3
168.541
168.77
169.031
169.32
169.58
169.834
170.063
170.321
170.561
170.811
171.07
171.319
171.58
171.83
172.051
172.309
172.578
172.852
173.059
173.327
173.626
173.897
174.15
174.381
174.593
174.832
175.079
175.33
175.559
175.817
176.067
176.312
176.567
176.809
177.086
177.335
177.569
177.811
178.07
178.319
178.529
178.791
179.021
179.258
179.451
179.73
180.021
180.279
180.499
180.758
180.999
181.247
181.487
181.729
181.967
182.198
182.448
182.68
182.9
183.15
183.409
183.66
183.87
184.126
184.377
184.637
184.852
185.079
185.29
185.52
185.729
185.959
186.18
186.459
186.721
186.948
187.166
187.391
187.608
187.858
188.098
188.338
188.548
188.817
189.057
189.25
189.428
189.633
189.879
190.118
190.36
190.569
190.819
191.02
191.225
191.448
191.749
192.018
192.239
192.468
192.688
192.899
193.141
193.368
193.59
193.819
194.028
194.237
194.465
194.688
194.936
195.139
195.338
195.54
195.788
196.041
196.278
196.467
196.641
196.907
197.157
197.336
197.556
197.824
198.065
198.266
198.469
198.69
198.897
199.078
199.247
199.475
199.727
199.966
200.136
200.307
200.538
200.809
201.028
201.257
201.466
201.675
201.876
202.085
202.307
202.534
202.757
202.948
203.127
203.347
203.538
203.747
203.967
204.175
204.425
204.636
204.856
205.065
205.247
205.446
205.656
205.866
206.046
206.227
206.448
206.657
206.888
207.108
207.366
207.585
207.775
207.956
208.178
208.384
208.575
208.747
208.94
209.137
209.143
209.435
209.687
210.198
210.968
211.19
211.29
211.344
211.437
211.555
210.741
211.267
211.682
211.858
212.52
212.189
212.58
213.084
213.467
213.829
212.788
214.064
214.165
214.842
213.829
215.039
214.938
215.717
216.023
216.219
216.412
216.592
216.802
217.028
217.239
217.44
217.651
217.87
218.049
218.245
218.458
218.685
218.887
219.111
219.302
219.491
219.692
219.929
220.157
220.358
220.518
220.708
220.919
221.129
221.339
221.556
221.777
221.995
222.208
222.417
222.646
222.866
223.095
223.304
223.543
223.754
223.997
224.219
224.376
224.51
224.654
225.119
225.524
225.716
225.909
226.082
226.28
226.455
226.621
226.84
227.015
227.222
227.726
227.917
228.079
228.28
228.443
228.601
228.781
228.992
228.026
227.628
230.388
231.144
231.229
231.442
231.605
231.832
232.008
232.203
232.366
232.502
232.618
232.771
232.91
233.031
233.149
233.304
233.454
233.577
233.703
233.843
233.982
234.123
234.261
234.412
234.562
234.714
234.837
234.995
235.149
235.293
235.41
235.52
235.68
235.809
235.946
236.076
236.252
236.381
236.488
236.606
236.773
236.964
237.125
237.275
237.428
237.57
237.679
237.803
237.954
238.101
238.261
238.423
238.577
238.726
238.843
239.005
239.154
239.294
239.452
239.577
239.696
239.851
240.044
240.212
240.361
240.472
240.621
240.783
240.923
241.06
241.222
241.361
241.541
241.74
241.902
242.062
242.202
242.348
242.523
242.663
242.811
242.951
243.1
243.246
243.451
243.619
243.77
243.892
244.021
244.19
244.341
244.52
244.699
244.84
244.992
245.132
245.302
245.449
245.619
245.773
245.92
246.074
246.203
246.343
246.48
246.603
246.802
246.972
247.139
247.263
247.412
247.57
247.731
247.881
248.079
248.232
248.382
248.526
248.655
248.806
248.972
249.105
249.252
249.371
249.52
249.69
249.84
250.002
250.109
250.289
250.453
250.601
250.759
250.898
251.049
251.201
251.369
251.5
251.648
251.783
251.941
252.098
252.238
252.4
252.541
252.68
252.832
252.977
253.09
253.25
253.402
253.552
253.693
253.842
253.971
254.137
254.299
254.44
254.59
254.729
254.879
255.049
255.188
255.351
255.511
255.642
255.773
255.891
256.05
256.227
256.376
256.497
256.629
256.796
256.94
257.08
257.24
257.391
257.557
257.72
257.838
257.985
258.118
258.25
258.409
258.559
258.727
258.881
259.018
259.19
259.338
259.469
259.598
259.721
259.86
260.04
260.188
260.35
260.489
260.608
260.74
260.868
261.026
261.177
261.348
261.507
261.669
261.801
261.941
262.077
262.188
262.309
262.45
262.608
262.76
262.929
263.059
263.227
263.368
263.518
263.667
263.848
264.02
264.389
366.028
537.749
545.317
548.577
550.956
552.74
554.2
555.407
556.469
557.399
558.128
558.79
559.466
560.048
560.608
561.097
561.536
562
562.446
562.799
563.165
563.526
563.845
564.168
564.456
564.716
564.997
565.296
565.534
565.745
565.95
566.209
566.436
566.649
566.868
567.057
567.265
567.454
567.616
567.794
567.964
568.118
568.275
568.427
568.587
568.729
568.858
568.997
569.136
569.247
569.377
569.534
569.667
569.817
569.948
570.047
570.167
570.258
570.368
570.505
570.815
571.193
571.323
571.415
571.454
571.506
571.444
569.387
567.51
567.68
565.935
566.556
571.954
574.263
570.963
569.332
569.343
568.874
568.787
569.933
568.932
568.897
568.847
568.73
566.305
562.465
560.895
562.527
570.213
574.089
576.924
566.616
562.751
564.962
567.311
570.929
573.173
573.308
570.841
571.579
567.839
566.212
566.954
566.52
567.688
567.508
567.642
567.76
569.425
569.278
568.907
568.901
568.614
568.644
568.782
569.021
569.189
569.336
569.419
569.519
569.671
569.81
569.911
570.017
570.133
570.231
570.359
570.44
570.574
570.715
570.835
570.958
571.043
571.128
571.206
571.288
571.385
571.474
571.581
571.708
571.801
571.898
571.976
571.997
571.862
571.82
572.188
572.435
572.507
572.576
572.644
572.695
572.745
572.788
572.793
572.807
572.313
570.572
569.995
569.387
571.039
569.938
566.098
565.228
565.25
567.798
569.163
569.369
569.458
569.536
569.591
569.687
569.831
569.939
567.467
570.002
571.264
571.518
571.606
571.754
571.881
572.007
572.111
572.223
572.299
572.356
572.427
572.533
572.621
572.711
572.761
572.812
572.861
572.979
573.092
573.167
573.218
573.257
573.324
573.373
573.442
573.481
573.538
573.583
573.659
573.722
573.74
573.785
573.84
573.904
573.953
573.981
574.002
574.04
574.082
574.129
574.175
574.226
574.268
574.299
574.35
574.392
574.414
574.458
574.499
574.531
574.547
574.581
574.646
574.698
574.742
574.755
574.783
574.786
574.811
574.856
574.904
574.948
574.971
574.985
575.005
575.016
575.043
575.088
575.123
575.16
575.183
575.203
575.216
575.26
575.283
575.299
575.324
575.345
575.348
575.353
575.399
575.448
575.481
575.526
575.552
575.564
575.573
575.609
575.623
575.68
575.683
575.711
575.754
575.775
575.772
575.807
575.86
575.884
575.884
575.892
575.904
575.917
575.932
575.949
575.982
576.004
576.032
576.054
576.072
576.082
576.109
576.15
576.174
576.201
576.214
576.244
576.275
576.293
576.312
576.342
576.345
576.365
576.374
576.373
576.368
576.371
576.392
576.422
576.441
576.472
576.492
576.515
576.552
576.574
576.592
576.623
576.642
576.654
576.656
576.683
576.696
576.706
576.718
576.727
576.737
576.762
576.783
576.793
576.813
576.815
576.842
576.871
576.874
576.901
576.915
576.936
576.945
576.956
576.964
576.986
576.987
577.022
577.052
577.095
577.115
577.134
577.165
577.172
577.165
577.155
577.183
577.198
577.197
577.221
577.278
577.284
577.292
577.322
577.342
577.366
577.383
577.404
577.423
577.428
577.436
577.445
577.446
577.443
577.459
577.456
577.468
577.495
577.515
577.536
577.541
577.562
577.584
577.593
577.61
577.618
577.61
577.616
577.628
577.636
577.629
577.634
577.66
577.673
577.699
577.739
577.791
577.811
577.832
577.851
577.868
577.876
577.894
577.874
577.892
577.924
577.918
577.917
577.925
577.943
577.945
577.922
577.925
577.907
577.915
577.927
577.925
577.931
577.954
577.982
577.993
578.005
578.005
578.031
578.042
578.075
578.077
578.085
578.116
578.118
578.122
578.124
578.154
578.165
578.185
578.204
578.225
578.227
578.226
578.227
578.247
578.255
578.285
578.316
578.317
578.327
578.307
578.306
578.314
578.282
578.292
578.312
578.325
578.333
578.327
578.345
578.353
578.354
578.388
578.416
578.437
578.465
578.494
578.497
578.493
578.503
578.488
578.495
578.479
578.486
578.515
578.515
578.523
578.542
578.554
578.555
578.567
578.577
578.588
578.587
578.587
578.595
578.607
578.628
578.656
578.381
578.569
578.737
578.772
578.774
578.812
578.845
578.874
578.897
578.918
578.93
578.928
578.936
578.95
578.969
579
579.015
579.038
579.046
579.066
579.087
579.088
579.116
579.132
579.175
579.204
579.236
579.263
579.294
579.323
579.345
579.346
579.363
579.394
579.406
579.433
579.446
579.463
579.459
579.44
579.42
579.315
579.196
579.044
578.915
578.858
579.121
579.193
579.384
579.416
579.406
579.41
579.401
579.412
579.425
579.424
579.438
579.461
579.469
579.463
579.463
579.465
579.463
579.463
579.445
579.437
579.433
579.451
579.446
579.428
579.428
579.427
579.411
579.415
579.415
579.433
579.443
579.456
579.474
579.487
579.484
579.487
579.495
579.489
579.487
579.479
579.495
579.499
579.5
579.499
579.486
579.513
579.497
579.506
579.505
579.536
579.556
579.595
579.6
579.624
579.645
579.663
579.687
579.715
579.736
579.749
579.765
579.768
579.768
579.776
579.784
579.784
579.796
579.814
579.817
579.806
579.823
579.843
579.853
579.858
579.876
579.904
579.918
579.91
579.927
579.964
579.975
579.977
579.977
579.987
579.997
579.979
579.969
579.977
580.016
580.034
580.048
580.054
580.059
580.059
580.048
580.038
580.031
580.041
580.041
580.03
580.01
580.01
579.99
579.975
579.979
580.005
580.024
580.045
580.075
580.088
580.1
580.088
580.087
580.069
580.067
580.075
580.083
580.077
580.09
580.07
580.087
580.086
580.098
580.1
580.124
580.109
580.108
580.123
580.144
580.145
580.136
580.154
580.155
580.16
580.159
580.165
580.167
580.175
580.185
580.211
580.216
580.216
580.225
580.229
580.224
580.216
580.225
580.232
580.254
580.263
580.286
580.286
580.275
580.266
580.265
580.243
580.235
580.242
580.243
580.263
580.286
580.296
580.296
580.298
580.308
580.322
580.334
580.345
580.347
580.334
580.345
580.327
580.314
580.333
580.345
580.355
580.348
580.363
580.372
580.396
580.396
579.963
579.886
580.495
579.389
579.204
579.265
579.409
579.494
580.17
581.547
582.956
585.937
586.357
583.779
582.377
582.377
582.396
582.43
582.427
579.195
577.042
577.344
577.547
577.254
573.223
566.795
561.648
560.444
565.048
574.663
586.356
572.326
563.21
563.013
565.656
567.806
568.904
568.806
568.814
576.241
579.922
580.781
581.011
581.221
581.322
581.393
579.16
572.552
