-1.7571949999999998
-1.777181
-1.794717
-1.769347
-1.710763
-1.6689479999999999
-1.626998
-1.631329
-1.642931
-1.62401
-1.6233819999999999
-1.576434
-1.525823
-1.50707
-1.4813743
-1.4720419999999999
-1.509164
-1.537612
-1.530294
-1.532
-1.507452
-1.4871728
-1.4644739
-1.4495445999999998
-1.4184869
-1.4056635
-1.3984699999999999
-1.3867699999999998
-1.38815
-1.38404
-1.38517
-1.392501
-1.3772027
-1.3660424999999998
-1.3435419
-1.3320887
-1.3111688
-1.2968104
-1.288149
-1.291235
-1.3515556
-1.4287249
-1.4123953999999999
-1.38983
-1.4277556
-1.4569695999999999
-1.4237939
-1.3986399999999999
-1.3768669999999998
-1.3783196
-1.3736321999999999
-1.393365
-1.3827079999999998
-1.7142529999999998
-0.4255899999999999
-0.4788659999999999
-0.557854
0.1169
-1.7614869999999998
0.82416
-2.0332879999999998
-1.3039033999999998
-1.036727
-0.9806599999999999
-0.9176199999999999
-0.8466729999999999
-0.7695029999999999
-0.7093799999999999
-0.6683459999999999
-0.6039359999999999
-0.549673
-0.49754599999999993
-0.45681399999999994
-0.4224119999999999
-0.38427999999999995
-0.35592
-0.31775
-0.28486999999999996
-0.27098999999999984
-0.24897999999999998
-0.22493999999999992
-0.19659999999999989
-0.1673499999999999
-0.13107999999999986
-0.07274000000000003
-0.04021999999999992
-0.012619999999999854
0.0
0.007470000000000088
0.032240000000000046
0.05110999999999999
0.09367000000000014
0.1407400000000001
0.18429000000000006
0.21913000000000005
0.22765999999999997
0.2448300000000001
0.2622200000000001
0.27924000000000015
0.30222000000000016
0.33125000000000004
0.383
0.40947
0.43974
0.4638200000000001
0.45886000000000005
0.4820300000000002
0.47099
0.49881
0.5135400000000001
0.5387900000000001
0.5787
0.6037400000000002
0.6101399999999999
0.6144799999999999
0.6447099999999999
0.66222
0.6649799999999999
0.7122000000000002
0.7428699999999999
0.7644299999999999
0.7898300000000003
0.8284500000000001
0.8486099999999999
0.8671700000000002
0.8788400000000003
0.8990100000000001
0.9222800000000002
0.94536
0.9598200000000001
0.9788200000000002
1.00948
1.00013
0.9948999999999999
1.0045000000000002
1.0270900000000003
1.03628
1.0438900000000002
1.05011
1.0704700000000003
1.09884
1.13293
1.1770200000000002
1.1998600000000001
1.20819
1.22539
1.2330200000000002
1.25848
1.2865000000000002
1.3273200000000003
1.3482500000000002
1.37703
1.39596
1.42083
1.45335
1.4537499999999999
1.4668700000000001
1.48568
1.53944
1.57774
1.60601
1.6272700000000002
1.6492
1.6697199999999999
1.6814400000000003
1.70046
1.72532
1.7454100000000001
1.7421000000000002
1.7534900000000002
1.7659099999999999
1.7908300000000001
1.80762
1.8239
1.8439100000000002
1.86123
1.8641900000000002
1.8693
1.8724600000000002
1.87926
1.89446
1.91649
1.94056
1.97159
2.01267
2.02245
2.0354300000000003
2.0457
2.07337
2.1003700000000003
2.1445600000000002
2.17784
2.18884
2.19374
2.20812
2.22555
2.22932
2.24669
2.26512
2.30001
2.3153200000000003
2.3517
2.36015
2.38396
2.3908300000000002
2.39668
2.42345
2.43959
2.45715
2.48222
2.49338
2.51718
2.53059
2.54012
2.54831
2.5819300000000003
2.60429
2.64095
2.67579
2.7046099999999997
2.72645
2.74883
2.7737100000000003
2.7863499999999997
2.79903
2.7989100000000002
2.81731
2.8282
2.8304099999999996
2.8381499999999997
2.8662
2.87913
2.8836899999999996
2.8962900000000005
2.9081200000000003
2.92296
2.9375799999999996
2.96462
2.9773500000000004
2.99054
2.99765
3.0078899999999997
3.0080999999999998
3.0210999999999997
3.0248
3.0455500000000004
3.0610100000000005
3.0939300000000003
3.11395
3.1268700000000003
3.16235
3.1593100000000005
3.1667699999999996
3.17971
3.1924200000000003
3.23255
3.2637400000000003
3.2829699999999997
3.3045999999999998
3.3234200000000005
3.3321199999999997
3.3370300000000004
3.34363
3.3584899999999998
3.3717699999999997
3.3611899999999997
3.3789800000000003
3.4036
3.4345800000000004
3.47849
3.49777
3.5265000000000004
3.5467000000000004
3.54983
3.57294
3.5877
3.60478
3.6243100000000004
3.63457
3.6535
3.6769600000000002
3.6951600000000004
3.70765
3.70906
3.7403000000000004
3.74787
3.7553799999999997
3.7660799999999997
3.7940199999999997
3.8235900000000003
3.83265
3.85318
3.8563400000000003
3.88457
3.8804600000000002
3.89276
3.9211099999999997
3.92556
3.9665100000000004
4.00172
4.01418
4.02153
4.02134
4.03777
4.04799
4.0726
4.09455
4.10771
4.12459
4.13332
4.14646
4.14052
4.15419
4.16826
4.19349
4.21165
4.23006
4.2534
4.26177
4.25905
4.26494
4.2859
4.29068
4.30192
4.3146700000000004
4.33336
4.33634
4.33727
4.34611
4.3595
4.36074
4.37587
4.38857
4.42269
4.44387
4.46562
4.48615
4.49781
4.50897
4.53328
4.54504
4.55928
4.57487
4.58927
4.59795
4.61529
4.63612
4.65556
4.67108
4.68158
4.70193
4.71818
4.73417
4.75711
4.76408
4.76845
4.78139
4.77683
4.78165
4.5905000000000005
5.75441
3.3683199999999998
4.29924
4.09329
4.17653
4.18875
4.18395
4.20291
4.25784
4.16066
4.32114
4.08415
4.10355
3.9930399999999997
3.7438000000000002
4.13188
3.8898400000000004
3.8307700000000002
5.6035900000000005
3.22236
3.42589
3.18527
5.26582
3.2003399999999997
3.5177000000000005
3.17066
3.58289
3.8046100000000003
3.7404200000000003
3.6955999999999998
3.7211100000000004
3.7310600000000003
3.7523
3.7536899999999997
3.7699499999999997
3.7560400000000005
3.7503
3.74815
3.73062
3.71748
3.70604
3.69276
3.66744
3.6694500000000003
3.67687
3.67195
3.6733200000000004
3.6871
3.7003900000000005
3.71971
3.71368
3.72753
3.7259400000000005
3.71913
3.7164900000000003
3.70467
3.7127600000000003
3.7084799999999998
3.7053599999999998
3.72173
3.71087
3.7005600000000003
3.67051
3.65524
3.63976
3.6793899999999997
3.79894
3.9627600000000003
3.8222000000000005
3.41791
3.4353
3.6481500000000002
3.7178500000000003
3.71603
3.6996400000000005
3.70817
3.7404900000000003
3.7842200000000004
3.9161900000000003
3.56984
3.43968
3.57953
3.6944600000000003
3.73918
3.7324
3.74172
3.7463100000000003
3.75476
3.79554
3.56229
3.4126900000000004
4.64001
3.7180100000000005
3.96985
4.01656
4.07954
4.17916
4.26176
4.37323
4.41931
4.48236
4.53438
4.60233
4.6708
4.73617
4.8002400000000005
4.84268
4.88615
4.9145900000000005
4.92666
4.95118
4.9767
5.03457
5.08595
5.11561
5.14126
5.16567
5.19424
5.22195
5.25889
5.29801
5.32763
5.34576
5.36661
5.37574
5.40547
5.43158
5.4777000000000005
5.53284
5.56475
5.60339
5.63385
5.66092
5.69221
5.70069
5.70731
5.70693
5.71349
5.71941
5.72586
5.73964
5.76231
5.79913
5.83086
5.85325
5.87808
5.90965
5.94512
5.99014
6.01913
6.04167
6.08822
6.12071
6.14922
6.18649
6.23537
6.2674900000000004
6.3004
6.34813
6.36546
6.37438
6.39112
6.4191
6.45148
6.4747
6.48948
6.50547
6.53544
6.55899
6.5784400000000005
6.626519999999999
6.686389999999999
6.727460000000001
6.7738
6.80185
6.8486899999999995
6.87002
6.8735599999999994
6.90517
6.9140999999999995
6.92393
6.943960000000001
6.9597999999999995
6.967460000000001
6.98751
7.006460000000001
7.00187
7.009410000000001
7.027699999999999
7.04387
7.0607500000000005
7.0772200000000005
7.089449999999999
7.11571
7.16587
7.186249999999999
7.22486
7.257630000000001
7.296570000000001
7.3217099999999995
7.32075
7.338900000000001
7.357710000000001
7.39415
7.407030000000001
7.426959999999999
7.4543
7.4767600000000005
7.489879999999999
7.493309999999999
7.508100000000001
7.51965
7.560700000000001
7.5925899999999995
7.61946
7.644220000000001
7.6610499999999995
7.6732
7.70964
7.74328
7.76967
7.80443
7.840490000000001
7.860379999999999
7.86966
7.903980000000001
7.91667
7.937810000000001
7.9853000000000005
8.03596
8.06594
8.09507
8.12384
8.14703
8.16144
8.16701
8.19356
8.21451
8.22833
8.23534
8.25539
8.27089
8.26308
8.26796
8.27763
8.28153
8.28066
8.29402
8.32446
8.3683
8.38672
8.41928
8.45078
8.49488
8.51819
8.55418
8.58551
8.59768
8.60948
8.61398
8.63498
8.64428
8.66298
8.67758
8.69398
8.73058
8.75468
8.77168
8.79148
8.80888
8.83028
8.83458
8.84268
8.88078
8.91598
8.94158
8.948080000000001
8.97428
8.99028
9.01558
9.038780000000001
9.07148
9.08868
9.11238
9.15458
9.16178
9.16438
9.18218
9.19718
9.21458
9.25888
9.29018
9.30758
9.31678
9.33898
9.35378
9.36808
9.38758
9.42128
9.43948
9.42698
9.43718
9.44458
9.46038
9.45508
9.48368
9.51338
9.54158
9.56678
9.57358
9.59198
9.60378
9.62408
9.64428
9.64688
9.679780000000001
9.71068
9.72878
9.75648
9.78628
9.807080000000001
9.80058
9.81528
9.82998
9.84098
9.85588
9.87428
9.89388
9.90578
9.92298
9.94408
9.96858
9.99318
10.01428
10.03058
10.04788
10.06818
10.08268
10.08388
10.09028
10.09378
10.09068
10.09658
10.11748
10.13878
10.18988
10.23498
10.27528
10.31118
10.33268
10.36498
10.38978
10.42298
10.46148
10.46958
10.48718
10.49748
10.49418
10.49338
10.49668
10.50578
10.53978
10.56228
10.58368
10.60478
10.63448
10.64868
10.65418
10.66048
10.67738
10.69278
10.69418
10.71958
10.73218
10.75608
10.74988
10.75808
10.77358
10.78688
10.81278
10.82728
10.85868
10.88358
10.91668
10.92938
10.94358
10.96658
10.99348
10.97348
10.96898
10.84738
11.55148
9.67698
10.39058
10.15318
10.31738
10.36028
10.38158
10.40308
10.42828
10.60608
10.35908
10.18178
10.01138
10.14488
9.97948
10.33318
10.12148
10.02798
11.89008
8.83328
9.74658
9.40098
11.50468
9.61128
9.70588
9.30368
9.70648
9.87548
9.798680000000001
9.78148
9.79068
9.80168
9.78598
9.80578
9.80718
9.80218
9.81018
9.82618
9.82868
9.82058
9.80738
9.79658
9.79528
9.79088
9.77588
9.77198
9.75988
9.74448
9.73028
9.72918
9.72408
9.69948
9.69918
9.69858
9.69328
9.70338
9.68698
9.69418
9.69598
9.69658
9.68148
9.66008
9.65198
9.64478
9.62308
9.64098
9.73258
9.87318
9.65218
9.31228
9.41348
9.60198
9.66128
9.64728
9.63718
9.63608
9.647780000000001
9.69418
9.80888
9.40578
9.37748
9.60658
9.72548
9.74618
9.73678
9.72578
9.70638
9.68738
9.679780000000001
9.54778
9.77468
10.56438
9.61788
9.95448
10.04978
10.12888
10.20768
10.28168
10.36308
10.41838
10.46508
10.51908
10.59168
10.64328
10.72638
10.78668
10.82768
10.86998
10.93378
10.95858
10.98458
11.01018
11.05428
11.09778
11.13138
11.16138
11.18638
11.214080000000001
11.25628
11.27338
11.29758
11.31718
11.35088
11.37898
11.39428
11.43708
11.45668
11.48978
11.50778
11.53468
11.55668
11.57648
11.59308
11.61248
11.63738
11.67868
11.69958
11.74518
11.77878
11.80198
11.84538
11.86518
11.87638
11.88608
11.90068
11.92258
11.95198
11.980080000000001
12.02148
12.06838
12.10858
12.15078
12.167580000000001
12.18828
12.20878
12.20858
12.23218
12.24738
12.27168
12.30188
12.31108
12.33538
12.34208
12.34988
12.35668
12.39878
12.403880000000001
12.41468
12.43238
12.45588
12.46898
12.49078
12.53598
12.57568
12.60238
12.63738
12.66118
12.68178
12.68658
12.68958
12.69588
12.71618
12.73978
12.75978
12.79208
12.80928
12.84308
12.88398
12.90548
12.93628
12.96318
12.97258
12.99648
13.00348
13.01558
13.04138
13.08398
13.09688
13.09118
13.10208
13.11438
13.10898
13.11338
13.14118
13.15848
13.15788
13.19128
13.21858
13.23798
13.26228
13.29538
13.32698
13.33768
13.34888
13.34958
13.36748
13.37228
13.39618
13.40848
13.43538
13.45768
13.473980000000001
13.49488
13.51518
13.51088
13.52368
13.54838
13.56518
13.57828
13.59648
13.63458
13.63538
13.66298
13.68428
13.70438
13.73258
13.76148
13.77708
13.80008
13.81818
13.84098
13.85718
13.87838
13.90438
13.91088
13.91968
13.92428
13.92608
13.92228
13.91338
13.91698
13.94438
13.95818
13.98388
13.99948
14.026580000000001
14.04908
14.07708
14.085280000000001
14.09638
14.11638
14.12418
14.12778
14.12138
14.12778
14.13808
14.14458
14.16108
14.15918
14.18078
14.20578
14.22708
14.25798
14.27168
14.30148
14.326880000000001
14.35168
14.36858
14.38708
14.39038
14.39868
14.39828
14.42108
14.43668
14.44878
14.44828
14.46578
14.47678
14.50208
14.52158
14.53418
14.53708
14.53998
14.54028
14.54138
14.54508
14.54968
14.55938
14.55998
14.57708
14.58788
14.58828
14.59608
14.61458
14.612179999999999
14.61798
14.60438
14.629380000000001
14.660879999999999
14.677579999999999
14.70038
14.721879999999999
14.736180000000001
14.73978
14.754280000000001
14.78058
14.77138
14.78198
14.804379999999998
14.810880000000001
14.807780000000001
14.805980000000002
14.822780000000002
14.82768
14.85868
14.877780000000001
14.88758
14.897179999999999
14.90848
14.914280000000002
14.92598
14.92568
14.92678
14.948879999999999
14.953880000000002
14.97128
14.975480000000001
14.98508
14.977979999999999
14.975480000000001
14.98538
14.99538
15.002379999999999
15.036180000000002
15.045580000000001
15.06278
15.07198
15.062080000000002
15.077079999999999
15.084779999999999
15.09618
15.112480000000001
15.127379999999999
15.144680000000001
15.14978
15.14628
15.142980000000001
15.151980000000002
15.155080000000002
15.162680000000002
15.165780000000002
15.165780000000002
15.173580000000001
15.174579999999999
15.174479999999999
15.185580000000002
15.19398
15.211179999999999
15.223880000000001
15.21818
15.22558
15.240079999999999
15.231480000000001
15.228380000000001
15.224879999999999
15.25318
15.27808
15.291080000000001
15.30038
15.31898
15.33598
15.345379999999999
15.349879999999999
15.34958
15.362580000000001
15.365580000000001
15.38298
15.39388
15.417580000000001
15.42598
15.298680000000001
16.11688
14.01358
14.72438
14.51678
14.57358
14.59188
14.59198
14.60378
14.61148
14.83718
14.65848
14.57458
14.53418
14.44818
14.54918
14.685580000000002
14.41358
15.01558
15.920179999999998
13.35618
14.26258
14.741679999999999
15.314979999999998
13.76978
13.43178
13.73558
14.11948
14.22788
14.19128
14.18828
14.20678
14.23888
14.25628
14.256780000000001
14.25688
14.23438
14.20128
14.182080000000001
14.14958
14.12188
14.10768
14.11268
14.10658
14.11618
14.11558
14.11378
14.10518
14.09918
14.08638
14.082980000000001
14.06018
14.04978
14.04458
14.03758
14.02248
14.02158
14.01888
14.04468
14.04348
14.05058
14.05348
14.03668
13.99948
13.97718
13.98888
14.10478
14.24158
14.31878
13.95638
13.69168
13.88728
14.06848
14.10948
14.10188
14.09638
14.09658
14.11378
14.15958
14.12968
13.79388
13.80958
14.04148
14.15728
14.17438
14.17048
14.18158
14.19968
14.19518
14.20618
13.88878
14.00978
15.028880000000001
13.85388
14.10418
14.21998
14.30598
14.38028
14.43228
14.472480000000001
14.49258
14.56418
14.63878
14.71088
14.754480000000001
14.78688
14.80848
14.84598
14.87258
14.906580000000002
14.963080000000001
15.010079999999999
15.037680000000002
15.076979999999999
15.09928
15.12408
15.159980000000001
15.195879999999999
15.233080000000001
15.239180000000001
15.232679999999998
15.22578
15.238880000000002
15.244779999999999
15.251380000000001
15.30188
15.35078
15.37238
15.400079999999999
15.42138
15.429580000000001
15.45028
15.45298
15.452580000000001
15.467479999999998
15.50038
15.525480000000002
15.546479999999999
15.56598
15.572980000000001
15.57208
15.56768
15.57818
15.607980000000001
15.610980000000001
15.61578
15.63468
15.647179999999999
15.652080000000002
15.66658
15.68778
15.70788
15.715879999999999
15.734580000000001
15.74758
15.76378
15.75298
15.74898
15.764579999999999
15.75068
15.747979999999998
15.76368
15.784479999999999
15.79898
15.807680000000001
15.816579999999998
15.82538
15.836079999999999
15.83888
15.830179999999999
15.832180000000001
15.846879999999999
15.865680000000001
15.877479999999998
15.894279999999998
15.907979999999998
15.92588
15.93178
15.94058
15.94078
15.96498
15.966080000000002
15.99248
16.00658
16.00038
15.97618
15.969280000000001
15.98638
15.97708
15.99728
16.00888
16.02828
16.05268
16.05888
16.07978
16.08158
16.09878
16.09788
16.11038
16.10838
16.10938
16.10108
16.07998
16.07378
16.08528
16.08548
16.09318
16.10458
16.12558
16.14768
16.14578
16.15088
16.14598
16.14658
16.16268
16.15708
16.16678
16.19148
16.19518
16.21978
16.23518
16.25058
16.25928
16.24988
16.26378
16.27478
16.28068
16.26148
16.26358
16.278480000000002
16.27158
16.25678
16.24098
16.25408
16.25568
16.25848
16.25808
16.25288
16.25978
16.27598
16.28788
16.29268
16.30298
16.31658
16.32848
16.34568
16.34908
16.36208
16.37458
16.38558
16.37918
16.37568
16.38438
16.37508
16.37798
16.38458
16.36518
16.37958
16.38658
16.38178
16.39088
16.39638
16.39628
16.39768
16.39158
16.38758
16.38568
16.39548
16.38098
16.38548
16.39278
16.41088
16.41778
16.42648
16.44398
16.45698
16.44418
16.44948
16.46498
16.45898
16.47288
16.47948
16.49148
16.50778
16.51428
16.52998
16.53058
16.54028
16.53168
16.52768
16.53498
16.52768
16.51268
16.52208
16.51018
16.52298
16.50238
16.49488
16.48848
16.49868
16.48758
16.49348
16.50468
16.53288
16.54058
16.52588
16.516280000000002
16.53658
16.53478
16.51898
16.52638
16.53798
16.54048
16.55638
16.56438
16.58128
16.58818
16.58568
16.58268
16.56338
16.55318
16.55228
16.56858
16.57648
16.56568
16.56168
16.56418
16.57388
16.58508
16.58048
16.59348
16.60428
16.60198
16.60528
16.60478
16.60738
16.61448
16.60988
16.60878
16.60678
16.59738
16.59468
16.59658
16.60718
16.615380000000002
16.63268
16.64488
16.63948
16.64468
16.64778
16.64568
16.64848
16.65428
16.66858
16.66488
16.66528
16.65628
16.63038
16.62478
16.63118
16.64078
16.66438
16.66868
16.67298
16.67948
16.67748
16.67808
16.67668
16.66978
16.66428
16.67458
16.66798
16.67108
16.67458
16.66828
16.66418
16.65368
16.65248
16.65208
16.64788
16.64678
16.66968
16.68608
16.70478
16.71608
16.71748
16.73108
16.73098
16.71178
16.70488
16.68358
16.54028
17.50018
15.205680000000001
16.14878
15.903279999999999
15.94378
15.968779999999999
15.955680000000001
15.964379999999998
15.935580000000002
16.08038
15.86028
15.82378
15.76988
15.814979999999998
15.662680000000002
15.901679999999999
15.70458
16.54438
16.93548
14.84768
15.34768
16.10898
16.52948
15.403580000000002
14.926179999999999
15.13408
15.41978
15.557379999999998
15.52628
15.529879999999999
15.56108
15.571180000000002
15.57168
15.54918
15.54888
15.53818
15.534880000000001
15.52928
15.53208
15.53418
15.52478
15.50358
15.48978
15.48238
15.46198
15.47118
15.456579999999999
15.46988
15.461580000000001
15.44828
15.44398
15.452280000000002
15.46198
15.446180000000002
15.45778
15.449179999999998
15.42558
15.421880000000002
15.416879999999999
15.40548
15.380980000000001
15.349979999999999
15.32988
15.333179999999999
15.342680000000001
15.43038
15.57038
15.603580000000001
15.24878
15.02478
15.174679999999999
15.37368
15.43348
15.424980000000001
15.42568
15.421880000000002
15.41638
15.415780000000002
17.08138
18.69058
18.70418
17.39038
16.47218
16.19078
16.10668
16.08448
15.140979999999999
12.070780000000001
11.32848
13.20878
14.92268
15.41208
15.490079999999999
15.486979999999999
15.481380000000001
15.49688
15.526980000000002
15.25828
16.08168
15.27318
16.23108
15.75508
15.87698
15.939779999999999
15.99728
16.05218
16.09798
16.13218
16.15168
16.17898
16.21748
16.24928
16.26988
16.28018
16.27768
16.29288
16.30858
16.34198
16.35548
16.38208
16.38888
16.39268
16.37418
16.37128
16.36268
16.33878
16.33278
16.33478
16.33168
16.35668
16.36928
16.38928
16.40058
16.40798
16.40878
16.42488
16.43698
16.45648
16.47128
16.48058
16.47198
16.46618
16.48308
16.49098
16.49268
16.50568
16.51718
16.50718
16.50068
16.48298
16.46908
16.48598
16.48968
16.50838
16.51138
16.54988
16.56478
16.58388
16.59188
16.61758
16.60488
16.59068
16.60838
16.61458
16.62008
16.63048
16.64428
16.65138
16.63808
16.64398
16.64038
16.64108
16.63208
16.63068
16.62868
16.61118
16.60188
16.60538
16.60158
16.59718
16.60918
16.62328
16.64718
16.66258
16.68158
16.68918
16.69058
16.68108
16.67848
16.65268
16.65548
16.67318
16.67448
16.67838
16.70188
16.71128
16.71078
16.70768
16.70128
16.68288
16.67068
16.67918
16.67198
16.67368
16.69988
16.70898
16.72458
16.73698
16.73618
16.72188
16.70408
16.67998
16.65818
16.65398
16.61598
16.60408
16.59728
16.60998
16.61188
16.60948
16.62918
16.63778
16.62018
16.61698
16.63328
16.62858
16.64008
16.63848
16.64878
16.64248
16.64298
16.64648
16.63918
16.63658
16.64518
16.64868
16.66018
16.66878
16.68538
16.67798
16.68238
16.68548
16.67198
16.66378
16.67208
16.68698
16.69808
16.71148
16.73528
16.72568
16.73168
16.71708
16.72538
16.71328
16.70738
16.71808
16.71038
16.69918
16.71888
16.72978
16.73628
16.74398
16.75148
16.74628
16.72928
16.71848
16.70328
16.70338
16.71248
16.71908
16.72618
16.73238
16.75148
16.77318
16.78848
16.79238
16.79998
16.80438
16.80778
16.79278
16.81228
16.81568
16.81378
16.82768
16.84238
16.84668
16.84838
16.85248
16.83798
16.84318
16.82268
16.82598
16.79878
16.78298
16.77168
16.76918
16.76938
16.75588
16.76148
16.77858
16.81598
16.82098
16.82498
16.82688
16.83008
16.81978
16.79268
16.78638
16.78698
16.78498
16.81668
16.83618
16.82788
16.82988
16.83038
16.81818
16.81418
16.80568
16.80308
16.82868
16.82308
16.83218
16.83208
16.84148
16.83878
16.83038
16.82698
16.84288
16.85078
16.87808
16.89428
16.89848
16.92258
16.91978
16.92108
16.92758
16.92668
16.92368
16.93188
16.93518
16.93788
16.93598
16.94358
16.94178
16.91918
16.92758
16.93538
16.93388
16.92758
16.93378
16.93288
16.92608
16.91958
16.89628
16.90618
16.90708
16.92508
16.91008
16.90608
16.91378
16.92358
16.90278
16.89228
16.88958
16.91128
16.91638
16.91428
16.91438
16.91828
16.91698
16.90098
16.89608
16.91338
16.91638
16.90898
16.91668
16.90608
16.90798
16.883680000000002
16.87938
16.89388
16.88808
16.89018
16.90448
16.90848
16.89918
16.85518
16.83478
16.82378
16.79298
16.80328
16.83118
16.83728
16.85258
16.85538
16.86248
16.86458
16.85058
16.80628
17.94398
15.38618
16.28068
16.35508
16.284580000000002
16.23168
16.19288
16.18848
16.16508
16.14938
16.13638
16.11208
16.09138
16.06768
16.07508
16.05958
16.05498
16.07938
16.08678
16.08078
16.06978
16.06728
16.06258
16.04138
16.03118
16.03098
16.03028
16.01828
16.022380000000002
16.00938
16.00268
15.999379999999999
15.99588
16.01198
16.00668
16.01388
16.03268
16.01258
16.01248
15.997879999999999
15.985579999999999
15.99738
16.01438
16.01778
16.01358
16.02468
16.03448
16.02738
16.01808
16.01558
16.00538
16.00098
15.99448
15.978380000000001
15.98948
16.00278
16.01298
16.02138
16.01698
16.01098
16.03398
16.02518
16.03108
16.02818
16.03398
16.03638
16.02918
16.00398
16.00318
15.98988
15.98058
15.984280000000002
15.992180000000001
15.996379999999998
15.988679999999999
15.988779999999998
15.97708
15.968679999999999
15.964580000000002
15.949079999999999
15.943079999999998
15.93598
15.95038
15.964179999999999
15.95438
15.955480000000001
15.95308
15.971779999999999
15.968979999999998
15.959880000000002
15.964680000000001
15.97008
15.974779999999999
15.970580000000002
15.964780000000001
15.96518
15.964780000000001
15.967379999999999
15.971779999999999
15.96408
15.976780000000002
15.974779999999999
15.967179999999999
15.959779999999999
15.95478
15.939979999999998
15.936879999999999
15.935279999999999
15.920179999999998
15.932279999999999
15.92088
15.915780000000002
15.913979999999999
15.923580000000001
15.94058
15.938379999999999
15.93478
15.93778
15.93638
15.93638
15.943480000000001
15.94428
15.956779999999998
15.961780000000001
15.97268
15.97298
15.99248
15.988579999999999
15.97878
15.96658
15.97448
15.97128
15.961079999999999
15.954979999999999
15.95438
15.956980000000001
15.958380000000002
15.94408
15.933879999999998
15.935179999999999
15.93498
15.927980000000002
15.90858
15.906179999999999
15.90128
15.90758
15.898980000000002
15.88618
15.89958
15.91668
15.920480000000001
15.924980000000001
15.935179999999999
15.940280000000001
15.94108
15.939979999999998
15.94518
15.94698
15.944680000000002
15.94708
15.94658
15.930980000000002
15.911480000000001
15.90608
15.904879999999999
15.912980000000001
15.92228
15.93328
15.94658
15.951080000000001
15.95478
15.955279999999998
15.95468
15.95738
15.95438
15.94678
15.929580000000001
15.921579999999999
15.906580000000002
15.894079999999999
15.88938
15.900179999999999
15.91488
15.914280000000002
15.91488
15.94058
15.93898
15.94708
15.94248
15.94418
15.960280000000001
15.962579999999999
15.973780000000001
15.97748
15.97438
15.991879999999998
15.998080000000002
15.99878
15.999379999999999
15.99748
15.99538
16.01548
16.01978
16.02668
16.00498
15.99538
16.00268
15.982780000000002
15.96218
15.970479999999998
15.98498
15.993079999999999
16.00878
16.04258
16.04728
16.04608
16.04528
16.03898
16.02918
16.01808
16.02988
16.05198
16.05348
16.05548
16.06898
16.07358
16.05988
16.06658
16.05358
16.04728
16.04568
16.03758
16.02388
16.02098
16.02988
16.03558
16.04268
16.04428
16.04958
16.04558
16.06128
16.07258
16.06838
16.06618
16.07658
16.07538
16.07068
16.05848
16.06428
16.06668
16.03898
16.03628
16.03158
16.02818
16.034580000000002
16.03548
16.05148
16.06228
16.07548
16.06968
16.05738
16.03848
16.03078
16.01168
15.98628
15.99878
16.01138
16.02318
16.03188
16.05348
16.05748
16.05318
16.05688
16.05538
16.05178
16.03158
16.01848
16.01688
16.008680000000002
15.999179999999999
15.99298
15.997679999999999
15.986180000000001
15.986979999999999
15.998280000000001
16.00278
16.00458
16.00268
16.01288
16.01498
15.998380000000001
15.981480000000001
15.977879999999999
15.985679999999999
15.98038
15.98358
15.961379999999998
15.966080000000002
15.951979999999999
15.955480000000001
15.950579999999999
15.94568
15.952280000000002
15.972480000000001
15.969080000000002
15.971879999999999
15.99738
16.01898
16.01938
16.02368
16.02668
16.03638
16.02958
16.01718
16.00918
15.996279999999999
16.01088
16.01118
16.02218
16.03928
16.02868
16.04358
16.04158
16.05238
16.06278
16.06858
16.071180000000002
16.06398
16.06248
16.06118
16.04638
16.04428
16.06358
16.07238
16.07838
16.071180000000002
16.07888
16.09308
16.08678
16.09828
16.10298
16.09448
16.08598
16.08288
16.07838
16.08278
16.08828
16.06368
16.06048
16.04668
16.06018
16.04838
16.05548
16.07148
16.06568
16.04868
16.05348
16.04668
16.03888
16.02428
16.01648
16.03348
16.02248
16.00228
15.99728
16.022380000000002
16.02078
16.022380000000002
16.01788
16.02658
16.01538
16.01298
16.01608
16.01638
16.01688
16.00708
16.01398
16.00708
16.00408
15.99688
15.99398
15.994980000000002
15.996379999999998
15.99898
15.981380000000001
15.961379999999998
15.97578
15.95888
15.950880000000002
15.956880000000002
15.970279999999999
15.98068
15.97418
15.98038
15.98508
15.98168
15.99108
15.993480000000002
15.98528
16.00188
15.997779999999999
15.989080000000001
15.979880000000001
15.976880000000001
15.97588
15.95748
15.95628
15.964179999999999
15.94868
15.94508
15.95168
15.956779999999998
15.95638
15.95638
15.949480000000001
15.94658
15.95188
15.970279999999999
15.980979999999999
15.989180000000001
16.00118
16.01248
16.01168
16.00718
16.00518
16.00518
15.990079999999999
15.984079999999999
15.98988
15.978380000000001
15.969080000000002
15.97298
15.982980000000001
15.99248
15.98968
15.981580000000001
16.00888
16.00628
15.990680000000001
15.97708
15.97278
15.97168
15.98318
15.97168
15.976379999999999
15.967680000000001
15.963280000000001
15.95438
15.96208
15.950479999999999
15.95768
15.97468
15.99078
16.01168
16.01588
16.01278
16.01288
16.016280000000002
16.01908
16.01738
16.00408
15.99078
15.971879999999999
15.96528
15.947780000000002
15.944579999999998
15.94818
15.95438
15.964179999999999
15.950479999999999
15.95038
15.95638
15.950880000000002
15.94978
15.93638
15.95038
15.94868
15.936879999999999
15.93638
15.933779999999999
15.940180000000002
15.959679999999999
15.96358
15.96798
15.97748
15.98318
15.981079999999999
15.97748
15.961780000000001
15.95598
15.949079999999999
15.95188
15.955480000000001
15.96698
15.98358
15.981580000000001
15.985679999999999
15.984179999999999
15.977979999999999
15.967580000000002
15.95598
15.95438
15.95598
15.947579999999999
15.954979999999999
15.94078
15.928180000000001
15.92278
15.915780000000002
15.914280000000002
15.906479999999998
15.892779999999998
15.89638
15.89178
15.90248
15.91198
15.93198
15.927779999999998
15.93318
15.914480000000001
15.89538
15.89388
15.88298
15.882480000000001
15.89198
15.892779999999998
15.90268
15.895880000000002
15.89388
15.900680000000001
15.91338
15.92268
15.911380000000001
15.929780000000001
15.943079999999998
15.94418
15.940080000000002
15.937280000000001
15.947679999999998
15.953880000000002
15.94708
15.956479999999999
15.943380000000001
15.93338
15.95008
15.94868
15.935279999999999
15.91628
15.92888
15.93138
15.93598
15.92888
15.95128
15.94818
15.931180000000001
15.928180000000001
15.917380000000001
15.925080000000001
15.926179999999999
15.918679999999998
15.911280000000001
15.92248
15.936979999999998
15.95768
15.96508
15.964179999999999
15.96558
15.96078
15.944980000000001
15.923380000000002
15.90918
15.90708
15.912379999999999
15.91528
15.909780000000001
15.910879999999999
15.90908
15.89048
15.884979999999999
15.879180000000002
15.89018
15.914380000000001
15.92288
15.937180000000001
15.94418
15.96948
15.98318
15.98818
15.98228
15.982479999999999
16.00058
15.996480000000002
16.00228
15.984480000000001
15.98368
15.98218
15.967880000000001
15.947980000000001
15.95038
15.93018
15.92088
15.908080000000002
15.88898
15.89178
15.888480000000001
15.900480000000002
15.91038
15.912379999999999
15.917079999999999
15.90918
15.92268
15.90138
15.897380000000002
15.90448
15.90398
15.897179999999999
15.887080000000001
15.88758
15.86908
15.85678
15.85968
15.843879999999999
15.835280000000001
15.832180000000001
15.856079999999999
15.87078
15.873380000000001
15.881879999999999
15.883579999999998
15.87678
15.87038
15.870280000000001
15.873180000000001
15.868079999999999
15.877580000000002
15.885179999999998
15.875879999999999
15.870080000000002
15.86608
15.87188
15.879380000000001
15.872979999999998
15.861180000000001
15.874880000000001
15.877279999999999
15.89228
15.885179999999998
15.89648
15.90158
15.885079999999999
15.87248
15.848980000000001
15.84658
15.84208
15.85078
15.86008
15.85528
15.853280000000002
15.85868
15.850380000000001
15.84638
15.84498
15.854880000000001
15.859079999999999
15.863579999999999
15.88158
15.88468
15.89018
15.902180000000001
15.90558
15.90268
15.909580000000002
15.900680000000001
15.895980000000002
15.886579999999999
15.87668
15.875879999999999
15.86608
15.874279999999999
15.86608
15.85678
15.85108
15.86488
15.86498
15.87068
15.89218
15.880279999999999
15.86948
15.85678
15.86648
15.860779999999998
15.85678
15.854780000000002
15.86458
15.856380000000001
15.853580000000001
15.84768
15.84358
15.82798
15.83908
15.83438
15.82648
15.83288
15.82798
15.822479999999999
15.814879999999999
15.805579999999999
15.789380000000001
15.79428
15.799980000000001
15.80358
15.81108
15.83128
15.85818
15.88118
15.886880000000001
15.900179999999999
15.912379999999999
15.90848
15.876180000000002
15.85878
15.85828
15.857679999999998
15.85568
15.84308
15.84198
15.86008
15.87388
15.880279999999999
15.89338
15.897380000000002
15.903880000000001
15.90558
15.897380000000002
15.903580000000002
15.889880000000002
15.86898
15.85578
15.83888
15.823979999999999
15.80848
15.801079999999999
15.812380000000001
15.811879999999999
15.834980000000002
15.83688
15.85278
15.857679999999998
15.84948
15.860479999999999
15.865680000000001
15.865079999999999
15.85568
15.856280000000002
15.858080000000001
15.859179999999999
15.85718
15.86888
15.87648
15.885179999999998
15.88478
15.87058
15.85868
15.854980000000001
15.84658
15.851880000000001
15.85258
15.848479999999999
15.85428
15.86498
15.854780000000002
15.854780000000002
15.86768
15.862480000000001
15.87668
15.894680000000001
15.89338
15.89088
15.89338
15.88458
15.906379999999999
15.912880000000001
15.90238
15.908280000000001
15.913979999999999
15.897279999999999
15.877279999999999
15.86758
15.876280000000001
15.874680000000001
15.881979999999999
15.89538
15.895779999999998
15.895779999999998
15.88608
15.883579999999998
15.87868
15.877379999999999
15.89338
15.905080000000002
15.916879999999999
15.90708
15.92398
15.923580000000001
15.917280000000002
15.91378
15.90558
15.909580000000002
15.90848
15.90608
15.917179999999998
15.918980000000001
15.93328
15.952580000000001
15.94088
15.94218
15.93628
15.91938
15.89048
15.86908
15.87078
15.865179999999999
15.86888
15.87958
15.89388
15.90888
15.91528
15.91378
15.91008
15.90268
15.89048
15.87868
15.87098
15.87378
15.87868
15.879180000000002
15.87648
15.877279999999999
15.891380000000002
15.900680000000001
15.89388
15.89388
15.89388
15.892779999999998
15.882480000000001
15.857679999999998
15.861180000000001
15.85668
15.856280000000002
15.846979999999999
15.84948
15.847380000000001
15.83548
15.82838
15.827480000000001
15.828479999999999
15.818079999999998
15.822579999999999
15.825479999999999
15.838080000000001
15.84608
15.857579999999999
15.865680000000001
15.862079999999999
15.865680000000001
15.85878
15.84948
15.84018
15.835280000000001
15.822679999999998
15.81148
15.81908
15.81568
15.799479999999999
15.798380000000002
15.792280000000002
15.799980000000001
15.80358
15.818180000000002
15.81728
15.81268
15.813279999999999
15.82058
15.823879999999999
15.799779999999998
15.80048
15.790980000000001
15.785979999999999
15.810580000000002
15.80488
15.821480000000001
15.834880000000002
15.850380000000001
15.856179999999998
15.86498
15.845680000000002
15.83878
15.82478
15.81578
15.77778
15.82808
15.679780000000001
