-2.976532
-2.899422
-2.838962
-2.785772
-2.727932
-2.680972
-2.621632
-2.5676620000000003
-2.501172
-2.4507920000000003
-2.389002
-2.351972
-2.315322
-2.256952
-2.237342
-2.209632
-2.158072
-2.126522
-2.075592
-2.017832
-1.958732
-1.900652
-1.8388019999999998
-1.7933620000000001
-1.7618420000000001
-1.718112
-1.700082
-1.6811920000000002
-1.655072
-1.606662
-1.5732620000000002
-1.550382
-1.5096820000000002
-1.4639320000000002
-1.408054
-1.374063
-1.329929
-1.288687
-1.2628599999999999
-1.218311
-1.182572
-1.1519050000000002
-1.134406
-1.106446
-1.064084
-1.026175
-0.998075
-0.977396
-0.97594
-0.966828
-0.944968
-0.915393
-0.875183
-0.814012
1.1841179999999998
1.5889279999999997
1.6522579999999998
1.996918
-0.30065000000000003
1.228478
0.039217
-0.46058560000000004
-0.5342100000000001
-0.48528160000000004
-0.4767155
-0.47226300000000004
-0.48713100000000004
-0.49691810000000003
-0.48326460000000004
-0.42990100000000003
-0.38473860000000004
-0.3422307
-0.320618
-0.300773
-0.27665700000000004
-0.258298
-0.21509100000000003
-0.15968400000000005
-0.11549700000000002
-0.084424
-0.085953
-0.09282300000000004
-0.10609800000000003
-0.06214000000000003
-0.03552900000000003
-0.024253000000000025
-0.012778000000000012
0.0
0.005519999999999969
-0.012858000000000036
0.005339999999999956
0.04657899999999998
0.07271700000000003
0.06512399999999996
0.08918099999999995
0.10288699999999995
0.12241800000000003
0.14628299999999994
0.181601
0.22633000000000003
0.258178
0.295114
0.292459
0.29392299999999993
0.28793
0.28736799999999996
0.31875
0.34792999999999996
0.370962
0.394119
0.40913
0.42565299999999995
0.43297699999999995
0.42396199999999995
0.425689
0.438165
0.470349
0.526992
0.557852
0.605238
0.633708
0.633708
0.646408
0.660368
0.670888
0.689358
0.713788
0.7335379999999999
0.738968
0.7368279999999999
0.763148
0.810528
0.839438
0.8633879999999999
0.8846280000000001
0.9032680000000001
0.917248
0.9131679999999999
0.9323579999999999
0.9481879999999999
0.971048
0.9804080000000001
0.9917079999999999
0.9944879999999999
0.987208
0.987408
0.982188
0.983518
0.998088
1.0290780000000002
1.0557880000000002
1.075708
1.102388
1.1218279999999998
1.134538
1.150858
1.151878
1.1786180000000002
1.1796380000000002
1.1922679999999999
1.2110979999999998
1.235268
1.2463579999999999
1.268428
1.292338
1.294578
1.3044379999999998
1.3021379999999998
1.3230080000000002
1.342578
1.347728
1.348348
1.3715479999999998
1.383498
1.4053779999999998
1.417068
1.444398
1.4444379999999999
1.4438179999999998
1.456648
1.467578
1.4770279999999998
1.4979179999999999
1.5198779999999998
1.557188
1.552018
1.5468579999999998
1.572638
1.588848
1.607138
1.636638
1.6747579999999997
1.694048
1.7289879999999997
1.7461479999999998
1.7607679999999997
1.764278
1.784878
1.774228
1.7813079999999997
1.8042179999999997
1.811318
1.8260079999999999
1.824598
1.8219279999999998
1.826228
1.821228
1.829088
1.8375179999999998
1.867368
1.897738
1.916738
1.938888
1.972108
1.975838
1.9807679999999999
1.9859579999999997
1.994698
1.9892879999999997
1.9873279999999998
1.995848
1.996928
2.0118679999999998
2.0225679999999997
2.035198
2.047128
2.062248
2.085368
2.1169379999999998
2.153728
2.173918
2.201948
2.208678
2.230528
2.255608
2.255778
2.286148
2.304748
2.321618
2.3463879999999997
2.357078
2.351298
2.3354679999999997
2.324058
2.3470579999999996
2.337608
2.3411679999999997
2.348658
2.375148
2.384398
2.385878
2.388658
2.400708
2.413798
2.4375579999999997
2.458018
2.486478
2.4964079999999997
2.507168
2.504528
2.506178
2.518538
2.525568
2.531628
2.533518
2.542718
2.554348
2.559898
2.554348
2.547838
2.5434479999999997
2.562958
2.575868
2.574138
2.581698
2.584918
2.590068
2.607118
2.612968
2.6142279999999998
2.624688
2.619058
2.6363779999999997
2.6399779999999997
2.633438
2.653028
2.6864779999999997
2.716228
2.729828
2.761778
2.767498
2.760728
2.7359679999999997
2.715788
2.716488
2.7223479999999998
2.7223479999999998
2.735028
2.758648
2.788758
2.783118
2.7798879999999997
2.795038
2.797408
2.810788
2.8141179999999997
2.823668
2.839458
2.840068
2.867868
2.884398
2.901108
2.918568
2.9215579999999997
2.936858
2.9435879999999996
2.9553879999999997
2.983418
2.997708
3.022988
3.0262379999999998
3.029528
3.024688
3.031878
3.043278
3.061238
3.076878
3.101258
3.117498
3.125288
3.135078
3.1392979999999997
3.1475079999999998
3.154668
3.1729279999999997
3.1988079999999997
3.200388
3.196018
3.197578
3.2141979999999997
3.209438
3.210228
3.2167179999999997
3.1957679999999997
3.204688
3.1956279999999997
3.198288
3.194908
3.2064679999999997
3.224068
3.243908
3.282958
3.298518
3.294838
3.297498
3.304038
3.3125579999999997
3.2946079999999998
3.318508
3.267388
3.345698
2.879758
3.1903479999999997
3.184298
3.1885179999999997
3.203118
3.2237679999999997
3.242348
3.237888
3.255128
3.258908
3.304598
3.3375079999999997
3.376678
3.383438
3.3939679999999997
3.405828
3.4164779999999997
3.354838
3.354908
3.4960579999999997
3.547278
3.496558
3.429918
3.4468579999999998
3.517918
3.543678
3.545308
3.539288
3.5168779999999997
3.516168
3.516098
3.535818
3.5387679999999997
3.5393079999999997
3.5248079999999997
3.5172779999999997
3.4977579999999997
3.473678
3.4675279999999997
3.474468
3.483198
3.480428
3.489168
3.496898
3.486668
3.470048
3.4531479999999997
3.464768
3.473708
3.481258
3.501238
3.529648
3.5398579999999997
3.545738
3.559088
3.549098
3.528618
3.5294779999999997
3.535168
3.5216979999999998
3.537198
3.543748
3.5599979999999998
3.587578
3.6085179999999997
3.6234179999999996
3.604498
3.6039980000000003
3.6207679999999995
3.6204179999999995
3.628938
3.652028
3.661138
3.6573379999999998
3.686378
3.706508
3.699188
3.637578
3.518858
3.540978
3.648578
3.7544979999999994
3.7931079999999997
3.779348
3.7853179999999997
3.7973779999999997
3.813728
3.807718
3.600178
3.374708
4.845738
3.750608
3.9715779999999996
4.0024880000000005
4.043138
4.073428000000001
4.089888
4.088148
4.055258
4.047588
4.051808
4.064698
4.076848
4.076348
4.091688
4.099628
4.102078000000001
4.117638
4.1388180000000006
4.153078000000001
4.152368
4.147948
4.149538000000001
4.145188
4.137408000000001
4.152598
4.173088
4.178998
4.190578
4.191308
4.179168000000001
4.181748000000001
4.193898
4.204848
4.204788000000001
4.224558
4.224668
4.2607680000000006
4.282748000000001
4.2815080000000005
4.294118
4.304558
4.310058000000001
4.316828
4.308788000000001
4.323498000000001
4.338998
4.3560680000000005
4.3752580000000005
4.391308
4.395228
4.400798
4.413798
4.413238000000001
4.432628
4.4483880000000005
4.462938
4.4809980000000005
4.489328
4.477458
4.465858
4.475418
4.470588
4.4641980000000006
4.483318000000001
4.4984280000000005
4.524418000000001
4.539618
4.545368000000001
4.542538
4.541608
4.551908
4.566218
4.565178
4.572548
4.5918980000000005
4.599258000000001
4.598688
4.600118
4.592988
4.6152880000000005
4.629498
4.642938
4.6529180000000006
4.661678
4.6667380000000005
4.671778000000001
4.674498000000001
4.696118
4.718818000000001
4.740658000000001
4.771438000000001
4.7867880000000005
4.788418
4.794568
4.789478
4.766358
4.759228
4.777228
4.787208000000001
4.779878
4.800248000000001
4.827098
4.850588
4.839948000000001
4.864988
4.8699580000000005
4.873088
4.879958
4.866498
4.872328
4.883088
4.891028
4.913738
4.931008
4.932838
4.948148000000001
4.955678000000001
4.957938
4.9500280000000005
4.9479180000000005
4.970608
4.9814680000000005
4.987228
5.002978000000001
5.015928000000001
5.0324480000000005
5.023478
5.023038000000001
5.033168000000001
5.036568
5.046158
5.044828
5.073518
5.076988
5.067838
5.067268
5.075148
5.098628000000001
5.109548
5.129898000000001
5.141918
5.141028
5.159828
5.152248
5.172558
5.193658
5.202148
5.211058
5.231338
5.2508680000000005
5.257688
5.266488000000001
5.274978
5.286698
5.297108000000001
5.304318
5.308388
5.326548000000001
5.331958
5.344978
5.350838
5.364588
5.390028
5.399148
5.417248000000001
5.435218
5.440658
5.458468
5.453578
5.4650680000000005
5.476478
5.491088
5.516388
5.544908
5.5608580000000005
5.5845780000000005
5.588538000000001
5.582488000000001
5.589068
5.603208
5.596138000000001
5.579718000000001
5.586808
5.592328
5.615468
5.640258
5.653758000000001
5.671238000000001
5.701408000000001
5.716088
5.711138
5.696358
5.703418
5.711248
5.690308
5.702418000000001
5.718978
5.730078000000001
5.766638
5.796168000000001
5.812418
5.815928
5.831618000000001
5.848478
5.842408000000001
5.844978
5.842658
5.842068
5.828908
5.835858
5.844278
5.842968
5.862788
5.868038
5.8791080000000004
5.8828380000000005
5.900308
5.894058
5.886258000000001
5.878348
5.885078
5.893988
5.907898
5.911008000000001
5.9200680000000006
5.917478
5.902368
5.8979680000000005
5.893048
5.902818
5.913678
5.929798
5.942448000000001
5.961788
5.982348
5.982258000000001
5.987178
5.991088
6.006118000000001
6.008458
5.996948000000001
5.991088
6.008438
6.021178
6.0286480000000005
6.039378
6.052658
6.052968
6.0438480000000006
6.0315080000000005
6.047108000000001
6.050858000000001
6.055138
6.0434280000000005
6.062328
6.091088
6.097488
6.111248000000001
6.126248
6.134998
6.156338000000001
6.169838
6.184838
6.196878
6.2049080000000005
6.222578
6.221788
6.216608
6.2031480000000006
6.203578
6.2043680000000005
6.209838
6.208588000000001
6.222038
6.240318
6.263048
6.2590580000000005
6.280208
6.292648000000001
6.307858
6.323228
6.324718000000001
6.3356580000000005
6.342028
6.346948
6.357508
6.367108
6.375848
6.399688
6.406798
6.413568000000001
6.4136880000000005
6.422498
6.425698000000001
6.431318
6.4367980000000005
6.429198
6.378748000000001
6.344598
6.336918000000001
6.1975880000000005
6.375618
6.3651480000000005
6.3927380000000005
6.3856280000000005
6.3710580000000006
6.380218
6.330318
6.343718
6.366328
6.371558
6.3893580000000005
6.372928
6.373508
6.415568
6.425388
6.4385580000000004
6.388708
6.414248000000001
6.4618780000000005
6.469858
6.403468
6.377608
6.424478000000001
6.461678
6.493668
6.500578
6.507428
6.492578
6.497168
6.4932680000000005
6.470858000000001
6.450598
6.436978
6.429528
6.429138
6.4314480000000005
6.447208000000001
6.448358000000001
6.453418
6.447058
6.452588
6.457848
6.465868
6.449768000000001
6.443098
6.447388
6.444068000000001
6.448488
6.444558000000001
6.4496780000000005
6.448488
6.4386980000000005
6.437428000000001
6.435738000000001
6.436658
6.429878
6.442588000000001
6.446468
6.4304380000000005
6.435188
6.454998000000001
6.450608
6.447648
6.440308
6.411358
6.388308
6.375468000000001
6.387038
6.435078000000001
6.480508
6.514338
6.5257380000000005
6.544068
6.5431680000000005
6.560908
6.573418
6.443478000000001
6.342318000000001
6.356738
6.472048
6.573918
6.6007880000000005
6.592458000000001
6.584238
6.568448
6.550698000000001
6.542568
6.312328
6.126208
7.613988
6.618588
6.807348
6.848578000000001
6.8351180000000005
6.8431180000000005
6.852428000000001
6.872998
6.904028
6.914148
6.935918
6.949598
6.966018
6.971998
7.003138000000001
7.019658000000001
7.042338
7.032558000000001
7.024288
7.014778000000001
7.009968000000001
6.9927980000000005
7.002798
7.015568
7.051658000000001
7.094448000000001
7.104788
7.119328
7.1421980000000005
7.160178
7.1701880000000005
7.1901980000000005
7.2200880000000005
7.228818
7.223308
7.224258000000001
7.2191980000000004
7.211018
7.231198
7.242838
7.221158
7.2162880000000005
7.229188000000001
7.243598
7.253078
7.272858
7.289898
7.306178
7.301998
7.315728
7.314338
7.333158
7.362078
7.386518000000001
7.3807480000000005
7.369518
7.3813580000000005
7.365598
7.375818000000001
7.398718000000001
7.4081280000000005
7.427138
7.428558000000001
7.445568000000001
7.462888
7.475198000000001
7.490548
7.501348
7.505428
7.522998
7.548088
7.571748
7.580138000000001
7.603858
7.620118000000001
7.622838000000001
7.629528
7.649488000000001
7.675878
7.681928
7.683698000000001
7.690118000000001
7.693468
7.681438000000001
7.676908
7.698238000000001
7.711668
7.736678
7.7577679999999996
7.797878
7.811838000000001
7.8187679999999995
7.841248000000001
7.8602680000000005
7.8793180000000005
7.870888
7.850868000000001
7.859058
7.873628000000001
7.8745579999999995
7.894178000000001
7.932918
7.9622280000000005
7.975868000000001
7.976718000000001
7.997298
8.023138
8.041258
8.065158
8.098557999999999
8.114308
8.122898
8.128568
8.158928
8.178568
8.192908
8.181417999999999
8.201077999999999
8.213467999999999
8.208077999999999
8.205548
8.189328
8.183297999999999
8.199828
8.206368
8.204708
8.210218
8.223187999999999
8.250608
8.262938
8.276498
8.295997999999999
8.321817999999999
8.338607999999999
8.341078
8.346568
8.352098
8.357628
8.369618
8.388028
8.393718
8.406338
8.408667999999999
8.411378
8.409877999999999
8.416848
8.436748
8.426827999999999
8.435238
8.448127999999999
8.457238
8.478598
8.499927999999999
8.518828
8.542807999999999
8.547697999999999
8.560628
8.567888
8.562268
8.565348
8.563217999999999
8.553598
8.547737999999999
8.544728
8.550028
8.571228
8.581958
8.597498
8.630158
8.649688
8.666628
8.690728
8.709798
8.728828
8.762407999999999
8.771398
8.770778
8.778827999999999
8.792807999999999
8.804217999999999
8.795358
8.784858
8.794217999999999
8.804528
8.816998
8.828608
8.846627999999999
8.877958
8.894117999999999
8.878718
8.879007999999999
8.868818
8.851937999999999
8.859968
8.875117999999999
8.892197999999999
8.921228
8.942027999999999
8.966178
8.980777999999999
8.989768
8.997297999999999
8.997148
9.004997999999999
9.010508
9.005177999999999
9.008277999999999
9.001768
9.008588
9.023048
9.019357999999999
9.036408
9.044438
9.061167999999999
9.075467999999999
9.077788
9.099478
9.121317999999999
9.132427999999999
9.144458
9.149308
9.163908
9.176378
9.178467999999999
9.182488
9.192888
9.199688
9.199807999999999
9.204177999999999
9.203028
9.208018
9.219068
9.230698
9.243827999999999
9.264617999999999
9.298518
9.313348
9.317658
9.331947999999999
9.332878
9.333817999999999
9.329597999999999
9.342618
9.348308
9.356867999999999
9.362568
9.390468
9.401138
9.410578
9.427258
9.436418
9.443258
9.432858
9.439248
9.449138
9.456857999999999
9.458278
9.463738
9.469598
9.472888
9.483357999999999
9.477018
9.480298
9.487578
9.505467999999999
9.522338
9.533038
9.544998
9.568278
9.567088
9.573248
9.564078
9.563578
9.575248
9.592448
9.610847999999999
9.619148
9.650748
9.664648
9.683347999999999
9.686048
9.679948
9.677947999999999
9.687047999999999
9.688848
9.681648
9.680947999999999
9.708648
9.716047999999999
9.711748
9.713847999999999
9.697648
9.678248
9.658047999999999
9.659248
9.670148
9.679948
9.712947999999999
9.748047999999999
9.774448
9.619748
9.314067999999999
9.616648
9.614348
9.635347999999999
9.615348
9.586148
9.580048
9.550528
9.618547999999999
9.631547999999999
9.609648
9.627148
9.601548
9.614448
9.652847999999999
9.678548
9.683648
9.599648
9.632048
9.711948
9.742847999999999
9.713248
9.685748
9.686748
9.693947999999999
9.704848
9.692648
9.688848
9.677748
9.666348
9.676347999999999
9.684348
9.682348
9.691148
9.698647999999999
9.697548
9.682848
9.670948
9.681248
9.681148
9.666248
9.648048
9.648347999999999
9.646248
9.657347999999999
9.676848
9.689148
9.695148
9.683048
9.690847999999999
9.692648
9.678348
9.688348
9.683448
9.692948
9.676748
9.677548
9.672647999999999
9.663948
9.671248
9.662348
9.656448
9.666447999999999
9.687847999999999
9.703348
9.692547999999999
9.682748
9.674448
9.670347999999999
9.708447999999999
9.748548
9.752148
9.750347999999999
9.767748
9.747748
9.768348
9.761147999999999
9.649047999999999
9.580848
9.600748
9.705948
9.803647999999999
9.822648
9.821347999999999
9.804248
9.804948
9.804547999999999
9.811748
9.567298
9.425218
10.851647999999999
9.876047999999999
10.060348
10.087048
10.105647999999999
10.111348
10.123047999999999
10.131148
10.136747999999999
10.147348
10.166048
10.179248
10.180247999999999
10.184348
10.184847999999999
10.207248
10.246848
10.269148
10.276648
10.263548
10.268747999999999
10.257848
10.261747999999999
10.276848
10.298848
10.300948
10.289448
10.305347999999999
10.305147999999999
10.300448
10.321947999999999
10.350848
10.370047999999999
10.375048
10.399747999999999
10.436548
10.463348
10.494848
10.532948
10.539448
10.560348
10.566448
10.562147999999999
10.571347999999999
10.577548
10.587347999999999
10.614148
10.642247999999999
10.663948
10.679748
10.686648
10.697248
10.704248
10.706748
10.720547999999999
10.751348
10.760548
10.775048
10.784448
10.779347999999999
10.778547999999999
10.779148
10.783147999999999
10.781747999999999
10.811748
10.815548
10.824148
10.842248
10.847947999999999
10.861547999999999
10.865547999999999
10.871348
10.878748
10.880747999999999
10.883847999999999
10.895947999999999
10.918548
10.936447999999999
10.954948
10.962347999999999
10.974447999999999
10.992047999999999
10.988048
10.998348
10.993748
11.011847999999999
11.029948
11.039147999999999
11.078047999999999
11.112347999999999
11.150547999999999
11.156148
11.176748
11.187648
11.180347999999999
11.174147999999999
11.187548
11.185048
11.184248
11.174448
11.184448
11.182248
11.185448
11.183648
11.199548
11.238048
11.259848
11.293248
11.309947999999999
11.339547999999999
11.369048
11.385648
11.377848
11.399747999999999
11.400148
11.390747999999999
11.384948
11.387748
11.388848
11.396047999999999
11.410648
11.428248
11.442447999999999
11.447847999999999
11.467048
11.477547999999999
11.478947999999999
11.488348
11.515048
11.536048
11.555947999999999
11.586248
11.608547999999999
11.616048
11.607947999999999
11.602348
11.606148
11.617448
11.639147999999999
11.639147999999999
11.642748
11.654447999999999
11.648247999999999
11.648247999999999
11.661648
11.686748
11.685048
11.702548
11.688948
11.674247999999999
11.678248
11.680147999999999
11.678548
11.691448
11.712848
11.720148
11.721748
11.716747999999999
11.733948
11.735348
11.739948
11.744448
11.763347999999999
11.776247999999999
11.795148
11.811748
11.827148
11.843748
11.858848
11.855348
11.845848
11.846948
11.857648
11.853247999999999
11.856548
11.850848
11.843748
11.823447999999999
11.827948
11.843247999999999
11.840848
11.836948
11.851448
11.874248
11.887248
11.905548
11.933948
11.953548
11.963648
11.965848
11.974848
11.964048
11.953748
11.948547999999999
11.949848
11.961748
11.979047999999999
11.994648
12.018848
12.010247999999999
12.010247999999999
12.017648
12.021348
12.039947999999999
12.041248
12.055048
12.050948
12.060448
12.070547999999999
12.089248
12.097548
12.083848
12.087848
12.092048
12.074948
12.063747999999999
12.069847999999999
12.071048
12.059248
12.061347999999999
12.066348
12.060748
12.062947999999999
12.074247999999999
12.077048
12.091047999999999
12.109048
12.118148
12.118248
12.110448
12.124547999999999
12.128547999999999
12.142748
12.143248
12.159448
12.165948
12.184847999999999
12.205347999999999
12.213548
12.213248
12.209848
12.214848
12.212347999999999
12.207848
12.219947999999999
12.238548
12.259148
12.268647999999999
12.274747999999999
12.292947999999999
12.309548
12.307148
12.295748
12.309847999999999
12.313747999999999
12.323048
12.315147999999999
12.315648
12.325448
12.322147999999999
12.295347999999999
12.289648
12.298648
12.300348
12.305147999999999
12.312548
12.310748
12.314648
12.318648
12.329348
12.334347999999999
12.349848
12.360847999999999
12.375548
12.391447999999999
12.411748
12.414548
12.418847999999999
12.416647999999999
12.398548
12.407848
12.407148
12.401247999999999
12.414947999999999
12.436447999999999
12.436948
12.443848
12.446147999999999
12.450448
12.473948
12.488548
12.491848
12.506348
12.502848
12.509248
12.498248
12.484648
12.482947999999999
12.475147999999999
12.526548
12.549147999999999
12.142147999999999
12.374547999999999
12.392348
12.408047999999999
12.418747999999999
12.414147999999999
12.420148
12.400148
12.394648
12.409848
12.485548
12.488648
12.444248
12.395548
12.461048
12.480948
12.454948
12.344548
12.385648
12.485847999999999
12.535748
12.502647999999999
12.484347999999999
12.507247999999999
12.535148
12.541848
12.525248
12.498248
12.481848
12.484148
12.484447999999999
12.478848
12.482548
12.463147999999999
12.446247999999999
12.442048
12.448348
12.440247999999999
12.454048
12.458447999999999
12.456947999999999
12.449048
12.459648
12.436548
12.416547999999999
12.399847999999999
12.408047999999999
12.400048
12.403448
12.408748
12.390448
12.386548
12.401548
12.408847999999999
12.402847999999999
12.393948
12.403547999999999
12.384547999999999
12.368348
12.371248
12.383647999999999
12.362447999999999
12.357448
12.356648
12.349848
12.332848
12.313848
12.303548
12.303647999999999
12.324347999999999
12.345348
12.370548
12.375548
12.392147999999999
12.395348
12.428248
13.402448
15.101948
15.698248
15.213448
13.801347999999999
12.740447999999999
12.371148
12.316448
12.218848
9.633747999999999
8.598948
8.536518
9.599447999999999
11.537148
12.289548
12.445848
12.499248
12.522948
12.510247999999999
12.477348
12.210948
13.113247999999999
11.983647999999999
12.922248
12.689548
12.748548
12.757147999999999
12.735448
12.718347999999999
12.729348
12.738348
12.741748
12.743148
12.728848
12.708648
12.681047999999999
12.659948
12.639448
12.630948
12.657248
12.650348
12.647547999999999
12.673648
12.670648
12.680347999999999
12.679648
12.678047999999999
12.686447999999999
12.678047999999999
12.681948
12.684248
12.686247999999999
12.679848
12.682948
12.686948
12.712648
12.719648
12.719147999999999
12.719847999999999
12.735247999999999
12.722648
12.711547999999999
12.719648
12.736348
12.718548
12.727948
12.730647999999999
12.748348
12.771548
12.799147999999999
12.809448
12.809648
12.819047999999999
12.823948
12.819148
12.836447999999999
12.855248
12.852348
12.861948
12.873047999999999
12.856347999999999
12.846748
12.849748
12.846447999999999
12.836748
12.819148
12.830447999999999
12.843748
12.848248
12.832548
12.814748
12.805848
12.814048
12.793147999999999
12.792148
12.793448
12.812648
12.808748
12.812348
12.820948
12.838348
12.852447999999999
12.854847999999999
12.873648
12.885448
12.896448
12.901748
12.921548
12.921847999999999
12.932348
12.931747999999999
12.904848
12.885148
12.873847999999999
12.878347999999999
12.875248
12.881648
12.886648
12.898648
12.912948
12.921147999999999
12.936447999999999
12.951948
12.960348
12.960548
12.967647999999999
12.978848
12.986647999999999
12.980148
12.995348
13.016548
13.026148
13.014947999999999
13.004048
12.999748
12.975048
12.953847999999999
12.936548
12.922248
12.928348
12.925848
12.937047999999999
12.933748
12.943848
12.947847999999999
12.946048
12.952148
12.975548
12.965848
12.975548
12.967048
12.982448
12.986448
12.999248
12.988548
12.991147999999999
12.988748
12.977148
12.967948
12.964248
12.969847999999999
12.970747999999999
12.975548
12.979047999999999
12.996647999999999
13.007648
13.015148
13.012848
13.029247999999999
13.023947999999999
13.008647999999999
13.011348
13.015747999999999
13.017548
13.015048
13.020147999999999
13.033648
13.031848
13.033847999999999
13.031948
13.035048
13.035948
13.048447999999999
13.030047999999999
13.040148
13.051447999999999
13.043747999999999
13.049348
13.064748
13.077148
13.069948
13.068648
13.056548
13.059147999999999
13.062548
13.068947999999999
13.063348
13.069248
13.084648
13.088248
13.080948
13.063747999999999
13.051848
13.040747999999999
13.039548
13.042247999999999
13.043648
13.056548
13.065648
13.081048
13.084147999999999
13.068048
13.074247999999999
13.077748
13.074048
13.058748
13.060948
13.077848
13.071147999999999
13.072147999999999
13.059047999999999
13.043448
13.039947999999999
13.028448
13.032748
13.045948
13.048548
13.061447999999999
13.062947999999999
13.063348
13.062248
13.052448
13.049247999999999
13.041248
13.041248
13.022148
13.020348
13.025348
13.020348
13.020348
13.028547999999999
13.028547999999999
13.025348
13.019048
13.000248
13.002848
13.005148
13.019447999999999
13.018448
13.027147999999999
13.028148
13.038048
13.035347999999999
13.041647999999999
13.018048
13.026947999999999
13.051848
13.060448
13.075448
13.088147999999999
13.111248
13.108248
13.090347999999999
13.095948
13.091747999999999
13.077948
13.074548
13.096447999999999
13.104448
13.083547999999999
13.090048
13.099648
13.108948
13.097748
13.102948
13.103947999999999
13.116048
13.116347999999999
13.094548
13.100848
13.087448
13.074848
13.065748
13.065348
13.077048
13.080548
13.088047999999999
13.084947999999999
13.085047999999999
13.074048
13.056448
13.074247999999999
13.074848
13.081048
13.077048
13.086148
13.088747999999999
13.071947999999999
13.075047999999999
13.077648
13.076448
13.070248
13.074448
13.071147999999999
13.075448
13.076048
13.080948
13.072047999999999
13.076048
13.080347999999999
13.062947999999999
13.060448
13.052648
13.058948
13.070547999999999
13.053248
13.073848
13.071748
13.075047999999999
13.075348
13.081947999999999
13.014947999999999
13.703348
12.462548
12.775647999999999
12.985348
12.965347999999999
12.964547999999999
12.962848
12.952848
12.966248
12.973448
12.982147999999999
12.981848
12.997148
13.009848
13.020947999999999
13.027147999999999
13.030448
13.027747999999999
13.036548
13.030548
13.027348
13.027047999999999
13.023147999999999
13.028348
13.013447999999999
12.992448
12.991848
12.977547999999999
12.976647999999999
12.975947999999999
12.986348
13.009848
13.020748
13.032848
13.037948
13.031348
13.021148
13.002848
13.002948
12.997648
13.010247999999999
13.027648
13.035648
13.044348
13.044148
13.053248
13.059047999999999
13.033548
12.989548
12.967148
12.953548
12.948148
12.945348
12.949247999999999
12.967248
12.983248
12.962748
12.962748
12.965048
12.958547999999999
12.960248
12.962448
12.954948
12.972048
13.006447999999999
13.021847999999999
13.031547999999999
13.041848
13.037948
13.029748
13.019748
13.009848
12.988648
12.981148
12.981247999999999
12.999248
12.987848
12.971447999999999
12.951448
12.934248
12.919048
12.910248
12.914147999999999
12.922148
12.949648
12.952748
12.970547999999999
12.964647999999999
12.969648
12.953147999999999
12.958148
12.957148
12.950047999999999
12.937947999999999
12.933848
12.928047999999999
12.942048
12.953047999999999
12.956548
12.952648
12.952548
12.965648
12.957448
12.951048
12.950047999999999
12.951148
12.944248
12.930548
12.928948
12.924047999999999
12.911548
12.924648
12.915248
12.912548
12.919848
12.895247999999999
12.905847999999999
12.918847999999999
12.910748
12.920948
12.924047999999999
12.917448
12.910347999999999
12.905747999999999
12.900248
12.908947999999999
12.916948
12.921147999999999
12.923447999999999
12.930947999999999
12.935448
12.917848
12.913648
12.907447999999999
12.919448
12.905648
12.904948
12.891447999999999
12.860648
12.865547999999999
12.843548
12.860648
12.869247999999999
12.883847999999999
12.909448
12.908448
12.930048
12.910648
12.897348
12.876947999999999
12.864148
12.869048
12.844648
12.828047999999999
12.824848
12.818247999999999
12.803948
12.790448
12.794248
12.796748
12.790348
12.787948
12.793548
12.802348
12.794048
12.798648
12.783648
12.788447999999999
12.779447999999999
12.778148
12.782148
12.782848
12.787747999999999
12.783548
12.797248
12.802648
12.814148
12.799047999999999
12.816448
12.853848
12.851348
12.854448
12.838648
12.830948
12.827048
12.823048
12.820648
12.825747999999999
12.820048
12.823848
12.826748
12.804148
12.800747999999999
12.786247999999999
12.779148
12.767847999999999
12.757048
12.784248
12.790648
12.786947999999999
12.781048
12.791447999999999
12.794448
12.797647999999999
12.805748
12.807048
12.825047999999999
12.813647999999999
12.810048
12.794248
12.772547999999999
12.754947999999999
12.754448
12.756348
12.758248
12.755647999999999
12.761248
12.762748
12.767247999999999
12.772547999999999
12.756348
12.749148
12.742047999999999
12.744848
12.746748
12.749248
12.755747999999999
12.760648
12.777147999999999
12.787548
12.800647999999999
12.800647999999999
12.803647999999999
12.813747999999999
12.805147999999999
12.802848
12.791848
12.796348
12.799947999999999
12.793747999999999
12.796147999999999
12.795748
12.800047999999999
12.812248
12.812248
12.802648
12.795347999999999
12.793847999999999
12.783847999999999
12.758747999999999
12.767448
12.781348
12.773848
12.787948
12.780448
12.794348
12.794748
12.802548
12.783147999999999
12.778448
12.774847999999999
12.762448
12.745648
12.761047999999999
12.780348
12.785148
12.806348
12.824148
12.818548
12.820547999999999
12.803148
12.815348
12.809648
12.801048
12.822847999999999
12.821147999999999
12.825147999999999
12.818848
12.799247999999999
12.781348
12.757848
12.751748
12.764147999999999
12.754348
12.746348
12.763148
12.789347999999999
12.802648
12.812748
12.798948
12.796748
12.774847999999999
12.751748
12.737148
12.738648
12.755647999999999
12.742647999999999
12.740447999999999
12.734548
12.732248
12.731347999999999
12.754147999999999
12.766148
12.768048
12.765448
12.762148
12.747548
12.724048
12.724848
12.718247999999999
12.699648
12.700448
12.701048
12.712448
12.711748
12.712448
12.720948
12.716648
12.728848
12.721548
12.728048
12.701248
12.693748
12.691848
12.691248
12.687047999999999
12.671748
12.666848
12.668648
12.664648
12.649248
12.648347999999999
12.646647999999999
12.677048
12.686048
12.702648
12.715048
12.718848
12.706847999999999
12.702048
12.681448
12.665948
12.649548
12.637848
12.647348
12.651848
12.661048
12.674548
12.709247999999999
12.712448
12.716648
12.718247999999999
12.722448
12.725448
12.726348
12.726448
12.731347999999999
12.743447999999999
12.742148
12.728347999999999
12.722548
12.712748
12.693848
12.688948
12.667048
12.672747999999999
12.647148
12.657447999999999
12.654848
12.645247999999999
12.648347999999999
12.647348
12.655747999999999
12.648247999999999
12.657148
12.667347999999999
12.663447999999999
12.666447999999999
12.681448
12.686347999999999
12.677448
12.670447999999999
12.680648
12.679248
12.675248
12.682447999999999
12.681847999999999
12.690648
12.698547999999999
12.708248
12.711547999999999
12.717748
12.732147999999999
12.726747999999999
12.701948
12.689648
12.683548
12.676648
12.686247999999999
12.694647999999999
12.700448
12.704948
12.710248
12.723248
12.730348
12.731347999999999
12.736647999999999
12.740447999999999
12.725648
12.704747999999999
12.701048
12.683148
12.672148
12.681548
12.692848
12.691647999999999
12.692248
12.699648
12.699848
12.704547999999999
12.692447999999999
12.690947999999999
12.682048
12.668348
12.659048
12.650148
12.643048
12.646948
12.654548
12.660648
12.649847999999999
12.642448
12.635648
12.636648
12.619548
12.615447999999999
12.621048
12.633448
12.640547999999999
12.645348
12.652847999999999
12.652847999999999
12.653148
12.641347999999999
12.643948
12.631547999999999
12.614647999999999
12.603947999999999
12.608248
12.602447999999999
12.604747999999999
12.613947999999999
12.611248
12.612148
12.606347999999999
12.604047999999999
12.586948
12.576048
12.588747999999999
12.586948
12.574648
12.562348
12.555147999999999
12.553348
12.550747999999999
12.543448
12.555548
12.561347999999999
12.561347999999999
12.551447999999999
12.547647999999999
12.546748
12.531348
12.526848
12.535648
12.540747999999999
12.541248
12.560647999999999
12.576148
12.576448
12.572047999999999
12.569448
12.559947999999999
12.538748
12.545347999999999
12.543847999999999
12.542448
12.537047999999999
12.530548
12.533847999999999
12.529247999999999
12.526048
12.534148
12.535748
12.532148
12.532148
12.528848
12.515048
12.517648
12.511548
12.516148
12.519748
12.526247999999999
12.550047999999999
12.553847999999999
12.567248
12.567148
12.577648
12.571147999999999
12.562047999999999
12.552548
12.545748
12.536748
12.546147999999999
12.565047999999999
12.560448
12.556448
12.556548
12.546348
12.528547999999999
12.524948
12.536048
12.531848
12.546748
12.549648
12.544448
12.525447999999999
12.505248
12.484548
12.469548
12.475448
12.481347999999999
12.487848
12.501247999999999
12.513447999999999
12.503547999999999
12.489348
12.489448
12.493948
12.484447999999999
12.477148
12.499748
12.505747999999999
12.496948
12.505948
12.501448
12.489647999999999
12.478048
12.463648
12.464148
12.450047999999999
12.444847999999999
12.455148
12.445348
12.458248
12.448348
12.445148
12.460047999999999
12.462048
12.455548
12.456548
12.449448
12.456548
12.446648
12.428248
12.433148
12.450348
12.464348
12.467448
12.491848
12.503648
12.507548
12.506748
12.512647999999999
12.499647999999999
12.480348
12.474447999999999
12.481347999999999
12.476348
12.480348
12.487948
12.494048
12.500848
12.501448
12.502448
12.500848
12.508847999999999
12.497848
12.495948
12.491048
12.491048
12.496948
12.490447999999999
12.472147999999999
12.478048
12.478347999999999
12.466047999999999
12.449648
12.415448
12.420247999999999
12.420548
12.415348
12.417448
12.446147999999999
12.477148
12.499948
12.507347999999999
12.493547999999999
12.487148
12.477447999999999
12.459448
12.451048
12.455948
12.459347999999999
12.458547999999999
12.478148
12.499948
12.497548
12.476647999999999
12.456448
12.443548
12.452447999999999
12.425248
12.422148
12.411448
12.422248
12.423447999999999
12.404247999999999
12.410048
12.411048
12.415648
12.433148
12.444948
12.464748
12.471548
12.468247999999999
12.462748
12.460248
12.458547999999999
12.455347999999999
12.471548
12.459448
12.452948
12.442248
12.431747999999999
12.413148
12.406148
12.402147999999999
12.409448
12.414147999999999
12.418047999999999
12.414247999999999
12.406148
12.389147999999999
12.373548
12.371948
12.384048
12.394748
12.410048
12.411048
12.406048
12.401848
12.401247999999999
12.397348
12.371948
12.371948
12.367148
12.363147999999999
12.358848
12.342248
12.327948
12.325047999999999
12.328748
12.329948
12.330347999999999
12.318648
12.321147999999999
12.322847999999999
12.330048
12.323547999999999
12.319248
12.318147999999999
12.300348
12.293847999999999
12.286247999999999
12.290648
12.292848
12.302648
12.304547999999999
12.299648
12.297248
12.288948
12.273247999999999
12.268448
12.261147999999999
12.266948
12.275148
12.272748
12.282347999999999
12.288948
12.293648
12.303148
12.303448
12.315648
12.316948
12.322047999999999
12.330948
12.326048
12.326748
12.331448
12.341448
12.349547999999999
12.342248
12.335148
12.339447999999999
12.341448
12.342448
12.326547999999999
12.328947999999999
12.315147999999999
12.312348
12.303548
12.297747999999999
12.286448
12.294248
12.288547999999999
12.301048
12.301648
12.299947999999999
12.320248
12.319647999999999
12.314648
12.310448
12.304048
12.281048
12.267147999999999
12.262948
12.257648
12.274047999999999
12.285048
12.287548
12.295748
12.301648
12.300047999999999
12.301648
12.296748
12.301748
12.292848
12.287948
12.274548
12.265048
12.251247999999999
12.239148
12.217848
12.187847999999999
12.186748
12.170048
12.165047999999999
12.186347999999999
12.199448
12.236048
12.263548
12.283448
12.315147999999999
12.312047999999999
12.290648
12.265647999999999
12.236348
12.217547999999999
12.206947999999999
12.210148
12.215148
12.226047999999999
12.226248
12.225048
12.224148
12.221148
12.218548
12.205347999999999
12.197147999999999
12.180947999999999
12.198948
12.203748
12.199548
12.210248
12.208547999999999
12.202948
12.201448
12.206548
12.206147999999999
12.209748
12.221948
12.221948
12.224547999999999
12.231848
12.251847999999999
12.251847999999999
12.249248
12.259647999999999
12.269347999999999
12.253547999999999
12.242647999999999
12.242148
12.235348
12.226348
12.216648
12.209848
12.209448
12.203047999999999
12.199648
12.202948
12.184648
12.187348
12.188348
12.191647999999999
12.198547999999999
12.223348
12.249248
12.254147999999999
12.254947999999999
12.244648
12.245847999999999
12.229648
12.236048
12.244148
12.239848
12.240648
12.255248
12.241848
12.229948
12.216648
12.196748
12.191248
12.178847999999999
12.163447999999999
12.176648
12.166848
12.176048
12.187047999999999
12.205148
12.219247999999999
12.224547999999999
12.221848
12.232348
12.237148
12.245248
12.243948
12.243048
12.230748
12.229648
12.215347999999999
12.186948
12.164947999999999
12.144347999999999
12.151648
12.152147999999999
12.162248
12.181348
12.195948
12.222748
12.237248
12.239948
12.236348
12.229348
12.229348
12.220248
12.227048
12.223848
12.231748
12.246048
12.254748
12.253648
12.246348
12.250447999999999
12.240148
12.232047999999999
12.208748
12.189648
12.194747999999999
12.178248
12.173648
12.172747999999999
12.171147999999999
12.170748
12.172348
12.185748
12.195248
12.196947999999999
12.207248
12.217848
12.201448
12.209347999999999
12.197047999999999
12.197847999999999
12.189948
12.187348
12.183848
12.188848
12.200348
12.202948
12.235147999999999
