-1.77406
-1.42601
-1.18843
-1.11391
-1.08812
-1.05031
-0.99321
-0.971802
-0.927658
-0.882339
-0.880707
-0.901871
-0.926178
-0.92453
-0.883911
-0.707352
-0.316635
-0.010788
0.022583
2.66E-15
-0.0159454
-0.123749
-0.265945
-0.483521
-0.703751
-0.968674
-1.18773
-1.56
-1.76047
-15.5795
-25.8608
-21.1448
-3.95219
6.51695
11.2177
13.2259
14.3338
15.0951
15.6654
16.1525
16.5724
16.9237
17.2427
17.5611
17.8502
18.138
18.4088
18.6592
18.9162
19.1459
19.3651
19.5776
19.8065
20.0451
20.2377
20.4041
20.5678
20.7561
20.9241
21.1221
21.3096
21.517
21.7101
21.8639
22.037
22.2134
22.3734
22.5334
22.7135
22.885
23.0076
23.1264
23.2377
23.3357
23.4584
23.5659
23.7181
23.1294
21.819
21.4692
21.3589
22.4028
22.6436
23.2404
25.1336
26.1593
26.556
26.7548
26.9019
27.0175
27.1331
27.228
27.3698
27.4584
27.535
27.6134
27.6853
27.7474
27.8162
27.8779
27.9267
27.9498
27.9993
28.0459
28.0904
28.1412
28.2017
28.2294
28.2615
28.2813
28.3205
28.3631
28.4223
28.463
28.5122
28.5494
28.5919
28.6098
28.649
28.69
28.731
28.7622
28.8127
28.8634
28.9106
28.9529
28.9727
29.0248
29.0411
29.1002
29.1427
29.2114
29.288
29.3502
29.442
29.5204
29.6115
29.713
29.8306
29.9696
30.1131
30.2524
30.4103
30.5919
30.7423
30.9103
31.0904
31.2684
31.4826
31.2193
13.8403
12.8908
13.1822
13.3911
13.5869
13.7388
13.8498
13.9532
14.0416
14.1412
14.2115
14.2704
14.3502
14.3892
14.4024
14.4334
14.4611
14.4891
14.5166
14.5396
14.5591
14.5869
14.6102
14.631
14.6509
14.6787
14.6786
14.69
14.692
14.692
14.7099
14.7098
14.7095
14.7408
14.7505
14.7505
14.7685
14.7587
14.7587
14.749
14.7587
14.7493
14.7685
14.7701
14.7603
14.7685
14.7802
14.808
14.8076
14.8157
14.8173
14.8138
14.8138
14.8076
14.7994
14.7896
14.7782
14.7681
14.7916
14.8111
14.8783
14.9287
14.9563
14.9642
14.915
14.8584
14.7486
12.6068
10.6673
10.0298
9.51851
12.118
16.7275
15.3271
11.556
11.7177
11.4662
11.2294
11.1982
10.9072
10.9287
10.8567
10.765
9.61664
6.97586
4.87788
4.22594
10.1998
13.8912
17.0576
11.3387
4.42516
5.85797
7.13765
11.9775
13.4677
13.5908
13.6627
13.6184
13.788
14.0576
14.2552
14.4369
14.5642
14.6658
14.7357
14.7552
14.7962
14.8255
14.8876
15.0052
15.2045
15.4369
15.5869
15.6767
15.6884
15.5923
15.4697
15.3684
15.2701
15.1197
14.9873
14.8681
14.7177
14.5591
14.4154
14.3173
14.2099
14.0888
13.9369
13.9291
-61.3506
-209.821
-180.602
-169.731
-173.393
-182.222
-189.063
-194.411
-199.45
-203.552
-206.132
-207.79
-208.632
-208.684
-208.405
-207.835
-207.044
-206.088
-205.095
-203.915
-202.704
-201.383
-199.954
-198.553
-197.032
-195.503
-194.003
-192.424
-190.851
-189.159
-187.512
-185.852
-184.163
-182.521
-180.842
-179.165
-177.485
-175.764
-174.104
-172.415
-170.766
-169.092
-167.391
-165.712
-164.003
-162.33
-160.65
-158.942
-157.212
-155.501
-153.839
-152.204
-150.542
-148.931
-147.261
-145.622
-144.011
-142.38
-140.743
-139.101
-137.442
-135.823
-134.212
-132.673
-131.053
-129.473
-127.926
-126.374
-124.795
-123.245
-121.624
-120.054
-118.563
-117.103
-115.544
-114.035
-112.553
-111.065
-109.563
-108.117
-106.656
-105.235
-103.774
-102.323
-100.932
-99.5206
-98.1202
-96.7034
-95.2311
-93.7541
-92.4049
-91.0549
-89.6385
-88.2858
-86.8854
-85.5241
-84.1924
-82.7955
-81.5241
-80.2741
-78.9225
-77.6217
-76.598
-75.7538
-74.162
-72.8411
-71.5821
-70.3927
-69.2567
-68.0523
-66.9133
-65.8184
-64.6237
-63.2406
-61.8465
-60.4824
-59.1903
-58.0071
-56.7684
-55.4434
-54.1133
-52.7926
-51.4594
-50.1329
-49.0131
-47.9162
-46.7409
-45.5337
-44.29
-43.138
-42.0072
-40.9158
-39.7771
-38.6236
-37.5435
-36.4143
-35.3212
-34.231
-33.133
-32.0419
-31.0108
-29.9388
-28.8444
-27.7412
-26.681
-25.6823
-24.6119
-23.5416
-22.5584
-21.5123
-20.4927
-19.4501
-18.3932
-17.4029
-16.3834
-15.3311
-14.3408
-13.3604
-12.3623
-11.4174
-10.4388
-9.39946
-8.4521
-7.4518
-6.44196
-5.49586
-4.50719
-3.50914
-2.53688
-1.62007
-0.682266
0.298279
1.21625
2.15758
3.07758
4.03148
4.94196
5.83414
6.69351
7.67563
8.56305
9.4025
10.2733
11.1843
12.1548
13.0635
13.8897
14.7392
15.6116
16.463
17.2931
18.0935
17.1017
18.5914
20.9557
22.9353
24.1194
25.1293
26.0129
26.9145
27.7937
28.6091
29.4041
30.177
30.938
31.7322
32.5235
33.308
34.063
34.7962
35.4973
36.177
36.8958
37.6259
38.3727
39.1165
39.7744
40.4856
41.1376
41.9252
42.6329
43.3322
44.0251
44.7649
45.3974
46.0887
46.788
47.4661
48.1341
48.8368
49.5458
50.2161
50.8759
51.5755
52.2305
52.9138
53.5841
54.2353
54.886
55.5462
56.2587
56.9727
57.5154
58.1231
58.8239
59.4822
60.154
60.8255
61.445
62.0736
62.713
63.386
63.9658
64.5282
65.2356
65.8861
66.4645
67.1016
67.7599
68.365
68.963
69.5658
70.1934
70.8552
71.4024
72.0427
72.6036
73.2341
73.8028
74.3861
74.9649
75.5232
76.0934
76.6443
77.2622
77.8943
78.4302
79.0525
79.6606
80.2013
80.8025
81.3341
81.9318
82.5185
83.079
83.6685
84.2486
84.8209
85.3716
85.9349
86.4923
87.0838
87.6524
88.1634
88.7212
89.2912
89.8009
90.3501
90.9088
91.4744
92.02
92.5494
93.213
93.9005
94.4923
95.02
95.5591
96.1978
96.7486
97.2095
97.7095
98.29
98.7033
99.2606
99.8697
100.442
101.012
101.413
101.861
102.301
102.881
103.471
103.951
104.222
104.751
105.37
105.958
106.558
106.938
107.362
107.901
108.45
108.929
109.422
109.881
110.301
110.7
111.09
111.47
111.69
111.987
112.458
112.909
113.37
113.831
114.309
114.781
115.259
115.68
116.108
116.559
117.027
117.497
117.95
118.411
118.847
119.278
119.72
120.159
120.61
121.02
121.427
121.827
122.237
122.704
123.128
123.548
124.001
124.447
124.87
125.277
125.677
126.087
126.491
126.901
127.301
127.7
128.09
128.489
128.917
129.329
129.7
130.049
130.448
130.878
131.296
131.677
132.066
132.448
132.856
133.257
133.646
134.048
134.478
134.867
135.229
135.612
136.007
136.367
136.739
137.12
137.469
137.839
138.237
138.629
139.01
139.357
139.72
140.081
140.4
140.738
141.159
141.522
141.87
142.214
142.577
142.947
143.296
143.658
144.03
144.349
144.667
145.04
145.43
145.79
146.136
146.529
146.938
147.259
147.571
147.919
148.269
148.63
148.988
149.349
149.647
149.917
150.236
150.576
150.935
151.267
151.559
151.878
152.237
152.557
152.866
153.188
153.499
153.81
154.187
154.536
154.875
155.208
155.497
155.826
156.156
156.497
156.806
157.138
157.468
157.788
158.12
158.448
158.786
159.077
159.407
159.737
160.035
160.365
160.705
161.019
161.308
161.608
161.95
162.27
162.577
162.865
163.175
163.474
163.795
164.115
164.417
164.716
165.007
165.299
165.618
165.927
166.255
166.558
166.87
167.149
167.408
167.623
167.57
167.603
168.087
168.36
168.644
168.874
169.064
169.266
169.427
169.569
169.792
170.201
170.645
171.055
171.428
171.802
172.173
172.56
172.962
173.341
173.743
174.099
174.383
174.651
174.919
175.251
175.571
175.924
176.316
176.673
176.962
177.233
177.435
177.608
177.827
178.087
178.376
178.666
178.983
179.275
179.566
179.839
180.107
180.351
180.617
180.886
181.131
181.377
181.63
181.908
182.189
182.466
182.757
183.029
183.287
183.55
183.818
184.079
184.308
184.539
184.778
185.056
185.344
185.656
185.935
186.215
186.467
186.736
186.996
187.273
187.576
187.865
188.127
188.344
188.602
188.862
189.115
189.342
189.571
189.822
190.047
190.348
190.673
190.941
191.217
191.434
191.633
191.834
192.046
192.291
190.672
191.712
193.463
194.723
195.365
195.709
195.982
196.258
196.488
196.743
196.961
197.195
197.407
197.639
197.873
198.092
198.283
198.457
198.628
198.798
198.968
199.129
199.307
199.466
199.636
199.796
199.984
200.146
200.304
200.483
200.646
200.834
201.023
201.216
201.406
201.577
201.729
201.886
202.046
202.224
202.388
202.568
202.736
202.907
203.077
203.256
203.464
203.634
203.824
204.003
204.172
204.365
204.535
204.714
204.863
205.027
205.226
205.424
205.613
205.745
205.925
206.084
206.236
206.433
206.62
206.832
206.984
207.152
207.295
207.466
207.642
207.827
208.004
208.183
208.362
208.531
208.69
208.844
209.041
209.211
209.414
209.59
209.744
209.924
210.084
210.252
210.412
210.582
210.773
210.961
211.151
211.34
211.481
211.649
211.804
211.999
212.174
212.313
212.433
212.572
212.731
212.912
213.131
213.332
213.502
213.654
213.821
214.012
214.19
214.378
214.561
214.731
214.912
215.081
215.262
215.442
215.592
215.749
215.901
216.053
216.239
216.401
216.551
216.703
216.871
217.049
217.2
217.379
217.542
217.711
217.88
218.02
218.18
218.344
218.511
218.68
218.84
218.999
219.17
219.349
219.5
219.662
219.829
219.971
220.131
220.28
220.442
220.58
220.749
220.94
221.12
221.299
221.458
221.657
221.819
221.961
222.13
222.29
222.477
222.649
222.783
222.95
223.11
223.251
223.42
223.548
223.749
223.907
224.059
224.227
224.368
224.538
224.728
224.888
225.046
225.208
225.396
225.577
225.757
225.899
226.058
226.2
226.321
226.46
226.622
226.8
226.949
227.12
227.249
227.397
227.54
227.698
227.842
227.973
228.101
228.259
228.401
228.566
228.736
228.904
229.067
229.221
229.344
229.46
229.62
229.75
229.909
230.051
230.206
230.34
230.488
230.62
230.788
230.968
231.118
231.257
231.406
231.546
231.698
231.847
232.009
232.149
232.27
232.409
232.548
232.718
232.866
233.018
233.159
233.29
233.409
233.538
233.706
233.878
234.027
234.187
234.347
234.505
234.646
234.777
234.907
235.04
235.158
235.29
235.431
235.581
235.726
235.858
236.002
236.14
236.308
236.479
236.62
236.739
236.87
236.995
237.108
237.226
237.376
237.517
237.644
237.793
237.917
238.036
238.175
238.306
238.458
238.618
238.767
238.939
239.069
239.192
239.321
239.438
239.569
239.696
239.857
239.989
240.156
240.286
240.445
240.579
240.688
240.808
240.935
241.066
241.192
241.286
241.388
241.527
241.628
241.747
241.857
241.974
242.09
242.229
242.34
242.46
242.597
242.769
242.88
242.81
242.356
242.881
242.958
243.073
243.111
243.153
243.18
243.25
243.248
243.39
243.646
243.898
244.145
244.36
244.588
244.807
245.049
245.277
245.488
245.721
245.915
246.099
246.259
246.421
246.568
246.731
246.844
246.973
247.092
247.212
247.342
247.493
247.626
247.759
247.909
248.036
248.14
248.249
248.367
248.506
248.618
248.759
248.886
249.028
249.158
249.298
249.456
249.589
249.73
249.859
249.97
250.097
250.228
250.357
250.499
250.628
250.739
250.869
250.966
251.115
251.246
251.386
251.545
251.685
251.857
252.008
252.149
252.288
252.409
252.586
252.744
252.914
253.042
253.18
253.305
253.394
253.496
253.631
253.756
253.857
254.065
254.288
254.423
254.507
254.602
254.703
254.806
254.917
255.022
253.294
254.153
255.768
256.971
257.433
257.679
257.862
258.039
258.166
258.314
258.413
258.497
258.602
258.705
258.795
258.904
258.968
259.045
259.124
259.179
259.227
259.286
259.347
259.416
259.488
259.566
259.625
259.688
259.767
259.835
259.876
259.947
260.015
260.076
260.134
260.201
260.294
260.343
260.433
260.515
260.556
260.624
260.657
260.697
260.745
260.786
260.874
260.955
261.054
261.133
261.223
261.313
261.404
261.486
261.566
261.626
261.693
261.754
261.823
261.876
261.937
261.995
262.056
262.166
262.254
262.353
262.433
262.517
262.595
262.674
262.762
262.843
262.915
263.004
263.076
263.134
263.214
263.304
263.432
263.553
263.625
263.724
263.814
263.886
263.947
264.031
264.132
264.223
264.309
264.393
264.453
264.549
264.661
264.742
264.842
264.942
264.99
265.045
265.135
265.203
265.273
265.362
265.434
265.504
265.563
265.651
265.739
265.829
265.912
265.999
266.091
266.171
266.26
266.34
266.43
266.53
266.594
266.694
266.772
266.832
266.912
266.979
267.072
267.15
267.23
267.344
267.422
267.5
267.58
267.671
267.77
267.86
267.93
268.017
268.097
268.167
268.231
268.317
268.42
268.511
268.612
268.721
268.798
268.875
268.953
269.03
269.112
269.182
269.27
269.342
269.411
269.481
269.551
269.62
269.69
269.768
269.862
269.95
270.026
270.12
270.216
270.301
270.367
270.448
270.548
270.628
270.719
270.799
270.87
270.978
271.067
271.139
271.2
271.26
271.349
271.43
271.52
271.592
271.643
271.69
271.768
271.821
271.891
271.971
272.06
272.147
272.221
272.318
272.371
272.442
272.518
272.598
272.657
272.708
272.778
272.839
272.908
272.986
273.079
273.169
273.27
273.372
273.461
273.559
273.679
273.778
273.886
274.018
274.165
274.327
274.486
274.656
274.839
275.027
275.229
275.437
275.657
275.909
276.141
276.368
276.618
276.878
277.161
277.411
277.651
277.968
284.898
474.607
533.667
537.257
539.558
541.399
542.901
544.11
545.189
546.147
547.007
547.726
548.355
548.968
549.544
550.007
550.517
550.971
551.349
551.718
552.067
552.466
552.816
553.115
553.409
553.705
553.978
554.237
554.538
554.798
555.03
555.22
555.389
555.617
555.808
555.999
556.149
556.321
556.497
556.649
556.809
556.958
557.117
557.285
557.447
557.566
557.698
557.837
557.968
558.099
558.228
558.36
558.489
558.61
558.708
558.796
558.917
559.007
559.107
559.216
559.347
559.608
559.829
559.897
559.919
559.937
559.981
559.908
558.105
556.716
556.778
554.896
556.047
561.378
563.363
559.401
557.651
557.841
557.336
557.295
556.955
556.902
556.83
556.757
556.275
553.924
551.498
550.126
552.546
558.307
563
564.663
551.889
552.276
553.673
556.559
560.443
561.274
561.692
559.666
561.214
556.709
555.389
555.372
555.541
555.762
555.967
556.159
556.305
556.452
556.527
556.543
556.565
556.901
557.041
557.155
557.279
557.421
557.572
557.707
557.808
557.926
558.019
558.139
558.23
558.312
558.391
558.482
558.589
558.699
558.802
558.875
558.971
559.071
559.146
559.235
559.351
559.445
559.503
559.578
559.668
559.71
559.79
559.851
559.937
560.01
560.083
560.151
560.195
560.246
560.278
560.329
560.379
560.403
560.424
560.389
558.934
557.519
556.997
556.952
556.945
557.295
558.508
557.248
554.5
556.385
557.189
557.239
557.296
557.315
557.299
557.296
557.341
556.904
555.732
557.041
558.758
559.317
559.575
559.731
559.9
560.045
560.194
560.285
560.419
560.494
560.584
560.651
560.718
560.8
560.872
560.967
560.979
560.996
561.033
561.083
561.164
561.233
561.27
561.273
561.275
561.275
561.324
561.36
561.383
561.424
561.466
561.504
561.537
561.579
561.608
561.638
561.661
561.676
561.704
561.733
561.761
561.811
561.844
561.88
561.911
561.93
561.953
562.016
562.068
562.13
562.182
562.211
562.232
562.271
562.291
562.319
562.324
562.316
562.318
562.326
562.318
562.324
562.354
562.386
562.406
562.427
562.447
562.471
562.501
562.542
562.573
562.594
562.624
562.62
562.641
562.664
562.708
562.762
562.783
562.788
562.798
562.814
562.824
562.864
562.873
562.903
562.934
562.945
562.963
562.984
563.002
563.033
563.031
563.035
563.025
563.053
563.073
563.11
563.143
563.183
563.177
563.197
563.215
563.244
563.254
563.271
563.305
563.311
563.288
563.29
563.305
563.312
563.326
563.36
563.381
563.395
563.386
563.412
563.417
563.422
563.435
563.463
563.486
563.504
563.53
563.535
563.543
563.553
563.561
563.572
563.601
563.607
563.625
563.626
563.661
563.675
563.681
563.705
563.732
563.752
563.79
563.806
563.826
563.817
563.834
563.839
563.847
563.849
563.863
563.874
563.88
563.888
563.906
563.932
563.925
563.935
563.955
563.947
563.947
563.968
563.981
564.004
564.006
564.036
564.054
564.056
564.058
564.074
564.094
564.113
564.119
564.133
564.144
564.156
564.165
564.194
564.195
564.213
564.206
564.234
564.238
564.228
564.252
564.281
564.285
564.294
564.314
564.322
564.299
564.324
564.318
564.317
564.324
564.337
564.342
564.362
564.375
564.366
564.375
564.402
564.425
564.435
564.462
564.476
564.488
564.489
564.479
564.479
564.489
564.491
564.506
564.515
564.523
564.533
564.544
564.551
564.572
564.582
564.592
564.594
564.579
564.586
564.576
564.584
564.576
564.577
564.613
564.617
564.626
564.666
564.667
564.667
564.701
564.736
564.738
564.729
564.754
564.767
564.767
564.769
564.788
564.806
564.806
564.798
564.827
564.824
564.822
564.834
564.847
564.849
564.839
564.839
564.817
564.835
564.811
564.804
564.806
564.806
564.814
564.834
564.863
564.865
564.883
564.886
564.886
564.876
564.866
564.883
564.906
564.932
564.937
564.947
564.956
564.956
564.947
564.956
564.956
564.963
564.984
565.015
565.017
565.015
565.007
565.01
565.015
564.999
565.006
565.006
565.025
565.035
565.036
565.027
565.028
565.047
565.046
565.074
565.087
565.099
564.945
564.759
564.581
564.617
564.56
564.561
564.559
564.54
564.551
564.561
564.572
564.589
564.6
564.628
564.649
564.651
564.659
564.679
564.687
564.698
564.698
564.71
564.706
564.698
564.695
564.677
564.677
564.669
564.656
564.657
564.658
564.674
564.694
564.713
564.718
564.718
564.728
564.71
564.71
564.688
564.695
564.716
564.72
564.739
564.738
564.745
564.793
564.85
565.185
565.448
565.297
565.315
565.286
565.294
565.325
565.362
565.393
565.404
565.417
565.427
565.429
565.44
565.45
565.469
565.489
565.52
565.522
565.525
565.527
565.527
565.528
565.527
565.535
565.543
565.544
565.551
565.561
565.554
565.536
565.543
565.515
565.497
565.486
565.496
565.499
565.507
565.515
565.535
565.554
565.564
565.582
565.602
565.603
565.603
565.594
565.602
565.605
565.623
565.635
565.628
565.626
565.644
565.656
565.648
565.664
565.684
565.694
565.687
565.697
565.698
565.69
565.669
565.658
565.656
565.644
565.648
565.646
565.676
565.685
565.705
565.724
565.744
565.749
565.736
565.727
565.706
565.698
565.697
565.7
565.708
565.728
565.756
565.769
565.769
565.779
565.782
565.779
565.777
565.767
565.759
565.749
565.747
565.747
565.767
565.786
565.813
565.853
565.858
565.86
565.85
565.817
565.829
565.822
565.81
565.808
565.818
565.829
565.811
565.816
565.836
565.829
565.84
565.831
565.837
565.829
565.821
565.808
565.798
565.813
565.808
565.824
565.834
565.845
565.867
565.86
565.875
565.883
565.876
565.874
565.908
565.896
565.888
565.886
565.876
565.876
565.857
565.87
565.891
565.894
565.914
565.922
565.914
565.914
565.925
565.916
565.914
565.896
565.912
565.935
565.915
565.924
565.927
565.907
565.919
565.934
565.927
565.93
565.933
565.97
565.973
565.957
565.949
565.947
565.955
565.94
565.927
565.933
565.954
565.956
565.966
565.984
565.984
565.988
565.986
565.965
565.965
565.948
565.92
565.909
565.914
565.917
566.009
565.332
565.154
565.222
565.305
565.431
565.876
566.683
567.782
570.036
570.544
568.505
566.704
566.748
566.882
567.006
567.003
565.364
563.135
563.268
563.693
563.547
560.955
555.32
550.182
547.641
551.484
557
568.846
563.464
551.187
549.883
551.698
554.469
555.534
555.483
555.474
559.678
564.609
565.86
566.173
566.307
566.333
566.435
565.633
559.757
