-1.0282900000000001
-1.124542
-1.108063
-1.0834350000000001
-1.071808
-1.0522770000000001
-1.047577
-1.05899
-1.067413
-1.053894
-1.042816
-1.016235
-0.988586
-0.9592284
-0.9378051000000001
-0.9318542000000001
-0.9577941
-0.9757079000000001
-0.9773559
-0.981079
-0.9447631000000001
-0.9152526000000001
-0.8940734
-0.864685
-0.8530272
-0.8499145
-0.8338317000000001
-0.8218078
-0.8268737
-0.8483581
-0.8612365000000001
-0.8530272
-0.8432921
-0.8236693
-0.7858275
-0.779602
-0.779602
-0.778046
-0.77298
-0.7879027000000001
-0.8206176000000001
-0.8746
-0.8349914
-0.7941283
-0.8386535
-0.8502196000000001
-0.8171691
-0.8010253
-0.782715
-0.77951
-0.7972716
-0.8206176000000001
-0.8483581
-1.210846
-1.1938170000000001
-0.8207091
-0.691315
-0.428833
0.94391
-0.329681
-0.54422
-0.35028100000000006
-0.6528930000000001
-0.590149
-0.534363
-0.492035
-0.45614600000000005
-0.423248
-0.38702400000000003
-0.36248800000000003
-0.34008800000000006
-0.328522
-0.29287700000000005
-0.299438
-0.2925110000000001
-0.28466800000000003
-0.238525
-0.20419300000000007
-0.18154900000000007
-0.16861000000000004
-0.16677799999999998
-0.17688000000000004
-0.15380800000000006
-0.11468500000000004
-0.06710800000000006
-0.04248000000000007
-0.02172799999999997
0.0
0.009460999999999942
0.028992000000000018
0.04852299999999998
0.06851200000000002
0.078156
0.10092199999999996
0.11922999999999995
0.12539999999999996
0.14507999999999988
0.17623999999999995
0.18920999999999988
0.18789999999999996
0.19701999999999997
0.21883999999999992
0.23992999999999998
0.2563500000000001
0.2856399999999999
0.2887599999999999
0.34274000000000004
0.3512599999999999
0.33953999999999995
0.35946999999999996
0.38016000000000005
0.37234999999999996
0.38210999999999995
0.38244999999999996
0.3981299999999999
0.4376499999999999
0.45907999999999993
0.50485
0.51651
0.54541
0.5504800000000001
0.5700099999999999
0.5617399999999999
0.5992999999999999
0.63687
0.6680599999999999
0.71384
0.72861
0.73993
0.73203
0.7298
0.73993
0.7431300000000001
0.76962
0.78915
0.8102400000000001
0.8317300000000001
0.83948
0.85751
0.8411299999999999
0.8771100000000001
0.89697
0.92978
0.95712
0.9719499999999999
0.98367
0.9751000000000001
0.9934399999999999
1.0246899999999999
1.0571
1.10782
1.12204
1.1566500000000002
1.1172799999999998
1.11218
1.11102
1.10751
1.12701
1.1763299999999999
1.18951
1.21884
1.21729
1.21213
1.2204
1.24969
1.27899
1.3071300000000001
1.34784
1.36914
1.3981299999999999
1.40018
1.4098499999999998
1.4328899999999998
1.4410999999999998
1.4492200000000002
1.4685400000000002
1.49149
1.4933500000000002
1.5013400000000001
1.5210899999999998
1.5321999999999998
1.5476699999999999
1.5486099999999998
1.5946
1.6289999999999998
1.6305500000000002
1.6403199999999998
1.6418799999999998
1.67783
1.67148
1.6775200000000001
1.68915
1.6828899999999998
1.6828
1.68259
1.68124
1.68259
1.7089800000000002
1.73837
1.7575999999999998
1.7710899999999998
1.7888499999999998
1.7890599999999999
1.7986099999999998
1.8297700000000001
1.85626
1.86893
1.90643
1.9379000000000002
1.9408
1.95117
1.9751899999999998
2.01767
2.03094
2.0504800000000003
2.07001
2.07303
2.08298
2.06522
2.05359
2.07001
2.09619
2.10126
2.11923
2.1368099999999997
2.14853
2.16657
2.1781300000000003
2.17908
2.18954
2.21884
2.24969
2.25946
2.2774400000000004
2.2923600000000004
2.3007799999999996
2.3216599999999996
2.31836
2.3493000000000004
2.3689299999999998
2.3609299999999998
2.35086
2.3805500000000004
2.39191
2.4180599999999997
2.41962
2.4587700000000003
2.48672
2.50134
2.5195299999999996
2.54852
2.5520300000000002
2.56534
2.58298
2.6009200000000003
2.5899400000000004
2.57977
2.5895400000000004
2.60086
2.6386700000000003
2.64307
2.65479
2.68292
2.7039799999999996
2.71729
2.7320599999999997
2.74969
2.76297
2.79071
2.82001
2.84772
2.88678
2.9082600000000003
2.92126
2.9281300000000003
2.9212
2.93103
2.9261799999999996
2.92938
2.9587399999999997
2.96213
2.9798
2.9832799999999997
3.0012499999999998
3.0126
3.0175799999999997
3.0305799999999996
3.0419599999999996
3.0503799999999996
3.0618
3.08798
3.10245
3.1125800000000003
3.1191700000000004
3.1466400000000005
3.1778000000000004
3.1908000000000003
3.1812700000000005
3.1993100000000005
3.22046
3.23212
3.25
3.2559500000000003
3.2673300000000003
3.2825000000000006
3.29071
3.28088
3.28876
3.30173
3.2925700000000004
3.2923
3.3201
3.34961
3.3805500000000004
3.39191
3.41144
3.42938
3.4411000000000005
3.4493100000000005
3.4524800000000004
3.4593800000000003
3.46884
3.4981400000000002
3.5192300000000003
3.5520900000000006
3.56219
3.5882899999999998
3.6157200000000005
3.6399800000000004
3.6516400000000004
3.66141
3.67969
3.6989100000000006
3.6856400000000002
3.69064
3.7103
3.7122200000000003
3.7286099999999998
3.7383100000000002
3.7657800000000003
3.78876
3.8149100000000002
3.8278800000000004
3.8414900000000003
3.87735
3.88837
3.9016400000000004
3.91296
3.9231300000000005
3.93292
3.94266
3.96063
3.96063
3.9770200000000004
3.9816599999999998
3.97827
3.9801600000000006
3.96375
3.94421
3.9183700000000004
5.01483
2.6717199999999997
3.63626
3.7671200000000002
3.72516
3.7188100000000004
3.7204000000000006
3.7598599999999998
3.8067900000000003
3.8266299999999998
3.92868
3.9130599999999998
3.7882100000000003
3.7105700000000006
3.7844800000000003
3.8400300000000005
3.7707800000000002
3.75204
5.2033700000000005
2.7212500000000004
4.09445
2.7288499999999996
5.05447
2.88992
3.9408900000000004
3.1231400000000002
3.82343
3.8753400000000005
3.8524200000000004
3.8688400000000005
3.8806200000000004
3.89063
3.90839
3.9036
3.8805500000000004
3.8707000000000003
3.8606300000000005
3.8462500000000004
3.8414
3.8231200000000003
3.85126
3.8625800000000003
3.8527200000000006
3.85907
3.85086
3.8868100000000005
3.8821400000000006
3.90836
3.9098500000000005
3.88251
3.8512000000000004
3.8215900000000005
3.80011
3.7923600000000004
3.8089900000000005
3.82001
3.8314200000000005
3.8218700000000005
3.82001
3.79071
3.7989800000000002
3.7825000000000006
3.79922
3.82001
3.82315
3.84265
3.9279200000000003
4.01111
3.8486600000000006
3.49664
3.6441300000000005
3.8404500000000006
3.8497000000000003
3.85095
3.8480500000000006
3.86111
3.87585
3.9231300000000005
3.99313
3.9554100000000005
3.8210800000000003
3.8989900000000004
3.9423500000000002
3.9883700000000006
3.9718600000000004
3.96854
3.95908
3.9489100000000006
3.95557
3.9967300000000003
3.60672
5.04742
4.40048
4.44641
4.47665
4.482060000000001
4.483280000000001
4.50806
4.56891
4.58331
4.62399
4.64539
4.65195
4.6611
4.65515
4.6582
4.68604
4.71695
4.74188
4.764530000000001
4.80875
4.82822
4.85126
4.87744
4.88876
4.9118
4.9493100000000005
4.96689
4.9719500000000005
4.99969
5.02939
5.07007
5.10986
5.1551800000000005
5.18604
5.19736
5.22858
5.230160000000001
5.23993
5.25635
5.30368
5.34625
5.38562
5.40039
5.431
5.4407000000000005
5.45087
5.444240000000001
5.47076
5.504700000000001
5.52087
5.54889
5.57001
5.60947
5.63678
5.64853
5.6876500000000005
5.725490000000001
5.74854
5.7775300000000005
5.7793
5.782500000000001
5.78055
5.7872
5.8201
5.848050000000001
5.86542
5.90829
5.9278
5.96729
5.980160000000001
6.0079
6.03915
6.05008
6.07977
6.0926800000000005
6.10086
6.11923
6.1418800000000005
6.1454200000000005
6.1582
6.17752
6.1911000000000005
6.2285200000000005
6.23141
6.2464900000000005
6.25446
6.26132
6.30048
6.3201
6.35431
6.38025
6.4082
6.4408
6.44922
6.47165
6.46875
6.49158
6.50986
6.52899
6.54071
6.53406
6.55048
6.57852
6.60095
6.62579
6.66971
6.70047
6.720400000000001
6.7219500000000005
6.73172
6.73984
6.74969
6.76266
6.7793
6.81189
6.84961
6.870480000000001
6.89883
6.90799
6.93756
6.96414
6.970400000000001
7.00626
7.0189200000000005
7.01288
7.01266
7.0
7.01266
7.0195300000000005
7.01611
7.05048
7.05197
7.09119
7.13055
7.1402600000000005
7.169709999999999
7.1879
7.20212
7.2203100000000004
7.25134
7.261410000000001
7.280880000000001
7.30835
7.331729999999999
7.33673
7.35095
7.36765
7.380490000000001
7.40134
7.41998
7.45245
7.470339999999999
7.48492
7.53751
7.561890000000001
7.591489999999999
7.619140000000001
7.638459999999999
7.6602500000000004
7.69931
7.718840000000001
7.74814
7.75128
7.778989999999999
7.78244
7.79196
7.772670000000001
7.78094
7.818510000000001
7.848110000000001
7.861020000000001
7.88055
7.90985
7.9477199999999995
7.970400000000001
7.97
7.99969
8.025879999999999
8.03876
8.05017
8.0719
8.0993
8.11728
8.130249999999998
8.1586
8.18756
8.20877
8.21875
8.2236
8.233699999999999
8.24338
8.24307
8.24142
8.25751
8.277099999999999
8.310239999999999
8.32156
8.331729999999999
8.367579999999998
8.38016
8.39975
8.418059999999999
8.41962
8.42776
8.430629999999999
8.44928
8.46063
8.48672
8.50095
8.52585
8.558689999999999
8.581389999999999
8.599699999999999
8.62073
8.63055
8.641879999999999
8.64853
8.66141
8.69897
8.69299
8.70908
8.721979999999999
8.72189
8.733369999999999
8.7532
8.75635
8.773069999999999
8.800479999999999
8.810239999999999
8.82822
8.85916
8.887179999999999
8.88205
8.88837
8.901639999999999
8.91141
8.91962
8.941099999999999
8.93921
8.94925
8.95712
8.95712
8.960239999999999
8.97983
8.98993
9.00986
9.03088
9.04852
9.059849999999999
9.089599999999999
9.099699999999999
9.12075
9.13055
9.156749999999999
9.172849999999999
9.18135
9.200849999999999
9.21875
9.23795
9.251249999999999
9.26925
9.28055
9.29075
9.29075
9.30215
9.29425
9.300749999999999
9.30715
9.321549999999998
9.332849999999999
9.35085
9.39035
9.385549999999999
9.40315
9.409849999999999
9.44735
9.48645
9.517349999999999
9.51255
9.53755
9.560649999999999
9.56025
9.532449999999999
9.53885
9.55865
9.55045
9.57005
9.58795
9.615749999999998
9.63875
9.67795
9.702449999999999
9.692649999999999
9.700849999999999
9.70045
9.71065
9.700849999999999
9.70915
9.71105
9.66795
10.381649999999999
8.55969
9.31135
9.42525
9.312949999999999
9.26765
9.287249999999998
9.28915
9.308549999999999
9.25915
9.484649999999998
9.30255
9.221549999999999
9.21715
9.116349999999999
9.383249999999999
9.28515
9.25005
10.84775
7.930180000000001
9.51865
8.37228
10.94215
7.908600000000001
9.13755
8.51901
9.17605
9.23955
9.189449999999999
9.15505
9.159949999999998
9.187949999999999
9.19775
9.205549999999999
9.21215
9.23045
9.251249999999999
9.262649999999999
9.262649999999999
9.26145
9.24185
9.215349999999999
9.20075
9.20205
9.215349999999999
9.205549999999999
9.20435
9.20205
9.18245
9.19775
9.215349999999999
9.22205
9.23015
9.21885
9.22895
9.22825
9.22865
9.22825
9.21225
9.21225
9.192549999999999
9.17625
9.161449999999999
9.16495
9.16645
9.192749999999998
9.28965
9.45145
9.18685
8.77463
9.01572
9.12435
9.146949999999999
9.159849999999999
9.171149999999999
9.191149999999999
9.21065
9.238249999999999
9.30675
9.11775
9.04346
9.20655
9.23505
9.235249999999999
9.20045
9.199349999999999
9.189449999999999
9.18095
9.171149999999999
9.138349999999999
8.40649
10.52245
9.62275
9.58235
9.56175
9.58635
9.627149999999999
9.678149999999999
9.739949999999999
9.80365
9.87435
9.941149999999999
10.00325
10.053249999999998
10.12075
10.16475
10.19615
10.207149999999999
10.254449999999999
10.285649999999999
10.30865
10.318449999999999
10.34615
10.385349999999999
10.415049999999999
10.472349999999999
10.52465
10.55825
10.57125
10.57345
10.60085
10.62075
10.63725
10.65315
10.674349999999999
10.68925
10.700849999999999
10.708649999999999
10.72195
10.75795
10.79735
10.821549999999998
10.828249999999999
10.85595
10.875449999999999
10.88065
10.89185
10.900049999999998
10.91995
10.94735
10.97205
10.980049999999999
10.98795
11.001349999999999
11.01305
11.02615
11.048649999999999
11.07705
11.10595
11.127149999999999
11.140749999999999
11.148449999999999
11.17615
11.181049999999999
11.18915
11.21065
11.22355
11.239849999999999
11.239949999999999
11.252849999999999
11.28595
11.309949999999999
11.346549999999999
11.35285
11.38055
11.365749999999998
11.362549999999999
11.373949999999999
11.367249999999999
11.35935
11.378649999999999
11.39665
11.408249999999999
11.41805
11.449449999999999
11.475449999999999
11.48805
11.517949999999999
11.54045
11.55045
11.56175
11.56175
11.591149999999999
11.63045
11.62385
11.65955
11.69735
11.72195
11.73175
11.75005
11.75945
11.77895
11.77075
11.80715
11.82005
11.828249999999999
11.85295
11.84145
11.83955
11.83955
11.83485
11.82035
11.82945
11.85905
11.88715
11.89975
11.93605
11.941149999999999
11.941149999999999
11.94895
11.94735
11.94895
11.96575
11.97675
11.98015
11.986849999999999
12.00795
12.02285
12.050749999999999
12.07465
12.081449999999998
12.11755
12.12205
12.13865
12.14185
12.14195
12.161449999999999
12.16995
12.17935
12.19905
12.21875
12.23185
12.223849999999999
12.22355
12.238249999999999
12.249749999999999
12.279349999999999
12.282549999999999
12.295449999999999
12.316849999999999
12.30825
12.28375
12.28285
12.280949999999999
12.27895
12.270449999999999
12.28915
12.30045
12.31185
12.33335
12.357949999999999
12.35285
12.35905
12.38055
12.38515
12.40795
12.411449999999999
12.421249999999999
12.44895
12.46885
12.478549999999998
12.47195
12.488349999999999
12.499649999999999
12.499649999999999
12.47185
12.47975
12.470049999999999
12.49185
12.49185
12.488349999999999
12.50755
12.501249999999999
12.49805
12.501249999999999
12.51925
12.522749999999998
12.54065
12.55825
12.587549999999998
12.60095
12.59305
12.598049999999999
12.617249999999999
12.636849999999999
12.641549999999999
12.64035
12.650049999999998
12.650049999999998
12.65125
12.659849999999999
12.65325
12.65315
12.651549999999999
12.641449999999999
12.63375
12.63905
12.658249999999999
12.67775
12.66305
12.68135
12.691049999999999
12.69075
12.694249999999998
12.700849999999999
12.720049999999999
12.739949999999999
12.73175
12.75165
12.74025
12.741449999999999
12.74315
12.74185
12.738349999999999
12.75155
12.77745
12.77895
12.797049999999999
12.821549999999998
12.818349999999999
12.82785
12.848949999999999
12.861049999999999
12.872349999999999
12.87735
12.889949999999999
12.911449999999999
12.90165
12.89185
12.900049999999998
12.89185
12.88875
12.88055
12.88725
12.90015
12.90205
12.92005
12.94775
12.950849999999999
12.950849999999999
12.97035
12.978549999999998
12.989949999999999
13.001249999999999
13.001249999999999
13.021149999999999
13.021149999999999
13.00315
13.00945
13.01105
13.021149999999999
13.021149999999999
13.030949999999999
13.02925
13.045449999999999
13.05825
13.058349999999999
13.063749999999999
13.05865
13.07005
13.08795
13.09105
13.10285
13.12075
13.14035
13.150049999999998
13.158249999999999
13.16805
13.19585
13.19735
13.19895
13.21065
13.194249999999998
13.18785
13.185649999999999
13.18755
13.19905
13.205549999999999
13.207149999999999
13.19895
13.18755
13.216849999999999
13.220049999999999
13.21335
13.21215
13.210249999999998
13.220049999999999
13.236849999999999
13.25475
13.26615
13.15785
13.942549999999999
12.00395
12.86525
12.79895
12.79275
12.80055
12.80215
12.807049999999998
12.79375
13.10155
12.85695
12.76295
12.79215
12.690449999999998
12.789349999999999
12.719949999999999
12.61455
12.93925
14.37215
11.00255
12.92305
12.61505
14.18225
11.90205
12.43935
12.030349999999999
12.62825
12.681249999999999
12.658249999999999
12.661449999999999
12.65505
12.64025
12.65795
12.64495
12.625549999999999
12.62265
12.61225
12.58475
12.571549999999998
12.56335
12.57005
12.56025
12.56185
12.55365
12.57355
12.57345
12.581449999999998
12.59465
12.61755
12.63055
12.63215
12.64665
12.643849999999999
12.62895
12.623949999999999
12.622349999999999
12.58475
12.582949999999999
12.57125
12.57185
12.55675
12.54225
12.558549999999999
12.55365
12.58495
12.66035
12.81585
12.93295
12.55045
12.291649999999999
12.53355
12.69165
12.70745
12.70235
12.672849999999999
12.66995
12.682549999999999
12.719149999999999
12.75755
12.473949999999999
12.48545
12.644449999999999
12.67315
12.66485
12.65955
12.668349999999998
12.669649999999999
12.67155
12.68135
12.77315
11.77525
13.98015
13.01175
13.082849999999999
13.115649999999999
13.123949999999999
13.14855
13.186449999999999
13.222449999999998
13.22705
13.236849999999999
13.22355
13.214049999999999
13.22325
13.23015
13.249649999999999
13.251249999999999
13.251249999999999
13.251249999999999
13.25005
13.285449999999999
13.30745
13.326649999999999
13.32625
13.329849999999999
13.33795
13.33955
13.329749999999999
13.34615
13.35765
13.36455
13.38375
13.42155
13.447849999999999
13.439549999999999
13.43135
13.445749999999999
13.45745
13.468549999999999
13.48485
13.498149999999999
13.545449999999999
13.55405
13.56025
13.566849999999999
13.57165
13.543849999999999
13.53755
13.56345
13.57545
13.57475
13.58635
13.58635
13.57165
13.57035
13.579749999999999
13.61075
13.63905
13.64965
13.661449999999999
13.66685
13.674249999999999
13.69545
13.70755
13.72865
13.736749999999999
13.73965
13.75005
13.72035
13.73335
13.728549999999998
13.73965
13.74645
13.749749999999999
13.779349999999999
13.788749999999999
13.79895
13.81035
13.838249999999999
13.83795
13.865749999999998
13.861049999999999
13.865749999999998
13.851249999999999
13.831249999999999
13.813049999999999
13.79885
13.79195
13.79065
13.78755
13.79045
13.78915
13.79225
13.77435
13.77925
13.78065
13.78285
13.77745
13.77745
13.76925
13.77085
13.77775
13.77895
13.77245
13.77615
13.78375
13.779349999999999
13.76765
13.77745
13.77745
13.784149999999999
13.78435
13.80205
13.808349999999999
13.81875
13.81345
13.816849999999999
13.82005
13.812149999999999
13.80045
13.796949999999999
13.796949999999999
13.78215
13.805449999999999
13.819749999999999
13.82185
13.81185
13.79355
13.807049999999998
13.80365
13.79075
13.80045
13.80205
13.798549999999999
13.81025
13.79885
13.798649999999999
13.80515
13.84625
13.861049999999999
13.84935
13.849649999999999
13.878649999999999
13.87065
13.87045
13.859449999999999
13.87745
13.864149999999999
13.85905
13.860949999999999
13.86225
13.88055
13.906649999999999
13.931049999999999
13.93135
13.949349999999999
13.96215
13.95235
13.94075
13.922749999999999
13.91805
13.94075
13.91995
13.900049999999998
13.89855
13.88715
13.886849999999999
13.892249999999999
13.90485
13.91805
13.93135
13.916549999999999
13.906649999999999
13.91455
13.916549999999999
13.91175
13.911449999999999
13.911449999999999
13.908249999999999
13.901349999999999
13.875449999999999
13.892249999999999
13.898449999999999
13.88185
13.88875
13.880849999999999
13.877149999999999
13.87895
13.88055
13.88055
13.89035
13.91185
13.90355
13.909849999999999
13.90955
13.921249999999999
13.931249999999999
13.921249999999999
13.94745
13.942649999999999
13.94145
13.94735
13.958649999999999
13.957149999999999
13.96035
13.952449999999999
13.942649999999999
13.91325
13.900049999999998
13.900049999999998
13.911449999999999
13.90855
13.91805
13.931049999999999
13.929749999999999
13.911449999999999
13.90165
13.90165
13.908249999999999
13.91805
13.92625
13.94735
13.95055
13.93445
13.919649999999999
13.92315
13.91015
13.909849999999999
13.921249999999999
13.91015
13.90165
13.89195
13.89025
13.888349999999999
13.87035
13.85085
13.85095
13.862549999999999
13.88055
13.88365
13.900049999999998
13.89185
13.89035
13.88055
13.88055
13.88055
13.86885
13.878649999999999
13.87075
13.89035
13.88055
13.87895
13.88065
13.86915
13.89345
13.90475
13.89965
13.89815
13.889949999999999
13.880149999999999
13.89975
13.89185
13.88055
13.88875
13.884049999999998
13.87275
13.86135
13.84935
13.84775
13.85745
13.84105
13.82315
13.80205
13.81035
13.79415
13.782549999999999
13.78915
13.78915
13.80045
13.788749999999999
13.80675
13.82475
13.82785
13.828149999999999
13.83795
13.83995
13.828149999999999
13.82785
13.82795
13.83795
13.829749999999999
13.83955
13.878649999999999
13.87735
13.877049999999999
13.86885
13.87745
13.851249999999999
13.81025
13.78915
13.76145
14.51365
12.656749999999999
13.45515
13.509549999999999
13.44735
13.444249999999998
13.45205
13.44075
13.493549999999999
13.478549999999998
13.65775
13.443249999999999
13.49175
13.45595
13.19465
13.51225
13.329649999999999
14.03575
12.208549999999999
11.936449999999999
13.40245
13.51145
14.83615
12.57715
12.63375
12.387749999999999
13.32775
13.380049999999999
13.332949999999999
13.34935
13.34935
13.37895
13.373949999999999
13.37075
13.38215
13.36605
13.332949999999999
13.331349999999999
13.33005
13.34105
13.32315
13.33165
13.33605
13.32345
13.31495
13.31015
13.31185
13.31175
13.31185
13.32865
13.33325
13.338049999999999
13.33015
13.32785
13.32325
13.293849999999999
13.300749999999999
13.31025
13.31335
13.31025
13.321549999999998
13.32005
13.32315
13.30355
13.30675
13.386149999999999
13.518149999999999
13.61745
13.24185
13.005749999999999
13.21645
13.37285
13.405149999999999
13.41805
13.43925
13.431249999999999
13.42465
13.421149999999999
14.758149999999999
16.54825
15.508049999999999
14.13725
13.702449999999999
13.65925
13.65105
13.59835
13.19215
10.038649999999999
9.738449999999998
12.63435
13.348849999999999
13.38725
13.392349999999999
13.38415
13.384049999999998
13.41185
13.43245
13.49465
13.31175
12.686449999999999
14.771749999999999
13.84865
13.880149999999999
13.89345
13.91025
13.92775
13.906749999999999
13.91335
13.924349999999999
13.93295
13.93605
13.96375
14.00485
14.024249999999999
14.06185
14.08325
14.078349999999999
14.08835
14.09455
14.07785
14.069749999999999
14.08015
14.075149999999999
14.08835
14.09615
14.10755
14.10595
14.08955
14.10755
14.109449999999999
14.099749999999998
14.09775
14.099649999999999
14.11885
14.129349999999999
14.11885
14.127049999999999
14.122349999999999
14.12045
14.10935
14.117249999999999
14.127149999999999
14.12895
14.156749999999999
14.176549999999999
14.174249999999999
14.17795
14.15165
14.14185
14.14185
14.140649999999999
14.13335
14.150049999999998
14.150049999999998
14.14865
14.12895
14.11755
14.10915
14.111049999999999
14.08485
14.069949999999999
14.081449999999998
14.09605
14.117249999999999
14.102549999999999
14.099749999999998
14.101249999999999
14.10595
14.09145
14.088049999999999
14.09785
14.098049999999999
14.10295
14.10935
14.12035
14.114149999999999
14.10245
14.099649999999999
14.092749999999999
14.10595
14.11925
14.128649999999999
14.13055
14.128649999999999
14.13875
14.114149999999999
14.114149999999999
14.111149999999999
14.098049999999999
14.09935
14.09455
14.08765
14.08795
14.09465
14.095849999999999
14.11615
14.11765
14.128649999999999
14.12075
14.115649999999999
14.11885
14.12075
14.114149999999999
14.12895
14.128649999999999
14.112549999999999
14.09145
14.08455
14.07035
14.06805
14.050149999999999
14.057049999999998
14.07005
14.081449999999998
14.069949999999999
14.071549999999998
14.08795
14.123949999999999
14.128649999999999
14.146949999999999
14.18295
14.189549999999999
14.20745
14.20835
14.21885
14.22035
14.23015
14.21065
14.22035
14.22035
14.23015
14.23175
14.21375
14.200849999999999
14.19895
14.191149999999999
14.18915
14.179649999999999
14.17945
14.17155
14.169649999999999
14.169649999999999
14.186449999999999
14.19735
14.19895
14.191149999999999
14.207149999999999
14.22825
14.22035
14.210249999999998
14.22205
14.23045
14.22825
14.23015
14.21215
14.215349999999999
14.20055
14.19925
14.19765
14.208749999999998
14.21885
14.22865
14.19895
14.200849999999999
14.20055
14.191149999999999
14.17305
14.16765
14.177449999999999
14.19775
14.191149999999999
14.18605
14.205549999999999
14.207149999999999
14.207049999999999
14.191049999999999
14.18755
14.19075
14.17155
14.171149999999999
14.17775
14.17085
14.191149999999999
14.191149999999999
14.181249999999999
14.19895
14.18095
14.15355
14.13055
14.13875
14.14035
14.142249999999999
14.146949999999999
14.156749999999999
14.14345
14.16645
14.15355
14.15205
14.156649999999999
14.16775
14.17935
14.159849999999999
14.16805
14.17315
14.16185
14.158249999999999
14.150049999999998
14.14185
14.13875
14.148449999999999
14.14655
14.15945
14.168149999999999
14.143849999999999
14.15045
14.179749999999999
14.179649999999999
14.181049999999999
14.18285
14.18135
14.199349999999999
14.220749999999999
14.20205
14.19895
14.19925
14.20905
14.200849999999999
14.191149999999999
14.18285
14.18285
14.19075
14.19075
14.20045
14.18095
14.169649999999999
14.17785
14.18605
14.19745
14.18285
14.199349999999999
14.20895
14.215349999999999
14.210249999999998
14.17625
14.17155
14.18135
14.17155
14.17935
14.171149999999999
14.161449999999999
14.14025
14.140049999999999
14.13875
14.14185
14.14035
14.14035
14.158249999999999
14.17475
14.19585
14.208749999999998
14.21885
14.21065
14.192649999999999
14.192649999999999
14.192649999999999
14.20275
14.207149999999999
14.218449999999999
14.208649999999999
14.19075
14.181049999999999
14.17005
14.15355
14.15205
14.13045
14.14655
14.138349999999999
14.130149999999999
14.128649999999999
14.117249999999999
14.12035
14.11885
14.12275
14.132449999999999
14.14035
14.13875
14.158249999999999
14.169749999999999
14.161449999999999
14.156749999999999
14.158249999999999
14.158249999999999
14.16645
14.16645
14.161449999999999
14.14035
14.122349999999999
14.08325
14.078249999999999
14.689449999999999
13.168249999999999
13.553249999999998
13.66545
13.67625
13.679749999999999
13.67315
13.661449999999999
13.658249999999999
13.64035
13.628649999999999
13.63055
13.63875
13.63215
13.61215
13.62065
13.60555
13.60245
13.582849999999999
13.581349999999999
13.601149999999999
13.582849999999999
13.58795
13.582849999999999
13.579749999999999
13.59935
13.609449999999999
13.62075
13.62745
13.63725
13.64855
13.64185
13.64035
13.66805
13.67465
13.67155
13.691149999999999
13.71215
13.684349999999998
13.68245
13.66455
13.662949999999999
13.655149999999999
13.632349999999999
13.63655
13.628649999999999
13.62035
13.60905
13.62075
13.63875
13.650049999999998
13.65165
13.661349999999999
13.65785
13.64965
13.639949999999999
13.630149999999999
13.628649999999999
13.61895
13.59305
13.58165
13.56175
13.56025
13.57005
13.59775
13.61895
13.63055
13.64035
13.63865
13.625449999999999
13.612549999999999
13.59145
13.58995
13.58175
13.568449999999999
13.57005
13.57045
13.58175
13.589849999999998
13.60085
13.636849999999999
13.623949999999999
13.63055
13.61885
13.60245
13.60745
13.598949999999999
13.59105
13.61075
13.63055
13.63365
13.602649999999999
13.58915
13.60085
13.57785
13.57785
13.559849999999999
13.56645
13.56805
13.569749999999999
13.56175
13.55865
13.56025
13.55865
13.55865
13.55205
13.543849999999999
13.522649999999999
13.538749999999999
13.543849999999999
13.534049999999999
13.522749999999998
13.55715
13.54225
13.56185
13.57195
13.58995
13.59145
13.59145
13.58485
13.601249999999999
13.571549999999998
13.56335
13.56185
13.56185
13.57005
13.57005
13.57195
13.56025
13.55045
13.54075
13.521149999999999
13.51145
13.49805
13.49935
13.499649999999999
13.493049999999998
13.51145
13.530949999999999
13.54895
13.566849999999999
13.57125
13.563749999999999
13.58335
13.569949999999999
13.57005
13.571549999999998
13.579749999999999
13.579849999999999
13.57195
13.56015
13.551649999999999
13.532549999999999
13.530949999999999
13.521149999999999
13.521149999999999
13.53065
13.52895
13.54225
13.55205
13.54225
13.55205
13.55355
13.56175
13.57005
13.568349999999999
13.569749999999999
13.57045
13.55515
13.546949999999999
13.51925
13.537249999999998
13.51925
13.51925
13.51625
13.52145
13.52075
13.501249999999999
13.51765
13.51105
13.50795
13.521149999999999
13.522749999999998
13.521149999999999
13.522749999999998
13.529349999999999
13.54075
13.534049999999999
13.530949999999999
13.529349999999999
13.51145
13.50325
13.50165
13.516549999999999
13.518049999999999
13.521149999999999
13.521149999999999
13.51295
13.50325
13.479849999999999
13.50005
13.50005
13.50165
13.50985
13.50985
13.51135
13.502849999999999
13.491449999999999
13.489949999999999
13.488349999999999
13.499649999999999
13.51925
13.52745
13.548549999999999
13.568449999999999
13.56025
13.55865
13.55045
13.54895
13.537149999999999
13.54505
13.54665
13.568449999999999
13.578249999999999
13.568449999999999
13.58795
13.588049999999999
13.58995
13.57355
13.55865
13.55865
13.54225
13.54895
13.524249999999999
13.527849999999999
13.530949999999999
13.52745
13.509549999999999
13.49185
13.49035
13.49855
13.49185
13.473949999999999
13.49035
13.50985
13.499649999999999
13.51615
13.50795
13.50945
13.47355
13.48015
13.488349999999999
13.499749999999999
13.509749999999999
13.537249999999998
13.556849999999999
13.54895
13.55205
13.54075
13.566849999999999
13.56025
13.54885
13.56855
13.58995
13.578349999999999
13.58015
13.57195
13.58835
13.58175
13.58175
13.58485
13.58995
13.59145
13.58795
13.579749999999999
13.579749999999999
13.56025
13.56025
13.55055
13.52455
13.521149999999999
13.521149999999999
13.529349999999999
13.522749999999998
13.50475
13.50985
13.529349999999999
13.532549999999999
13.52895
13.537249999999998
13.537249999999998
13.55675
13.561449999999999
13.558349999999999
13.58015
13.557049999999998
13.53435
13.530949999999999
13.54735
13.576649999999999
13.55825
13.548549999999999
13.537249999999998
13.548549999999999
13.53055
13.51105
13.522749999999998
13.54735
13.55875
13.57045
13.575149999999999
13.59315
13.593449999999999
13.57355
13.57195
13.558549999999999
13.57005
13.56025
13.56025
13.56175
13.55045
13.54075
13.532549999999999
13.530949999999999
13.529349999999999
13.529349999999999
13.54075
13.55055
13.54895
13.566849999999999
13.578249999999999
13.59775
13.60905
13.615749999999998
13.627049999999999
13.61065
13.59935
13.59935
13.58955
13.56335
13.57005
13.57005
13.58645
13.59775
13.581349999999999
13.59935
13.60755
13.617249999999999
13.627049999999999
13.62035
13.617249999999999
13.61885
13.60905
13.57315
13.56025
13.578349999999999
13.58015
13.58175
13.58015
13.599749999999998
13.601249999999999
13.611049999999999
13.62745
13.63875
13.658249999999999
13.67785
13.65205
13.642249999999999
13.63255
13.601149999999999
13.59105
13.56805
13.58605
13.57785
13.57625
13.57115
13.550049999999999
13.55825
13.55825
13.550049999999999
13.548549999999999
13.548549999999999
13.55675
13.55825
13.546949999999999
13.537249999999998
13.55675
13.548549999999999
13.546949999999999
13.53065
13.54075
13.55715
13.55205
13.55045
13.568449999999999
13.57005
13.57005
13.558549999999999
13.56805
13.56655
13.571549999999998
13.57355
13.58995
13.59305
13.58485
13.59145
13.57345
13.578249999999999
13.579849999999999
13.58015
13.58995
13.58995
13.579749999999999
13.56025
13.55865
13.55205
13.53915
13.54075
13.537249999999998
13.548649999999999
13.55045
13.56885
13.57195
13.562149999999999
13.54575
13.54265
13.54265
13.530949999999999
13.54115
13.532549999999999
13.550849999999999
13.562149999999999
13.562149999999999
13.55045
13.55045
13.55045
13.54075
13.53915
13.54895
13.55205
13.55045
13.530949999999999
13.54895
13.55865
13.58795
13.581349999999999
13.59935
13.60075
13.597349999999999
13.58105
13.571549999999998
13.56025
13.57195
13.57045
13.58995
13.58325
13.57195
13.57185
13.550149999999999
13.54075
13.522749999999998
13.519649999999999
13.529349999999999
13.54075
13.55045
13.578249999999999
13.58795
13.578249999999999
13.578249999999999
13.578249999999999
13.56185
13.54265
13.53275
13.53055
13.52075
13.52075
13.51925
13.51925
13.51935
13.52585
13.52075
13.52075
13.54075
13.52895
13.54075
13.552449999999999
13.560649999999999
13.55515
13.546949999999999
13.550149999999999
13.54065
13.53055
13.52585
13.51105
13.52745
13.538749999999999
13.51925
13.537249999999998
13.54035
13.55825
13.559849999999999
13.548549999999999
13.55825
13.54035
13.52075
13.51105
13.51145
13.519649999999999
13.53755
13.54895
13.55045
13.54895
13.54075
13.522749999999998
13.501249999999999
13.50795
13.49655
13.49185
13.483649999999999
13.50165
13.50985
13.51145
13.51145
13.50155
13.51935
13.50155
13.47825
13.461749999999999
13.44075
13.44775
13.42785
13.44585
13.43915
13.43915
13.43915
13.43915
13.44895
13.44895
13.466849999999999
13.48335
13.48645
13.48645
13.505949999999999
13.517249999999999
13.50755
13.509049999999998
13.52895
13.54045
13.55865
13.566849999999999
13.56025
13.576649999999999
13.58615
13.579749999999999
13.55035
13.548549999999999
13.548549999999999
13.550049999999999
13.55205
13.56025
13.56025
13.56025
13.568449999999999
13.578249999999999
13.57005
13.579749999999999
13.55355
13.55715
13.54225
13.566849999999999
13.56645
13.56645
13.58455
13.58995
13.599749999999998
13.58325
13.555549999999998
13.552249999999999
13.56335
13.56335
13.55675
13.55045
13.56025
13.568449999999999
13.56025
13.56025
13.55865
13.54225
13.54225
13.532549999999999
13.51445
13.50945
13.51925
13.51255
13.52745
13.52905
13.530949999999999
13.530949999999999
13.54895
13.55045
13.56025
13.579749999999999
13.579749999999999
13.579749999999999
13.58795
13.57005
13.578249999999999
13.56175
13.56025
13.56175
13.56175
13.56175
13.568449999999999
13.57355
13.57355
13.57195
13.58165
13.579749999999999
13.57315
13.57005
13.578249999999999
13.56175
13.576649999999999
13.60765
13.61765
13.615749999999998
13.60755
13.59935
13.58955
13.57005
13.55205
13.55355
13.56175
13.57005
13.59305
13.59145
13.622349999999999
13.62075
13.63875
13.63215
13.612549999999999
13.59145
13.59145
13.578249999999999
13.58325
13.58175
13.58995
13.61765
13.63055
13.63055
13.60085
13.60755
13.60905
13.62075
13.622349999999999
13.622349999999999
13.62075
13.612549999999999
13.58635
13.57185
13.56025
13.55205
13.568449999999999
13.57005
13.571549999999998
13.578249999999999
13.57315
13.55355
13.535649999999999
13.51295
13.493049999999998
13.48175
13.498149999999999
13.50795
13.511149999999999
13.529349999999999
13.53605
13.55715
13.56025
13.57005
13.58645
13.614149999999999
13.628649999999999
13.638349999999999
13.638349999999999
13.630249999999998
13.62075
13.59935
13.58785
13.595849999999999
13.58955
13.59775
13.617249999999999
13.62895
13.63215
13.63215
13.622349999999999
13.63055
13.60435
13.58485
13.601249999999999
13.59145
13.58315
13.59105
13.61925
13.64035
13.622349999999999
13.64855
13.658249999999999
13.63215
13.62075
13.62075
13.62895
13.63055
13.63875
13.63215
13.63055
13.627049999999999
13.62035
13.627049999999999
13.636849999999999
13.638349999999999
13.64655
13.64975
13.659849999999999
13.655149999999999
13.633949999999999
13.65165
13.65315
13.65355
13.65505
13.659849999999999
13.64345
13.63365
13.63365
13.63215
13.612549999999999
13.61455
13.62425
13.61285
13.59145
13.59145
13.57005
13.56025
13.56025
13.55045
13.55045
13.54065
13.52385
13.52895
13.52895
13.546949999999999
13.538749999999999
13.545449999999999
13.558449999999999
13.58015
13.58325
13.57175
13.571549999999998
13.571549999999998
13.56175
13.579749999999999
13.58795
13.59105
13.61885
13.60245
13.60755
13.628649999999999
13.63055
13.63725
13.62895
13.63055
13.62075
13.61065
13.60085
13.60085
13.628649999999999
13.64345
13.64815
13.659849999999999
13.679749999999999
13.67315
13.679749999999999
13.67785
13.68925
13.692649999999999
13.66485
13.661449999999999
13.65355
13.65195
13.65165
13.64185
13.650049999999998
13.64195
13.640749999999999
13.63255
13.65715
13.66185
13.67005
13.67155
13.691149999999999
13.67465
13.68445
13.68135
13.67155
13.66335
13.65865
13.678249999999998
13.67785
13.700949999999999
13.70275
13.692649999999999
13.67455
13.672749999999999
13.65475
13.63365
13.64035
13.64035
13.646949999999999
13.656749999999999
13.646949999999999
13.65485
13.63875
13.64855
13.622349999999999
13.63725
13.64855
13.64855
13.63875
13.62895
13.64035
13.64185
13.64655
13.64965
13.672749999999999
13.68135
13.662949999999999
13.661449999999999
13.64345
13.63525
13.63045
13.63365
13.63055
13.61885
13.62035
13.61885
13.59935
13.60085
13.60085
13.60285
13.611049999999999
13.62065
13.614149999999999
13.62075
13.602749999999999
13.582849999999999
13.571549999999998
13.55205
13.55205
13.566849999999999
13.578249999999999
13.576649999999999
13.59785
13.60135
13.61295
13.61445
13.604249999999999
13.604049999999999
13.611049999999999
13.61295
13.612549999999999
13.60285
13.60285
13.611049999999999
13.611049999999999
13.601149999999999
13.60085
13.58605
13.56965
13.57785
13.587549999999998
13.60755
13.60905
13.60085
13.61065
13.60905
13.61065
13.62035
13.630149999999999
13.61215
13.60755
13.60085
13.59935
13.60905
13.60245
13.60905
13.60435
13.61285
13.622349999999999
13.61885
13.61885
13.61225
