-1.761544
-1.7638399999999999
-1.8039486999999998
-1.8058802999999999
-1.779626
-1.7645
-1.7376582999999999
-1.7347012
-1.7365872
-1.7469937
-1.7467069
-1.7194972
-1.6704371
-1.628704
-1.5922969999999999
-1.591467
-1.611627
-1.629413
-1.641797
-1.6316069999999998
-1.626461
-1.6110959999999999
-1.578344
-1.5409359999999999
-1.5278649999999998
-1.503274
-1.490878
-1.503796
-1.495858
-1.5119289999999999
-1.520562
-1.523059
-1.520321
-1.51192
-1.51144
-1.506506
-1.502828
-1.4960689999999999
-1.488738
-1.488766
-1.498819
-1.5051759999999998
-1.542532
-1.594088
-1.602337
-1.558077
-1.531988
-1.523944
-1.51437
-1.511056
-1.515744
-1.515145
-1.511673
-1.9444409999999999
-0.900157
-0.8141039999999999
-0.7813509999999999
-0.25312999999999986
-1.929341
0.1579600000000001
-2.89353
0.23713000000000006
-1.095142
-1.0367669999999998
-0.9636379999999999
-0.878945
-0.787658
-0.7185699999999999
-0.66509
-0.62171
-0.5747199999999999
-0.5155799999999999
-0.47312
-0.4025099999999999
-0.34636999999999984
-0.28962
-0.25437
-0.22327999999999992
-0.20687999999999995
-0.21540999999999988
-0.19013999999999998
-0.17116999999999982
-0.14112999999999998
-0.11250999999999989
-0.05442999999999998
-0.02088000000000001
-0.010359999999999925
0.0
-0.014429999999999943
0.003489999999999993
0.02210000000000001
0.03255000000000008
0.08611999999999997
0.13453000000000004
0.15639000000000003
0.18108999999999997
0.21113000000000004
0.24922000000000022
0.28420000000000023
0.3186300000000002
0.35039
0.36789000000000005
0.39656
0.40615000000000023
0.42464000000000013
0.4379900000000001
0.4603200000000003
0.4748100000000002
0.47784000000000004
0.50379
0.5195600000000002
0.5467900000000001
0.60067
0.63809
0.66805
0.6784300000000001
0.6999900000000001
0.7101100000000002
0.7133400000000001
0.7353900000000002
0.7645599999999999
0.78329
0.8115600000000001
0.8339500000000002
0.8661600000000003
0.8790300000000002
0.8721000000000001
0.8856100000000002
0.9019599999999999
0.9285800000000002
0.9424100000000002
0.9675700000000003
0.9898000000000002
1.0044
1.0150299999999999
1.0344000000000002
1.03207
1.0242300000000002
1.04574
1.06631
1.0856
1.11835
1.16697
1.1885400000000002
1.1824400000000002
1.20866
1.22416
1.2364899999999999
1.25894
1.2934900000000003
1.30049
1.3195900000000003
1.34049
1.35852
1.38274
1.42366
1.43629
1.46836
1.5024800000000003
1.5152100000000002
1.516
1.5209200000000003
1.53836
1.5557400000000001
1.5667499999999999
1.58515
1.6061
1.6299800000000002
1.6396199999999999
1.66622
1.6998199999999999
1.7221700000000002
1.7390400000000001
1.7544
1.7772800000000002
1.7692299999999999
1.77222
1.7768800000000002
1.80503
1.8201100000000001
1.8407
1.85908
1.86977
1.8780100000000002
1.89688
1.9268300000000003
1.93301
1.9668999999999999
1.9751500000000002
1.99201
2.02829
2.04097
2.0526400000000002
2.06758
2.07087
2.08243
2.10515
2.12379
2.14317
2.17353
2.19102
2.19341
2.1882800000000002
2.1909
2.21519
2.23543
2.25087
2.2854799999999997
2.31879
2.33458
2.3404499999999997
2.35508
2.3791700000000002
2.3873100000000003
2.4002
2.41279
2.4294900000000004
2.4517300000000004
2.47079
2.4907900000000005
2.51152
2.5236
2.5427
2.5704599999999997
2.5811200000000003
2.5829000000000004
2.6026100000000003
2.6239100000000004
2.64149
2.6513799999999996
2.67265
2.70219
2.7176
2.7244900000000003
2.7403199999999996
2.75953
2.7628900000000005
2.7663900000000003
2.7817100000000003
2.7900099999999997
2.7929700000000004
2.8200200000000004
2.8329899999999997
2.8301499999999997
2.8440399999999997
2.88844
2.9086800000000004
2.91709
2.93466
2.94149
2.95624
2.9910699999999997
2.99805
3.0072400000000004
3.03615
3.06487
3.0889800000000003
3.0937900000000003
3.1137300000000003
3.14032
3.1395
3.1528099999999997
3.1572199999999997
3.16821
3.17012
3.16624
3.1843700000000004
3.19445
3.2335700000000003
3.2583
3.2910500000000003
3.3000300000000005
3.32836
3.3429
3.3478700000000003
3.35295
3.3554500000000003
3.36522
3.3940900000000003
3.4179700000000004
3.4302099999999998
3.4647500000000004
3.4834199999999997
3.49962
3.51098
3.56048
3.5711500000000003
3.5796900000000003
3.59086
3.6234
3.6357100000000004
3.625
3.64647
3.6557500000000003
3.6809399999999997
3.6932400000000003
3.7254300000000002
3.74561
3.76997
3.80858
3.83228
3.81956
3.82803
3.8510299999999997
3.86217
3.8747499999999997
3.8949800000000003
3.9126700000000003
3.9076000000000004
3.9158999999999997
3.94811
3.9701700000000004
3.9892399999999997
4.01109
4.02184
4.03292
4.0338
4.0388
4.0582400000000005
4.0641
4.06639
4.08455
4.10153
4.08833
4.10143
4.10545
4.13528
4.13779
4.15356
4.1744900000000005
4.1896700000000004
4.19691
4.20408
4.20948
4.22254
4.22975
4.22057
4.23201
4.23291
4.25435
4.29322
4.3029
4.32491
4.3350100000000005
4.35252
4.35663
4.36543
4.37654
4.4004900000000005
4.4110700000000005
4.4102500000000004
4.43307
4.44481
4.46484
4.48754
4.4863100000000005
4.50932
4.52514
4.52975
4.4846900000000005
6.11562
2.74545
3.8124000000000002
3.8626700000000005
3.9634799999999997
3.9484000000000004
3.9399500000000005
3.9468699999999997
3.9740599999999997
3.90135
4.14792
3.77928
3.8189599999999997
4.07547
3.1586100000000004
3.76396
3.5568100000000005
3.6054200000000005
3.5822900000000004
4.17488
2.9902100000000003
3.3715200000000003
3.1824500000000002
4.22138
2.9669100000000004
3.5078899999999997
3.02294
3.49162
3.51694
3.4641599999999997
3.4582699999999997
3.46502
3.47987
3.49475
3.51246
3.5276199999999998
3.5153800000000004
3.4959499999999997
3.47773
3.4485
3.42567
3.4311300000000005
3.4236500000000003
3.43016
3.44517
3.45852
3.4584799999999998
3.4566299999999996
3.47539
3.46406
3.4587399999999997
3.4588099999999997
3.4596
3.4418800000000003
3.43818
3.42384
3.4104400000000004
3.40245
3.40801
3.4182500000000005
3.4161400000000004
3.42926
3.42244
3.4077200000000003
3.3969899999999997
3.3902799999999997
3.40559
3.46723
3.5757399999999997
3.4655700000000005
3.15167
3.2332
3.38209
3.3993599999999997
3.40153
3.39238
3.3963799999999997
3.3954700000000004
3.4085799999999997
3.42469
3.3449299999999997
3.2010199999999998
3.3146000000000004
3.3871599999999997
3.4060300000000003
3.4145900000000005
3.42331
3.42307
3.42607
2.92007
4.65238
2.77011
3.98057
3.53116
3.5970199999999997
3.6778700000000004
3.7466800000000005
3.8408100000000003
3.91434
3.97412
3.99747
4.05171
4.1296
4.20389
4.2832
4.3632100000000005
4.42661
4.45855
4.4741800000000005
4.4831900000000005
4.51263
4.559
4.6124600000000004
4.64928
4.69234
4.71281
4.72306
4.75153
4.7824100000000005
4.82366
4.86493
4.89709
4.92819
4.96157
4.96181
4.97975
4.99789
4.99892
5.02896
5.05097
5.0741000000000005
5.10416
5.12664
5.16723
5.20092
5.21386
5.22867
5.23533
5.26356
5.2868
5.29747
5.30739
5.32987
5.37117
5.39294
5.42547
5.4655000000000005
5.49909
5.53226
5.54545
5.57399
5.57785
5.61577
5.65116
5.69025
5.7202
5.76812
5.81694
5.8411100000000005
5.86461
5.86866
5.87301
5.88098
5.89782
5.90234
5.9352
5.96657
5.98027
5.99774
6.02562
6.04493
6.07469
6.0944
6.11817
6.15371
6.19513
6.23599
6.261699999999999
6.30674
6.35036
6.358180000000001
6.3640799999999995
6.37659
6.393560000000001
6.409459999999999
6.42647
6.445180000000001
6.45903
6.465339999999999
6.47231
6.483280000000001
6.48925
6.5215700000000005
6.550090000000001
6.58733
6.61233
6.63293
6.65189
6.660550000000001
6.687749999999999
6.696820000000001
6.7029700000000005
6.71354
6.72822
6.7628900000000005
6.77515
6.8004
6.81368
6.830120000000001
6.84934
6.86238
6.88035
6.90118
6.936769999999999
6.9619599999999995
6.9729600000000005
6.98199
7.00774
7.036480000000001
7.065060000000001
7.09633
7.131270000000001
7.163970000000001
7.1802399999999995
7.1839200000000005
7.205120000000001
7.24
7.25451
7.285780000000001
7.329510000000001
7.36219
7.381550000000001
7.396610000000001
7.414759999999999
7.430020000000001
7.427630000000001
7.444800000000001
7.4714100000000006
7.4917300000000004
7.505840000000001
7.517290000000001
7.54246
7.5405
7.54377
7.553330000000001
7.580349999999999
7.58652
7.60408
7.63434
7.66615
7.69149
7.712820000000001
7.743029999999999
7.7643
7.80053
7.81785
7.82433
7.8515
7.873850000000001
7.88701
7.91198
7.925280000000001
7.94416
7.972200000000001
7.98537
8.00427
8.01258
8.0366
8.0692
8.07478
8.08453
8.10106
8.1129
8.11887
8.13094
8.163640000000001
8.18051
8.20543
8.23013
8.25207
8.26917
8.29227
8.32547
8.34437
8.36467
8.37927
8.37627
8.39247
8.40187
8.41597
8.43687
8.47387
8.49067
8.49667
8.50597
8.50557
8.51207
8.51687
8.53577
8.54997
8.55727
8.55237
8.57417
8.59957
8.60167
8.63047
8.65777
8.67527
8.69067
8.71297
8.74207
8.75807
8.78417
8.80507
8.81847
8.83167
8.85807
8.87557
8.87557
8.89307
8.91297
8.929170000000001
8.93557
8.94237
8.94777
8.97347
8.99577
9.01557
9.03367
9.04217
9.06507
9.09167
9.09627
9.12097
9.11087
9.10697
9.11627
9.12797
9.15167
9.14637
9.16057
9.16367
9.17217
9.17247
9.18717
9.22977
9.25467
9.29997
9.320170000000001
9.340770000000001
9.34767
9.36857
9.38557
9.40037
9.42197
9.43557
9.45777
9.47117
9.48007
9.481770000000001
9.49227
9.50377
9.54507
9.57457
9.58437
9.61557
9.63217
9.64577
9.65727
9.66997
9.68377
9.68357
9.687570000000001
9.70157
9.72877
9.74937
9.76077
9.78467
9.80577
9.81297
9.82437
9.83037
9.85277
9.87047
9.878870000000001
9.88427
9.92997
9.93707
9.94257
9.93567
9.83097
11.37207
8.14583
9.40497
9.179170000000001
9.44287
9.42187
9.43197
9.45477
9.46357
9.449770000000001
9.52397
9.29407
9.22937
9.31547
8.95067
9.29387
9.24087
9.21537
8.96167
10.15457
7.9302399999999995
9.09827
8.44697
10.07617
8.26677
8.99697
8.59207
9.03537
9.01567
8.975670000000001
8.99487
9.01437
9.01877
9.02367
9.02197
9.025970000000001
9.00157
8.99187
8.98457
8.96807
8.94997
8.95107
8.95087
8.95877
8.94407
8.95457
8.96477
8.94267
8.94087
8.94037
8.93897
8.91427
8.90127
8.91337
8.92407
8.92247
8.90867
8.91487
8.90287
8.88277
8.87017
8.84267
8.80967
8.78607
8.78667
8.77207
8.81807
8.87077
8.92507
8.77237
8.55147
8.68667
8.80427
8.81017
8.79027
8.79677
8.80267
8.81177
8.84947
8.99417
8.59447
8.62197
8.82617
8.85327
8.87927
8.87987
8.89297
8.90067
8.90187
8.46547
10.12417
8.2078
9.51077
8.97937
9.11927
9.20697
9.29477
9.35477
9.41907
9.47007
9.509970000000001
9.57717
9.65017
9.71247
9.79307
9.85717
9.89087
9.92187
9.95277
9.97587
10.00547
10.02197
10.04027
10.07347
10.11017
10.13397
10.17117
10.18607
10.21597
10.25057
10.28847
10.30827
10.33947
10.36567
10.38507
10.41567
10.44457
10.46537
10.49657
10.51197
10.53287
10.54277
10.54407
10.54897
10.56817
10.596870000000001
10.65627
10.68767
10.725670000000001
10.75827
10.78167
10.80407
10.82407
10.84367
10.85017
10.872770000000001
10.87427
10.89347
10.89617
10.91807
10.94817
10.98607
11.03127
11.05977
11.10457
11.11427
11.11047
11.11677
11.11867
11.11937
11.11317
11.14317
11.16857
11.18107
11.19207
11.23917
11.28337
11.29557
11.32877
11.35117
11.37027
11.37677
11.39347
11.42237
11.43767
11.47017
11.48227
11.48147
11.48257
11.47777
11.46357
11.46477
11.47247
11.47807
11.49937
11.52987
11.55467
11.58437
11.62987
11.64347
11.665470000000001
11.68697
11.71107
11.72637
11.74217
11.76187
11.78137
11.78527
11.80877
11.82047
11.82037
11.82077
11.81127
11.81907
11.81147
11.81377
11.82797
11.85957
11.87897
11.90417
11.93607
11.96677
11.99357
12.02317
12.03247
12.03347
12.04737
12.05307
12.07137
12.09367
12.10917
12.11507
12.13997
12.15277
12.15087
12.14777
12.17327
12.18417
12.18587
12.18637
12.20657
12.22557
12.25307
12.28067
12.31447
12.33387
12.35217
12.37077
12.38607
12.40217
12.41857
12.431470000000001
12.44117
12.43827
12.43487
12.43427
12.43127
12.43607
12.44807
12.44867
12.45307
12.48337
12.50397
12.50567
12.52257
12.51857
12.52437
12.53197
12.54497
12.55207
12.57117
12.57147
12.59197
12.59577
12.582370000000001
12.59287
12.596870000000001
12.61637
12.65077
12.66187
12.69587
12.71857
12.74597
12.75847
12.77007
12.77407
12.76757
12.79127
12.79377
12.79997
12.78037
12.76977
12.79747
12.80327
12.81577
12.82107
12.82997
12.85967
12.85707
12.87537
12.88377
12.89177
12.90827
12.91367
12.91607
12.92727
12.93037
12.93217
12.94287
12.96677
12.98087
12.98007
12.99467
12.99767
12.99337
12.99617
12.99367
13.00127
13.01507
13.03077
13.03607
13.06337
13.07177
13.08457
13.096870000000001
13.11787
13.13967
13.14077
13.15127
13.14977
13.13637
13.13517
13.13617
13.14227
13.15367
13.18747
13.21527
13.22357
13.22517
13.23587
13.25027
13.24717
13.23347
13.23897
13.25477
13.26517
13.26557
13.27247
13.27287
13.29337
13.29647
13.30467
13.30907
13.30307
13.32167
13.30597
13.32107
13.31927
13.32257
13.33487
13.344570000000001
13.35947
13.36567
13.37447
13.37097
13.38427
13.37777
13.38677
13.39387
13.40417
13.410870000000001
13.42377
13.44377
13.44577
13.45727
13.46267
13.47867
13.47937
13.48447
13.50187
13.50587
13.51267
13.49977
13.50247
13.49627
13.49807
13.51267
13.50937
13.52627
13.53547
13.53447
13.54647
13.55527
13.56837
13.56367
13.55707
13.57377
13.59257
13.59507
13.59797
13.52847
14.772969999999999
11.92167
12.94427
12.78327
12.96987
12.92027
12.90967
12.93037
12.88137
12.92887
13.06397
12.72147
12.76667
12.88967
12.62297
12.997770000000001
12.80487
12.721870000000001
12.68837
13.80007
11.81697
12.94787
12.35767
13.62837
11.84797
12.29107
12.18267
12.55237
12.52777
12.51027
12.52687
12.51747
12.55867
12.57137
12.57947
12.58207
12.56757
12.54617
12.52817
12.50677
12.50947
12.49797
12.51067
12.51077
12.52627
12.52337
12.52017
12.50327
12.49157
12.48697
12.47037
12.44987
12.43717
12.43867
12.42007
12.41067
12.39747
12.40417
12.41807
12.44417
12.45477
12.45117
12.43287
12.42217
12.41597
12.40977
12.46927
12.54847
12.62647
12.34977
12.19777
12.38237
12.47377
12.45647
12.44737
12.43867
12.43977
12.43427
12.48517
12.38347
12.11877
12.21807
12.42847
12.45137
12.46787
12.47287
12.48477
12.48567
12.45787
11.92097
13.62797
11.41107
13.14437
12.54637
12.70547
12.78697
12.86077
12.93687
12.98957
13.01537
13.03847
13.08057
13.11747
13.15077
13.185270000000001
13.22097
13.24517
13.26317
13.27797
13.30827
13.33267
13.34767
13.354470000000001
13.372770000000001
13.413170000000001
13.43977
13.46407
13.49707
13.50857
13.51197
13.53057
13.54367
13.55177
13.55067
13.56507
13.588470000000001
13.61137
13.61417
13.64117
13.67477
13.68497
13.69167
13.68737
13.67937
13.68217
13.70477
13.72787
13.76727
13.77937
13.76047
13.74577
13.73857
13.74797
13.76127
13.77067
13.77017
13.80527
13.82497
13.83307
13.85257
13.86877
13.87867
13.88777
13.89557
13.88987
13.90157
13.89937
13.91477
13.91397
13.90867
13.90567
13.91787
13.91767
13.91077
13.91667
13.93217
13.93117
13.93187
13.94027
13.94677
13.94377
13.96027
13.96357
13.96327
13.98207
13.98417
13.98907
13.99807
14.00967
14.00707
14.01207
14.02337
14.04737
14.04527
14.03467
14.03557
14.04777
14.05817
14.06057
14.06747
14.07457
14.08267
14.10137
14.09947
14.11227
14.11347
14.104470000000001
14.10917
14.10337
14.11097
14.100670000000001
14.09737
14.08417
14.09257
14.09237
14.10257
14.10247
14.13897
14.14317
14.14797
14.15717
14.13327
14.14567
14.14087
14.14137
14.14117
14.16127
14.16367
14.17557
14.18447
14.18667
14.201270000000001
14.22177
14.22607
14.23277
14.24997
14.241269999999998
14.23567
14.24227
14.24797
14.242569999999999
14.248869999999998
14.23587
14.251869999999998
14.25597
14.25457
14.24017
14.23317
14.24497
14.24337
14.244470000000002
14.24527
14.25847
14.265970000000001
14.274769999999998
14.281070000000001
14.28757
14.30487
14.321869999999999
14.311470000000002
14.311570000000001
14.309869999999998
14.314369999999998
14.330969999999999
14.323770000000001
14.31697
14.316170000000001
14.32017
14.328169999999998
14.32317
14.328270000000002
14.321869999999999
14.311369999999998
14.304170000000001
14.293270000000001
14.293270000000001
14.293270000000001
14.311670000000001
14.305470000000001
14.302570000000001
14.30767
14.322170000000002
14.323269999999999
14.323569999999998
14.321969999999999
14.320269999999999
14.323269999999999
14.315869999999999
14.32317
14.32567
14.343670000000001
14.34107
14.35607
14.37297
14.38807
14.389069999999998
14.390669999999998
14.391070000000001
14.381770000000001
14.37447
14.378670000000001
14.369169999999999
14.361469999999999
14.364469999999999
14.364970000000001
14.37157
14.37437
14.38117
14.392069999999999
14.403070000000001
14.39487
14.403170000000001
14.407470000000002
14.40977
14.41137
14.41307
14.41897
14.430570000000001
14.431569999999999
14.41597
14.422669999999998
14.431569999999999
14.43537
14.43997
14.43757
14.462269999999998
14.46627
14.460769999999998
14.43907
14.43137
14.40947
14.40647
14.41307
14.41447
14.42667
14.43567
14.442169999999999
14.448970000000001
14.44667
14.453470000000001
14.462169999999999
14.461070000000001
14.46627
14.48317
14.491470000000001
14.49397
14.482470000000001
14.477670000000002
14.47497
14.476070000000002
14.47527
14.469869999999998
14.48747
14.48587
14.49637
14.497069999999999
14.48277
14.483870000000001
14.49217
14.474269999999999
14.46017
14.464170000000001
14.469769999999999
14.463769999999998
14.455070000000001
14.47347
14.473270000000001
14.46627
14.46617
14.48277
14.49357
14.493170000000001
14.48877
14.501869999999998
14.48737
14.48327
14.48627
14.494670000000001
14.48737
14.485270000000002
14.50287
14.506770000000001
14.52277
14.52247
14.523370000000002
14.522070000000001
14.522969999999999
14.523370000000002
14.512770000000002
14.50607
14.514370000000001
14.52587
14.535169999999999
14.52697
14.532169999999999
14.53467
14.53787
14.529269999999999
14.524870000000002
14.526570000000001
14.404369999999998
15.96947
12.62037
13.94537
13.79207
13.90357
13.88527
13.86397
13.85057
13.80267
13.78987
13.87417
13.69957
13.69127
13.83137
13.43707
13.69357
13.61237
13.56707
14.01257
14.33037
12.47767
13.82197
13.95787
14.613169999999998
13.16977
13.18957
13.05117
13.44087
13.42557
13.41717
13.43847
13.44917
13.44717
13.45167
13.44577
13.45987
13.46467
13.453570000000001
13.46277
13.47177
13.445170000000001
13.41907
13.40157
13.391070000000001
13.37237
13.35497
13.36927
13.36137
13.38077
13.37767
13.36597
13.372770000000001
13.36467
13.35387
13.34587
13.35747
13.35527
13.34227
13.33937
13.35357
13.34367
13.32417
13.32147
13.32997
13.31647
13.31467
13.35757
13.43997
13.52897
13.22787
13.06887
13.26467
13.38517
13.37817
13.35637
13.34387
13.33637
13.350670000000001
13.37897
14.533669999999999
16.13557
15.78477
14.51007
14.041970000000001
13.91227
13.88477
13.89177
13.73937
10.51197
10.20157
12.36267
13.24727
13.35817
13.34797
13.35687
13.36657
13.36947
13.26637
13.59897
12.25017
15.254669999999999
13.47437
13.61727
13.70557
13.77507
13.86727
13.95097
13.99527
14.03607
14.07747
14.11747
14.16747
14.19087
14.21337
14.23387
14.24327
14.274870000000002
14.27887
14.28807
14.31057
14.32147
14.319170000000002
14.31807
14.312769999999999
14.314770000000001
14.289769999999999
14.27397
14.27587
14.283970000000002
14.296170000000002
14.316370000000001
14.34397
14.337370000000002
14.33667
14.33777
14.34427
14.35807
14.37647
14.384569999999998
14.38817
14.369069999999999
14.35807
14.35147
14.361469999999999
14.362969999999999
14.36827
14.389170000000002
14.387870000000001
14.382869999999999
14.370970000000002
14.37187
14.372770000000001
14.397170000000001
14.40967
14.416670000000002
14.41707
14.42177
14.428870000000002
14.43107
14.450470000000001
14.456570000000001
14.46287
14.47107
14.48007
14.48747
14.47857
14.466669999999999
14.46587
14.46437
14.468570000000001
14.47967
14.48597
14.50007
14.517470000000001
14.509670000000002
14.49957
14.50407
14.494269999999998
14.47817
14.46477
14.46927
14.479069999999998
14.491269999999998
14.495569999999999
14.50577
14.521469999999999
14.51817
14.500169999999999
14.494269999999998
14.48907
14.484869999999999
14.50307
14.52437
14.53047
14.543069999999998
14.540070000000002
14.533869999999999
14.530569999999999
14.52227
14.510869999999999
14.51327
14.522969999999999
14.518970000000001
14.51817
14.52837
14.54097
14.53457
14.540370000000001
14.549069999999999
14.548969999999999
14.53927
14.53487
14.54377
14.54107
14.532470000000002
14.52287
14.524669999999999
14.51197
14.51197
14.503169999999999
14.493170000000001
14.49077
14.488470000000001
14.49177
14.49377
14.492970000000001
14.488570000000001
14.49397
14.47357
14.468470000000002
14.461070000000001
14.453169999999998
14.46167
14.460769999999998
14.447170000000002
14.434569999999999
14.42967
14.43547
14.44447
14.45057
14.45127
14.459470000000001
14.479370000000001
14.471470000000002
14.46457
14.478769999999999
14.48417
14.47957
14.51167
14.51927
14.532369999999998
14.54357
14.54387
14.541469999999999
14.52577
14.506670000000002
14.503369999999999
14.50457
14.49337
14.520169999999998
14.51957
14.531270000000001
14.54397
14.56077
14.57277
14.56857
14.572170000000002
14.58517
14.58487
14.57127
14.565669999999999
14.564169999999999
14.573269999999999
14.57427
14.572170000000002
14.560170000000001
14.566070000000002
14.54837
14.541569999999998
14.533769999999999
14.56947
14.592270000000001
14.603869999999999
14.60787
14.62447
14.625369999999998
14.623669999999999
14.61517
14.616370000000002
14.622169999999999
14.62617
14.62447
14.63227
14.602670000000002
14.585870000000002
14.56367
14.54547
14.542969999999999
14.523670000000001
14.54707
14.559569999999999
14.59547
14.604370000000001
14.59427
14.600969999999998
14.58347
14.57297
14.55317
14.554170000000001
14.545969999999999
14.54057
14.56237
14.57417
14.591769999999999
14.591569999999999
14.587370000000002
14.584370000000002
14.59117
14.58377
14.58777
14.596169999999999
14.60497
14.616470000000001
14.61067
14.62337
14.62347
14.631570000000002
14.61387
14.62747
14.636470000000001
14.653070000000001
14.657169999999999
14.65207
14.651370000000002
14.638869999999999
14.642470000000001
14.628469999999998
14.63967
14.647969999999999
14.66287
14.65977
14.66297
14.66397
14.68687
14.67347
14.67017
14.67527
14.69157
14.690869999999999
14.684669999999999
14.68557
14.673969999999999
14.659370000000001
14.66007
14.65177
14.636270000000001
14.633170000000002
14.649870000000002
14.64597
14.654670000000001
14.66287
14.64737
14.63677
14.639370000000001
14.648670000000001
14.65517
14.659270000000001
14.670869999999999
14.686369999999998
14.68887
14.684669999999999
14.67497
14.66747
14.668069999999998
14.655970000000002
14.653270000000001
14.639370000000001
14.634269999999999
14.63087
14.61517
14.62497
14.63397
14.625570000000002
14.61977
14.61227
14.60357
14.590069999999999
14.56957
14.561069999999999
14.544569999999998
14.547970000000001
14.57597
14.58237
14.594769999999999
14.611469999999999
14.622369999999998
14.633170000000002
14.640469999999999
14.614469999999999
14.65997
15.045869999999999
13.23607
14.18327
14.13347
14.07807
14.04147
14.01007
13.98327
13.95617
13.94147
13.907070000000001
13.89337
13.87767
13.88637
13.89397
13.88417
13.89447
13.89837
13.88587
13.86737
13.85697
13.85347
13.84537
13.83607
13.83307
13.852970000000001
13.83917
13.84017
13.84767
13.84967
13.84477
13.84677
13.84857
13.84567
13.83547
13.83617
13.83827
13.80717
13.80887
13.79487
13.80077
13.79867
13.79547
13.80597
13.79997
13.78857
13.79537
13.78827
13.79067
13.78137
13.77447
13.76807
13.77247
13.77787
13.78247
13.78357
13.78807
13.79247
13.78867
13.78557
13.78627
13.78227
13.80667
13.79737
13.80467
13.81497
13.812570000000001
13.81367
13.79757
13.79557
13.78017
13.78217
13.78107
13.78707
13.78507
13.77537
13.78217
13.77487
13.75447
13.74607
13.72657
13.74037
13.73437
13.72617
13.72347
13.72737
13.73697
13.75137
13.75067
13.74717
13.75337
13.74877
13.74627
13.73107
13.74037
13.74077
13.73687
13.72587
13.73007
13.73227
13.74407
13.76447
13.77197
13.77537
13.76357
13.76827
13.76667
13.76347
13.75137
13.76477
13.76867
13.76697
13.75587
13.76457
13.77807
13.76697
13.76467
13.75777
13.76757
13.75727
13.762270000000001
13.76087
13.76767
13.77677
13.77997
13.79007
13.78217
13.78067
13.77947
13.77657
13.79177
13.78037
13.78617
13.77697
13.78577
13.788170000000001
13.78137
13.79667
13.79337
13.78337
13.78027
13.78217
13.78957
13.78417
13.78777
13.77887
13.76847
13.76807
13.77047
13.78007
13.77627
13.78547
13.78787
13.80117
13.80087
13.79977
13.81587
13.80997
13.82337
13.80927
13.81327
13.80547
13.80777
13.81547
13.80537
13.80717
13.816370000000001
13.80667
13.791970000000001
13.77707
13.77527
13.78397
13.800370000000001
13.80467
13.80377
13.80487
13.79517
13.77937
13.75247
13.74427
13.741670000000001
13.75627
13.74517
13.77437
13.76967
13.77287
13.75697
13.74857
13.76297
13.75987
13.76897
13.78717
13.82217
13.81707
13.82107
13.83987
13.84577
13.83387
13.83737
13.82967
13.83107
13.84467
13.82967
13.83147
13.81797
13.81877
13.81057
13.79847
13.81827
13.83307
13.82667
13.83747
13.85467
13.86217
13.85007
13.84417
13.85257
13.83607
13.82767
13.82447
13.82697
13.83017
13.83327
13.83577
13.82937
13.82347
13.82727
13.81447
13.80897
13.81647
13.82767
13.83167
13.82327
13.83267
13.844570000000001
13.83587
13.84417
13.85527
13.86427
13.87007
13.87477
13.88547
13.87767
13.86567
13.84877
13.83207
13.824770000000001
13.81747
13.82327
13.81497
13.81107
13.80957
13.81487
13.81827
13.82037
13.82757
13.84597
13.86517
13.87257
13.856770000000001
13.85457
13.85567
13.83917
13.81717
13.82557
13.84217
13.83247
13.82577
13.83377
13.83587
13.83057
13.81697
13.81687
13.81547
13.82427
13.80817
13.79837
13.78517
13.78757
13.80207
13.80557
13.80887
13.82757
13.84397
13.84267
13.84437
13.85787
13.85587
13.85547
13.85097
13.84327
13.84677
13.84567
13.84277
13.82187
13.81277
13.82267
13.82707
13.81847
13.82187
13.828570000000001
13.83687
13.83927
13.83457
13.828570000000001
13.84067
13.86637
13.87257
13.85997
13.85697
13.85697
13.84787
13.84377
13.83077
13.84717
13.84897
13.85337
13.85877
13.88077
13.89287
13.88777
13.88467
13.88357
13.88137
13.88377
13.87917
13.89587
13.90727
13.90877
13.89737
13.89457
13.88527
13.87657
13.87207
13.87097
13.87797
13.89807
13.89957
13.90297
13.92607
13.93447
13.93597
13.93127
13.91467
13.91847
13.91467
13.90037
13.88377
13.88627
13.87787
13.87627
13.89387
13.90047
13.91447
13.90377
13.89227
13.90377
13.87907
13.87587
13.86717
13.86857
13.87447
13.85557
13.84757
13.85817
13.862870000000001
13.86787
13.85567
13.85547
13.85477
13.85347
13.85057
13.84787
13.84767
13.85587
13.87007
13.86877
13.87167
13.86867
13.85827
13.85537
13.840770000000001
13.82177
13.81017
13.78127
13.77517
13.75447
13.76137
13.77187
13.78787
13.78857
13.80467
13.79837
13.79707
13.79917
13.78777
13.81287
13.80467
13.80607
13.80237
13.80167
13.79287
13.78617
13.80197
13.80557
13.82457
13.82457
13.82527
13.83547
13.84027
13.82877
13.82767
13.81947
13.81337
13.80467
13.79937
13.81537
13.84067
13.832370000000001
13.83837
13.84967
13.86067
13.84047
13.83777
13.83587
13.83297
13.826270000000001
13.81887
13.83037
13.80527
13.79967
13.80767
13.82757
13.82367
13.82037
13.82757
13.82157
13.80087
13.77847
13.77997
13.78617
13.80087
13.81397
13.80767
13.80507
13.80947
13.80667
13.80557
13.804170000000001
13.80337
13.82557
13.82447
13.83777
13.852970000000001
13.83807
13.84307
13.85257
13.85787
13.85147
13.85347
13.83867
13.82777
13.82307
13.83397
13.83747
13.84217
13.83397
13.84377
13.84767
13.83647
13.82217
13.80977
13.80267
13.79647
13.79737
13.79247
13.79597
13.79487
13.80267
13.80607
13.80757
13.83137
13.82667
13.82067
13.83307
13.84357
13.848370000000001
13.83947
13.82727
13.82287
13.810270000000001
13.82467
13.84107
13.83637
13.84307
13.83037
13.83347
13.82177
13.80287
13.81287
13.80467
13.78667
13.76427
13.75877
13.74677
13.72807
13.73197
13.72607
13.72607
13.72097
13.73277
13.72257
13.70757
13.72497
13.72997
13.73107
13.75477
13.76097
13.77427
13.76717
13.76407
13.75697
13.74607
13.74947
13.76517
13.76497
13.75697
13.75427
13.77517
13.77377
13.766070000000001
13.77737
13.80157
13.80467
13.80517
13.80117
13.804170000000001
13.79887
13.80247
13.81387
13.80937
13.80087
13.79757
13.79897
13.79247
13.77797
13.76427
13.750070000000001
13.74257
13.74657
13.75987
13.75587
13.77187
13.75757
13.75737
13.75687
13.73587
13.73487
13.72427
13.71727
13.72257
13.71617
13.73307
13.74007
13.73437
13.72527
13.731770000000001
13.71277
13.69497
13.69487
13.69377
13.70807
13.70697
13.72587
13.72787
13.73117
13.71697
13.70807
13.71227
13.70947
13.71617
13.72557
13.73087
13.74497
13.73927
13.73487
13.73297
13.73257
13.73247
13.72137
13.71727
13.71967
13.72607
13.72497
13.72147
13.73567
13.73447
13.73877
13.73277
13.725670000000001
13.72047
13.72357
13.70947
13.71117
13.70077
13.70887
13.70837
13.71667
13.71947
13.70907
13.71237
13.71487
13.71437
13.72307
13.72987
13.72507
13.73437
13.73147
13.725670000000001
13.72987
13.70767
13.69527
13.68707
13.69087
13.69417
13.68647
13.69437
13.69417
13.68467
13.67147
13.65867
13.66557
13.66397
13.65297
13.66487
13.67417
13.68307
13.67727
13.68797
13.69327
13.70517
13.69737
13.67867
13.68607
13.67577
13.67627
13.65827
13.67467
13.66467
13.66597
13.65527
13.64267
13.64747
13.65677
13.65717
13.65367
13.65377
13.653270000000001
13.65557
13.64827
13.64447
13.64457
13.65047
13.650970000000001
13.65917
13.66897
13.68647
13.69557
13.70347
13.70647
13.71237
13.69347
13.68487
13.67637
13.68657
13.68557
13.69527
13.68707
13.68557
13.68157
13.67727
13.67557
13.68237
13.68797
13.68447
13.681470000000001
13.68107
13.67577
13.66597
13.65537
13.66447
13.65777
13.65777
13.64807
13.64757
13.66137
13.64557
13.65957
13.66497
13.68247
13.68067
13.67427
13.68067
13.67497
13.68287
13.66757
13.67237
13.66597
13.64897
13.65667
13.63937
13.62577
13.63777
13.62977
13.64167
13.66787
13.68857
13.70257
13.68907
13.70147
13.69537
13.681470000000001
13.67337
13.66407
13.67177
13.66537
13.67277
13.67097
13.67627
13.68557
13.68087
13.69727
13.67577
13.67417
13.66167
13.64817
13.62357
13.61277
13.60657
13.61227
13.60837
13.61817
13.63817
13.64947
13.65077
13.65777
13.66617
13.66307
13.65047
13.67627
13.67687
13.66707
13.673070000000001
13.66307
13.66197
13.65577
13.65217
13.65567
13.66647
13.67977
13.68767
13.69837
13.69197
13.69877
13.70997
13.71427
13.71837
13.70087
13.70507
13.70507
13.69687
13.69727
13.70237
13.70937
13.74057
13.75477
13.75877
13.766070000000001
13.77647
13.78077
13.79537
13.78947
13.77897
13.78297
13.78177
13.78067
13.77057
13.77227
13.76557
13.76807
13.75477
13.76407
13.77377
13.77537
13.78607
13.79907
13.79537
13.79897
13.79697
13.78827
13.79647
13.78777
13.78867
13.79837
13.78867
13.78867
13.78467
13.775970000000001
13.76037
13.75937
13.75717
13.76557
13.76897
13.78217
13.78757
13.78217
13.77287
13.76237
13.75637
13.75937
13.76497
13.78227
13.78807
13.80467
13.81107
13.81797
13.80817
13.79547
13.80137
13.79547
13.79437
13.775970000000001
13.77157
13.79127
13.775970000000001
13.77667
13.77397
13.77787
13.78807
13.79487
13.79337
13.80467
13.78627
13.77377
13.76267
13.757670000000001
13.77397
13.76647
13.77577
13.77297
13.77687
13.76887
13.74827
13.74607
13.74657
13.73737
13.73767
13.74607
13.75967
13.766070000000001
13.76277
13.766070000000001
13.76807
13.77427
13.78117
13.78217
13.78997
13.79337
13.78947
13.77447
13.75557
13.737870000000001
13.72467
13.71417
13.70037
13.69777
13.70397
13.71047
13.73897
13.73897
13.75827
13.76587
13.77547
13.75187
13.74967
13.747770000000001
13.73627
13.74967
13.76157
13.76807
13.76917
13.77477
13.78227
13.78357
13.76997
13.74757
13.74517
13.72487
13.71197
13.67597
13.65517
