-1.580764
-1.613885
-1.589294
-1.5876730000000001
-1.562621
-1.528704
-1.498699
-1.484518
-1.486025
-1.4864220000000001
-1.458279
-1.430025
-1.390481
-1.359032
-1.3536
-1.368444
-1.388213
-1.407909
-1.405297
-1.360659
-1.321175
-1.301354
-1.272436
-1.2490469
-1.2404441
-1.2286216
-1.2425803
-1.235192
-1.2329246
-1.246804
-1.2380668
-1.2208364999999999
-1.1922385
-1.171337
-1.140023
-1.1382193
-1.1354575
-1.1304679
-1.1408866
-1.1296469
-1.1934349
-1.296704
-1.273672
-1.1755329
-1.2050404
-1.238552
-1.2159171
-1.190319
-1.1671799999999999
-1.1704856
-1.1741111
-1.1890403
-1.200991
-1.658037
-0.612518
-0.42642599999999997
-0.37934900000000005
0.2703
-0.962949
-1.0948129
0.08135000000000003
-1.048247
-0.8646659999999999
-0.8295589999999999
-0.775393
-0.690963
-0.613726
-0.54266
-0.515096
-0.442184
-0.38762699999999994
-0.33636699999999997
-0.287176
-0.24161
-0.206194
-0.18344700000000003
-0.17166700000000001
-0.16922199999999998
-0.16855399999999998
-0.16076899999999994
-0.16124799999999995
-0.13667000000000007
-0.1238999999999999
-0.08777999999999997
-0.045379999999999976
-0.021549999999999958
-0.010480000000000045
0.0
0.015039999999999942
0.06330999999999998
0.07584999999999997
0.11925000000000008
0.14705999999999997
0.16812000000000005
0.17589999999999995
0.19618000000000002
0.2047699999999999
0.23394000000000004
0.24602999999999997
0.25214000000000003
0.28367999999999993
0.33216
0.3643400000000001
0.38789000000000007
0.39277000000000006
0.39888999999999997
0.40725999999999996
0.39968000000000004
0.4232800000000001
0.43669
0.4721599999999999
0.5114400000000001
0.5288200000000001
0.5443800000000001
0.5407299999999999
0.5464500000000001
0.54403
0.5485800000000001
0.5747800000000001
0.60711
0.63662
0.65726
0.6815800000000001
0.6841299999999999
0.67797
0.6495599999999999
0.67153
0.6934800000000001
0.73092
0.7465900000000001
0.76492
0.7776099999999999
0.77084
0.77718
0.7867900000000001
0.80427
0.80714
0.8179000000000001
0.8463700000000001
0.86602
0.89543
0.9319200000000001
0.95564
0.9478500000000001
0.9517100000000001
0.9626699999999999
0.9566800000000002
0.96411
0.9853599999999998
1.0154400000000001
1.02694
1.05407
1.0759800000000002
1.0778999999999999
1.1027699999999998
1.1231099999999998
1.15337
1.15581
1.18264
1.1673000000000002
1.1748800000000001
1.20123
1.23107
1.2726300000000001
1.29457
1.3236899999999998
1.32936
1.33728
1.3472899999999999
1.37925
1.4120899999999998
1.4216
1.42601
1.4440700000000002
1.42913
1.4278000000000002
1.4196099999999998
1.42784
1.4280700000000002
1.43998
1.44663
1.45604
1.4492
1.46037
1.4723499999999998
1.4933400000000001
1.5029299999999999
1.51027
1.5434400000000001
1.5696899999999998
1.5770600000000001
1.57995
1.5741600000000002
1.56815
1.5759299999999998
1.5772899999999999
1.58449
1.58715
1.62218
1.6515700000000002
1.67363
1.6939400000000002
1.7072200000000002
1.71804
1.72543
1.73351
1.7725099999999998
1.79931
1.8127000000000002
1.83437
1.8374499999999998
1.84765
1.8560800000000002
1.8492
1.8655000000000002
1.8816400000000002
1.89266
1.90142
1.9152699999999998
1.91577
1.91679
1.91733
1.9422499999999998
1.96073
1.9675300000000002
1.9955
2.0253500000000004
2.0361200000000004
2.0446799999999996
2.0477999999999996
2.0568999999999997
2.06405
2.05854
2.05542
2.07698
2.07827
2.07705
2.07629
2.0856899999999996
2.1074599999999997
2.12531
2.13262
2.13445
2.1373499999999996
2.15303
2.1571
2.1403299999999996
2.1531599999999997
2.18262
2.19447
2.23369
2.2345300000000003
2.25204
2.24925
2.2833699999999997
2.3069100000000002
2.31274
2.3228999999999997
2.34593
2.3387700000000002
2.3282299999999996
2.3158000000000003
2.3341000000000003
2.33507
2.3364000000000003
2.3551599999999997
2.37441
2.41024
2.42561
2.45294
2.4580200000000003
2.4913
2.50694
2.51671
2.5341199999999997
2.5460599999999998
2.5666700000000002
2.5744800000000003
2.58279
2.6029
2.62589
2.64501
2.65585
2.66533
2.6840400000000004
2.68858
2.6658
2.6637500000000003
2.67357
2.69869
2.6950000000000003
2.7135100000000003
2.72649
2.7449000000000003
2.73876
2.74456
2.76767
2.78402
2.81276
2.8432399999999998
2.85431
2.85585
2.8480799999999995
2.85677
2.86343
2.8817699999999995
2.88643
2.8941799999999995
2.9033299999999995
2.93128
2.93666
2.9547299999999996
2.9852799999999995
2.99733
3.0249800000000002
3.02614
3.0278799999999997
3.03503
3.0289099999999998
3.0269399999999997
3.0256499999999997
3.03484
3.01943
3.0506
3.05422
3.06316
3.0857099999999997
3.10433
3.12666
3.1265399999999994
3.1190999999999995
3.11705
3.10827
3.12289
3.12378
3.14229
3.13701
3.14719
3.16427
3.1744899999999996
3.1745599999999996
3.17793
3.194
3.1913
3.17858
3.1960099999999994
3.21514
3.21511
3.2209399999999997
3.21831
3.2534099999999997
3.25694
3.26443
3.2936199999999998
3.29854
3.3260999999999994
3.31872
3.3539699999999995
3.35088
3.27337
3.9865199999999996
1.9760700000000002
2.7489299999999997
2.70838
2.6898
2.71237
2.7099
2.75167
2.7940199999999997
2.7940500000000004
2.78275
2.72954
2.6790000000000003
2.46115
2.4282199999999996
2.5802300000000002
2.4440799999999996
2.3913
4.50232
1.6427500000000002
2.54129
1.8112800000000002
4.21148
2.29688
2.9216099999999994
1.8146799999999998
2.3084300000000004
2.42052
2.3750999999999998
2.3656800000000002
2.34532
2.3454699999999997
2.35515
2.3627200000000004
2.3511699999999998
2.34778
2.34126
2.3304
2.3092300000000003
2.3181000000000003
2.3097399999999997
2.30931
2.2887500000000003
2.2950600000000003
2.2830500000000002
2.26884
2.25654
2.2616300000000003
2.2809799999999996
2.28472
2.2876000000000003
2.3106600000000004
2.3097899999999996
2.3080299999999996
2.2972
2.28728
2.28636
2.2807399999999998
2.2703800000000003
2.2789400000000004
2.2745499999999996
2.2457200000000004
2.2176299999999998
2.2128500000000004
2.17586
2.2195799999999997
2.3228600000000004
2.44653
2.2239199999999997
1.8541200000000002
2.0113200000000004
2.2272100000000004
2.27369
2.24585
2.2500600000000004
2.26942
2.2726499999999996
2.3344300000000002
2.45456
2.08477
1.9823000000000002
2.16303
2.27747
2.2984400000000003
2.2897800000000004
2.28693
2.2862400000000003
2.27477
2.3327299999999997
2.0986399999999996
1.7326
3.86231
2.1329399999999996
2.32087
2.42673
2.4944100000000002
2.5710499999999996
2.6587199999999998
2.7484599999999997
2.78519
2.83946
2.90824
2.95906
3.03345
3.0864399999999996
3.1292999999999997
3.1453699999999998
3.16646
3.21469
3.24869
3.28761
3.3233699999999997
3.3531499999999994
3.3813499999999994
3.39766
3.40071
3.4257599999999995
3.4471099999999995
3.46636
3.5047499999999996
3.52475
3.5396900000000002
3.55779
3.5768699999999995
3.60334
3.6177399999999995
3.61883
3.64396
3.66847
3.6801499999999994
3.6976199999999997
3.7267399999999995
3.75528
3.7941399999999996
3.79814
3.80793
3.8254399999999995
3.8453599999999994
3.8593599999999997
3.8588899999999997
3.8769399999999994
3.88832
3.9070099999999996
3.9189299999999996
3.93034
3.9528799999999995
3.9667899999999996
3.98614
4.01509
4.03372
4.04497
4.071619999999999
4.12102
4.15292
4.1815999999999995
4.21294
4.24535
4.25991
4.27987
4.28006
4.26946
4.28029
4.27722
4.28636
4.321079999999999
4.34462
4.3586
4.371379999999999
4.38675
4.41726
4.45177
4.48415
4.5219
4.579829999999999
4.61106
4.648969999999999
4.6763699999999995
4.70075
4.7322299999999995
4.74434
4.739669999999999
4.74271
4.73644
4.753979999999999
4.77524
4.79375
4.79796
4.806909999999999
4.8289599999999995
4.82831
4.81998
4.81748
4.82578
4.825489999999999
4.84401
4.85351
4.8735599999999994
4.87767
4.90274
4.90799
4.89236
4.89776
4.90398
4.93267
4.94658
4.96469
4.99385
5.02497
5.03613
5.03725
5.0461599999999995
5.03589
5.06321
5.06691
5.08874
5.12331
5.155749999999999
5.18164
5.2122399999999995
5.22658
5.23086
5.23695
5.24298
5.25468
5.26516
5.29204
5.3059899999999995
5.316
5.34024
5.36761
5.37671
5.38265
5.41386
5.43516
5.4475299999999995
5.46672
5.49292
5.53196
5.545999999999999
5.55654
5.56658
5.5699
5.55896
5.57708
5.58681
5.59629
5.6041799999999995
5.62507
5.65322
5.65974
5.66437
5.681509999999999
5.70329
5.7364
5.755459999999999
5.77538
5.8029399999999995
5.82567
5.84542
5.87057
5.86632
5.88199
5.89625
5.90892
5.92322
5.95373
5.96422
5.9921999999999995
6.00633
6.0169299999999994
6.023429999999999
6.01912
6.01784
6.03269
6.04408
6.0548
6.068849999999999
6.0862
6.1116399999999995
6.1144
6.14068
6.17079
6.1743
6.1924399999999995
6.2151499999999995
6.22558
6.23327
6.23489
6.23586
6.2448
6.2614
6.279529999999999
6.29551
6.32465
6.30954
6.332879999999999
6.34782
6.34835
6.36261
6.3668
6.35671
6.36328
6.3736999999999995
6.38585
6.3884099999999995
6.41531
6.44402
6.46362
6.48409
6.4944
6.5126
6.51671
6.52741
6.54558
6.5583
6.574129999999999
6.61426
6.61647
6.6344199999999995
6.6346099999999995
6.65398
6.6617299999999995
6.67415
6.68523
6.71117
6.73448
6.73464
6.746049999999999
6.7442899999999995
6.74541
6.76255
6.77647
6.80221
6.80772
6.80886
6.816669999999999
6.8168299999999995
6.83522
6.8326899999999995
6.8354099999999995
6.83918
6.846900000000001
6.8651100000000005
6.874680000000001
6.89102
6.93462
6.962039999999999
7.0027800000000004
7.024919999999999
7.0379499999999995
7.04714
7.0754600000000005
7.07778
7.102989999999999
7.0996999999999995
7.11705
7.133629999999999
7.128620000000001
7.15234
7.153899999999999
7.17904
7.20094
7.2338700000000005
7.253010000000001
7.26433
7.27565
7.276549999999999
7.283739999999999
7.292739999999999
7.29629
7.322959999999999
7.33425
7.349849999999999
7.35387
7.358109999999999
7.36803
7.35827
7.375419999999999
7.3998099999999996
7.408650000000001
7.415769999999999
7.4233
7.435350000000001
7.446549999999999
7.454149999999999
7.48168
7.503429999999999
7.53353
7.544
7.53634
7.397949999999999
8.001990000000001
6.31815
7.05939
6.953409999999999
6.9598
6.99129
7.023129999999999
7.02861
7.035239999999999
7.08373
6.9812
6.9196
6.6690499999999995
6.70081
6.7085
6.8588
6.794029999999999
6.914000000000001
8.445390000000002
4.90067
6.54667
6.303859999999999
7.919809999999999
5.72677
5.89746
5.82371
6.4498
6.51129
6.46369
6.46026
6.4787799999999995
6.47774
6.48308
6.49549
6.51627
6.5102199999999995
6.519229999999999
6.51813
6.5096799999999995
6.48258
6.46001
6.46587
6.45871
6.45036
6.4479999999999995
6.466349999999999
6.44864
6.45451
6.44339
6.45319
6.41829
6.41269
6.41401
6.413959999999999
6.41413
6.39532
6.37149
6.36867
6.349559999999999
6.3300399999999994
6.30147
6.27175
6.2561
6.229439999999999
6.20587
6.26616
6.37106
6.45772
6.13746
5.845219999999999
6.0662199999999995
6.24789
6.25925
6.23286
6.217169999999999
6.2134599999999995
6.19944
6.2437499999999995
6.30464
6.01495
6.04572
6.2968
6.34535
6.35392
6.34803
6.3435999999999995
6.34317
6.3452399999999995
6.36515
6.09821
5.55164
7.91162
6.2833499999999995
6.4866399999999995
6.577719999999999
6.653709999999999
6.707339999999999
6.73984
6.8031999999999995
6.87733
6.9265300000000005
6.97605
7.0309099999999995
7.099289999999999
7.166799999999999
7.200029999999999
7.2574700000000005
7.2886
7.314609999999999
7.334229999999999
7.3457300000000005
7.37381
7.3958
7.43236
7.45611
7.474849999999999
7.50837
7.537259999999999
7.55234
7.58519
7.60631
7.618860000000001
7.64642
7.66786
7.6875100000000005
7.712649999999999
7.754459999999999
7.7853699999999995
7.7882299999999995
7.8167599999999995
7.837089999999999
7.858249999999999
7.876879999999999
7.9036800000000005
7.932859999999999
7.965039999999999
8.0035
8.03247
8.05507
8.07671
8.095270000000001
8.10702
8.12804
8.137070000000001
8.155280000000001
8.17577
8.186910000000001
8.19711
8.198070000000001
8.235370000000001
8.27326
8.31675
8.345310000000001
8.37475
8.40468
8.41286
8.43791
8.42331
8.417910000000001
8.42772
8.44543
8.478110000000001
8.49648
8.50787
8.54284
8.58422
8.596910000000001
8.63223
8.64696
8.663780000000001
8.692630000000001
8.699910000000001
8.727440000000001
8.747100000000001
8.79124
8.815700000000001
8.835460000000001
8.84617
8.855070000000001
8.85707
8.84117
8.85837
8.85927
8.900770000000001
8.91777
8.94477
8.983070000000001
9.023670000000001
9.046370000000001
9.07577
9.11217
9.118770000000001
9.13667
9.11327
9.11517
9.123470000000001
9.147070000000001
9.157570000000002
9.174470000000001
9.179070000000001
9.19627
9.20997
9.23287
9.24627
9.256770000000001
9.27377
9.31197
9.326970000000001
9.32827
9.355970000000001
9.36697
9.394670000000001
9.418370000000001
9.43547
9.462570000000001
9.48377
9.486870000000001
9.49567
9.513770000000001
9.524270000000001
9.53637
9.563170000000001
9.575470000000001
9.60417
9.59937
9.63367
9.655370000000001
9.666970000000001
9.693670000000001
9.71617
9.73517
9.75957
9.78177
9.81137
9.83587
9.85267
9.89137
9.89757
9.93187
9.95617
9.99207
10.015070000000001
10.018270000000001
10.027270000000001
10.03087
10.03987
10.02947
10.045570000000001
10.04697
10.05387
10.05427
10.074670000000001
10.09387
10.124970000000001
10.12767
10.14517
10.16567
10.17717
10.185770000000002
10.196570000000001
10.19827
10.207870000000002
10.220870000000001
10.227870000000001
10.23577
10.238570000000001
10.25787
10.27487
10.27947
10.29597
10.324570000000001
10.35317
10.38387
10.43327
10.472370000000002
10.493870000000001
10.517570000000001
10.538170000000001
10.55757
10.54887
10.547270000000001
10.54907
10.59327
10.613470000000001
10.631070000000001
10.64737
10.69067
10.696470000000001
10.69907
10.70377
10.698070000000001
10.702770000000001
10.69717
10.69637
10.70817
10.72377
10.72667
10.73577
10.735470000000001
10.74747
10.753870000000001
10.76337
10.78687
10.806470000000001
10.81667
10.83627
10.848270000000001
10.881870000000001
10.895370000000002
10.91357
10.931470000000001
10.95327
10.965570000000001
10.95757
10.965570000000001
10.99207
10.987870000000001
11.015070000000001
11.02527
11.03707
11.05617
11.06667
11.08317
11.076870000000001
11.12167
11.13667
11.15497
11.16727
11.16727
11.19257
11.20457
11.20557
11.20667
11.222570000000001
11.24267
11.26257
11.26397
11.27317
11.284270000000001
11.294870000000001
11.31667
11.32647
11.32827
11.35257
11.355070000000001
11.36027
11.361970000000001
11.36517
11.380270000000001
11.39307
11.40597
11.42167
11.433670000000001
11.43557
11.438170000000001
11.445770000000001
11.448970000000001
11.47267
11.49427
11.521170000000001
11.52797
11.544170000000001
11.551870000000001
11.554770000000001
11.55367
11.57417
11.595170000000001
11.60477
11.62367
11.62767
11.62677
11.63757
11.62057
11.619570000000001
11.625570000000002
11.65517
11.65747
11.67387
11.673670000000001
11.692870000000001
11.70857
11.708870000000001
11.71807
11.73797
11.740070000000001
11.752970000000001
11.78217
11.803370000000001
11.82057
11.83857
11.710170000000002
12.220070000000002
10.56047
11.22457
11.107470000000001
11.097370000000002
11.141570000000002
11.168270000000001
11.19097
11.224070000000001
11.27757
11.21387
11.184470000000001
11.15267
10.944170000000002
11.16017
11.08017
10.92707
11.87997
12.14897
9.736070000000002
11.09847
11.339070000000001
12.06037
10.24787
10.235470000000001
10.27927
10.75357
10.76157
10.697370000000001
10.659270000000001
10.627170000000001
10.641670000000001
10.66507
10.66667
10.68467
10.66957
10.65887
10.65207
10.637870000000001
10.621070000000001
10.60237
10.623470000000001
10.635570000000001
10.64057
10.63807
10.645570000000001
10.63907
10.64457
10.648570000000001
10.64647
10.62977
10.60077
10.59857
10.58937
10.55757
10.54587
10.52997
10.53287
10.527470000000001
10.543370000000001
10.53847
10.53297
10.52627
10.50697
10.51917
10.59917
10.79537
10.823070000000001
10.350670000000001
10.181270000000001
10.45707
10.58717
10.60397
10.57827
10.56967
10.56657
10.602970000000001
10.712470000000001
10.44787
10.20687
10.27417
10.56377
10.622670000000001
10.62457
10.62357
10.63347
10.62737
10.61377
10.60857
10.35867
9.903170000000001
12.355870000000001
10.45367
10.753770000000001
10.88197
10.98987
11.06947
11.13197
11.17397
11.186570000000001
11.233270000000001
11.30357
11.37457
11.42777
11.470070000000002
11.510670000000001
11.53327
11.564770000000001
11.59347
11.640270000000001
11.68797
11.73377
11.754470000000001
11.78027
11.79837
11.83557
11.86397
11.899270000000001
11.93307
11.95817
11.96927
11.994570000000001
12.00027
12.016770000000001
12.05377
12.07107
12.08797
12.12367
12.14307
12.159370000000001
12.18257
12.207370000000001
12.21657
12.23527
12.28027
12.31347
12.364170000000001
12.41197
12.41127
12.40797
12.40057
12.419870000000001
12.43477
12.45367
12.47677
12.50727
12.53247
12.54777
12.58097
12.60497
12.622670000000001
12.64377
12.67237
12.684370000000001
12.69487
12.707970000000001
12.71587
12.72747
12.738570000000001
12.745270000000001
12.77247
12.80307
12.81957
12.82707
12.85317
12.88457
12.89687
12.91587
12.95307
12.958070000000001
12.97447
13.016570000000002
13.044870000000001
13.073770000000001
13.08697
13.10537
13.11857
13.11927
13.118770000000001
13.13387
13.16247
13.17107
13.20707
13.22357
13.224670000000001
13.23367
13.25507
13.27457
13.27677
13.277370000000001
13.30267
13.32497
13.342170000000001
13.36557
13.368070000000001
13.378070000000001
13.387870000000001
13.388570000000001
13.38967
13.39427
13.39417
13.39667
13.414670000000001
13.435870000000001
13.44547
13.46517
13.49267
13.52487
13.55297
13.55457
13.55677
13.55607
13.54917
13.53767
13.544770000000002
13.546370000000001
13.57137
13.60077
13.62237
13.65277
13.68157
13.70437
13.71457
13.72657
13.743170000000001
13.75497
13.73827
13.75277
13.756770000000001
13.748470000000001
13.74557
13.746170000000001
13.76417
13.77417
13.777270000000001
13.77007
13.76157
13.758270000000001
13.762970000000001
13.77477
13.80997
13.84267
13.87297
13.890970000000001
13.91567
13.92027
13.93497
13.945870000000001
13.93647
13.92707
13.92547
13.92567
13.91477
13.92797
13.93397
13.925370000000001
13.95247
13.95617
13.957270000000001
13.962470000000001
13.97217
13.985370000000001
13.98587
13.99717
14.005370000000001
14.01397
14.035070000000001
14.01877
14.025070000000001
14.04217
14.05057
14.05577
14.064070000000001
14.082970000000001
14.11517
14.10927
14.118070000000001
14.14527
14.15717
14.162970000000001
14.162970000000001
14.17237
14.189670000000001
14.19687
14.207870000000002
14.19947
14.20297
14.207170000000001
14.21447
14.22157
14.21297
14.21547
14.224770000000001
14.22667
14.23497
14.230170000000001
14.24357
14.24567
14.24577
14.253770000000001
14.25417
14.275170000000001
14.29517
14.310870000000001
14.31217
14.32277
14.34497
14.34397
14.33547
14.345970000000001
14.35387
14.36627
14.36407
14.371970000000001
14.38527
14.386370000000001
14.38517
14.37527
14.36707
14.359070000000001
14.374070000000001
14.39367
14.412170000000001
14.42577
14.44317
14.45377
14.46197
14.45477
14.462570000000001
14.46357
14.474670000000001
14.460370000000001
14.468770000000001
14.47677
14.47747
14.47447
14.467270000000001
14.483270000000001
14.494470000000002
14.50467
14.50557
14.534270000000001
14.54537
14.54377
14.56527
14.54847
14.546370000000001
14.54687
14.54897
14.549470000000001
14.56597
14.567870000000001
14.58107
14.603670000000001
14.595970000000001
14.59427
14.59347
14.60237
14.632470000000001
14.63147
14.65427
14.647770000000001
14.663870000000001
14.64917
14.64687
14.64577
14.65297
14.64737
14.66137
14.67557
14.67707
14.675270000000001
14.68717
14.68837
14.685870000000001
14.68547
14.67427
14.67407
14.66667
14.65787
14.68247
14.70517
14.71357
14.723270000000001
14.73567
14.74327
14.754370000000002
14.73817
14.752870000000001
14.75787
14.66107
15.28907
13.318470000000001
14.22367
14.028270000000001
13.98817
14.015170000000001
14.06747
14.114170000000001
14.12977
14.239970000000001
13.99857
13.993870000000001
13.864370000000001
13.92407
13.91427
13.93557
13.82427
15.09757
15.114469999999999
12.718570000000001
13.75787
14.52927
14.727970000000001
13.29527
13.33027
13.15207
13.56347
13.61787
13.61767
13.648670000000001
13.67957
13.68417
13.682770000000001
13.663870000000001
13.65897
13.658570000000001
13.643870000000001
13.62917
13.63617
13.627270000000001
13.61227
13.599870000000001
13.61027
13.60087
13.587670000000001
13.58857
13.55887
13.54817
13.54287
13.53007
13.528970000000001
13.53537
13.53667
13.528070000000001
13.52447
13.497670000000001
13.46527
13.456370000000001
13.457270000000001
13.43947
13.429670000000002
13.41967
13.43237
13.438170000000001
13.44917
13.52237
13.649270000000001
13.690470000000001
13.25577
13.03897
13.222570000000001
13.405470000000001
13.422870000000001
13.42327
13.425370000000001
13.415470000000001
13.43417
13.471070000000001
15.12597
16.73697
16.65267
15.145070000000002
14.45147
14.27417
14.20467
14.164470000000001
13.38827
10.292670000000001
9.46277
11.80447
13.19937
13.50817
13.55757
13.57877
13.58577
13.587570000000001
13.60637
13.24037
14.018170000000001
13.85847
14.37917
13.66207
13.791070000000001
13.84467
13.89367
13.964870000000001
14.028870000000001
14.07827
14.128770000000001
14.17277
14.23117
14.31037
14.35487
14.394770000000001
14.385570000000001
14.42037
14.410670000000001
14.42787
14.43567
14.457870000000002
14.443570000000001
14.45457
14.44317
14.454970000000001
14.436670000000001
14.41747
14.407670000000001
14.407670000000001
14.396370000000001
14.42787
14.42647
14.456570000000001
14.48127
14.503070000000001
14.53287
14.55047
14.548670000000001
14.554070000000001
14.56597
14.56797
14.55807
14.571670000000001
14.611270000000001
14.60867
14.61687
14.63147
14.655470000000001
14.63967
14.647070000000001
14.65657
14.659970000000001
14.665970000000002
14.685970000000001
14.706570000000001
14.69677
14.704070000000002
14.722570000000001
14.74557
14.756670000000002
14.77317
14.77837
14.78827
14.796370000000001
14.79617
14.798670000000001
14.800170000000001
14.83627
14.837470000000001
14.83557
14.86437
14.86567
14.875470000000002
14.869069999999999
14.866370000000002
14.86557
14.874270000000001
14.866670000000001
14.868170000000001
14.86827
14.88657
14.898670000000001
14.89777
14.905870000000002
14.914769999999999
14.93557
14.93857
14.928970000000001
14.939370000000002
14.935270000000001
14.939270000000002
14.954570000000002
14.96467
14.97667
14.957770000000002
14.96337
14.97807
14.967170000000001
14.975970000000002
14.96907
14.97977
14.994470000000002
14.99847
14.978870000000002
14.994570000000001
15.01647
15.01817
15.02387
15.024670000000002
15.04417
15.045869999999999
15.04057
15.038470000000002
15.03447
15.036870000000002
15.031070000000001
15.011270000000001
15.015570000000002
15.01977
15.008370000000001
14.998569999999999
15.006770000000001
15.015369999999999
15.017470000000001
15.028070000000001
15.056670000000002
15.050870000000002
15.065770000000002
15.05927
15.049570000000001
15.029370000000002
15.012570000000002
15.00577
15.01517
15.01827
15.02897
15.038370000000002
15.05307
15.04997
15.058270000000002
15.05127
15.054969999999999
15.075370000000001
15.08017
15.078470000000001
15.07777
15.080070000000001
15.07917
15.096870000000001
15.123870000000002
15.12657
15.134870000000001
15.137570000000002
15.13987
15.123870000000002
15.121170000000001
15.11997
15.10967
15.090370000000002
15.10347
15.09447
15.08667
15.09417
15.087570000000001
15.08037
15.07907
15.079670000000002
15.078170000000002
15.076470000000002
15.09697
15.102269999999999
15.11827
15.11687
15.126669999999999
15.13657
15.12767
15.132769999999999
15.109070000000001
15.107270000000002
15.106869999999999
15.11557
15.126770000000002
15.13657
15.14787
15.165470000000001
15.169470000000002
15.189270000000002
15.19027
15.207469999999999
15.188070000000002
15.20697
15.192270000000002
15.197270000000001
15.184770000000002
15.163670000000002
15.160770000000001
15.142070000000002
15.131270000000002
15.13817
15.13807
15.16157
15.186770000000001
15.214170000000001
15.227870000000001
15.21767
15.20127
15.179969999999999
15.168370000000001
15.157270000000002
15.15847
15.16607
15.19027
15.200270000000002
15.20077
15.201470000000002
15.19017
15.17927
15.195570000000002
15.199970000000002
15.197270000000001
15.217070000000001
15.21957
15.22657
15.23177
15.229270000000001
15.24037
15.229370000000001
15.235370000000001
15.267370000000001
15.296270000000002
15.296070000000002
15.304969999999999
15.323670000000002
15.32727
15.31057
15.318970000000002
15.320570000000002
15.329470000000002
15.33637
15.366470000000001
15.35917
15.35007
15.357170000000002
15.36717
15.352470000000002
15.332469999999999
15.32877
15.33787
15.32777
15.328370000000001
15.334370000000002
15.337170000000002
15.328570000000001
15.33357
15.338569999999999
15.33027
15.340470000000002
15.33927
15.322270000000001
15.335970000000001
15.337370000000002
15.33777
15.311770000000001
15.32577
15.33017
15.32557
15.32587
15.346470000000002
15.35627
15.358670000000002
15.37017
15.36437
15.35187
15.36077
15.35207
15.33387
15.31097
15.31647
15.31237
15.302170000000002
15.28967
15.29677
15.300670000000002
15.30907
15.30037
15.297670000000002
15.296270000000002
15.289970000000002
15.285870000000001
15.270270000000002
15.250170000000002
15.250370000000002
15.25697
15.261470000000001
15.257870000000002
15.265670000000002
15.275070000000001
15.29517
15.29087
15.25397
17.051869999999997
13.087570000000001
14.80527
14.804070000000001
14.800370000000001
14.787270000000001
14.778070000000001
14.75777
14.74737
14.746070000000001
14.72987
14.71987
14.707870000000002
14.70707
14.70687
14.68157
14.68687
14.70377
14.707170000000001
14.70927
14.707170000000001
14.69557
14.69937
14.68837
14.676670000000001
14.67387
14.658470000000001
14.65797
14.66357
14.65747
14.656870000000001
14.647170000000001
14.63677
14.64377
14.634970000000001
14.641570000000002
14.64367
14.61747
14.632670000000001
14.62607
14.62517
14.642570000000001
14.65637
14.647670000000002
14.633270000000001
14.63307
14.613570000000001
14.62317
14.60537
14.602970000000001
14.61257
14.59797
14.59477
14.59497
14.602970000000001
14.603670000000001
14.60537
14.614170000000001
14.624170000000001
14.621070000000001
14.614970000000001
14.60397
14.62297
14.607270000000002
14.59277
14.579070000000002
14.569170000000002
14.560270000000001
14.55887
14.55067
14.54917
14.56337
14.55977
14.55687
14.556470000000001
14.55577
14.564670000000001
14.54767
14.54537
14.537970000000001
14.53537
14.53687
14.53447
14.533470000000001
14.543370000000001
14.54507
14.537170000000001
14.544770000000002
14.53667
14.51927
14.535670000000001
14.53157
14.52927
14.520370000000002
14.528070000000001
14.53457
14.53597
14.54527
14.53937
14.53477
14.52617
14.53397
14.543470000000001
14.536570000000001
14.54367
14.54737
14.55507
14.55347
14.548670000000001
14.56427
14.54127
14.545670000000001
14.53367
14.533470000000001
14.54087
14.535670000000001
14.52717
14.528270000000001
14.52917
14.537370000000001
14.555470000000001
14.55657
14.58087
14.604370000000001
14.60477
14.622770000000001
14.63217
14.62627
14.605070000000001
14.598370000000001
14.605870000000001
14.599770000000001
14.58167
14.56797
14.576070000000001
14.56807
14.57507
14.583870000000001
14.585270000000001
14.584570000000001
14.58427
14.576970000000001
14.560070000000001
14.555670000000001
14.54087
14.538770000000001
14.52757
14.53367
14.55067
14.558670000000001
14.56457
14.56497
14.57637
14.59007
14.60387
14.588370000000001
14.60477
14.605870000000001
14.624170000000001
14.619470000000002
14.608970000000001
14.60797
14.58187
14.569970000000001
14.566870000000002
14.557970000000001
14.57367
14.568570000000001
14.56827
14.56607
14.56667
14.58477
14.582970000000001
14.586870000000001
14.58427
14.578370000000001
14.56877
14.549570000000001
14.527470000000001
14.499170000000001
14.49707
14.50237
14.50557
14.494670000000001
14.496170000000001
14.51347
14.516670000000001
14.524270000000001
14.53147
14.54507
14.562370000000001
14.581570000000001
14.60097
14.59627
14.59727
14.60607
14.60867
14.590770000000001
14.59017
14.57657
14.57797
14.586770000000001
14.59537
14.605770000000001
14.57817
14.59397
14.61307
14.617270000000001
14.605070000000001
14.614370000000001
14.64147
14.64307
14.65197
14.65637
14.63917
14.63617
14.62827
14.608170000000001
14.59807
14.599070000000001
14.60417
14.60637
14.623270000000002
14.62537
14.627870000000001
14.62547
14.599870000000001
14.59617
14.570070000000001
14.56507
14.57787
14.56657
14.55687
14.55597
14.57127
14.56457
14.563170000000001
14.55497
14.57197
14.56647
14.575470000000001
14.582870000000002
14.58567
14.57817
14.585970000000001
14.58577
14.55827
14.539470000000001
14.527370000000001
14.526670000000001
14.526670000000001
14.50727
14.51487
14.52407
14.52607
14.53307
14.52457
14.54207
14.535070000000001
14.52607
14.515070000000001
14.50807
14.496970000000001
14.50567
14.512770000000002
14.53097
14.531870000000001
14.54017
14.56057
14.57427
14.57647
14.560170000000001
14.55527
14.54817
14.519870000000001
14.499070000000001
14.49637
14.48817
14.48427
14.49207
14.49577
14.505270000000001
14.496770000000001
14.51077
14.53077
14.54317
14.553170000000001
14.57057
14.57437
14.59407
14.58717
14.56897
14.55507
14.55507
14.52847
14.51787
14.50727
14.506170000000001
14.489970000000001
14.495470000000001
14.487070000000001
14.48577
14.48417
14.49327
14.485570000000001
14.48377
14.51187
14.534370000000001
14.50847
14.52627
14.52717
14.53537
14.521970000000001
14.49347
14.488570000000001
14.50477
14.50547
14.48897
14.51337
14.541870000000001
14.54747
14.52767
14.529570000000001
14.53667
14.53637
14.51877
14.51497
14.532570000000002
14.53457
14.52777
14.51417
14.52227
14.53367
14.52567
14.526570000000001
14.53617
14.53607
14.54597
14.52717
14.55687
14.579970000000001
14.58257
14.58567
14.55847
14.54767
14.563870000000001
14.537970000000001
14.52607
14.51687
14.524270000000001
14.52327
14.51557
14.510670000000001
14.516670000000001
14.506070000000001
14.496770000000001
14.515070000000001
14.51007
14.51307
14.51577
14.517470000000001
14.51647
14.50847
14.49747
14.49627
14.50347
14.506870000000001
14.52297
14.53527
14.54507
14.53367
14.54167
14.52477
14.53367
14.52717
14.517470000000001
14.53597
14.528770000000002
14.53597
14.52907
14.53367
14.543370000000001
14.526670000000001
14.528070000000001
14.51787
14.50947
14.489270000000001
14.47117
14.47457
14.48117
14.48067
14.47377
14.46357
14.454170000000001
14.45517
14.43767
14.452570000000001
14.46317
14.46317
14.47207
14.45767
14.445170000000001
14.436670000000001
14.422870000000001
14.42257
14.42547
14.43227
14.43387
14.44597
14.43557
14.417670000000001
14.42267
14.42257
14.443670000000001
14.42707
14.424470000000001
14.44457
14.45297
14.45537
14.43797
14.45447
14.46427
14.448770000000001
14.45547
14.46357
14.474870000000001
14.457870000000002
14.44557
14.45297
14.44637
14.42037
14.42507
14.41647
14.42347
14.425270000000001
14.43347
14.452770000000001
14.44467
14.419270000000001
14.41747
14.418370000000001
14.39907
14.403770000000002
14.407070000000001
14.40667
14.413170000000001
14.398570000000001
14.40197
14.41497
14.41707
14.44077
14.44837
14.471670000000001
14.47527
14.47727
14.46537
14.44857
14.446570000000001
14.45297
14.44637
14.464070000000001
14.44077
14.44337
14.45367
14.45537
14.46587
14.44477
14.45537
14.45537
14.42957
14.425270000000001
14.418470000000001
14.433570000000001
14.418470000000001
14.41787
14.41347
14.406970000000001
14.40657
14.39287
14.381670000000002
14.400170000000001
14.40207
14.40437
14.42017
14.41497
14.403270000000001
14.40207
14.41497
14.39827
14.396370000000001
14.379370000000002
14.37597
14.37667
14.38357
14.38687
14.375570000000002
14.37747
14.365670000000001
14.36627
14.365070000000001
14.355770000000001
14.36397
14.36397
14.366470000000001
14.374270000000001
14.359670000000001
14.357270000000002
14.331470000000001
14.32657
14.316870000000002
14.307770000000001
14.307070000000001
14.297970000000001
14.31277
14.31507
14.315570000000001
14.325470000000001
14.31807
14.33397
14.34577
14.355770000000001
14.36547
14.36407
14.37367
14.36597
14.354270000000001
14.345270000000001
14.35407
14.35417
14.36457
14.38347
14.384870000000001
14.402370000000001
14.40297
14.404570000000001
14.40447
14.403970000000001
14.389370000000001
14.38837
14.38617
14.387770000000002
14.38837
14.368870000000001
14.38517
14.384170000000001
14.37767
14.365670000000001
14.356670000000001
14.35487
14.35417
14.347370000000002
14.36307
14.36397
14.35797
14.35007
14.347570000000001
14.355870000000001
14.355770000000001
14.35717
14.34707
14.36157
14.36257
14.380970000000001
14.38387
14.37597
14.36677
14.38677
14.378070000000001
14.36067
14.35687
14.365670000000001
14.36397
14.36607
14.357270000000002
14.35337
14.36297
14.35797
14.34847
14.34617
14.33717
14.345170000000001
14.34717
14.34477
14.35227
14.347370000000002
14.35477
14.36537
14.358270000000001
14.36607
14.34267
14.34387
14.34577
14.36457
14.354370000000001
14.345970000000001
14.35257
14.35697
14.34707
14.35337
14.339970000000001
14.33857
14.34627
14.34697
14.36157
14.356570000000001
14.37147
14.38237
14.384070000000001
14.38767
14.38827
14.38577
14.359670000000001
14.36547
14.365670000000001
14.357270000000002
14.34697
14.347370000000002
14.357270000000002
14.35007
14.34617
14.33717
14.33477
14.334670000000001
14.31507
14.33947
14.34267
14.337470000000001
14.352970000000001
14.36537
14.358070000000001
14.331470000000001
14.345170000000001
14.34617
14.339970000000001
14.34267
14.33717
14.33427
14.318670000000001
14.32447
14.315470000000001
14.30057
14.288070000000001
14.28787
14.27697
14.26877
14.262870000000001
14.271970000000001
14.279570000000001
14.28327
14.26487
14.26237
14.25497
14.253770000000001
14.25477
14.26157
14.28097
14.29447
14.28517
14.29237
14.27547
14.27317
14.273670000000001
14.281970000000001
14.276470000000002
14.28447
14.28597
14.28597
14.302570000000001
14.31357
14.306470000000001
14.32197
14.317070000000001
14.317770000000001
14.294970000000001
14.288170000000001
14.28557
14.267370000000001
14.26397
14.27377
14.27407
14.262170000000001
14.27107
14.27407
14.27257
14.28307
14.293470000000001
14.28777
14.28637
14.28537
14.29367
14.29597
14.28857
14.29517
14.28857
14.28697
14.28897
14.26647
14.254370000000002
14.23717
14.24207
14.24577
14.235570000000001
14.255970000000001
14.26687
14.274270000000001
14.27547
14.273670000000001
14.26347
14.25577
14.25177
14.236070000000002
14.241470000000001
14.24427
14.24497
14.24347
14.250770000000001
14.27337
14.28287
14.26687
14.27407
14.268270000000001
14.249070000000001
14.23897
14.23597
14.236170000000001
14.22507
14.24027
14.25247
14.28017
14.30207
14.30497
14.33357
14.34787
14.32747
14.324570000000001
14.30877
14.28757
14.25697
14.236970000000001
14.234770000000001
14.23567
14.255170000000001
14.26487
14.284270000000001
14.303270000000001
14.29587
14.30727
14.28987
14.28017
14.27837
14.278970000000001
14.27767
14.274270000000001
14.27547
14.25867
14.23897
14.23677
14.23887
14.23637
14.23757
14.24517
14.247670000000001
14.23827
14.245370000000001
14.23817
14.235570000000001
14.22917
14.218570000000001
14.23417
14.23657
14.24477
14.254570000000001
14.263670000000001
14.26417
14.281870000000001
14.29167
14.28327
14.28097
14.275070000000001
14.26417
14.290270000000001
14.28527
14.287170000000001
14.30277
14.32417
14.32557
14.31727
14.323870000000001
14.316270000000001
14.314670000000001
14.313870000000001
14.31457
14.314670000000001
14.314670000000001
14.322970000000002
14.32367
14.323770000000001
14.337570000000001
14.33697
14.34577
14.347570000000001
14.34397
14.33437
14.34327
14.336170000000001
14.334670000000001
14.336170000000001
14.32877
14.32897
14.32657
14.31817
14.31487
14.322970000000002
14.32487
14.325470000000001
14.33187
14.325470000000001
14.29757
14.289470000000001
14.279770000000001
14.274970000000001
14.27687
14.28517
14.30237
14.303370000000001
14.32277
14.32137
14.314670000000001
14.30597
14.323870000000001
14.317670000000001
14.31907
14.310970000000001
14.31587
14.32567
14.309370000000001
14.30667
14.287970000000001
14.29277
14.294170000000001
14.29517
14.29367
14.303370000000001
14.321570000000001
14.313170000000001
14.31417
14.31367
14.30687
14.30827
14.30687
14.309270000000001
14.306970000000002
14.28317
14.275970000000001
14.267470000000001
14.268870000000001
14.267570000000001
14.27467
14.27567
14.272170000000001
14.283370000000001
14.30007
14.31147
14.313870000000001
14.31457
14.315570000000001
14.29927
14.288070000000001
14.27717
14.24967
14.238570000000001
14.23737
14.23817
14.226370000000001
14.21907
14.21447
14.21427
14.214870000000001
14.221070000000001
14.23337
14.25317
14.281170000000001
14.30377
14.29507
14.29757
14.282770000000001
14.26717
14.24747
14.242170000000002
14.24367
14.25027
14.245470000000001
14.261470000000001
14.27547
14.265870000000001
14.241470000000001
14.21847
14.21087
14.173070000000001
14.14907
14.21657
14.19637
