-3.138522
-3.0771420000000003
-3.038532
-3.0280720000000003
-2.9826520000000003
-2.9153420000000003
-2.839452
-2.7493320000000003
-2.658992
-2.590622
-2.536252
-2.484862
-2.407222
-2.372042
-2.342552
-2.321322
-2.3082920000000002
-2.263342
-2.211472
-2.1624820000000002
-2.121332
-2.068862
-2.030962
-2.009492
-1.971352
-1.931902
-1.9094920000000002
-1.877522
-1.848172
-1.801962
-1.744202
-1.6912919999999998
-1.6332119999999999
-1.581032
-1.541287
-1.508051
-1.472318
-1.4505949999999999
-1.403043
-1.392303
-1.410684
-1.37546
-1.2964660000000001
-1.137654
-1.109202
-1.135074
-1.121899
-1.095062
-1.098514
-1.066861
-1.023654
-1.000461
-0.917267
-0.788354
1.404128
1.9996779999999998
2.161498
2.7167779999999997
2.747978
2.116558
-1.925272
-1.8697720000000002
-1.416088
-1.266791
-1.1763970000000001
-1.1303619999999999
-1.0818720000000002
-1.042843
-0.975015
-0.915448
-0.8368800000000001
-0.756778
-0.696716
-0.6422025
-0.6101101
-0.5568420000000001
-0.5122372000000001
-0.45585590000000004
-0.396365
-0.36204800000000004
-0.321713
-0.276056
-0.21658300000000003
-0.16473100000000002
-0.11006700000000003
-0.057006
-0.024316000000000004
0.0
0.005970000000000031
0.015878999999999976
0.05367500000000003
0.12024299999999999
0.15208199999999994
0.18140299999999998
0.20626199999999995
0.245954
0.26684299999999994
0.313794
0.34631100000000004
0.39402799999999993
0.43876099999999996
0.4708579999999999
0.4656779999999999
0.4911579999999999
0.5059079999999999
0.5429780000000001
0.5907079999999999
0.6423279999999999
0.6785180000000001
0.6973679999999999
0.718638
0.748628
0.786568
0.801208
0.836698
0.874788
0.907048
0.935178
0.9828979999999999
1.007228
1.037398
1.0577779999999999
1.0876679999999999
1.106458
1.1348880000000001
1.1578080000000002
1.194198
1.218978
1.2497280000000002
1.286568
1.308198
1.338838
1.356068
1.4001480000000002
1.433198
1.4743279999999999
1.5060379999999998
1.5375479999999997
1.5506579999999999
1.5761879999999997
1.5951279999999999
1.6286779999999998
1.682108
1.7340779999999998
1.756328
1.785548
1.818508
1.8394179999999998
1.8672079999999998
1.8888879999999997
1.9098379999999997
1.9177279999999999
1.929948
1.950218
1.9777679999999997
1.9782979999999997
2.0215579999999997
2.0752479999999998
2.117588
2.154668
2.195068
2.207888
2.2518979999999997
2.2849679999999997
2.2975879999999997
2.310028
2.302828
2.320468
2.3124379999999998
2.335718
2.369408
2.386758
2.4101179999999998
2.446888
2.475498
2.523408
2.5702279999999997
2.604308
2.6155079999999997
2.6464179999999997
2.6619479999999998
2.6982779999999997
2.7114279999999997
2.740818
2.768588
2.7960279999999997
2.809868
2.8394179999999998
2.850068
2.8872679999999997
2.8924279999999998
2.9280779999999997
2.933128
2.9400779999999997
2.969328
2.9990479999999997
3.009398
3.045448
3.067388
3.105708
3.102918
3.1186179999999997
3.123428
3.143558
3.162058
3.173368
3.205438
3.2167079999999997
3.241748
3.259648
3.260898
3.281548
3.2922979999999997
3.319368
3.350158
3.367958
3.406008
3.4348479999999997
3.474578
3.4874479999999997
3.5089379999999997
3.5290280000000003
3.5487079999999995
3.5632279999999996
3.588348
3.626678
3.648898
3.650568
3.670688
3.6895179999999996
3.7276879999999997
3.749478
3.786168
3.827298
3.8652679999999995
3.877498
3.891348
3.900028
3.925358
3.938198
3.9527279999999996
3.959758
3.9707980000000003
3.989408
4.021388
4.030498
4.057128
4.103638
4.128228
4.161518
4.1716679999999995
4.215858
4.240228
4.260228
4.2846079999999995
4.321808
4.356008
4.377498
4.405428
4.420777999999999
4.459278
4.483978
4.499638
4.485468
4.501288
4.520058
4.523808
4.522708
4.532738
4.533878
4.579408
4.601658
4.6293679999999995
4.648108
4.663508
4.691657999999999
4.7096279999999995
4.712688
4.728397999999999
4.744688
4.752778
4.760498
4.768188
4.780178
4.776338
4.772708
4.789518
4.829258
4.858198
4.897018
4.940398
4.968228
5.002048
5.013368
5.012448
5.031108
5.049898
5.078428
5.072018
5.103948
5.130238
5.123318
5.140378
5.150638
5.189348
5.194028
5.219258
5.247558
5.278618
5.276968
5.282628
5.283208
5.2917179999999995
5.301448
5.304468
5.322118
5.330328
5.341488
5.361448
5.382358
5.417638
5.448338
5.459898
5.514378
5.544798
5.547368
5.5756879999999995
5.599208
5.6295779999999995
5.622348
5.630558
5.661458
5.681488
5.690278
5.700708
5.719678
5.721378
5.712588
5.7286079999999995
5.751648
5.760838
5.7781579999999995
5.814848
5.838798
5.849698
5.869078
5.882658
5.901058
5.904418
5.924618
5.943208
5.936648
5.952208
5.963558
5.9847079999999995
5.993208
6.0172479999999995
6.048768
6.0637479999999995
5.972308
7.087458
5.278458
6.245878
6.172648
6.312078
6.368338
6.407328
6.414808
6.4547479999999995
6.501438
6.960118
6.784008
6.568208
6.393038
6.265168
6.5042979999999995
6.314978
6.2128179999999995
7.831708
5.767368
6.695468
5.420498
7.468298
5.663188
6.698528
5.9237079999999995
6.182068
6.287847999999999
6.2231879999999995
6.217118
6.211678
6.227628
6.253888
6.2725979999999995
6.277708
6.2654179999999995
6.275778
6.277298
6.275258
6.283168
6.302308
6.319798
6.305358
6.313388
6.315538
6.316158
6.3164679999999995
6.333068
6.336228
6.3234379999999994
6.324978
6.314238
6.304218
6.284618
6.2839279999999995
6.292238
6.3020179999999995
6.300148
6.311328
6.324878
6.313618
6.287038
6.256658
6.244498
6.223268
6.207078
6.303148
6.471818
6.375468
6.037018
6.1038179999999995
6.284358
6.313338
6.314298
6.323818
6.374118
6.398848
6.423178
6.545418
6.735298
6.4927079999999995
6.387428
6.4020779999999995
6.431338
6.444928
6.456528
6.462078
6.459898
6.494708
6.5422579999999995
6.478558
6.927258
5.760038
5.843578
5.8929279999999995
5.922668
5.969048
6.005578
6.037738
6.055628
6.084708
6.141178
6.185428
6.214158
6.253998
6.2844679999999995
6.3073179999999995
6.323778
6.360878
6.386088
6.419068
6.432568
6.452278
6.466308
6.494908
6.523328
6.551988
6.586548
6.603738
6.623458
6.654808
6.693428
6.723498
6.756378
6.775488
6.813548
6.846178
6.868118
6.9036979999999994
6.945048
6.980268
7.0192879999999995
7.049448
7.064268
7.083768
7.112088
7.108398
7.132918
7.178758
7.2224379999999995
7.2439979999999995
7.273168
7.330138
7.344368
7.373448
7.402558
7.442988
7.488478
7.515978
7.533067999999999
7.560728
7.586398
7.604118000000001
7.613307999999999
7.649617999999999
7.663058
7.693578
7.719487999999999
7.752057999999999
7.786357999999999
7.8216980000000005
7.857258000000001
7.888058
7.902947999999999
7.923888000000001
7.945918
7.969867999999999
7.999517999999999
8.030608
8.046928000000001
8.084398
8.094448000000002
8.110768
8.133318000000001
8.161448
8.174658
8.210908
8.234078
8.253438000000001
8.272478000000001
8.276118
8.311398
8.324228000000002
8.324528
8.353728
8.376618
8.393598
8.404698000000002
8.440078000000002
8.446328000000001
8.473318
8.477428000000002
8.486238
8.515868000000001
8.527648000000001
8.552168
8.591518
8.623748
8.653378
8.670228000000002
8.692818
8.713288
8.751978000000001
8.788188
8.810178
8.860868
8.883458000000001
8.913548
8.941158000000001
8.956018
8.972248
8.995468
9.014038000000001
9.030408000000001
9.063718000000001
9.091038000000001
9.129158
9.154608000000001
9.182268
9.212398
9.236268
9.244918
9.246858000000001
9.263188000000001
9.277428
9.286718
9.283668
9.311858
9.338508000000001
9.378548
9.399348000000002
9.410988000000001
9.439208
9.455808000000001
9.457808
9.457608
9.481808000000001
9.494108
9.521508
9.550908000000002
9.587408
9.609308
9.621608
9.641308
9.659808
9.686108
9.712508000000001
9.730408
9.743608
9.762408
9.790908
9.809708
9.812208
9.822008
9.860408000000001
9.876108
9.882708000000001
9.876208
9.904608000000001
9.923608000000002
9.933908
9.952808000000001
9.966508000000001
9.993008000000001
10.023608000000001
10.061008000000001
10.081308
10.102308
10.150208000000001
10.163508
10.202808000000001
10.222308
10.253308
10.277008
10.296208
10.313508
10.314808000000001
10.341708
10.345808
10.362508
10.381808000000001
10.392408000000001
10.404408
10.414308
10.415708
10.431508000000001
10.441208000000001
10.455008000000001
10.479308000000001
10.500108
10.531008
10.533708
10.554008000000001
10.572008
10.608008
10.623808
10.634308
10.668608
10.701308000000001
10.713208000000002
10.714608
10.726508
10.751308000000002
10.753208
10.763808000000001
10.805708000000001
10.840408
10.869808
10.901708000000001
10.914308
10.940808
10.955008000000001
10.956208
10.973808
11.002208000000001
11.015908000000001
11.025508
11.052608000000001
11.066108000000002
11.093208
11.095908000000001
11.093708000000001
11.128208
11.134508
11.133108
11.166308
11.194108
11.213208000000002
11.206908
11.215908
11.239308000000001
11.243508
11.251808
11.272608
11.283008
11.309008
11.330208
11.332608
11.342208000000001
11.374108000000001
11.385008000000001
11.387408
11.414108
11.442108000000001
11.452808000000001
11.461208000000001
11.471008000000001
11.495208000000002
11.518508
11.548808000000001
11.561208
11.582408000000001
11.619808
11.634508
11.629208
11.633808
11.653408
11.673108000000001
11.694408000000001
11.710208000000002
11.723708
11.714208000000001
11.720608
11.723308000000001
11.731208
11.744608000000001
11.770208
11.792508000000002
11.812808
11.833308
11.852908000000001
11.839808000000001
11.863108
11.874308000000001
11.893208000000001
11.920708000000001
11.950908
11.981108
12.000708000000001
12.038908000000001
12.044108000000001
12.052408000000002
12.052508000000001
12.063508
12.065008
12.081908
12.110008
12.134908000000001
12.133908
12.143808
12.130308000000001
13.026408
11.476208000000002
12.247108
12.196708000000001
12.280808
12.326408
12.373408000000001
12.438408
12.576108000000001
12.760308
12.960108
12.777208
12.535708000000001
12.445108000000001
12.249908000000001
12.535108000000001
12.377708
12.364008
14.294008000000002
11.362308
12.295708000000001
11.776008000000001
13.887508
11.661808
12.252308000000001
11.719908
12.191008
12.297608
12.244008000000001
12.234008000000001
12.217008000000002
12.209008
12.179008000000001
12.176308
12.146908000000002
12.136308000000001
12.144008000000001
12.154708000000001
12.170608000000001
12.181908
12.202408
12.179108000000001
12.149508
12.128108000000001
12.116208
12.096808000000001
12.104008
12.115108000000001
12.122708000000001
12.098408000000001
12.096208
12.094908
12.100608000000001
12.098108000000002
12.103508000000001
12.123608
12.125108
12.132708000000001
12.142608000000001
12.136008
12.126208
12.081008
12.065208
12.056908
12.042908
12.071908
12.182308
12.328008
12.131908000000001
11.770108
11.880808
12.089908000000001
12.130908000000002
12.141208
12.145008
12.152908
12.178608
12.220408
12.372508000000002
12.383008
12.040508
12.069708
12.168408000000001
12.192108000000001
12.196808
12.195908000000001
12.195008000000001
12.193608000000001
12.221008000000001
12.154208
11.843108
12.927908
11.677908
11.802508000000001
11.829708
11.851908
11.901208
11.933508000000002
11.963908
11.992108
12.025308
12.064108000000001
12.107508000000001
12.130008
12.155508000000001
12.199008000000001
12.242808
12.272308
12.284708
12.303908000000002
12.323008000000002
12.361208000000001
12.391108000000001
12.420708000000001
12.443108
12.471008000000001
12.494408
12.505808
12.508508
12.515408
12.524108
12.555308
12.592208000000001
12.667508000000002
12.695408
12.703908
12.706308
12.718208
12.714608
12.751208
12.781208000000001
12.819908000000002
12.850508000000001
12.865908000000001
12.876808
12.889608
12.906308000000001
12.932208000000001
12.970108000000002
13.009408
13.024108
13.043908
13.073008000000002
13.085008
13.087208
13.114208000000001
13.141808000000001
13.156408
13.185408
13.195608
13.195908000000001
13.181108
13.175008
13.193408000000002
13.203508000000001
13.206308
13.221308
13.268008
13.295708000000001
13.303008
13.323908000000001
13.354208000000002
13.366508000000001
13.393808
13.405208
13.434108
13.462108
13.484608000000001
13.497308
13.512608
13.510308
13.524008
13.562608
13.583108000000001
13.618108000000001
13.622408
13.641308
13.680508000000001
13.702708000000001
13.707008
13.729908
13.744108
13.772608
13.783608000000001
13.794608
13.805008
13.825708
13.842308000000001
13.849808000000001
13.880608
13.885708000000001
13.893908000000001
13.911508000000001
13.924208
13.961508
13.983108000000001
13.983208000000001
14.002308000000001
14.016708000000001
14.022608
14.035008000000001
14.028808000000001
14.049708
14.071108
14.081908
14.110108
14.131708000000001
14.151508000000002
14.148508000000001
14.172208000000001
14.174808
14.175108000000002
14.202108
14.211908000000001
14.232908
14.254408000000002
14.274008
14.285308
14.277408000000001
14.272608
14.281908000000001
14.291708000000002
14.301808000000001
14.313308000000001
14.313608
14.333208
14.357308000000002
14.362808000000001
14.382108
14.411608000000001
14.421708
14.440308
14.457608
14.461508
14.471608000000002
14.499708
14.497908
14.514108
14.523108
14.525408
14.533708
14.540208000000002
14.568508000000001
14.584108
14.600708000000001
14.620608
14.637908000000001
14.659108000000002
14.673208
14.674308
14.692708000000001
14.719408000000001
14.722208
14.735708
14.752908000000001
14.763208
14.758208000000002
14.745908
14.746008000000002
14.746108000000001
14.761608
14.783508000000001
14.804208000000001
14.824608000000001
14.841808
14.843908
14.844208
14.853208
14.861008
14.863408000000002
14.882508000000001
14.885008000000001
14.902208
14.897208000000001
14.904708000000001
14.920908
14.931208000000002
14.950908
14.956608000000001
14.953008
14.945608
14.944008
14.935008000000002
14.942608
14.945108000000001
14.963308000000001
14.974708000000001
14.992108
14.999708
15.005408000000001
15.013808000000001
15.024708
15.025708000000002
15.042708000000001
15.054108000000001
15.070308
15.073508
15.092008000000002
15.112108000000001
15.115808000000001
15.122108
15.123508000000001
15.142108
15.144808000000001
15.134108000000001
15.142808
15.161008
15.163808000000001
15.174808
15.201208000000001
15.224308
15.241308
15.250008000000001
15.262108000000001
15.264808
15.271508
15.274908
15.282608000000002
15.293208
15.300708
15.320008000000001
15.341308000000001
15.343208
15.335708
15.334308
15.335808
15.342208000000001
15.335508
15.341808
15.343108
15.345408
15.341808
15.360008
15.353008
15.371008000000002
15.406908000000001
15.419908000000001
15.429808000000001
15.418208
15.417808
15.403208000000001
15.394708000000001
15.392408000000001
15.399308000000001
15.393708
15.418808
15.412808
15.423908
15.433508000000002
15.444408000000001
15.465608
15.473108
15.483708
15.490908000000001
15.481708000000001
15.489908
15.484208000000002
15.482408
15.491708
15.504008000000002
15.496008
15.510608000000001
15.505608000000002
15.512108000000001
15.522608000000002
15.530308000000002
15.530908
15.561108
15.580208000000002
15.593108
15.594408000000001
15.585608
15.592008
15.592508000000002
15.592508000000002
15.603608000000001
15.612608000000002
15.631508
15.624308
15.633108
15.652108000000002
15.666708
15.670008
15.670008
15.681808
15.681208000000002
15.691108
15.694408
15.686208
15.683008000000001
15.585108000000002
16.519708
14.905508000000001
15.814308
15.750008000000001
15.813608000000002
15.860708000000002
15.896008000000002
15.927408
15.912507999999999
15.745708
16.363408
16.241808000000002
15.952908
15.957808
15.792108000000002
15.919808
15.743408000000002
16.289408
17.351508
14.860508000000001
15.562508000000001
15.929308000000002
17.051108
15.591708
15.465308
15.174408000000001
15.696608000000001
15.786108000000002
15.758108
15.730608
15.698208000000001
15.694008
15.707008000000002
15.716108000000002
15.717608000000002
15.708608000000002
15.698808
15.696208000000002
15.720708000000002
15.714508000000002
15.741508
15.747208
15.728408000000002
15.711008
15.706908000000002
15.715108
15.705808000000001
15.705508000000002
15.685408000000002
15.651908000000002
15.632608000000001
15.622008000000001
15.619908000000002
15.619208
15.631308
15.640308000000001
15.631508
15.631008000000001
15.623808
15.639408
15.617108000000002
15.615308000000002
15.595908000000001
15.603608000000001
15.594408000000001
15.652808
15.783308000000002
15.867208000000002
15.543708000000002
15.244808
15.422308000000001
15.621008
15.650708000000002
15.633708000000002
15.620808
15.621108
15.654508
15.716008000000002
15.815908
15.681308000000001
15.426008000000001
15.622608
15.678008000000002
15.674408
15.673508000000002
15.677308
15.671108
15.669908
15.713808
15.678908
15.045608000000001
16.374808
15.000308
15.156108000000001
15.196508000000001
15.189508
15.202608000000001
15.226408000000001
15.257208
15.285108000000001
15.307508
15.336408
15.365308
15.389308000000002
15.395908
15.411008
15.441208000000001
15.471408
15.486508
15.508708000000002
15.506608
15.504808
15.516308000000002
15.544008000000002
15.591108000000002
15.624308
15.629808
15.635308000000002
15.634008000000001
15.609508000000002
15.616008
15.633608000000002
15.662408
15.664108000000002
15.675708
15.674808000000002
15.667208000000002
15.642308
15.637908
15.662208
15.682508000000002
15.699408000000002
15.728308000000002
15.758608000000002
15.767508
15.792708000000001
15.778508000000002
15.753408
15.744508
15.763408000000002
15.765608
15.796808000000002
15.811008000000001
15.821908
15.833207999999999
15.830408000000002
15.850408000000002
15.852708
15.854508
15.869807999999999
15.893008000000002
15.905108000000002
15.901008000000001
15.902808
15.912408
15.920708000000001
15.914808
15.947608000000002
15.963108000000002
15.975908
15.974608
15.975708000000001
15.973508000000002
15.962608
15.978208000000002
15.974208
15.974308
15.982508
15.991808000000002
16.002108
16.015008
16.022808
16.033008000000002
16.050608
16.059808
16.073608
16.099908
16.103608
16.112808
16.113208
16.129808
16.134608
16.152208
16.153008
16.163808
16.155308
16.155308
16.137608
16.126608
16.142408
16.142808000000002
16.169908
16.186308
16.187108000000002
16.204108
16.204008
16.196408
16.206008
16.221708
16.230608
16.226808000000002
16.231408000000002
16.248708
16.263008
16.281608000000002
16.317708
16.332408
16.335808
16.329608
16.315808
16.279908000000002
16.262608
16.255108
16.263108
16.262408
16.262508
16.266208000000002
16.274708
16.268908
16.255308
16.263008
16.265708
16.265808
16.275508000000002
16.255908
16.243708
16.235508
16.245208
16.242208
16.250908
16.272208
16.285608
16.302108
16.313008
16.342908
16.345008
16.353008
16.362408000000002
16.379408
16.373508
16.373908
16.373608
16.358208
16.339408000000002
16.348308
16.336308000000002
16.325308
16.324308000000002
16.316308
16.304908
16.310908
16.331708
16.350208000000002
16.354608000000002
16.365208
16.357308
16.368008
16.350808
16.337408
16.335708
16.351608000000002
16.360208
16.353908
16.355608
16.370408
16.366708
16.348408
16.337408
16.355408
16.370408
16.374608000000002
16.365308000000002
16.361308
16.353608
16.345408
16.345108
16.344408
16.370408
16.381808
16.392108
16.394608
16.401608
16.394708
16.392108
16.396408
16.412308
16.421608
16.431508
16.425608
16.423708
16.406408
16.387408
16.376008000000002
16.381708
16.401108
16.411608
16.428608
16.458308000000002
16.457608
16.446608
16.453108
16.455408000000002
16.445008
16.435808
16.460208
16.455208000000002
16.444808000000002
16.433708
16.433008
16.434308
16.434408
16.424208
16.423108
16.427108
16.423308000000002
16.424108
16.424108
16.423108
16.430708
16.437008000000002
16.435308
16.449408000000002
16.471208
16.473708000000002
16.463608
16.489508
16.494308
16.509208
16.502508000000002
16.495308
16.494008
16.512408
16.490408000000002
16.491108
16.485708000000002
16.489308
16.483308
16.480208
16.473508000000002
16.471808
16.472308
16.465008
16.482308
16.482108
16.484608
16.475708
16.483108
16.487908
16.487908
16.505608000000002
16.499908
16.510608
16.520708
16.515208
16.493308000000003
16.500108
16.515608
16.504908
16.492708
16.498508
16.507508
16.507808
16.495108000000002
16.493008
16.503808
16.504608
16.520508
16.512908
16.524508
16.523008
16.515508
16.509608
16.503708
16.513008
16.510208000000002
16.512208
16.528608000000002
16.529408
16.539608
16.530908
16.532908
16.521008000000002
16.530808
16.536608
16.534008
16.560008
16.561308
16.570008
16.569308
16.577808
16.501508
17.129308
15.770908000000002
16.604808000000002
16.476808000000002
16.551808
16.585008000000002
16.655108000000002
16.728708
16.784208
16.782008
17.059208
16.862908
16.730008
16.681608
16.574208000000002
16.756308
16.585408
17.548908
17.890608
15.792308000000002
16.266808
17.179908
17.502808
16.046008
16.221908
15.923108
16.346408
16.440508
16.429608
16.425308
16.441108
16.453608
16.458608
16.450008
16.434508
16.410108
16.399908
16.397708
16.404708
16.406208
16.406808
16.405908
16.406708000000002
16.381108
16.376108000000002
16.374908
16.357508
16.328408
16.343608
16.360508
16.355408
16.346808
16.353508
16.347108000000002
16.339908
16.344108000000002
16.370408
16.367908
16.380008
16.377508000000002
16.374508000000002
16.349408
16.351708000000002
16.349808
16.371308
16.468608
16.631708
16.644608
16.178108
15.856808000000001
16.098308
16.320108
16.375008
16.407608
16.428908
16.432108
16.449108000000003
16.464308
18.047508
19.595608000000002
19.677408
17.998508
17.217408000000002
17.020908000000002
16.940608
16.859408000000002
16.616908000000002
14.387408
12.751008
14.632408000000002
16.023308
16.367308
16.460308
16.498708
16.521508
16.536408
16.574808
16.560308
16.690708
16.424508
16.838008000000002
16.269408000000002
16.327008
16.337808
16.326308
16.308808
16.299008
16.290808000000002
16.284508000000002
16.263608
16.275308
16.301508000000002
16.314108
16.302608
16.297808
16.299508
16.295608
16.293608000000003
16.303208
16.303408
16.301708
16.291208
16.325808000000002
16.319308
16.346908
16.333108
16.342008
16.319908
16.313508000000002
16.304808
16.305208
16.312108000000002
16.311908000000003
16.314208
16.311908000000003
16.305908000000002
16.297308
16.303908
16.323308
16.333208
16.351308
16.361508
16.363308
16.371808
16.366508
16.351808000000002
16.328808000000002
16.332408
16.318108000000002
16.314508
16.334508
16.345008
16.372608
16.367608
16.366208
16.374808
16.382908
16.385208000000002
16.393808
16.410608
16.423308000000002
16.417008
16.415808000000002
16.405808
16.414508
16.395508
16.388408000000002
16.378008
16.366508
16.365608
16.374408000000003
16.372908000000002
16.381208
16.394408000000002
16.395308
16.402708
16.397808
16.416208
16.418308
16.432908
16.443708
16.449708
16.462708
16.463608
16.461808
16.473208
16.484708
16.494408
16.485608
16.475708
16.466108000000002
16.453608
16.471308
16.459008
16.463908
16.474608
16.492308
16.494408
16.495608
16.499608000000002
16.503708
16.514108
16.505708000000002
16.502808
16.491808000000002
16.483308
16.482508
16.484408000000002
16.475908
16.482708000000002
16.509708
16.530908
16.543308
16.544008
16.560808
16.583008
16.570208
16.547808
16.543908000000002
16.535908
16.519408000000002
16.513608
16.522408000000002
16.515308
16.504208000000002
16.484208000000002
16.481408000000002
16.482108
16.481908
16.500708
16.510808
16.514908000000002
16.541708
16.533508
16.513908
16.512508
16.506008
16.511608000000003
16.495608
16.502108
16.511108
16.506608
16.505408
16.514008
16.517408
16.523508
16.532508
16.539008
16.559608
16.571808
16.581908000000002
16.599908
16.604208
16.601708000000002
16.594508
16.593008
16.594008000000002
16.584308
16.562708
16.561408
16.564808
16.579308
16.608508
16.624708000000002
16.642308
16.663408
16.681908
16.674308
16.655608
16.652008000000002
16.643808
16.627108
16.622208
16.613608
16.629008000000002
16.625008
16.632708
16.657608
16.688608000000002
16.702008
16.720908
16.707808
16.686008
16.685708
16.685008
16.674008
16.679608
16.672208
16.692708
16.684408
16.677408
16.691908
16.684208
16.682908
16.689808
16.674208
16.670008
16.678208
16.678408
16.683608
16.683608
16.684308
16.702808
16.697108
16.685508000000002
16.683108
16.682908
16.691108
16.682308
16.691308
16.719208000000002
16.727208
16.722608
16.728808
16.733308
16.726408
16.716808
16.695308
16.699508
16.707908
16.704108
16.702608
16.720808
16.720908
16.733608
16.719408
16.720908
16.740508000000002
16.750708
16.754008000000002
16.733008
16.731708
16.721908
16.721108
16.720208
16.705408000000002
16.702008
16.721108
16.722308
16.749908
16.742508
16.725308000000002
16.725308000000002
16.726608000000002
16.707008000000002
16.702608
16.695608
16.709808000000002
16.722008000000002
16.739508
16.741608
16.743408000000002
16.742908
16.753208
16.756608
16.748408
16.772308000000002
16.781908
16.773508
16.755708000000002
16.727408
16.741208
16.726308
16.696208000000002
16.709408
16.721808
16.721908
16.730208
16.731008
16.741508
16.749808
16.753708
16.756508
16.753708
16.735608
16.741508
16.725708
16.716108000000002
16.710208
16.709208
16.703908000000002
16.693908
16.686308
16.676208
16.665308
16.657908
16.646708
16.632908
16.640908
16.651508
16.664908
16.663508
16.674708000000003
16.676008
16.673708
16.683308
16.693008000000003
16.717908
16.758708000000002
17.513508
16.000908
16.719608
16.816308
16.811408
16.813408
16.813808
16.803708
16.809108000000002
16.817808
16.819408
16.801708
16.786708
16.797508
16.797408
16.797908
16.795108
16.814208
16.833408000000002
16.862508000000002
16.883508
16.898708
16.907008
16.887308
16.869608
16.865808
16.866708
16.846508
16.845208
16.871408000000002
16.893908
16.896408
16.895508
16.905908
16.897308000000002
16.893408
16.888208000000002
16.875508
16.860108
16.839308
16.844308
16.828408
16.831208
16.842708000000002
16.850408
16.863208
16.874308
16.864408
16.856708
16.853008
16.852008
16.853008
16.849108
16.866508
16.891708
16.892308
16.902508
16.914108000000002
16.915308
16.916908
16.897308000000002
16.892308
16.899708
16.910808
16.921408
16.923108
16.920808
16.938408
16.948008
16.928608
16.917808
16.915008
16.899108000000002
16.894208
16.868508000000002
16.882708
16.909408
16.913008
16.920708
16.914808
16.921708000000002
16.914308000000002
16.885608
16.894608
16.885208000000002
16.884908
16.893108
16.905408
16.915308
16.922108
16.935708
16.945308
16.918308
16.915108
16.898908000000002
16.895108
16.891408000000002
16.902708
16.902908
16.929008
16.948908
16.960508
16.970908
16.981108000000003
16.994008
16.992508
17.000808
16.994308
17.004608
17.004208000000002
16.993608000000002
16.984508
16.985408
16.982108
16.974708
16.954708
16.960608
16.959108
16.970408
16.973508000000002
16.973108
16.989908
16.976308
16.966708
16.971508
16.971108
16.979608000000002
16.972208000000002
16.991308
17.003108
17.010908
16.993908
16.992708
16.991708
17.001208000000002
17.001608
16.995208
17.002208
16.984508
16.982308
16.963108000000002
16.954208
16.955208000000002
16.943408
16.945108
16.936508
16.936908000000003
16.925208
16.914708
16.911608
16.922208
16.947708000000002
16.950708000000002
16.969408
17.000308
17.005508000000003
16.997808
16.994008
17.000808
16.983908
16.970608000000002
16.968808
16.969108000000002
16.972208000000002
16.993408000000002
16.967608000000002
16.979808000000002
16.983408
16.975508
16.973308
16.961808
16.953208
16.950008
16.956708
16.970908
16.972308
16.963608
16.989308
16.986008
16.984308000000002
17.003408
17.012008
17.031308
17.022508000000002
17.022208
17.031308
17.024508
17.024708
17.014908000000002
17.023808000000002
17.020908000000002
17.012108
17.020408
17.018808
17.019508000000002
17.029408
17.051008
17.050808
17.044508
17.032108
17.031108
17.012408
17.011308
17.011608000000003
17.013008
17.030008000000002
17.024108000000002
17.032508
17.031108
17.034008
17.050008000000002
17.049708000000003
17.065908
17.081608
17.084108
17.074608
17.056408
17.047608
17.034008
17.034008
17.040208
17.040708000000002
17.036708
17.042008
17.044508
17.032908
17.015708
17.004608
16.992308
17.009408
17.013908
17.020908000000002
17.021908
17.022708
17.021808
17.022708
17.030808
17.025108
16.997908000000002
16.993008
16.993408000000002
16.983108
16.980508
17.015908
17.029508
17.023408
17.040408
17.052308
17.063708000000002
17.046608
17.044208
17.036208000000002
17.025308
17.030108000000002
17.039808
17.043908000000002
17.061408
17.083108
17.093608
17.085608
17.087208
17.085008000000002
17.089808
17.083108
17.089108
17.082508
17.073408
17.081308
17.084308
17.076208
17.076708
17.085408
17.059108000000002
17.054108
17.061408
17.063608000000002
17.062208000000002
17.052608
17.076808
17.074208000000002
17.073508
17.074508
17.056508
17.056908
17.055708
17.045808
17.044208
17.041808
17.044108
17.042808
17.042708
17.035308
17.025708
17.021508
17.012808
17.031708000000002
17.041808
17.042508
17.041908
17.045408000000002
17.059208
17.071408
17.064308
17.080308000000002
17.081508
17.085008000000002
17.075508
17.065508
17.071108000000002
17.063708000000002
17.056208
17.062308
17.083408000000002
17.083808
17.093308
17.093608
17.084308
17.084808000000002
17.073408
17.092008
17.095008
17.089008
17.102508
17.105608
17.087208
17.093608
17.079408
17.075608
17.090108
17.083108
17.098708000000002
17.093508
17.094108000000002
17.101808000000002
17.113908000000002
17.104608000000002
17.097308
17.094408
17.093608
17.094808
17.086208
17.085208
17.076908
17.077208000000002
17.067208
17.072708000000002
17.065108000000002
17.064308
17.061908000000003
17.061808
17.059408
17.052008
17.060908
17.062608
17.063708000000002
17.062208000000002
17.054608
17.054108
17.045008
17.052408
17.040908
17.040708000000002
17.049308
17.041708
17.033308
17.034008
17.025708
17.024408
17.018708
17.023908000000002
17.031708000000002
17.059908
17.070408
17.072008
17.072008
17.065108000000002
17.062308
17.063608000000002
17.062908
17.071008
17.071808
17.091708
17.093008
17.084008
17.084508
17.093008
17.101408
17.099808
17.118208
17.128808
17.130908
17.146508
17.151708
17.172108
17.180508
17.164808
17.148708
17.144008
17.135608
17.133108
17.118508000000002
17.122908000000002
17.151108
17.152808
17.129008000000002
17.132808
17.132508
17.116208
17.111208
17.110008
17.123208
17.124308
17.123708
17.113508
17.105708
17.097408
17.085408
17.090308
17.112408000000002
17.135508
17.152008000000002
17.134808
17.125208
17.132708
17.132908
17.126708
17.121508000000002
17.123708
17.135608
17.151208
17.125708
17.139708000000002
17.151108
17.161308000000002
17.151408
17.148908000000002
17.128608
17.134208
17.125308
17.132508
17.160108
17.162808000000002
17.170808
17.180008
17.156008
17.152608
17.138808
17.126308
17.099108
17.102108
17.098608000000002
17.093708
17.095008
17.111208
17.114408
17.105708
17.099208
17.101108
17.101208
17.102208
17.101608000000002
17.111408
17.124108
17.125308
17.106308000000002
17.093408
17.102708
17.104408
17.110208
17.110008
17.114808
17.112708
17.122308
17.125508
17.117108
17.122108
17.121008
17.119808
17.118208
17.128208
17.113208
17.122308
17.121408000000002
17.131208
17.134808
17.125808
17.139508
17.140408
17.143108
17.134408
17.141208000000002
17.142208
17.132508
17.143708
17.134208
17.133908
17.152608
17.151208
17.163208
17.163408
17.163408
17.173108
17.153708
17.139408
17.134408
17.127208
17.141408000000002
17.142108
17.152108000000002
17.160208
17.152908
17.152308
17.136308
17.125808
17.142408
17.144408000000002
17.125108
17.107108
17.113208
17.097308
17.060008
17.048108
17.045308000000002
17.054808
17.056808
17.073208
17.093308
17.102408
17.107008
17.104908000000002
17.113508
17.121908
17.124108
17.133908
17.143008000000002
17.138008
17.143308
17.143608
17.134208
17.135408
17.130408
17.130708000000002
17.152508
17.137708
17.143008000000002
17.125208
17.141008
17.145208
17.159408
17.163208
17.170708
17.165608000000002
17.146408
17.134108
17.118108
17.098808000000002
17.067808
17.072308
17.064308
17.072008
17.052408
17.059208
17.079208
17.091908
17.094408
17.093208
17.104808000000002
17.097408
17.093208
17.084208
17.083308000000002
17.091508
17.076908
17.073808
17.074908
17.066308
17.073508
17.082308
17.074308000000002
17.083908
17.066308
17.074508
17.082508
17.064708
17.074508
17.073508
17.091508
17.091608
17.067108
17.055508
17.052608
17.043408
17.042108000000002
17.025308
17.029108
17.040208
17.044608
17.053008000000002
17.044908
17.033508
17.032508
17.035708
17.034608000000002
17.016508
17.020208
17.030908
17.032508
17.024308
17.001608
17.016708
17.020008
17.012608
17.003908
17.011908000000002
17.032708
17.051608
17.079808
17.066908
17.063108
17.060608000000002
17.056208
17.015608
17.016508
17.015908
17.033008000000002
17.024708
17.050508
17.056208
17.039508
17.024108000000002
17.013008
17.004808
16.986208
16.979808000000002
16.980408
16.974308
16.992208
16.993808
17.011408
17.032108
17.044108
17.050808
17.059308
17.061108
17.070608
17.071608
17.073108
17.054408000000002
17.052208
17.055208
17.056508
17.054108
17.062808
17.073508
17.089708
17.090508
17.090508
17.074308000000002
17.073508
17.080808
17.100808
17.104408
17.133208
17.144808
17.137308
17.145408
17.152808
17.155108000000002
17.153008
17.134908
17.132308000000002
17.107608
17.093908
17.093008
17.084808000000002
17.067108
17.070708
17.079308
17.092708000000002
17.093008
17.083308000000002
17.100308000000002
17.112608
17.106608
17.086908
17.067208
17.058108
17.020108
16.997008
16.992808
17.000708
17.010408
17.020208
17.030008000000002
17.039708
17.033908
17.051108
17.053908
17.054408000000002
17.044108
17.041408
17.041508
17.032508
17.033908
17.025308
17.014108
17.041408
17.054008
17.063708000000002
17.072708000000002
17.081308
17.084908000000002
17.083808
17.066608000000002
17.039508
17.019808
17.004908
17.003308
16.975908
16.971108
16.980708
16.982108
16.990908
16.993308000000003
16.984608
16.959308
16.954708
16.944408
16.954408
16.944808000000002
16.948808
16.963708
16.954408
16.964008
16.964108
16.962708
16.979408
16.989908
17.001208000000002
17.001908
16.995808
16.976408
16.965708
16.964708
16.946208000000002
16.945508
16.939008
16.946208000000002
16.955908
16.955408000000002
16.954808
16.961408000000002
16.962208
16.972008000000002
16.975308000000002
16.972508
16.965108
16.956708
16.973108
16.988708
16.993308000000003
17.001208000000002
17.012208
17.021208
17.031508000000002
17.033308
17.026308
17.025808
17.008608000000002
17.003508
17.002208
17.002208
17.005208
17.011408
17.010608
17.012808
17.015308
17.004308
16.992608
16.983508
16.995008000000002
16.983808
16.990808
16.993608000000002
16.994708
16.993008
16.990608
17.013208000000002
17.006708
17.013508
17.025108
17.008308
17.007508
16.989708
16.993608000000002
16.995008000000002
16.985408
16.994308
17.004108000000002
17.003508
17.003008
16.976908
16.981908
16.992608
16.964008
16.933008
16.940108000000002
16.949308000000002
16.970908
16.973708000000002
17.009508
17.021708
16.998008000000002
16.996308
17.001608
16.994808
16.976408
16.966808
16.981308000000002
16.991908000000002
17.006508
17.018708
17.056808
17.054608
17.040908
17.042108000000002
17.009708
16.995108000000002
16.983108
16.973908
16.973208
16.962408
16.971008
16.974308
16.981908
16.991508
16.991508
17.013008
17.004808
17.027608
17.043908000000002
17.044208
17.045808
17.051608
17.052408
17.036808
17.026208
17.017408
17.005108
17.014908000000002
17.015508
17.006708
16.986508
16.993408000000002
16.993408000000002
16.994408
16.974708
16.984908
16.975608
16.974708
16.955708
16.962808
16.955508000000002
16.954108
16.971508
16.974508
16.958308000000002
16.945508
16.934408
16.931308
16.924508
16.950108
16.970808
17.002108
17.013908
17.015508
17.016508
17.006708
16.997908000000002
16.995408
16.992208
16.968308
16.954408
16.945008
16.924208
16.912008
16.905808
16.921408
16.925908
16.932508000000002
16.951808
16.961808
16.953808000000002
16.961608000000002
16.963208
16.971408
16.966708
16.956508
16.949908
16.953608
16.955308000000002
16.836208
