-1.636842
-1.5876199999999998
-1.6211099999999998
-1.624293
-1.5850689999999998
-1.5405799999999998
-1.487315
-1.483412
-1.4846869999999999
-1.496986
-1.526057
-1.538246
-1.5267529999999998
-1.504856
-1.489231
-1.4902929999999999
-1.5217749999999999
-1.533
-1.5535009999999998
-1.535102
-1.5319099999999999
-1.5231059999999998
-1.5096409999999998
-1.480381
-1.468867
-1.4556589999999998
-1.4353889999999998
-1.4353369999999999
-1.428651
-1.443226
-1.451768
-1.446086
-1.4238169999999999
-1.423625
-1.414936
-1.4100009999999998
-1.4160899999999998
-1.425749
-1.4410619999999998
-1.439533
-1.451142
-1.4364119999999998
-1.488295
-1.526972
-1.5389439999999999
-1.474543
-1.4635289999999999
-1.4779149999999999
-1.476856
-1.475099
-1.4797859999999998
-1.484284
-1.481971
-1.8905999999999998
-0.9838279999999999
-1.2997839999999998
-1.41733
-0.92973
-2.028333
-0.1931099999999999
-1.9827279999999998
-0.6440299999999999
-0.6982499999999998
-0.70455
-0.69041
-0.6218899999999998
-0.5653899999999998
-0.5044799999999998
-0.47868
-0.42835
-0.36178999999999983
-0.3194699999999999
-0.28676999999999997
-0.24429999999999996
-0.20736
-0.17076999999999987
-0.14623999999999993
-0.12561999999999984
-0.13507000000000002
-0.12552999999999992
-0.11871999999999994
-0.11100999999999983
-0.10205999999999982
-0.06523999999999996
-0.018469999999999986
0.006870000000000154
-0.0005899999999998684
0.0
-0.007769999999999833
0.005450000000000177
0.020890000000000075
0.042360000000000175
0.0763100000000001
0.0888500000000001
0.09274000000000004
0.09750999999999999
0.12794000000000016
0.15627000000000013
0.17478000000000016
0.19091999999999998
0.20159000000000016
0.22101000000000015
0.2546900000000001
0.26397000000000004
0.28091
0.29780000000000006
0.3181799999999999
0.3279300000000003
0.3160799999999999
0.3256999999999999
0.3301400000000001
0.3475800000000002
0.3525400000000003
0.37482000000000015
0.39697000000000005
0.41712000000000016
0.4371200000000002
0.44879000000000024
0.4700000000000002
0.4755799999999999
0.4868299999999999
0.49894000000000016
0.5028200000000003
0.5152300000000003
0.5341400000000003
0.5474000000000001
0.5436800000000002
0.5707900000000001
0.5867499999999999
0.5969800000000003
0.6091600000000001
0.63714
0.6515200000000001
0.6548000000000003
0.6556600000000001
0.66527
0.67774
0.6730700000000001
0.6926300000000003
0.72336
0.7422599999999999
0.7671999999999999
0.7762899999999999
0.77833
0.7981700000000003
0.81026
0.8303700000000003
0.8427600000000002
0.85859
0.8880500000000002
0.9099599999999999
0.93126
0.94014
0.9662899999999999
0.97574
0.9939200000000001
0.98671
0.9925999999999999
1.0141499999999999
1.04305
1.0358800000000001
1.0404900000000001
1.0614400000000002
1.0818699999999999
1.0878800000000002
1.1066700000000003
1.1486200000000002
1.1871200000000002
1.20527
1.21341
1.2190500000000002
1.22248
1.2242100000000002
1.2395800000000001
1.2511300000000003
1.2642700000000002
1.2787899999999999
1.27692
1.2787899999999999
1.2822400000000003
1.30165
1.32003
1.3255600000000003
1.33865
1.3628300000000002
1.38585
1.3924000000000003
1.4098700000000002
1.4212600000000002
1.4399800000000003
1.46619
1.48718
1.49085
1.4954200000000002
1.4910999999999999
1.4796300000000002
1.48727
1.4963899999999999
1.51085
1.52189
1.53722
1.5597500000000002
1.58371
1.5896500000000002
1.6023399999999999
1.6225800000000001
1.6219700000000001
1.63705
1.65699
1.6709200000000002
1.69672
1.7128999999999999
1.72723
1.7451400000000001
1.75022
1.75921
1.75927
1.7708
1.78964
1.79814
1.8089
1.82939
1.84193
1.8517200000000003
1.85576
1.859
1.8702900000000002
1.87893
1.8829799999999999
1.88219
1.9047100000000001
1.9115199999999999
1.91011
1.91405
1.93643
1.9474400000000003
1.94924
1.9628999999999999
1.9782199999999999
1.99628
1.98401
1.9980700000000002
2.00921
2.00637
2.0042
2.02752
2.0544100000000003
2.0643700000000003
2.07844
2.09503
2.10502
2.11031
2.10783
2.10366
2.11594
2.14997
2.16916
2.1906
2.22
2.23994
2.2457700000000003
2.2493100000000004
2.26349
2.27644
2.29629
2.3002599999999997
2.3117600000000005
2.31363
2.32181
2.3349599999999997
2.35816
2.37859
2.39877
2.4186199999999998
2.4510899999999998
2.4775600000000004
2.4913800000000004
2.5125
2.53317
2.54533
2.54774
2.55274
2.5505700000000004
2.5406700000000004
2.54694
2.5702800000000003
2.58758
2.5976999999999997
2.61541
2.63952
2.66031
2.6609
2.6641399999999997
2.67373
2.67933
2.6717899999999997
2.67469
2.7030399999999997
2.70937
2.74298
2.7718300000000005
2.78554
2.7854600000000005
2.7889299999999997
2.80828
2.8126499999999997
2.8313300000000003
2.84746
2.86348
2.8830999999999998
2.8891600000000004
2.8884800000000004
2.9040999999999997
2.9111200000000004
2.92535
2.9399699999999998
2.9587900000000005
2.95718
2.97499
2.9903500000000003
3.0011799999999997
3.00136
3.00507
3.00164
3.0163
3.02196
3.0422700000000003
3.05265
3.0618
3.09598
3.1061500000000004
3.1121100000000004
3.12871
3.1341099999999997
3.14912
3.1481500000000002
3.1487100000000003
3.14062
3.14152
3.1433600000000004
3.15419
3.1591700000000005
3.1451599999999997
3.1487100000000003
3.1595700000000004
3.17195
3.18264
3.2019599999999997
3.2239500000000003
3.2443
3.24855
3.26004
3.29293
3.30347
3.2996800000000004
3.29375
3.2971700000000004
3.2896099999999997
3.2649800000000004
3.18276
3.5484299999999998
2.8000499999999997
2.84164
2.6706000000000003
2.7478800000000003
2.74406
2.72396
2.7296199999999997
2.7500999999999998
2.76598
2.9416900000000004
2.5373799999999997
2.5792200000000003
2.85572
2.18114
2.5761000000000003
2.4819899999999997
2.5273000000000003
2.5533099999999997
2.9830300000000003
1.77251
2.3320100000000004
2.13171
3.2300000000000004
1.7616300000000003
2.4584599999999996
2.0297
2.4967300000000003
2.5529
2.52285
2.5285900000000003
2.5287100000000002
2.53536
2.54368
2.56013
2.54749
2.54978
2.5499799999999997
2.54017
2.5236099999999997
2.5323400000000005
2.5292000000000003
2.51194
2.5168999999999997
2.53191
2.51907
2.5142800000000003
2.51377
2.5246500000000003
2.53948
2.5356500000000004
2.5517700000000003
2.55776
2.5727400000000005
2.56593
2.5465
2.5464
2.53967
2.55405
2.5585199999999997
2.5731900000000003
2.5781099999999997
2.57599
2.56477
2.5587999999999997
2.52459
2.5689599999999997
2.6340399999999997
2.70817
2.65076
2.4115400000000005
2.46361
2.6025
2.61845
2.60905
2.6001200000000004
2.6104399999999996
2.6307099999999997
2.6065500000000004
2.6485200000000004
2.5426
2.4562800000000005
2.57627
2.6356200000000003
2.6380600000000003
2.63563
2.6291900000000004
2.6125300000000005
2.6304
2.10455
3.59779
1.9193500000000001
2.9254300000000004
3.1123700000000003
3.15135
3.1846300000000003
3.2535
3.3314500000000002
3.41639
3.47767
3.50913
3.55492
3.60034
3.6402400000000004
3.6819800000000003
3.73081
3.77116
3.80319
3.84061
3.8609400000000003
3.8621800000000004
3.8824300000000003
3.93278
3.9696
3.9837
3.99407
4.02074
4.0406
4.06175
4.08377
4.12314
4.1522
4.15205
4.16083
4.17941
4.17932
4.19556
4.21652
4.24967
4.27168
4.29795
4.30372
4.31769
4.35358
4.3497
4.35068
4.34981
4.36309
4.38811
4.38642
4.39718
4.41045
4.41621
4.43993
4.44217
4.45322
4.48351
4.4975700000000005
4.54087
4.56377
4.57207
4.59434
4.6162
4.63039
4.65745
4.67763
4.69784
4.72548
4.74972
4.7651
4.77757
4.77655
4.78137
4.7951
4.81916
4.8454
4.86542
4.88763
4.89978
4.92791
4.9403500000000005
4.96728
5.00622
5.03178
5.05216
5.07249
5.0953800000000005
5.12147
5.1552
5.17734
5.19336
5.20894
5.21769
5.22865
5.24113
5.25655
5.26083
5.27779
5.27904
5.29733
5.30675
5.30615
5.31095
5.31994
5.3354800000000004
5.34781
5.3682
5.38746
5.41565
5.41502
5.42037
5.41861
5.42919
5.45205
5.47042
5.47978
5.48989
5.49844
5.50982
5.50795
5.51934
5.53709
5.55033
5.57749
5.57986
5.58744
5.60788
5.61746
5.64434
5.66157
5.69439
5.7179400000000005
5.72421
5.7540700000000005
5.7609
5.77389
5.79082
5.79703
5.83471
5.87554
5.8997
5.92737
5.9391300000000005
5.9586
5.9741800000000005
6.0010900000000005
6.02998
6.0597
6.08003
6.09572
6.10558
6.11782
6.11867
6.11879
6.13662
6.14435
6.1354500000000005
6.15017
6.1624300000000005
6.17601
6.17231
6.1933
6.23016
6.23339
6.25961
6.27407
6.307919999999999
6.31879
6.34807
6.364369999999999
6.381130000000001
6.39288
6.403550000000001
6.412000000000001
6.415089999999999
6.4226399999999995
6.439159999999999
6.455
6.46649
6.470510000000001
6.49164
6.49868
6.508229999999999
6.504440000000001
6.5083
6.531230000000001
6.5481300000000005
6.5617
6.5832
6.61618
6.61411
6.6387599999999996
6.63406
6.640140000000001
6.66239
6.66873
6.68219
6.69993
6.719110000000001
6.72344
6.744339999999999
6.77317
6.79646
6.80377
6.82977
6.84235
6.848800000000001
6.86661
6.88068
6.873430000000001
6.8756900000000005
6.8515999999999995
6.862069999999999
6.86941
6.86961
6.878959999999999
6.885149999999999
6.89287
6.90667
6.91094
6.930059999999999
6.934660000000001
6.9490300000000005
6.96993
6.983370000000001
7.00821
7.03623
7.061909999999999
7.081440000000001
7.100490000000001
7.109019999999999
7.115209999999999
7.121880000000001
7.12871
7.14232
7.150080000000001
7.1773299999999995
7.191879999999999
7.20515
7.215260000000001
7.22012
7.238620000000001
7.251799999999999
7.2666900000000005
7.2664100000000005
7.270709999999999
7.29139
7.30489
7.316549999999999
7.32105
7.335240000000001
7.3301099999999995
7.3488500000000005
7.35918
7.3805
7.41615
7.45899
7.49414
7.5242
7.525589999999999
7.542199999999999
7.54513
7.56218
7.57535
7.588749999999999
7.595689999999999
7.62303
7.637969999999999
7.64691
7.659940000000001
7.670450000000001
7.69359
7.715300000000001
7.725
7.72344
7.73321
7.74822
7.742319999999999
7.752180000000001
7.764889999999999
7.79012
7.81133
7.8333200000000005
7.848840000000001
7.86941
7.880269999999999
7.880269999999999
7.8811800000000005
7.89246
7.91582
7.93877
7.944470000000001
7.950469999999999
7.9666
7.9735
7.97453
7.980740000000001
7.98321
7.9871099999999995
7.981809999999999
7.91822
8.31025
7.459530000000001
7.50437
7.3165700000000005
7.4504
7.4673
7.44984
7.43158
7.41085
7.37283
7.50817
7.3017199999999995
7.183669999999999
7.294359999999999
7.089639999999999
7.282310000000001
7.21312
7.199450000000001
7.02116
7.9250799999999995
5.80503
6.964119999999999
6.547750000000001
7.941090000000001
5.9428
6.73152
6.572000000000001
7.017390000000001
7.02544
7.0069099999999995
7.02422
7.032640000000001
7.030139999999999
7.031890000000001
7.027340000000001
7.042350000000001
7.0372
7.049300000000001
7.050230000000001
7.07118
7.0664
7.06556
7.06531
7.06509
7.058809999999999
7.031269999999999
7.02224
7.005140000000001
6.98822
6.98114
6.968640000000001
6.9799299999999995
6.98997
7.01018
7.0349699999999995
7.046290000000001
7.054080000000001
7.052350000000001
7.05673
7.041309999999999
7.0170200000000005
6.989599999999999
6.97339
6.968859999999999
6.9531600000000005
6.938879999999999
6.963699999999999
7.0372900000000005
7.16727
6.933339999999999
6.6838
6.85197
6.994110000000001
6.986470000000001
6.94722
6.94219
6.9206
6.9079
6.937749999999999
6.9085
6.74587
6.750489999999999
6.95237
6.97594
6.98719
6.97822
6.969519999999999
6.95298
6.952249999999999
6.4670000000000005
7.9470600000000005
6.3303899999999995
7.29668
7.573790000000001
7.6846499999999995
7.70898
7.757390000000001
7.79809
7.83752
7.85436
7.8941
7.931850000000001
7.9752600000000005
8.02333
8.08885
8.1615
8.21432
8.248850000000001
8.28125
8.29465
8.27495
8.26375
8.27075
8.28275
8.30625
8.33785
8.36685
8.38215
8.41365
8.44865
8.48655
8.52425
8.54885
8.58485
8.57485
8.60365
8.62625
8.65175
8.67465
8.67845
8.68955
8.71775
8.73365
8.75515
8.78735
8.82415
8.86375
8.89345
8.92295
8.93615
8.95855
8.96435
8.97125
8.98895
8.98745
9.01185
9.03295
9.04395
9.05325
9.09465
9.11845
9.14155
9.17825
9.20985
9.23385
9.24005
9.24945
9.25395
9.24635
9.24675
9.26705
9.29835
9.33225
9.35605
9.36675
9.39115
9.40435
9.42295
9.45485
9.46885
9.50305
9.53855
9.556750000000001
9.58065
9.58675
9.61895
9.63075
9.62065
9.63175
9.65285
9.65785
9.65915
9.66675
9.68435
9.69585
9.69505
9.71165
9.74265
9.78015
9.80685
9.84005
9.86355
9.88915
9.89155
9.89075
9.89935
9.90905
9.91075
9.91505
9.91685
9.927950000000001
9.93515
9.93545
9.96445
9.976750000000001
9.97895
9.99445
10.01985
10.02615
10.04295
10.073550000000001
10.10235
10.13075
10.14925
10.16795
10.17915
10.17825
10.17925
10.19085
10.20345
10.21895
10.25105
10.27755
10.30165
10.32425
10.33385
10.35805
10.37875
10.39025
10.39225
10.40425
10.41005
10.41985
10.44905
10.47975
10.50885
10.53855
10.55735
10.57555
10.59015
10.60675
10.63775
10.64705
10.66205
10.69615
10.68235
10.68795
10.68485
10.68835
10.69725
10.69875
10.72205
10.73955
10.752650000000001
10.76005
10.78215
10.80065
10.81165
10.82775
10.83935
10.83095
10.82815
10.84695
10.87015
10.86055
10.86945
10.88285
10.90545
10.92885
10.93805
10.95565
10.96705
11.002650000000001
11.02645
11.05445
11.06985
11.08125
11.09835
11.11725
11.11675
11.10545
11.11625
11.12585
11.14625
11.15375
11.18555
11.21555
11.22055
11.23325
11.24455
11.26775
11.26925
11.27455
11.27615
11.27865
11.29135
11.28665
11.29815
11.299150000000001
11.312850000000001
11.31875
11.33795
11.35285
11.35545
11.357850000000001
11.35405
11.36635
11.35905
11.36315
11.37605
11.39235
11.40825
11.43625
11.43895
11.45155
11.47265
11.48455
11.50485
11.52545
11.53535
11.53845
11.561350000000001
11.57225
11.58215
11.59195
11.623850000000001
11.64335
11.65175
11.65015
11.65425
11.66865
11.66395
11.65835
11.66205
11.68925
11.69175
11.70195
11.70725
11.72725
11.72305
11.74105
11.762550000000001
11.78485
11.78035
11.80845
11.81105
11.82775
11.83415
11.82765
11.85125
11.86255
11.86765
11.88215
11.87455
11.88735
11.91245
11.91725
11.92465
11.94935
11.96165
11.968350000000001
11.96325
11.97035
11.97035
11.98855
11.99035
12.01665
12.03535
12.05355
12.07875
12.09415
12.10095
12.09635
12.10055
12.11275
12.12585
12.14045
12.13715
12.15405
12.18115
12.19975
12.21335
12.22055
12.23215
12.24025
12.24345
12.250350000000001
12.25895
12.26305
12.27455
12.17535
12.415750000000001
11.85945
11.83485
11.57985
11.67065
11.68865
11.65605
11.61155
11.58375
11.52225
11.69025
11.50405
11.44805
11.57525
11.39545
11.56805
11.44715
11.45745
11.415750000000001
12.08595
10.43775
11.55875
11.22435
11.97255
10.41985
10.81525
10.82765
11.24195
11.24855
11.24595
11.26075
11.27065
11.29425
11.31325
11.32645
11.33715
11.32105
11.30095
11.27505
11.25205
11.21535
11.21045
11.21655
11.22645
11.23255
11.23745
11.22765
11.212250000000001
11.19895
11.18425
11.16645
11.13585
11.12005
11.12345
11.11315
11.11335
11.10335
11.10185
11.10605
11.10925
11.11145
11.08875
11.084950000000001
11.095650000000001
11.081150000000001
11.11105
11.18335
11.27235
11.33545
11.00635
10.84005
11.07855
11.17155
11.17905
11.16625
11.17615
11.16685
11.16815
11.20905
11.16495
10.77525
10.91785
11.14755
11.17835
11.18355
11.17245
11.18755
11.19005
11.19185
10.68935
12.04185
10.54885
11.42455
11.54245
11.64735
11.71525
11.76985
11.84555
11.89475
11.92555
11.99285
12.08405
12.16675
12.20165
12.232850000000001
12.26205
12.29785
12.34645
12.38925
12.41615
12.46045
12.48675
12.49975
12.52825
12.57185
12.57065
12.60625
12.63435
12.64925
12.66745
12.69585
12.73155
12.75145
12.75855
12.77445
12.79775
12.82705
12.83965
12.86145
12.88415
12.89905
12.88935
12.893650000000001
12.90525
12.92395
12.96305
12.99585
13.02545
13.05715
13.05465
13.06915
13.075050000000001
13.09445
13.12105
13.11705
13.145950000000001
13.16465
13.17455
13.187850000000001
13.22015
13.24615
13.26465
13.27645
13.29445
13.296850000000001
13.31175
13.31425
13.32305
13.33235
13.33685
13.35995
13.38705
13.43095
13.44675
13.45605
13.47635
13.49035
13.492750000000001
13.49095
13.50545
13.51875
13.54185
13.56825
13.59065
13.60975
13.62145
13.62605
13.63685
13.63885
13.65235
13.68715
13.70155
13.74375
13.78405
13.78305
13.77415
13.77795
13.80495
13.79575
13.78805
13.79175
13.79475
13.81195
13.82675
13.82135
13.84895
13.86905
13.87915
13.87985
13.89855
13.91975
13.92595
13.91235
13.93085
13.94535
13.95855
13.96895
13.99685
14.02545
14.028550000000001
14.02665
14.03835
14.03595
14.03845
14.03195
14.04625
14.05975
14.06245
14.09205
14.11105
14.13305
14.14075
14.14985
14.15425
14.17265
14.20115
14.21045
14.21465
14.227749999999999
14.238249999999999
14.231250000000001
14.24425
14.25035
14.278149999999998
14.30325
14.310049999999999
14.325349999999998
14.329749999999999
14.336350000000001
14.349649999999999
14.35395
14.36165
14.377650000000001
14.377049999999999
14.40085
14.420250000000001
14.42675
14.434050000000001
14.45085
14.45255
14.449050000000002
14.44855
14.459750000000001
14.46815
14.47255
14.482249999999999
14.47595
14.48205
14.490250000000001
14.476750000000001
14.48055
14.48045
14.47985
14.480749999999999
14.49095
14.502450000000001
14.50425
14.511249999999999
14.511349999999998
14.51515
14.523650000000002
14.53775
14.540450000000002
14.54595
14.551250000000001
14.56715
14.57015
14.574150000000001
14.581349999999999
14.58235
14.592149999999998
14.601249999999999
14.61455
14.63115
14.634549999999999
14.65515
14.663649999999999
14.67505
14.66775
14.673350000000001
14.697450000000002
14.697750000000001
14.690050000000001
14.693050000000001
14.708250000000001
14.71615
14.70455
14.69985
14.691149999999999
14.700349999999998
14.683950000000001
14.70085
14.705050000000002
14.716849999999999
14.738349999999999
14.73185
14.73765
14.750850000000002
14.75025
14.742949999999999
14.75275
14.760050000000001
14.771749999999999
14.781450000000001
14.79385
14.82015
14.824150000000001
14.825249999999999
14.81685
14.817649999999999
14.80325
14.813149999999998
14.82325
14.82465
14.83685
14.835949999999999
14.85235
14.86735
14.87325
14.880049999999999
14.89035
14.90555
14.90225
14.912550000000001
14.90985
14.90245
14.90085
14.886249999999999
14.87535
14.865049999999998
14.87215
14.89615
14.90425
14.912450000000002
14.926050000000002
14.933349999999999
14.910850000000002
14.90225
14.90265
14.90125
14.896949999999999
14.92205
14.93735
14.95905
14.96015
14.96065
14.968549999999999
14.960949999999999
14.97135
14.98945
15.00025
15.008049999999999
15.006749999999998
15.010050000000001
15.003749999999998
14.989849999999999
14.981250000000001
14.989749999999999
14.99255
15.009849999999998
15.019350000000001
15.01495
15.02275
15.02915
15.023349999999999
15.022049999999998
15.031149999999998
15.05785
15.058449999999999
15.05335
15.078449999999998
15.101249999999999
15.095650000000001
15.112150000000002
15.10095
15.113249999999999
15.10695
15.098049999999999
15.08195
15.075450000000002
14.978250000000001
15.30455
14.540650000000001
14.638250000000001
14.38835
14.48205
14.46345
14.430950000000001
14.389650000000001
14.333450000000001
14.283150000000001
14.42045
14.240049999999998
14.21765
14.44785
14.05925
14.321050000000001
14.20225
14.18355
14.60545
15.02865
13.09515
14.41015
14.398850000000001
14.890649999999999
13.73965
13.76465
13.66605
14.07175
14.09555
14.10035
14.12145
14.13395
14.13195
14.12665
14.10905
14.11505
14.11325
14.09295
14.09995
14.11395
14.12845
14.11205
14.09455
14.08415
14.07545
14.06055
14.05595
14.03795
14.03625
14.03305
14.00965
14.00865
14.01005
14.02425
14.03055
14.04235
14.02175
14.01725
14.01595
13.99895
13.96785
13.94025
13.92955
13.90655
13.90165
13.91595
13.98065
14.08565
14.09725
13.76525
13.63895
13.82215
13.95365
13.97185
13.97405
13.96025
13.94425
13.92875
13.92315
14.94525
16.409750000000003
16.010150000000003
14.76365
14.30365
14.16075
14.09535
14.05975
13.87475
10.99355
10.77665
12.96105
13.86185
13.96125
13.98245
13.97455
13.96665
13.96635
13.85275
14.08055
13.80355
14.470149999999999
14.380149999999999
14.51505
14.601350000000002
14.661150000000001
14.735249999999999
14.79905
14.854650000000001
14.897049999999998
14.936950000000001
14.990450000000001
15.030050000000001
15.062050000000001
15.086049999999998
15.102950000000002
15.11905
15.15575
15.177650000000002
15.19475
15.211049999999998
15.22845
15.23945
15.246250000000002
15.24085
15.25305
15.237150000000002
15.23495
15.233649999999999
15.249550000000001
15.255149999999999
15.27735
15.28185
15.28195
15.284350000000002
15.27735
15.30365
15.325650000000001
15.343950000000001
15.37175
15.37335
15.37225
15.37485
15.38745
15.40225
15.40085
15.42565
15.438049999999999
15.46165
15.459850000000001
15.44785
15.44185
15.439850000000002
15.463949999999999
15.47855
15.47385
15.481150000000001
15.488650000000002
15.492849999999999
15.50615
15.52115
15.543149999999999
15.552449999999999
15.55975
15.55025
15.549550000000002
15.55215
15.55185
15.56235
15.56745
15.592450000000001
15.62525
15.60635
15.624250000000002
15.61875
15.616249999999999
15.61715
15.615450000000001
15.60045
15.613449999999998
15.61855
15.626050000000001
15.63105
15.655050000000001
15.668750000000001
15.659550000000001
15.668450000000002
15.662350000000002
15.663850000000002
15.67555
15.67555
15.68295
15.67955
15.69245
15.699150000000001
15.69195
15.71505
15.724850000000002
15.71195
15.717049999999999
15.70705
15.711049999999998
15.69945
15.70705
15.703249999999999
15.71635
15.735249999999999
15.732550000000002
15.73805
15.736949999999998
15.74515
15.72565
15.71975
15.70905
15.716050000000001
15.718950000000001
15.709249999999999
15.710949999999999
15.71955
15.727950000000002
15.720350000000002
15.72995
15.721649999999999
15.733849999999999
15.72855
15.74215
15.748050000000001
15.764750000000001
15.770249999999999
15.77125
15.764149999999999
15.756749999999998
15.74065
15.728050000000001
15.72725
15.721749999999998
15.73025
15.72545
15.73475
15.72425
15.718549999999999
15.717550000000001
15.714150000000002
15.72595
15.72685
15.74245
15.758450000000002
15.76695
15.774949999999999
15.79885
15.81855
15.81865
15.818150000000001
15.813550000000001
15.80625
15.80045
15.781250000000002
15.77765
15.770950000000001
15.77435
15.799850000000001
15.805950000000001
15.808950000000001
15.829849999999999
15.830350000000001
15.840750000000002
15.83505
15.822149999999999
15.820649999999999
15.808649999999998
15.80485
15.779750000000002
15.77165
15.769350000000001
15.770750000000001
15.778049999999999
15.79415
15.795050000000002
15.78045
15.78845
15.78065
15.78045
15.79845
15.80945
15.82045
15.83855
15.87035
15.880650000000001
15.87335
15.866349999999999
15.862350000000001
15.864949999999999
15.863249999999999
15.869349999999999
15.84755
15.840549999999999
15.836350000000001
15.809949999999999
15.800849999999999
15.792050000000001
15.804049999999998
15.816249999999998
15.843950000000001
15.851249999999999
15.85095
15.84945
15.84015
15.829649999999999
15.80815
15.81705
15.830350000000001
15.836250000000001
15.84015
15.85355
15.86005
15.85955
15.862050000000002
15.86255
15.86115
15.87165
15.87375
15.873949999999999
15.88275
15.88445
15.87385
15.87815
15.880149999999999
15.868350000000001
15.860750000000001
15.86455
15.865049999999998
15.87035
15.874350000000002
15.897450000000001
15.899849999999999
15.897350000000001
15.90065
15.89335
15.89625
15.89445
15.89335
15.896949999999999
15.882150000000001
15.88425
15.88605
15.88085
15.869449999999999
15.872950000000001
15.889249999999999
15.895550000000002
15.908949999999999
15.91805
15.93735
15.944149999999999
15.94635
15.939749999999998
15.924249999999999
15.91445
15.908050000000001
15.892449999999998
15.889850000000001
15.89145
15.894250000000001
15.875449999999999
15.87805
15.88415
15.900049999999998
15.915650000000001
15.93575
15.944550000000001
15.94395
15.93305
15.912149999999999
15.909350000000002
15.921149999999999
15.92865
15.91935
15.93005
15.933449999999999
15.910449999999999
15.891350000000001
15.88135
15.879150000000001
15.87205
15.85495
15.84945
15.839150000000002
15.819049999999999
15.80825
15.80645
15.78175
15.78665
15.78695
15.80815
15.823649999999999
15.822349999999998
15.831349999999999
15.83395
15.813550000000001
15.764650000000001
15.81825
15.767850000000001
15.270850000000001
15.31975
15.28185
15.292150000000001
15.26685
15.258450000000002
15.228250000000001
15.19985
15.163749999999999
15.117949999999999
15.084750000000001
15.06395
15.06135
15.07015
15.058850000000001
15.069149999999999
15.086250000000001
15.075450000000002
15.056849999999999
15.043349999999998
15.033150000000001
15.023549999999998
15.01105
15.001050000000001
14.99985
14.996149999999998
14.99055
14.994950000000001
14.988750000000001
15.00025
14.99395
14.99555
15.002350000000002
15.00185
14.994449999999999
14.994950000000001
14.97555
14.960849999999999
14.94205
14.937949999999999
14.93425
14.929450000000001
14.92205
14.91915
14.92075
14.921149999999999
14.930449999999999
14.924750000000001
14.933449999999999
14.93935
14.93445
14.927549999999998
14.923150000000001
14.927850000000001
14.930449999999999
14.92365
14.92645
14.924249999999999
14.93915
14.93155
14.927650000000002
14.932450000000001
14.923150000000001
14.90265
14.88845
14.87625
14.86605
14.85635
14.83975
14.842350000000001
14.84895
14.829949999999998
14.816350000000002
14.81435
14.80305
14.798250000000001
14.800749999999999
14.79705
14.793349999999998
14.790750000000001
14.79425
14.80975
14.81135
14.810250000000002
14.81415
14.81555
14.82045
14.80965
14.78665
14.79125
14.76675
14.75295
14.73755
14.74505
14.74395
14.741549999999998
14.740450000000001
14.746550000000001
14.74055
14.732750000000001
14.732149999999999
14.747750000000002
14.73325
14.727649999999999
14.730749999999999
14.72255
14.711150000000002
14.70725
14.70105
14.69485
14.691550000000001
14.69185
14.694650000000001
14.68865
14.682150000000002
14.68925
14.683950000000001
14.672649999999999
14.663950000000002
14.661150000000001
14.66785
14.673150000000001
14.67715
14.686950000000001
14.69485
14.699050000000002
14.699050000000002
14.69785
14.70145
14.69995
14.680850000000001
14.65405
14.65275
14.651750000000002
14.64445
14.65405
14.66435
14.68745
14.68885
14.675949999999998
14.67095
14.67515
14.66195
14.65415
14.654750000000002
14.65405
14.65515
14.64975
14.64645
14.643849999999999
14.635150000000001
14.63235
14.639550000000002
14.639550000000002
14.61855
14.621350000000001
14.633450000000002
14.64055
14.645750000000001
14.64335
14.63395
14.616750000000001
14.60485
14.59135
14.59305
14.60235
14.613750000000001
14.63885
14.633550000000001
14.633149999999999
14.632050000000001
14.63865
14.62345
14.607650000000001
14.590850000000001
14.57955
14.555549999999998
14.55485
14.53185
14.529649999999998
14.552449999999999
14.572550000000001
14.581750000000001
14.58685
14.59015
14.575650000000001
14.58525
14.581750000000001
14.58525
14.59445
14.613750000000001
14.62805
14.61465
14.615250000000001
14.632150000000001
14.621550000000001
14.619449999999999
14.616750000000001
14.61565
14.608749999999999
14.59475
14.586350000000001
14.56845
14.55315
14.54735
14.546149999999999
14.545350000000001
14.543650000000001
14.556949999999999
14.56215
14.572650000000001
14.581750000000001
14.59775
14.598550000000001
14.604349999999998
14.612250000000001
14.609050000000002
14.593750000000002
14.58265
14.595049999999999
14.60835
14.601550000000001
14.60375
14.615250000000001
14.607850000000001
14.593649999999998
14.58715
14.57195
14.57155
14.582849999999999
14.578550000000002
14.561950000000001
14.558349999999999
14.561750000000002
14.56135
14.55315
14.546349999999999
14.552449999999999
14.548250000000001
14.543149999999999
14.516150000000001
14.523349999999999
14.512950000000002
14.49575
14.487150000000002
14.48805
14.49405
14.48185
14.470550000000001
14.46025
14.447049999999999
14.452350000000001
14.45575
14.46615
14.48305
14.48305
14.49105
14.48035
14.46965
14.441249999999998
14.41305
14.39935
14.39035
14.38265
14.37965
14.369950000000001
14.37965
14.389249999999999
14.39145
14.37785
14.36275
14.37075
14.36125
14.362250000000001
14.34605
14.336350000000001
14.331249999999999
14.325550000000002
14.331750000000001
14.31375
14.305750000000002
14.28695
14.293650000000001
14.30055
14.302249999999999
14.323950000000002
14.333250000000001
14.342550000000001
14.34945
14.330350000000001
14.324150000000001
14.314850000000002
14.30055
14.278149999999998
14.25935
14.242949999999999
14.22435
14.21575
14.20925
14.19775
14.196250000000001
14.19405
14.20725
14.21265
14.21655
14.234350000000001
14.24715
14.255650000000001
14.25425
14.25425
14.258049999999999
14.255550000000001
14.24405
14.250750000000002
14.245849999999999
14.256950000000002
14.255650000000001
14.267850000000001
14.278450000000001
14.24565
14.249149999999998
14.246550000000001
14.245849999999999
14.24975
14.24685
14.253749999999998
14.273249999999999
14.26665
14.252049999999999
14.252350000000002
14.243250000000002
14.242949999999999
14.240049999999998
14.22575
14.24245
14.243049999999998
14.26095
14.265849999999999
14.288950000000002
14.30675
14.32005
14.32505
14.309949999999999
14.29585
14.28065
14.26795
14.241549999999998
14.234250000000001
14.235650000000001
14.22435
14.235249999999999
14.237250000000001
14.23325
14.230749999999999
14.22745
14.23895
14.22405
14.22075
14.21175
14.22285
14.22725
14.19195
14.18235
14.18625
14.17975
14.18315
14.19085
14.20035
14.21105
14.200050000000001
14.18065
14.16315
14.15625
14.15305
14.14585
14.15115
14.15415
14.16915
14.16035
14.15935
14.15645
14.15535
14.14535
14.12785
14.12005
14.11075
14.08945
14.09685
14.10485
14.11235
14.12035
14.13355
14.15185
14.13905
14.127650000000001
14.14145
14.13315
14.13455
14.12935
14.12045
14.10845
14.09345
14.07975
14.08015
14.07935
14.06955
14.06705
14.05425
14.04615
14.04285
14.03355
14.03205
14.02915
14.02075
14.01545
14.02315
14.02895
14.02845
14.00835
14.01495
14.00405
13.98235
13.98125
13.96995
13.97845
13.96215
13.95635
13.95965
13.95915
13.94865
13.95345
13.96505
13.96945
13.96615
13.96505
13.96065
13.94655
13.93385
13.94485
13.94945
13.94775
13.95775
13.95305
13.96175
13.95785
13.95195
13.95245
13.95105
13.94865
13.93335
13.93895
13.94405
13.93975
13.93305
13.93955
13.94745
13.94465
13.956150000000001
13.94175
13.92695
13.91445
13.91965
13.92895
13.94375
13.94995
13.94175
13.94845
13.95395
13.94425
13.92025
13.92275
13.92695
13.91565
13.91495
13.91825
13.90225
13.88315
13.88275
13.881450000000001
13.89945
13.90825
13.92985
13.93515
13.92135
13.92205
13.90895
13.88865
13.86525
13.84905
13.85285
13.85245
13.83795
13.85125
13.85125
13.83865
13.81395
13.80735
13.80795
13.80975
13.811350000000001
13.80975
13.79865
13.79475
13.799150000000001
13.79335
13.77775
13.76205
13.76205
13.77655
13.76045
13.74875
13.73415
13.74965
13.74485
13.73765
13.74345
13.73835
13.74345
13.73475
13.72345
13.72295
13.73165
13.72515
13.75045
13.75205
13.75185
13.75075
13.75375
13.76065
13.76295
13.75475
13.74295
13.74965
13.74345
13.734350000000001
13.72915
13.73215
13.74695
13.76195
13.75215
13.75515
13.73385
13.73525
13.72725
13.70465
13.69085
13.67665
13.66285
13.66025
13.64735
13.64805
13.655850000000001
13.65805
13.66095
13.67375
13.68245
13.68605
13.67395
13.66525
13.65895
13.66075
13.65305
13.65535
13.64155
13.66045
13.65835
13.65575
13.64935
13.65075
13.65115
13.65415
13.66095
13.66345
13.68035
13.67885
13.67945
13.64605
13.63885
13.62785
13.62315
13.61425
13.61645
13.61255
13.60685
13.62075
13.62055
13.59705
13.59855
13.58745
13.58795
13.58375
13.60815
13.60865
13.60865
13.62125
13.63175
13.61645
13.60665
13.59125
13.57485
13.54045
13.524750000000001
13.51985
13.51605
13.53235
13.552950000000001
13.57445
13.58545
13.58685
13.57055
13.55315
13.54285
13.53205
13.52595
13.51295
13.51405
13.52915
13.51355
13.51775
13.50225
13.49965
13.49765
13.50465
13.50945
13.50175
13.50145
13.49965
13.49015
13.47695
13.45595
13.46125
13.45665
13.44865
13.47035
13.468350000000001
13.46905
13.47315
13.47745
13.48125
13.46335
13.462250000000001
13.44495
13.44235
13.44375
13.42935
13.44265
13.44895
13.44705
13.43045
13.41825
13.40915
13.40415
13.41345
13.42205
13.42165
13.42175
13.43135
13.43325
13.41625
13.40275
13.40125
13.40865
13.40765
13.41735
13.42715
13.42665
13.42445
13.44065
13.44355
13.43975
13.42905
13.41225
13.40025
13.38425
13.37185
13.37035
13.34415
13.33285
13.33545
13.331150000000001
13.33895
13.341050000000001
13.34345
13.35795
13.361650000000001
13.34315
13.31635
13.31325
13.31235
13.32305
13.31485
13.31325
13.31485
13.30455
13.296850000000001
13.28115
13.286950000000001
13.29425
13.30865
13.30015
13.28405
13.28885
13.27145
13.27075
13.25235
13.24895
13.25075
13.25325
13.24965
13.250350000000001
13.23175
13.23265
13.24395
13.23815
13.26595
13.28495
13.29045
13.28205
13.27135
13.26885
13.26005
13.26005
13.25075
13.250350000000001
13.25215
13.24145
13.25465
13.25485
13.262550000000001
13.25785
13.26605
13.26095
13.25275
13.24685
13.21845
13.19905
13.17995
13.16385
13.15805
13.15415
13.16585
13.17605
13.18895
13.20815
13.20705
13.20245
13.19085
13.18645
13.18285
13.16395
13.18045
13.19145
13.19945
13.18815
13.18355
13.18815
13.18335
13.17275
13.15835
13.16155
13.16395
13.15605
13.16285
13.16585
13.17995
13.19375
13.20595
13.22345
13.22345
13.23325
13.23525
13.22235
13.20785
13.22425
13.23015
13.224450000000001
13.21375
13.21285
13.21715
13.22195
13.20785
13.18755
13.19155
13.198550000000001
13.177950000000001
13.15645
13.14145
13.139850000000001
13.14235
13.14855
13.13315
13.13165
13.13165
13.12435
13.11945
13.12075
13.12585
13.123850000000001
13.12345
13.12345
13.12295
13.11715
13.123850000000001
13.13355
13.13205
13.13935
13.15015
13.15265
13.14335
13.14285
13.13355
13.12715
13.13025
13.11765
13.12715
13.11945
13.12055
13.11075
13.11575
13.10355
13.10925
13.13465
13.12175
13.11655
13.11365
13.11055
13.10925
13.08765
13.09825
13.09675
13.10765
13.12275
13.11945
13.11075
13.10485
13.10255
13.08835
13.08065
13.09255
13.09415
13.09255
13.09875
13.10075
13.08965
13.07495
13.07475
13.06575
13.065150000000001
13.06235
13.05305
13.03685
13.004950000000001
13.012550000000001
13.01295
13.01515
13.02515
13.04175
13.03895
13.040750000000001
13.03745
13.04225
13.03445
13.04895
13.04755
13.05015
13.03995
13.04845
13.04625
13.02335
13.02235
13.01605
13.02075
12.99185
12.98635
12.99695
13.00165
12.99645
12.98735
12.98395
12.98525
12.99285
12.982850000000001
12.97055
12.97345
12.97475
12.94535
12.93755
12.92845
12.91535
12.92785
12.91545
12.93115
12.92425
12.91725
12.90615
12.89235
12.86045
12.82795
12.80835
12.77435
