1.06931
1.03085
0.901886
0.735077
0.6539
0.580414
0.415253
0.431732
0.761169
0.019928
0.71463
-0.144531
0.899841
-0.289063
0.197601
-0.137878
-0.806641
0.0870361
-0.0170288
2.4869E-14
-1.57639
-0.763733
-1.19461
-1.24179
-1.44427
-1.461
-1.54764
-2.46875
-2.55045
-8.46719
42.2695
49.3828
54.7305
58.2188
60.0887
61.023
61.5738
61.8731
62.1117
62.3598
62.5997
62.7813
62.9415
63.1184
63.2845
63.4532
63.5907
63.731
63.8895
64.0658
64.2313
64.3583
64.4891
64.6099
64.7231
64.8208
64.9485
65.056
65.1638
65.2739
65.3795
65.4697
65.5873
65.7084
65.7388
65.6441
65.7229
65.9948
66.1581
66.1837
66.208
66.2376
66.2653
66.2685
66.2684
66.2607
66.2505
64.7405
62.0385
61.2025
60.931
61.953
63.7443
63.6795
68.1161
68.4219
68.1462
68.0353
67.9928
67.9244
67.8654
67.7979
67.731
67.6197
67.5235
67.4435
67.3453
67.2654
67.172
67.084
66.9544
66.8173
66.6919
66.6051
66.5216
66.4611
66.3828
66.304
66.2161
66.12
66.0216
65.9712
65.8927
65.8044
65.736
65.6559
65.5989
65.5528
65.5103
65.4825
65.4446
65.3567
65.2798
65.1898
65.1165
65.0841
65.0415
65.004
64.9743
64.9173
64.8864
64.8552
64.8274
64.8189
64.8032
64.7915
64.7735
64.7571
64.7423
64.7622
64.7556
64.754
64.7524
64.7454
64.7063
64.695
64.6899
64.7212
64.811
61.7095
3.73096
1.79266
1.63251
1.6001
1.60986
1.63297
1.65439
1.70007
1.7196
1.77008
1.7915
1.82391
1.8501
1.83017
1.84195
1.84033
1.83252
1.84851
1.88953
1.89078
1.90906
1.90439
1.91064
1.90906
1.88297
1.88171
1.88797
1.87976
1.87125
1.86023
1.86023
1.84851
1.8486
1.84891
1.83057
1.8486
1.83914
1.82907
1.80438
1.81424
1.79462
1.77478
1.76883
1.76852
1.76883
1.75711
1.74899
1.73602
1.71774
1.71805
1.71619
1.70477
1.69666
1.71454
1.70642
1.69852
1.67859
1.66891
1.69031
1.70798
1.75555
1.79471
1.84344
1.88611
1.89267
1.85837
1.80438
-0.425995
-2.20187
-2.46506
-3.33624
-0.834198
3.24744
1.83563
-1.42599
-1.37531
-1.4928
-1.78351
-1.03226
-2.34406
-2.27405
-2.29678
-2.29358
-3.06476
-5.38538
-7.18234
-7.56976
-1.67258
0.315796
3.91415
-0.914276
-7.42413
-7.08264
-4.81671
-0.582642
0.525177
0.634857
0.638062
0.634857
0.645874
0.816101
0.938446
0.964935
1.44351
1.64273
1.30603
1.30127
1.27359
3.1658
1.50244
2.30289
1.75406
1.9744
2.14462
2.32556
2.38641
2.32556
2.19345
2.01697
1.86697
1.70477
1.55447
1.37314
1.20486
1.0314
0.785248
0.673981
0.802887
0.947052
0.255951
-0.0482788
-13.6467
-267.664
-252.795
-242.285
-241.594
-244.483
-247.534
-250.295
-252.496
-254.396
-255.858
-256.646
-257.076
-257.147
-256.965
-256.595
-256.138
-255.516
-254.707
-253.837
-252.895
-251.914
-250.818
-249.697
-248.476
-247.257
-246.076
-244.859
-243.558
-242.283
-240.997
-239.646
-238.297
-236.947
-235.556
-234.226
-232.897
-231.514
-230.127
-228.697
-227.324
-225.917
-224.478
-223.047
-221.645
-220.257
-218.828
-217.424
-216.027
-214.621
-213.187
-211.797
-210.365
-208.949
-207.578
-206.216
-204.808
-203.434
-202.06
-200.689
-199.306
-197.919
-196.499
-195.099
-193.778
-192.447
-191.076
-189.736
-188.387
-187.048
-185.735
-184.416
-183.148
-181.838
-180.545
-179.218
-177.868
-176.568
-175.279
-174.007
-172.754
-171.457
-170.128
-168.887
-167.586
-166.349
-165.048
-163.816
-162.581
-161.328
-159.999
-158.712
-157.519
-156.316
-155.086
-153.886
-152.687
-151.514
-150.337
-149.147
-147.952
-146.777
-145.75
-144.586
-143.727
-142.368
-140.592
-139.445
-138.402
-137.448
-136.397
-135.34
-135.054
-133.807
-132.485
-131.177
-129.762
-129.15
-127.765
-126.326
-125.049
-123.724
-124.39
-122.054
-121.009
-119.283
-119.669
-117.678
-116.707
-114.978
-113.824
-112.756
-111.659
-110.607
-109.515
-108.473
-107.452
-106.419
-105.398
-104.417
-103.424
-102.383
-101.362
-100.375
-99.4041
-98.4044
-97.437
-96.447
-95.4401
-94.4599
-93.4615
-92.4713
-91.4501
-90.5299
-89.581
-88.6458
-87.6608
-86.7298
-85.8194
-84.849
-83.8701
-82.9307
-81.9599
-81.038
-80.0822
-79.1447
-78.1849
-77.2064
-76.2684
-75.324
-74.4303
-73.6659
-72.8033
-71.6413
-70.5148
-69.6002
-68.6967
-67.844
-66.9357
-66.1053
-65.2131
-64.3244
-63.4647
-62.638
-61.5365
-60.6536
-59.7716
-58.9565
-58.1595
-57.3178
-56.4845
-55.5756
-56.2806
-55.5134
-51.7407
-50.3767
-49.5908
-48.7455
-47.9564
-47.1638
-46.3209
-45.5041
-44.7588
-43.955
-43.1627
-42.437
-41.712
-40.9702
-40.2382
-39.4882
-38.7859
-38.0636
-37.3441
-36.6366
-35.8983
-35.1972
-34.4769
-33.7527
-33.055
-32.3636
-31.6483
-30.9667
-30.248
-29.5237
-28.8262
-28.1565
-27.4292
-26.7495
-26.0288
-25.3804
-24.6659
-23.9359
-23.2855
-22.5894
-21.8866
-21.2104
-20.4991
-19.7788
-19.1073
-18.4276
-17.7577
-17.1023
-16.4682
-15.823
-15.0909
-14.4194
-13.7937
-13.1401
-12.4721
-11.7737
-11.1222
-10.4569
-9.83936
-9.16748
-8.50928
-7.88196
-7.24124
-6.5925
-5.93234
-5.26077
-4.58273
-3.91116
-3.28351
-2.62015
-2.03351
-1.3999
-0.817871
-0.239685
0.417267
1.06775
1.67548
2.3158
2.90555
3.51688
4.08023
4.73602
5.34705
5.95322
6.57556
7.22626
7.83533
8.38797
9.01852
9.59695
10.1888
10.7556
11.3373
11.9239
12.558
13.2052
13.7458
14.3064
14.9419
15.5447
16.1068
16.654
17.2162
17.7849
18.4154
18.9942
19.515
20.115
20.6579
21.2181
21.8032
22.3256
22.9435
23.486
24.0545
24.6149
25.1771
25.7833
26.3025
26.881
27.424
27.9829
28.4939
29.0838
29.6349
30.1541
30.7049
31.311
31.824
32.4337
32.9239
33.4318
33.9549
34.5353
35.0419
35.5252
36.0123
36.5841
37.1036
37.6134
38.1267
38.6544
39.1541
39.6459
40.1349
40.6248
41.1427
41.6724
42.174
42.6853
43.2114
43.7408
44.2049
44.7248
45.2248
45.7329
46.1951
46.7166
47.2052
47.6955
48.2052
48.7134
49.2115
49.6642
50.1346
50.6427
51.1102
51.6021
52.1021
52.581
53.0615
53.5205
54.0138
54.5318
54.9943
55.4794
55.9318
56.422
56.9318
57.354
57.7834
58.2443
58.7033
59.174
59.6118
60.0689
60.5135
60.9615
61.4205
61.8325
62.3127
62.772
63.2033
63.6821
64.1412
64.5986
65.0595
65.481
65.9174
66.3681
66.8404
67.2834
67.692
68.1724
68.6349
69.063
69.4826
69.9138
70.3325
70.7818
71.2408
71.6412
72.0709
72.4716
72.8931
73.3244
73.7313
74.1525
74.5728
75.0513
75.4826
75.8716
76.2623
76.6513
77.1005
77.4908
77.883
78.3162
78.7052
79.1021
79.5185
79.9498
80.3697
80.7885
81.2115
81.6119
82.0513
82.4419
82.8682
83.2919
83.6525
84.0627
84.465
84.8439
85.2231
85.633
86.0513
86.4322
86.7931
87.1708
87.5595
87.9404
88.3209
88.7197
89.0923
89.4923
89.9025
90.27
90.6573
91.0517
91.4013
91.7802
92.1591
92.5302
92.8927
93.2736
93.6494
94.0205
94.442
94.8423
95.1689
95.5205
95.8896
96.2427
96.6216
97.0107
97.3735
97.7408
98.1119
98.4795
98.8326
99.1724
99.5713
99.9322
100.313
100.661
100.989
101.37
101.76
102.118
102.473
102.801
103.164
103.514
103.854
104.184
104.522
104.901
105.253
105.382
105.73
105.784
106.44
107.335
107.662
107.907
108.077
108.317
108.671
107.956
108.759
109.209
109.299
110.394
110.089
110.823
111.446
111.904
112.338
110.858
112.91
112.943
113.884
112.542
114.156
114.43
115.427
115.772
116.101
116.496
116.874
117.207
117.55
117.882
118.204
118.543
118.872
119.221
119.532
119.831
120.151
120.491
120.831
121.161
121.485
121.833
122.179
122.503
122.823
123.158
123.506
123.849
124.167
124.49
124.819
125.149
125.48
125.813
126.15
126.464
126.782
127.101
127.476
127.846
128.196
128.542
128.841
129.072
129.272
129.599
130.257
130.753
131.098
131.404
131.699
132.016
132.316
132.637
132.919
133.168
133.446
134.122
134.462
134.73
134.953
135.218
135.525
135.806
136.129
134.991
135.051
138.305
139.166
139.414
139.681
140.003
140.311
140.6
140.865
141.159
141.432
141.687
141.912
142.151
142.399
142.622
142.868
143.111
143.331
143.561
143.811
144.066
144.321
144.574
144.834
145.056
145.265
145.483
145.739
145.979
146.203
146.45
146.692
146.891
147.118
147.37
147.61
147.831
148.061
148.28
148.53
148.806
149.077
149.349
149.608
149.813
150.002
150.221
150.487
150.744
150.988
151.246
151.432
151.653
151.862
152.12
152.378
152.639
152.872
153.102
153.336
153.533
153.761
153.988
154.264
154.548
154.797
155.019
155.279
155.517
155.737
155.976
156.239
156.478
156.699
156.931
157.21
157.439
157.65
157.878
158.15
158.39
158.599
158.828
159.05
159.298
159.546
159.785
160.023
160.244
160.466
160.687
160.943
161.197
161.437
161.667
161.896
162.108
162.336
162.554
162.816
163.028
163.254
163.478
163.697
163.947
164.174
164.404
164.643
164.872
165.104
165.308
165.514
165.754
166.008
166.238
166.465
166.667
166.924
167.136
167.363
167.594
167.825
168.043
168.275
168.494
168.726
168.957
169.174
169.401
169.643
169.863
170.083
170.305
170.545
170.765
170.983
171.203
171.424
171.666
171.881
172.103
172.304
172.524
172.744
172.955
173.174
173.391
173.615
173.834
174.035
174.256
174.455
174.667
174.863
175.094
175.306
175.514
175.713
175.912
176.125
176.316
176.525
176.723
176.944
177.141
177.332
177.55
177.783
178.032
178.274
178.483
178.713
178.922
179.133
179.342
179.585
179.813
180.03
180.243
180.442
180.654
180.883
181.104
181.282
181.481
181.681
181.904
182.11
182.331
182.542
182.723
182.934
183.149
183.354
183.551
183.744
183.934
184.153
184.354
184.549
184.78
184.983
185.2
185.42
185.643
185.854
186.043
186.241
186.432
186.628
186.84
187.03
187.229
187.453
187.631
187.854
188.061
188.262
188.473
188.652
188.873
189.065
189.233
189.43
189.63
189.821
190.009
190.202
190.402
190.604
190.785
190.963
191.145
191.311
191.494
191.699
191.91
192.11
192.311
192.503
192.728
192.934
193.113
193.305
193.462
193.649
193.854
194.083
194.27
194.42
194.592
194.792
194.979
195.161
195.342
195.553
195.753
195.94
196.14
196.339
196.55
196.759
196.968
197.169
197.352
197.503
197.681
197.859
198.042
198.231
198.432
198.641
198.809
198.981
199.181
199.39
199.591
199.751
199.95
200.143
200.313
200.501
200.67
200.842
201.03
201.22
201.431
201.599
201.78
201.958
202.128
202.301
202.489
202.67
202.862
203.032
203.221
203.411
203.589
203.544
203.772
203.604
204.118
204.834
205.015
205.096
205.101
205.13
205.202
204.549
204.907
205.34
205.417
206.289
205.847
206.326
206.716
207.093
207.227
205.628
207.496
207.345
208.199
206.701
208.113
208.191
209.051
209.269
209.432
209.65
209.852
210.058
210.259
210.432
210.601
210.762
210.94
211.122
211.284
211.462
211.623
211.811
211.971
212.19
212.362
212.533
212.741
212.942
213.173
213.499
213.818
213.995
214.169
214.361
214.579
214.761
214.968
215.141
215.321
215.501
215.682
215.882
216.088
216.287
216.491
216.73
216.911
217.033
217.084
217.223
217.669
218.034
218.24
218.398
218.563
218.726
218.924
219.123
219.275
219.395
219.604
220.109
220.297
220.432
220.565
220.715
220.854
221.053
221.275
220.07
220.123
223.052
223.723
223.899
224.086
224.258
224.439
224.592
224.759
224.931
225.038
225.131
225.221
225.315
225.461
225.581
225.74
225.842
225.96
226.094
226.2
226.313
226.45
226.551
226.664
226.783
226.89
227
227.157
227.27
227.381
227.471
227.587
227.71
227.829
227.966
228.069
228.184
228.319
228.438
228.54
228.669
228.818
228.96
229.073
229.192
229.311
229.438
229.576
229.716
229.867
229.995
230.122
230.259
230.368
230.479
230.587
230.697
230.827
230.968
231.079
231.219
231.359
231.478
231.62
231.769
231.888
232.007
232.128
232.275
232.417
232.546
232.695
232.819
232.955
233.097
233.234
233.37
233.496
233.597
233.739
233.868
234.03
234.186
234.337
234.476
234.617
234.736
234.87
234.996
235.138
235.267
235.386
235.533
235.638
235.777
235.906
236.048
236.185
236.316
236.437
236.556
236.669
236.797
236.916
237.035
237.154
237.313
237.475
237.597
237.713
237.826
237.945
238.074
238.185
238.305
238.445
238.586
238.723
238.863
238.984
239.135
239.283
239.414
239.543
239.676
239.818
239.962
240.102
240.244
240.385
240.522
240.654
240.785
240.934
241.035
241.164
241.274
241.385
241.535
241.692
241.844
241.983
242.105
242.229
242.355
242.502
242.652
242.793
242.932
243.045
243.164
243.284
243.43
243.551
243.672
243.815
243.963
244.087
244.207
244.324
244.471
244.612
244.735
244.901
245.063
245.183
245.297
245.414
245.543
245.682
245.793
245.899
246.035
246.154
246.264
246.411
246.532
246.67
246.811
246.93
247.064
247.186
247.304
247.414
247.532
247.654
247.792
247.936
248.083
248.204
248.354
248.492
248.615
248.731
248.842
248.991
249.14
249.241
249.362
249.493
249.625
249.76
249.901
250.024
250.141
250.274
250.393
250.493
250.631
250.762
250.901
251.042
251.172
251.313
251.424
251.569
251.68
251.799
251.912
252.05
252.151
252.265
252.401
252.563
252.741
300.333
521.721
531.922
535.342
537.811
539.711
541.316
542.641
543.79
544.778
545.681
546.47
547.22
547.922
548.532
549.084
549.62
550.172
550.661
551.131
551.494
551.883
552.269
552.631
552.969
553.29
553.599
553.913
554.195
554.472
554.741
555.022
555.292
555.532
555.772
556.012
556.233
556.431
556.631
556.821
556.991
557.182
557.362
557.542
557.71
557.872
558.042
558.222
558.398
558.579
558.733
558.87
559.019
559.169
559.313
559.442
559.571
559.702
559.841
559.994
560.19
560.438
560.638
560.778
560.862
560.88
560.641
558.717
556.808
556.978
555.776
555.984
560.37
562.904
560.116
558.164
557.803
557.824
558.019
558.792
557.467
557.405
557.369
557.43
554.692
552.632
551.605
552.868
559.702
561.994
565.028
555.116
553.603
555.449
555.471
560.925
561.475
562.521
558.911
561.331
557.147
556.874
557.37
556.892
558.049
557.789
557.828
557.903
559.113
560.33
559.325
559.697
558.873
558.812
558.923
559.065
559.203
559.328
559.451
559.573
559.719
559.841
559.96
560.099
560.224
560.335
560.444
560.534
560.635
560.715
560.825
560.926
561.018
561.121
561.207
561.294
561.371
561.459
561.557
561.664
561.761
561.825
561.816
561.684
561.689
562.086
562.353
562.446
562.498
562.568
562.622
562.671
562.695
562.718
562.73
561.951
560.295
559.913
559.856
559.267
560.657
559.823
557.238
555.938
558.604
559.883
560.127
560.177
560.242
560.296
560.32
560.388
560.304
557.951
560.892
562.181
562.306
562.401
562.534
562.656
562.8
562.914
563.019
563.086
563.148
563.236
563.298
563.395
563.491
563.589
563.638
563.677
563.708
563.754
563.83
563.914
563.974
563.998
564.017
564.045
564.071
564.15
564.209
564.229
564.271
564.324
564.372
564.456
564.493
564.56
564.606
564.602
564.602
564.609
564.655
564.73
564.78
564.815
564.829
564.833
564.851
564.867
564.904
564.945
564.994
565.01
565.031
565.03
565.056
565.084
565.153
565.189
565.241
565.251
565.262
565.326
565.357
565.405
565.445
565.478
565.493
565.493
565.508
565.52
565.565
565.595
565.59
565.625
565.661
565.697
565.719
565.74
565.78
565.81
565.818
565.837
565.857
565.877
565.896
565.934
565.967
565.97
565.999
566.011
566.047
566.068
566.087
566.109
566.138
566.187
566.201
566.228
566.267
566.274
566.27
566.272
566.282
566.29
566.326
566.337
566.356
566.388
566.398
566.393
566.396
566.397
566.419
566.465
566.486
566.507
566.542
566.59
566.622
566.648
566.667
566.689
566.677
566.672
566.669
566.697
566.717
566.747
566.777
566.8
566.829
566.851
566.86
566.87
566.899
566.902
566.913
566.921
566.949
566.968
566.98
566.998
567.019
567.014
567.04
567.042
567.071
567.099
567.1
567.12
567.133
567.13
567.161
567.189
567.2
567.218
567.241
567.241
567.241
567.26
567.267
567.27
567.279
567.316
567.329
567.329
567.342
567.361
567.398
567.421
567.432
567.44
567.45
567.462
567.479
567.481
567.499
567.535
567.553
567.563
567.552
567.571
567.588
567.599
567.608
567.627
567.658
567.669
567.69
567.69
567.73
567.741
567.749
567.751
567.752
567.771
567.787
567.8
567.818
567.839
567.842
567.86
567.86
567.85
567.87
567.874
567.893
567.903
567.919
567.968
567.989
568.001
568.019
568.05
568.051
568.073
568.084
568.073
568.063
568.05
568.041
568.051
568.06
568.081
568.109
568.14
568.151
568.143
568.141
568.151
568.161
568.163
568.169
568.189
568.212
568.233
568.225
568.241
568.251
568.253
568.279
568.272
568.272
568.262
568.259
568.278
568.295
568.319
568.337
568.35
568.352
568.369
568.381
568.399
568.402
568.421
568.439
568.46
568.47
568.47
568.498
568.517
568.521
568.538
568.568
568.569
568.571
568.561
568.571
568.579
568.573
568.591
568.591
568.6
568.622
568.61
568.636
568.633
568.648
568.659
568.669
568.672
568.688
568.68
568.702
568.704
568.728
568.758
568.771
568.779
568.772
568.772
568.756
568.72
568.717
568.733
568.761
568.8
568.834
568.842
568.768
568.3
568.553
568.531
568.535
568.54
568.548
568.574
568.581
568.61
568.623
568.643
568.663
568.682
568.695
568.713
568.733
568.76
568.784
568.82
568.851
568.834
568.831
568.842
568.842
568.851
568.842
568.859
568.872
568.888
568.908
568.902
568.926
568.969
568.988
568.999
569.001
569.003
569.005
569.013
569.013
569.042
569.07
569.083
569.102
569.102
569.11
569.34
569.48
569.293
569.288
569.258
569.266
569.289
569.291
569.287
569.297
569.308
569.312
569.307
569.315
569.324
569.325
569.352
569.356
569.383
569.393
569.404
569.398
569.385
569.404
569.407
569.399
569.399
569.399
569.393
569.4
569.392
569.41
569.419
569.418
569.418
569.409
569.398
569.419
569.401
569.391
569.419
569.429
569.429
569.44
569.457
569.472
569.468
569.486
569.507
569.509
569.511
569.537
569.556
569.568
569.579
569.595
569.607
569.599
569.59
569.578
569.589
569.564
569.578
569.589
569.599
569.599
569.608
569.6
569.619
569.609
569.619
569.63
569.649
569.651
569.651
569.671
569.654
569.649
569.647
569.675
569.688
569.702
569.712
569.712
569.713
569.703
569.695
569.708
569.738
569.749
569.751
569.769
569.772
569.78
569.782
569.798
569.79
569.81
569.829
569.832
569.852
569.834
569.822
569.822
569.84
569.862
569.882
569.893
569.922
569.906
569.914
569.914
569.934
569.934
569.95
569.963
569.955
569.952
569.95
569.952
569.958
569.95
569.96
569.962
569.963
569.97
569.963
569.965
569.964
569.978
569.988
569.991
569.989
570.006
570.027
570.02
570.038
570.076
570.079
570.099
570.1
570.1
570.089
570.081
570.091
570.091
570.083
570.091
570.111
570.104
570.081
570.097
570.109
570.099
570.089
570.097
570.115
570.112
570.117
570.125
570.119
570.126
570.119
570.137
570.158
570.151
570.135
570.14
570.158
570.171
570.159
570.177
570.202
570.215
570.218
570.207
570.215
570.241
570.237
570.257
570.269
569.785
569.779
570.568
569.362
569.286
569.39
569.441
569.462
570.357
571.578
572.74
575.395
574.95
572.098
571.287
571.332
571.432
571.482
571.472
568.321
566.876
567.334
567.399
567.052
563.314
558.357
554.703
554.328
557.627
567.27
575.479
562.833
556.238
556.529
558.62
560.176
560.976
560.981
561.104
567.309
569.974
570.597
570.769
570.892
571.023
571.214
568.112
563.569
