-0.0232911
0.00491631
0.0269134
0.041574
0.0498503
0.0437163
0.0696228
0.100995
0.108261
0.104797
0.110165
0.108636
0.114029
0.107925
0.096524
0.0870361
0.0779846
0.0843353
0.101117
0.122711
0.154407
0.168839
0.169019
0.180258
0.187268
0.182645
0.172302
0.1707
0.168625
0.185886
0.208572
0.215634
0.218677
0.215768
0.225952
0.237491
0.251419
0.259128
0.268948
0.275421
0.282462
0.289792
0.295715
0.299796
0.319257
0.312546
0.310059
0.313473
0.29411
0.292743
0.298004
0.310779
0.300659
-0.255746
0.666298
0.510228
0.377892
1.19576
-0.990429
2.19168
-0.15099
0.56396
0.394424
0.359576
0.358716
0.355246
0.338315
0.350705
0.368408
0.371747
0.382062
0.368832
0.360596
0.388748
0.410947
0.423779
0.433041
0.418698
0.413843
0.430969
0.45148
0.489465
0.520221
0.536706
0.542587
0.544226
0.575134
0.568546
0.567181
0.554657
0.585272
0.604175
0.621591
0.611499
0.611661
0.617932
0.636414
0.661359
0.70549
0.726007
0.740311
0.748279
0.763275
0.783978
0.803949
0.826202
0.87796
0.911456
0.932992
0.934509
0.940277
0.940423
0.963428
0.970502
0.986279
0.99646
1.00311
1.01804
1.01429
1.02169
1.03431
1.05286
1.0741
1.11157
1.12715
1.13329
1.12365
1.14507
1.16632
1.19449
1.21467
1.24221
1.24982
1.25157
1.26967
1.28727
1.32704
1.37164
1.40776
1.43769
1.4691
1.47964
1.46615
1.47126
1.47388
1.4781
1.48675
1.50823
1.5238
1.53271
1.56912
1.5932
1.62493
1.63968
1.65387
1.65742
1.67591
1.69319
1.70097
1.69261
1.71212
1.72722
1.75552
1.78854
1.80629
1.82366
1.82892
1.83949
1.83527
1.82835
1.84909
1.87447
1.89275
1.90992
1.93277
1.95312
1.95898
1.96722
1.98148
1.98433
1.99316
1.99637
1.98855
2.00025
2.00862
2.03316
2.04436
2.05349
2.07459
2.09487
2.10353
2.12793
2.17881
2.20764
2.23084
2.23901
2.24484
2.24884
2.25266
2.26343
2.26909
2.29791
2.29172
2.30256
2.3168
2.33609
2.34994
2.35814
2.37828
2.38026
2.40579
2.43089
2.45299
2.48134
2.48985
2.49789
2.50245
2.51425
2.53394
2.57478
2.60143
2.63255
2.6573
2.67946
2.67801
2.70215
2.70953
2.72532
2.74341
2.75791
2.76884
2.78998
2.78401
2.80211
2.81191
2.82192
2.85319
2.85205
2.87561
2.86653
2.88024
2.87967
2.8927
2.90721
2.9274
2.95427
2.96834
2.97329
2.99076
2.9991
3.0177
3.03537
3.05899
3.06351
3.07916
3.09675
3.08914
3.10109
3.12773
3.14476
3.15541
3.15953
3.16192
3.16388
3.16713
3.17191
3.19117
3.20801
3.26012
3.29238
3.30255
3.31211
3.32063
3.33394
3.32848
3.32048
3.32671
3.33476
3.35013
3.37515
3.39212
3.41656
3.44019
3.48262
3.49582
3.48925
3.49007
3.47992
3.48255
3.49557
3.50558
3.53678
3.55713
3.58531
3.61449
3.62693
3.65838
3.66893
3.70132
3.71503
3.74624
3.77477
3.78695
3.78784
3.79485
3.80299
3.808
3.81848
3.8294
3.84333
3.86341
3.86177
3.86456
3.86464
3.86734
3.87378
3.88683
3.88423
3.90303
3.94319
3.96109
3.97402
3.98482
3.99952
4.01718
4.0363
4.04852
4.0621
4.0735
4.06769
4.07176
4.09182
4.11117
4.1139
4.13554
4.16002
4.17179
4.17163
4.18606
4.20776
4.22729
4.24629
4.27229
4.27574
4.28551
4.29071
4.28665
4.28615
4.29037
4.30737
4.33679
4.36556
4.39682
4.42171
4.42821
4.44566
4.45871
4.45851
4.45623
4.34574
5.2747
3.73509
4.44433
4.44332
4.42675
4.42712
4.42602
4.42457
4.41116
4.44206
4.58722
4.43675
4.36143
4.51721
4.41908
4.5025
4.49143
4.47061
4.47559
4.49783
4.575
4.59184
4.60675
4.619
4.57966
4.5703
4.58319
4.56207
4.56641
4.56965
4.5702
4.57924
4.57095
4.5678
4.54324
4.5348
4.50937
4.49528
4.49899
4.49658
4.50793
4.50858
4.52022
4.53254
4.53438
4.52318
4.53484
4.54467
4.54478
4.51671
4.51812
4.52825
4.52066
4.52445
4.5412
4.54752
4.55233
4.56495
4.56796
4.55384
4.55936
4.56263
4.55695
4.5541
4.56505
4.55675
4.58005
4.59602
4.59496
4.5844
4.58026
4.56256
4.57566
4.58356
4.58181
4.58024
4.57231
4.58496
4.60101
4.64049
4.58369
4.40664
4.53025
4.58787
4.58358
4.59295
4.61119
4.62004
4.67399
3.98199
6.02154
4.64345
4.60184
4.77437
4.80105
4.8179
4.84671
4.8817
4.88231
4.88149
4.87101
4.87466
4.88031
4.90572
4.92395
4.94801
4.9752
4.98883
4.98532
4.99348
5.00835
5.02003
5.03953
5.07236
5.08577
5.08671
5.09551
5.09621
5.10431
5.10931
5.13664
5.16327
5.1955
5.22042
5.24495
5.25759
5.26499
5.29997
5.32765
5.3502
5.37379
5.41388
5.43605
5.44565
5.46151
5.4836
5.5
5.52606
5.54039
5.56695
5.59241
5.59704
5.63237
5.63609
5.66037
5.68948
5.72463
5.75622
5.79279
5.8242
5.84816
5.87146
5.89821
5.90419
5.91371
5.92062
5.93018
5.9534
5.98172
6.01483
6.01712
6.0321
6.05396
6.0842
6.09929
6.12054
6.15212
6.16272
6.16998
6.18962
6.21077
6.22164
6.24001
6.28067
6.30603
6.33203
6.35277
6.37634
6.39285
6.41145
6.4254
6.43929
6.4443
6.45096
6.44688
6.45404
6.48408
6.50798
6.54764
6.56999
6.58961
6.6204
6.64563
6.6648
6.68469
6.71462
6.74706
6.77435
6.79266
6.82053
6.84668
6.88389
6.92343
6.93937
6.95549
6.98215
6.98529
6.98709
6.99025
7.01001
7.04608
7.08465
7.12747
7.16104
7.2017
7.21625
7.21898
7.22419
7.2366
7.25231
7.2675
7.28927
7.30703
7.32808
7.34099
7.34237
7.35208
7.36613
7.37383
7.37123
7.38633
7.41236
7.43164
7.45685
7.48489
7.51096
7.53168
7.54254
7.55399
7.56019
7.57953
7.60033
7.62344
7.65938
7.68585
7.71527
7.73476
7.74372
7.77672
7.78888
7.77677
7.79238
7.81214
7.82103
7.83391
7.84674
7.86164
7.89033
7.90085
7.91922
7.9402
7.96612
7.99671
8.00173
8.02295
8.05569
8.08648
8.09582
8.13119
8.15969
8.16316
8.18012
8.17851
8.20653
8.21339
8.22601
8.24095
8.24893
8.26805
8.28335
8.29749
8.32179
8.35901
8.39651
8.43907
8.45829
8.47705
8.48491
8.50273
8.50766
8.50784
8.5259
8.54417
8.54364
8.54867
8.55855
8.57527
8.58141
8.5975
8.60413
8.62985
8.65741
8.67363
8.69942
8.69823
8.7314
8.76503
8.7709
8.78976
8.79774
8.83574
8.86089
8.88613
8.88316
8.89075
8.91214
8.93832
8.96523
8.97043
8.9936
9.01042
9.02261
9.04483
9.05675
9.07371
9.09021
9.10488
9.12648
9.1381
9.13354
9.13331
9.15327
9.15112
9.16019
9.18404
9.21564
9.24222
9.25894
9.29381
9.31576
9.33797
9.35807
9.36784
9.38417
9.40059
9.42434
9.43843
9.45225
9.47639
9.50413
9.51245
9.53406
9.54138
9.56207
9.58214
9.61218
9.64273
9.66191
9.68665
9.69595
9.70484
9.73019
9.74094
9.74368
9.78917
9.81717
9.83574
9.8488
9.87285
9.89433
9.89199
9.89227
9.88954
9.91386
9.91576
9.93968
9.96849
9.97795
10.0023
10.0228
10.0312
10.0542
10.071
10.0792
10.1154
10.1325
10.1637
10.1802
10.2028
10.2126
10.0297
10.6683
9.87352
10.2342
10.1282
10.1158
10.1204
10.1234
10.1403
10.1354
10.2317
10.3022
10.1993
10.2563
10.1933
10.2574
10.299
10.2508
10.2545
10.2773
10.2556
10.2317
10.2935
10.3371
10.3168
10.2978
10.3177
10.3412
10.3317
10.3522
10.3344
10.3219
10.3119
10.2958
10.2828
10.2704
10.267
10.2894
10.3149
10.3091
10.3006
10.2893
10.2827
10.2608
10.251
10.2304
10.2344
10.2292
10.2185
10.2205
10.2288
10.2375
10.2576
10.2686
10.2676
10.2734
10.2882
10.2826
10.282
10.2733
10.2686
10.2574
10.2461
10.2625
10.2746
10.2904
10.2992
10.2932
10.27
10.2598
10.2275
10.2177
10.2274
10.2632
10.2707
10.2686
10.2725
10.2773
10.2806
10.2789
10.2336
10.0749
10.1528
10.3115
10.3208
10.3095
10.2999
10.2911
10.2801
10.2509
9.54575
11.5977
10.4299
10.4569
10.4654
10.5232
10.5575
10.6024
10.6419
10.6727
10.6685
10.6662
10.6835
10.6967
10.7338
10.7666
10.8002
10.8275
10.8567
10.8825
10.8985
10.9145
10.944
10.9399
10.9383
10.9619
11.0128
11.0449
11.0636
11.081
11.1245
11.164
11.1991
11.2356
11.2763
11.2787
11.2962
11.313
11.3386
11.3747
11.3947
11.4065
11.4337
11.4669
11.4934
11.5168
11.5448
11.5779
11.6169
11.6366
11.6679
11.6945
11.733
11.7638
11.8031
11.8211
11.8506
11.8736
11.9147
11.9428
11.9547
11.9892
12.0204
12.0444
12.0797
12.1113
12.147
12.1725
12.1919
12.2265
12.2475
12.2829
12.298
12.3277
12.3382
12.3723
12.3882
12.4069
12.4309
12.4643
12.4877
12.503
12.5271
12.5527
12.5658
12.5737
12.6017
12.6399
12.6717
12.7105
12.7411
12.7861
12.7946
12.8259
12.8469
12.8757
12.8972
12.9331
12.9572
12.9739
12.9975
13.0347
13.0547
13.0845
13.1034
13.1431
13.1738
13.1974
13.2112
13.2271
13.2615
13.2917
13.3095
13.3278
13.3713
13.3924
13.4364
13.4605
13.4893
13.5181
13.5307
13.5573
13.5786
13.5915
13.6034
13.6233
13.6582
13.6811
13.7059
13.7306
13.7479
13.7514
13.7901
13.8201
13.8372
13.8772
13.9089
13.9363
13.9643
13.9967
14.0225
14.0368
14.0591
14.0869
14.1275
14.1423
14.156
14.181
14.1924
14.2057
14.2414
14.2748
14.2998
14.3228
14.3609
14.3803
14.3891
14.399
14.4223
14.4592
14.4877
14.5209
14.5657
14.5825
14.5839
14.5925
14.6012
14.6111
14.6421
14.667
14.6962
14.728
14.7716
14.7995
14.8236
14.8631
14.8901
14.9131
14.9317
14.9543
14.9554
14.9676
14.9783
15.0068
15.0367
15.0666
15.0952
15.1377
15.1694
15.1818
15.1855
15.1924
15.1868
15.1989
15.2154
15.2376
15.2527
15.2855
15.3166
15.3518
15.3876
15.3962
15.4114
15.4444
15.4605
15.4622
15.476
15.4975
15.526
15.5559
15.5913
15.6038
15.6185
15.6293
15.6498
15.6599
15.6687
15.6882
15.7265
15.7645
15.779
15.7978
15.813
15.8232
15.8178
15.8267
15.838
15.8582
15.8711
15.8675
15.8838
15.9045
15.9112
15.9315
15.9585
15.9901
16.0132
16.0293
16.0483
16.0782
16.0975
16.1189
16.1451
16.1502
16.1703
16.1859
16.1885
16.206
16.2172
16.2347
16.2526
16.2715
16.3035
16.3519
16.3728
16.3875
16.4103
16.4233
16.4453
16.4554
16.4792
16.49
16.5125
16.5281
16.5516
16.5665
16.5835
16.6035
16.6058
16.6271
16.6417
16.651
16.6662
16.6882
16.7182
16.7334
16.74
16.7789
16.7944
16.8035
16.8028
16.8154
16.8168
16.8325
16.8689
16.9065
16.937
16.9554
16.9734
16.9923
16.9984
17.0076
17.004
17.0078
17.0083
17.0034
16.9991
17.019
17.0427
17.0786
17.0943
16.9399
17.7392
16.5604
17.0754
17.1085
17.1109
17.1373
17.1545
17.1382
17.1254
17.1666
17.2628
17.0935
17.1516
17.1538
17.1435
17.1875
17.104
17.0881
17.1119
17.0952
17.0804
17.1664
17.168
17.1393
17.1089
17.1204
17.1532
17.1713
17.1727
17.1697
17.1534
17.1442
17.1327
17.1211
17.1234
17.1358
17.1245
17.1258
17.1308
17.1238
17.1233
17.1204
17.1254
17.1324
17.1432
17.1545
17.1646
17.1672
17.1708
17.159
17.1628
17.1648
17.1684
17.1681
17.1877
17.1885
17.1841
17.1688
17.1779
17.1781
17.1802
17.1884
17.2015
17.2084
17.2134
17.2311
17.2368
17.2154
17.202
17.1914
17.1844
17.1907
17.2425
17.2354
17.2204
17.2063
17.1914
17.1676
17.1704
17.1075
16.9428
17.082
17.2446
17.2736
17.2606
17.2333
17.2245
17.185
17.1713
16.4709
18.5711
17.4412
17.3767
17.4094
17.4339
17.4532
17.469
17.4876
17.5297
17.5602
17.5978
17.6158
17.6366
17.6473
17.6855
17.7036
17.7471
17.7738
17.8105
17.86
17.9099
17.9496
17.9817
17.9962
18.0125
18.0184
18.0401
18.0806
18.1279
18.1719
18.2094
18.2309
18.2531
18.2755
18.3045
18.3291
18.3711
18.411
18.4406
18.4756
18.4916
18.5125
18.5555
18.5996
18.6226
18.643
18.6739
18.6918
18.7028
18.7304
18.7386
18.7543
18.7899
18.8201
18.8569
18.905
18.9575
18.9983
19.0175
19.0605
19.0851
19.1137
19.1691
19.1948
19.2191
19.2369
19.2326
19.2336
19.2454
19.2595
19.2693
19.3077
19.3461
19.3669
19.396
19.4324
19.4719
19.5031
19.5337
19.5568
19.5739
19.5738
19.5966
19.6193
19.6398
19.642
19.6542
19.6756
19.7069
19.7205
19.7368
19.7666
19.8018
19.8266
19.8548
19.8705
19.8781
19.8908
19.9003
19.9098
19.9289
19.9497
19.9758
20.0079
20.0411
20.0704
20.0611
20.074
20.0814
20.0916
20.1088
20.1281
20.1539
20.1831
20.2017
20.2247
20.2491
20.2522
20.2702
20.2824
20.2986
20.2976
20.3125
20.3256
20.3183
20.3428
20.3618
20.3919
20.3975
20.4098
20.4246
20.4312
20.4495
20.465
20.4986
20.5132
20.5356
20.5613
20.5789
20.5845
20.6041
20.6093
20.633
20.6459
20.661
20.683
20.7261
20.7576
20.7692
20.787
20.8012
20.7991
20.8017
20.804
20.8178
20.8271
20.8377
20.877
20.9128
20.9185
20.9433
20.9561
20.9637
20.9652
20.9724
20.9831
20.9919
21.0005
21.0329
21.049
21.0554
21.0693
21.0642
21.078
21.0646
21.0832
21.0972
21.109
21.1395
21.1566
21.1519
21.1554
21.1772
21.1923
21.2006
21.2346
21.2586
21.2595
21.2652
21.2662
21.279
21.2921
21.3029
21.3322
21.3322
21.3313
21.3246
21.3188
21.3086
21.3142
21.3132
21.313
21.3352
21.3421
21.3654
21.3642
21.383
21.3886
21.3879
21.4019
21.405
21.4241
21.4445
21.4523
21.4502
21.445
21.4579
21.4769
21.4838
21.4891
21.4962
21.5303
21.5623
21.5832
21.5782
21.5756
21.5655
21.5656
21.5613
21.5529
21.5534
21.56
21.5787
21.5839
21.6082
21.6092
21.6206
21.6341
21.6496
21.663
21.6731
21.6759
21.674
21.6793
21.6768
21.6672
21.6696
21.6736
21.6889
21.703
21.7144
21.7301
21.7352
21.7384
21.7403
21.755
21.7605
21.7762
21.8013
21.8199
21.8541
21.8543
21.8527
21.8485
21.8256
21.8199
21.8132
21.8316
21.8464
21.881
21.9054
21.9158
21.9184
21.9337
21.9369
21.933
21.9321
21.9365
21.9411
21.9407
21.9371
21.9649
21.9879
21.9874
22.0042
22.0396
22.06
22.043
22.0245
22.0265
22.0201
22.0027
21.9888
21.9981
22.0086
22.0101
22.0105
22.0128
22.0067
22.0062
21.8235
22.6595
21.5802
21.9033
21.904
21.946
21.979
21.9846
21.976
21.9618
21.9593
22.0241
21.9222
21.9083
21.9115
21.9947
22.0041
21.9682
21.9968
22.0129
21.9529
21.9121
22.0096
22.0098
21.9753
21.961
22.0231
22.0359
22.0105
21.9936
21.9666
21.9612
21.9377
21.9372
21.9308
21.9136
21.9021
21.9188
21.9232
21.9191
21.9329
21.9408
21.9257
21.9236
21.9198
21.9001
21.878
21.8791
21.8834
21.8835
21.8918
21.8891
21.8727
21.8468
21.8365
21.8363
21.8256
21.8513
21.8781
21.8898
21.8999
21.9167
21.9177
21.8977
21.907
21.9243
21.9306
21.9458
21.9304
21.882
21.8793
21.8645
21.8834
21.9102
21.9135
21.9056
21.9005
21.9078
21.9106
21.9199
23.0769
24.3301
23.5191
22.4645
22.1474
22.1215
22.0962
22.1117
21.7857
19.1812
19.5198
21.2894
21.8363
21.9582
21.9748
21.9563
21.9545
21.9524
21.7147
22.0983
21.9469
22.6755
22.0119
22.0205
22.0127
22.0318
22.0645
22.0864
22.0966
22.087
22.0834
22.0801
22.0877
22.0811
22.1014
22.105
22.1123
22.1056
22.1176
22.1101
22.125
22.1343
22.1145
22.1083
22.107
22.1059
22.123
22.1182
22.1169
22.1176
22.1301
22.1457
22.1672
22.1669
22.1849
22.2001
22.2053
22.2119
22.2381
22.2459
22.2507
22.2586
22.2527
22.2451
22.2394
22.2384
22.2658
22.2723
22.2744
22.2683
22.2586
22.2606
22.2701
22.2591
22.2549
22.2588
22.278
22.2946
22.2742
22.2865
22.2951
22.3031
22.3082
22.3078
22.3004
22.3118
22.3223
22.3297
22.3516
22.3731
22.3799
22.3861
22.3986
22.4153
22.4142
22.4202
22.4095
22.3883
22.3917
22.3896
22.3829
22.3648
22.3656
22.3626
22.363
22.3693
22.3679
22.3925
22.391
22.3949
22.4028
22.3909
22.3798
22.3651
22.3506
22.3506
22.3516
22.3617
22.3741
22.359
22.3664
22.3735
22.3694
22.3821
22.4056
22.4344
22.4474
22.4564
22.4736
22.4797
22.4712
22.4707
22.4706
22.4905
22.4916
22.4833
22.4971
22.5047
22.5114
22.5146
22.5138
22.5141
22.5178
22.5236
22.5191
22.5301
22.5357
22.5418
22.5471
22.5305
22.5124
22.4904
22.5172
22.5161
22.5033
22.496
22.5135
22.5177
22.521
22.5486
22.5495
22.5493
22.5561
22.5417
22.5249
22.4916
22.4924
22.4705
22.4588
22.4543
22.4662
22.4732
22.4781
22.501
22.5123
22.5023
22.4871
22.4995
22.4852
22.4875
22.4913
22.4985
22.5086
22.5134
22.5282
22.5402
22.5434
22.5533
22.5536
22.5502
22.5444
22.548
22.5464
22.5526
22.5519
22.5431
22.5432
22.5535
22.5691
22.5776
22.5847
22.5844
22.5683
22.5514
22.5455
22.5453
22.5238
22.524
22.5146
22.5193
22.5189
22.5193
22.5243
22.5279
22.5363
22.5497
22.5529
22.5425
22.543
22.5377
22.5207
22.5013
22.5012
22.5201
22.5118
22.5354
22.5347
22.5362
22.534
22.5121
22.508
22.4882
22.4837
22.4763
22.4747
22.4785
22.489
22.4982
22.5103
22.5174
22.5271
22.5297
22.5428
22.5273
22.5077
22.5117
22.5135
22.5129
22.507
22.5183
22.5177
22.5249
22.5087
22.5023
22.5046
22.5126
22.518
22.516
22.5259
22.5271
22.5378
22.5469
22.5496
22.5509
22.5572
22.5636
22.5583
22.5557
22.5544
22.5706
22.5831
22.5848
22.5831
22.5795
22.5847
22.575
22.5564
22.5594
22.5743
22.5947
22.6057
22.6072
22.6231
22.6138
22.6195
22.6123
22.6009
22.6065
22.6069
22.6032
22.577
22.5667
22.5789
22.575
22.5609
22.5586
22.5469
22.5447
22.5463
22.5414
22.5528
22.5636
22.5632
22.5838
22.5945
22.5902
22.582
22.5821
22.574
22.575
22.5574
22.5497
22.5413
22.5607
22.5539
22.5572
22.5447
22.5421
22.534
22.5245
22.6919
22.3026
22.4905
22.453
22.4024
22.3805
22.4266
22.4374
22.4498
22.4585
22.4525
22.4451
22.434
22.4337
22.4336
22.423
22.4278
22.4354
22.4432
22.4331
22.4288
22.4276
22.4412
22.447
22.458
22.4638
22.4711
22.4899
22.4849
22.4805
22.49
22.4841
22.4798
22.4795
22.4755
22.4674
22.4608
22.4533
22.4431
22.4345
22.4394
22.4449
22.4597
22.477
22.4869
22.487
22.4716
22.4618
22.4597
22.4544
22.4656
22.4774
22.4813
22.4862
22.4838
22.4832
22.4783
22.5014
22.5091
22.5178
22.5267
22.5159
22.5287
22.5078
22.488
22.4717
22.4597
22.4668
22.4734
22.4701
22.473
22.4622
22.4567
22.4295
22.4114
22.4109
22.4168
22.4103
22.4378
22.4527
22.464
22.4516
22.4658
22.4561
22.4434
22.4186
22.4156
22.4273
22.4319
22.4255
22.4285
22.4291
22.4245
22.4151
22.3965
22.3933
22.4044
22.4159
22.4139
22.4148
22.408
22.3991
22.394
22.3809
22.3943
22.4132
22.4144
22.4282
22.4337
22.4423
22.445
22.442
22.4499
22.448
22.4545
22.4522
22.4601
22.4693
22.4569
22.4432
22.4275
22.4059
22.3838
22.3678
22.3679
22.3687
22.3882
22.4127
22.4243
22.4361
22.4409
22.4358
22.4138
22.3947
22.3806
22.3738
22.3714
22.371
22.381
22.3884
22.4077
22.4181
22.3961
22.3736
22.3592
22.3723
22.3814
22.3779
22.3873
22.4042
22.4084
22.41
22.388
22.3847
22.3659
22.3493
22.3276
22.3207
22.3142
22.3171
22.3075
22.2974
22.2916
22.3078
22.3045
22.2953
22.2996
22.3015
22.2976
22.2937
22.2927
22.2927
22.2894
22.2957
22.2865
22.2728
22.2716
22.2853
22.2902
22.2941
22.3088
22.3505
22.3547
22.3563
22.3474
22.3523
22.3435
22.3188
22.3083
22.2976
22.3052
22.3016
22.2986
22.2995
22.3058
22.3126
22.3146
22.3218
22.3127
22.3083
22.2938
22.2922
22.2961
22.3106
22.3312
22.3426
22.3379
22.3406
22.3654
22.3676
22.3736
22.3762
22.4022
22.3969
22.3936
22.3824
22.3583
22.3475
22.3312
22.3203
22.3219
22.318
22.3235
22.3101
22.3255
22.3363
22.3369
22.328
22.3174
22.3159
22.3156
22.3159
22.3186
22.3207
22.3283
22.3159
22.3047
22.297
22.3058
22.2977
22.3019
22.3015
22.2865
22.2849
22.2758
22.2586
22.2671
22.2584
22.2631
22.2693
22.2592
22.2556
22.257
22.2674
22.2722
22.2836
22.305
22.3211
22.3406
22.35
22.34
22.3309
22.3324
22.3351
22.3237
22.3216
22.3182
22.3206
22.3255
22.3094
22.3012
22.3029
22.2987
22.3094
22.3094
22.3014
22.3159
22.3146
22.3172
22.2906
22.2866
22.3092
22.3084
22.3019
22.3012
22.3084
22.3273
22.3256
22.3393
22.334
22.3265
22.32
22.3139
22.3034
22.2977
22.2996
22.297
22.2829
22.269
22.274
22.2713
22.2761
22.2673
22.276
22.2709
22.2617
22.2634
22.2625
22.2592
22.2469
22.228
22.2224
22.2225
22.1888
22.1815
22.1969
22.2107
22.2009
22.2065
22.2165
22.2146
22.2035
22.2018
22.2088
22.214
22.1976
22.1814
22.1804
22.1757
22.1647
22.1569
22.1623
22.1725
22.1902
22.169
22.1527
22.1462
22.1355
22.1159
22.1121
22.118
22.1115
22.1137
22.1229
22.1355
22.119
22.1113
22.1022
22.1018
22.117
22.1236
22.132
22.1525
22.1394
22.1264
22.1208
22.1101
22.1183
22.1166
22.1247
22.1476
22.157
22.1726
22.1744
22.1586
22.17
22.175
22.1707
22.188
22.1933
22.2108
22.216
22.1975
22.1666
22.1645
22.1459
22.1205
22.1173
22.1082
22.1049
22.1063
22.109
22.1101
22.1177
22.1213
22.115
22.0935
22.0683
22.059
22.0403
22.0447
22.0643
22.089
22.1021
22.1075
22.1019
22.1055
22.1035
22.1039
22.0958
22.0847
22.0893
22.0943
22.0922
22.099
22.1073
22.1115
22.1213
22.1157
22.1154
22.1268
22.1218
22.1105
22.114
22.0931
22.0896
22.084
22.0769
22.0851
22.0984
22.0978
22.0897
22.0994
22.1008
22.1203
22.1268
22.1398
22.1473
22.1563
22.1508
22.1249
22.1012
22.0903
22.0811
22.0668
22.0724
22.095
22.1
22.0954
22.0869
22.0964
22.0883
22.0896
22.1015
22.1278
22.138
22.141
22.1439
22.1265
22.1059
22.0878
22.0817
22.0769
22.0769
22.0769
22.0727
22.073
22.0648
22.057
22.0692
22.0758
22.0851
22.0867
22.09
22.1002
22.116
22.1277
22.1277
22.1293
22.1254
22.1098
22.1043
22.0856
22.0802
22.0809
22.0884
22.094
22.0955
22.0922
22.0988
22.0997
22.0853
22.0777
22.0877
22.0838
22.0732
22.0783
22.0891
22.1004
22.0941
22.0968
22.0955
22.0811
22.0759
22.0724
22.0564
22.0522
22.0611
22.034
22.0222
22.0183
22.0209
21.9974
21.9906
21.9792
21.9838
21.9701
21.9518
21.9636
21.9636
21.9646
21.9651
21.9656
21.9793
21.974
21.9756
21.9717
21.9797
21.9913
22.0094
22.0158
22.019
22.0337
22.0467
22.0307
22.0061
22.0027
21.994
21.9753
21.9598
21.9567
21.9441
21.9511
21.9696
21.9742
21.966
21.9737
21.9643
21.9626
21.9643
21.962
21.9859
21.9881
21.9851
21.9637
21.9496
21.9487
21.9375
21.9294
21.9193
21.9282
21.9318
21.935
21.9392
21.9383
21.9422
21.9398
21.9368
21.9127
21.9041
21.8916
21.8796
21.8771
21.8768
21.8846
21.8656
21.8708
21.8732
21.8764
21.8693
21.8729
21.8862
21.8908
21.8963
21.8959
21.9028
21.9181
21.9122
21.9011
21.8809
21.8815
21.8631
21.8522
21.8473
21.834
21.8298
21.8378
21.8229
21.8105
21.8192
21.8427
21.8662
21.8522
21.8684
21.8811
21.8816
21.8623
21.8471
21.8492
21.8589
21.8573
21.8625
21.8615
21.8791
21.8957
21.8949
21.8989
21.8979
21.8803
21.8548
21.8549
21.832
21.8298
21.8377
21.8435
21.8543
21.8478
21.8566
21.8452
21.8299
21.8312
21.8256
21.8207
21.8289
21.8288
21.8385
21.8376
21.8386
21.8308
21.8197
21.8181
21.8148
21.7976
21.8031
21.8129
21.8044
21.8201
21.8205
21.8204
21.8034
21.7967
21.7959
21.7943
21.8039
21.8133
21.8132
21.8123
21.8081
21.8156
21.8041
21.797
21.8074
21.8041
21.7855
21.7856
21.7803
21.769
21.7661
21.7808
21.7781
21.7814
21.7674
21.7683
21.7649
21.7522
21.7315
21.7335
21.7348
21.7341
21.743
21.7625
21.7716
21.7772
21.7879
21.765
21.7797
21.7693
21.7618
21.7513
21.7465
21.754
21.7388
21.7462
21.7508
21.7576
21.7596
21.7575
21.7625
21.7749
21.7778
21.7781
21.7682
21.7677
21.7625
21.7486
21.722
21.7195
21.7173
21.7186
21.7195
21.7359
21.7414
21.77
21.7825
21.7947
21.8068
21.8319
21.8387
21.8207
21.8061
21.7888
21.7797
21.7619
21.7664
21.7589
21.7554
21.7593
21.7505
21.7314
21.713
21.7069
21.7193
21.728
21.7459
21.7298
21.7176
21.7097
21.7019
21.6814
21.6655
21.6594
21.6678
21.672
21.6834
21.674
21.6736
21.6742
21.6707
21.6684
21.661
21.6676
21.6671
21.6726
21.6843
21.6718
21.6816
21.6783
21.6736
21.657
21.6545
21.676
21.6727
21.6908
21.6955
21.6964
21.698
21.6941
21.6883
21.6915
21.6971
21.6883
21.6844
21.6841
21.6889
21.6751
21.6843
21.6753
21.6723
21.6859
21.6729
21.675
21.6707
21.6772
21.6759
21.6795
21.6848
21.6783
21.6687
21.6482
21.644
21.626
21.6232
21.6131
21.6131
21.597
21.5917
21.5949
21.6007
21.5824
21.5906
21.5906
21.5973
21.6113
21.6287
21.6368
21.6207
21.6275
21.6309
21.6088
21.6015
21.5863
21.5838
21.5838
21.5701
21.578
21.5789
21.5867
21.6172
21.6257
21.6076
21.5961
21.5961
21.5863
21.5733
21.5773
21.5754
21.5894
21.5883
21.5935
21.5958
21.5912
21.5804
21.5749
21.5747
21.5749
21.5565
21.5649
21.5757
21.5861
21.5904
21.6018
21.6049
21.6082
21.6075
21.618
21.6232
21.6223
21.6228
21.631
21.6388
21.6172
21.6097
21.6016
21.5987
21.5871
21.5855
21.5904
21.5942
21.5818
21.5842
21.5828
21.5655
21.5671
21.5737
21.5823
21.5919
21.5848
21.5858
21.5965
21.5965
21.5789
21.5646
21.5394
21.5248
21.5125
21.5024
21.4984
21.5083
21.5275
21.5465
21.5473
21.5345
21.5238
21.5204
21.519
21.5127
21.4964
21.507
21.5184
21.5065
21.5019
21.5066
21.5204
21.5418
21.5457
21.566
21.5568
21.5558
21.5613
21.5656
21.5711
21.5786
21.5707
21.5765
21.5739
21.582
21.5922
21.5856
21.5945
21.6017
21.5679
