0.0942841
0.145752
0.153946
0.140823
0.126328
0.108948
0.119736
0.118011
0.127106
0.130341
0.136139
0.130661
0.141998
0.143524
0.154938
0.156555
0.183258
0.186569
0.190781
0.195557
0.216949
0.209381
0.209579
0.212524
0.209595
0.220947
0.219696
0.220123
0.225983
0.235596
0.249786
0.263489
0.278336
0.280624
0.281937
0.293716
0.28717
0.282425
0.285751
0.308411
0.273224
0.299637
0.307632
0.275558
0.227921
0.262955
0.273285
0.287262
0.287308
0.272415
0.260117
0.256882
0.27095
-0.398071
0.653778
0.190308
0.0742188
0.703415
-0.443542
2.01779
-0.525772
0.579071
0.608124
0.576523
0.595367
0.610123
0.652328
0.658829
0.678741
0.675446
0.687546
0.695129
0.693512
0.700592
0.707275
0.713058
0.748978
0.776443
0.788666
0.815659
0.814209
0.837738
0.85585
0.866562
0.884186
0.898422
0.897263
0.896683
0.884598
0.879501
0.883026
0.927826
0.977036
1.00626
1.03087
1.07033
1.08301
1.10037
1.09431
1.08122
1.04996
1.04297
1.05586
1.06172
1.07716
1.08614
1.08125
1.09122
1.10487
1.12718
1.15161
1.17795
1.21388
1.22931
1.24316
1.24474
1.26016
1.26524
1.28224
1.28868
1.29697
1.30351
1.29721
1.31253
1.31155
1.33047
1.34024
1.3558
1.34982
1.35315
1.35248
1.36217
1.39496
1.40663
1.4285
1.45804
1.48676
1.52182
1.5256
1.53145
1.5264
1.52757
1.53009
1.522
1.53299
1.5518
1.56645
1.5677
1.59044
1.60568
1.60902
1.59761
1.61485
1.63039
1.63676
1.64397
1.63281
1.65833
1.66682
1.64966
1.65959
1.66951
1.67505
1.68677
1.70485
1.72585
1.74245
1.77185
1.78853
1.79947
1.79645
1.80664
1.82477
1.84029
1.84117
1.86295
1.88853
1.91794
1.91293
1.91129
1.91528
1.91148
1.9254
1.93013
1.92888
1.9471
1.95708
1.97047
1.98384
2.00934
2.01665
2.0195
2.03658
2.05348
2.07056
2.08884
2.1147
2.13942
2.1628
2.1777
2.19478
2.2029
2.20044
2.20895
2.22661
2.23473
2.25357
2.25523
2.27486
2.27066
2.28287
2.30016
2.29848
2.31099
2.33043
2.35817
2.37524
2.36989
2.37955
2.38687
2.3768
2.38692
2.38531
2.38774
2.40074
2.40962
2.41559
2.42622
2.43414
2.448
2.47253
2.50038
2.51099
2.53902
2.55685
2.57076
2.58882
2.60565
2.61707
2.63376
2.63676
2.64606
2.6525
2.6602
2.67848
2.67763
2.69508
2.70543
2.71939
2.73395
2.74442
2.73999
2.74487
2.74557
2.74142
2.73004
2.73402
2.75041
2.76268
2.76274
2.78323
2.80211
2.81754
2.82935
2.83122
2.8696
2.87634
2.90231
2.91434
2.92615
2.93512
2.94144
2.96196
2.9949
3.00529
3.0256
3.04457
3.05544
3.04593
3.05571
3.07808
3.10175
3.13191
3.1451
3.14978
3.1489
3.14572
3.1508
3.177
3.20152
3.22253
3.24571
3.25642
3.27661
3.27991
3.28729
3.27829
3.28244
3.28813
3.30135
3.31738
3.32639
3.32811
3.32243
3.32794
3.32878
3.3494
3.37384
3.40001
3.41785
3.43694
3.44588
3.43083
3.45294
3.47078
3.49312
3.50836
3.52794
3.55006
3.56837
3.56915
3.57736
3.56993
3.57898
3.59061
3.59196
3.59258
3.59767
3.60764
3.61742
3.62166
3.61661
3.61055
3.63185
3.63985
3.65045
3.66052
3.68205
3.68439
3.68767
3.68669
3.69141
3.70045
3.71133
3.71716
3.73592
3.76837
3.78535
3.80977
3.83028
3.85983
3.87889
3.89351
3.90395
3.92773
3.92519
3.92741
3.90724
3.89041
3.78537
4.32243
3.64282
3.76086
3.69057
3.75398
3.76816
3.7789
3.80997
3.75755
3.60751
4.09029
3.74927
3.75613
4.0988
3.37674
3.85211
3.73805
3.72876
3.72449
3.88724
3.43575
3.69458
3.43317
4.17412
3.42224
3.88264
3.44011
3.74344
3.77156
3.74048
3.76363
3.79689
3.80919
3.81999
3.8248
3.81656
3.80571
3.798
3.79279
3.77086
3.75346
3.73398
3.7142
3.70699
3.70453
3.70953
3.71442
3.71277
3.70975
3.70566
3.69977
3.69009
3.70647
3.70454
3.71696
3.72427
3.72418
3.70784
3.7061
3.69469
3.69241
3.68849
3.68164
3.66953
3.67377
3.66939
3.68619
3.74088
3.82603
3.78197
3.57713
3.64967
3.75656
3.77582
3.7636
3.77408
3.77164
3.77756
3.80936
3.86389
3.85071
3.66724
3.79947
3.85706
3.85725
3.85582
3.86958
3.8568
3.88051
3.31337
5.14723
3.51482
4.12196
4.22345
4.25041
4.26193
4.29051
4.32422
4.36296
4.39673
4.42056
4.45903
4.47934
4.48282
4.48886
4.50938
4.52573
4.52539
4.52382
4.53964
4.55098
4.56973
4.58362
4.59688
4.59746
4.59999
4.6084
4.61342
4.61816
4.62561
4.65157
4.65738
4.67207
4.67192
4.68588
4.69144
4.6842
4.69258
4.7209
4.7373
4.76114
4.79884
4.83064
4.87463
4.90549
4.9178
4.9097
4.9137
4.91876
4.92848
4.9399
4.97037
4.99342
5.01125
5.03459
5.0567
5.07739
5.0929
5.10805
5.12389
5.15118
5.1814
5.18967
5.21919
5.2399
5.2507
5.26196
5.27399
5.31644
5.3485
5.37965
5.39751
5.40744
5.40717
5.38501
5.40407
5.43834
5.45084
5.48434
5.49712
5.49875
5.49692
5.50298
5.52048
5.54771
5.57301
5.59341
5.61325
5.62212
5.6311
5.64508
5.65079
5.66559
5.68233
5.70622
5.73228
5.75859
5.77895
5.79478
5.80779
5.8362
5.83791
5.84106
5.85934
5.87387
5.89761
5.91637
5.92445
5.95723
5.96715
5.97778
5.98825
6.01001
6.03789
6.05101
6.05699
6.06737
6.08121
6.11137
6.10992
6.12033
6.14011
6.17165
6.18736
6.19962
6.23248
6.24725
6.26016
6.27641
6.30446
6.3248
6.35004
6.3689
6.39911
6.4166
6.43861
6.44652
6.44182
6.46385
6.47113
6.46521
6.48398
6.49478
6.50543
6.51094
6.54048
6.55466
6.57977
6.60115
6.6273
6.63992
6.66383
6.67752
6.69286
6.70139
6.72598
6.74144
6.74159
6.75528
6.7691
6.78461
6.79803
6.80687
6.82986
6.84435
6.86874
6.87354
6.90736
6.93588
6.96759
6.98796
7.00705
7.02658
7.02814
7.04695
7.062
7.07924
7.08473
7.09512
7.11472
7.13631
7.14275
7.13614
7.16061
7.17557
7.17439
7.1889
7.19963
7.22112
7.23419
7.23904
7.23814
7.25157
7.27928
7.29555
7.31033
7.33458
7.37131
7.38673
7.38428
7.39845
7.42287
7.43907
7.45213
7.4653
7.49336
7.51131
7.52498
7.5321
7.5244
7.53748
7.53067
7.52481
7.53458
7.55431
7.57481
7.59108
7.60191
7.62575
7.62715
7.65253
7.66432
7.67284
7.68497
7.68907
7.71468
7.73102
7.73808
7.75861
7.76776
7.78474
7.82286
7.83427
7.84845
7.8631
7.8793
7.89825
7.90234
7.91873
7.93518
7.96045
7.97536
7.97421
8.00626
8.04141
8.06664
8.08553
8.10899
8.12442
8.12364
8.11626
8.12242
8.13947
8.14513
8.15822
8.17931
8.18575
8.19473
8.19215
8.21906
8.24556
8.28204
8.31134
8.32501
8.33806
8.34605
8.36627
8.37149
8.37482
8.40663
8.42853
8.43584
8.45334
8.4631
8.48009
8.47266
8.4836
8.48512
8.47516
8.5004
8.51094
8.51582
8.53165
8.53731
8.56017
8.56583
8.565
8.58434
8.59317
8.6086
8.6331
8.6416
8.66328
8.67638
8.69591
8.70486
8.7307
8.76268
8.76837
8.79773
8.7028
9.13751
8.59688
8.81674
8.60626
8.65965
8.68501
8.69991
8.70895
8.71442
8.51588
8.93961
8.71866
8.4877
8.71559
8.37758
8.70799
8.59175
8.60686
8.44789
9.09238
8.00928
8.68193
8.32314
9.29935
7.98032
8.68231
8.4155
8.72795
8.72948
8.71442
8.72173
8.7269
8.71208
8.70375
8.70055
8.69156
8.68071
8.67203
8.68008
8.66351
8.6525
8.62613
8.62613
8.61122
8.61656
8.60239
8.60838
8.61989
8.6254
8.61703
8.63199
8.64745
8.66678
8.66608
8.6633
8.66051
8.65562
8.64891
8.64293
8.64098
8.63596
8.62889
8.62282
8.61621
8.61308
8.60004
8.59377
8.64511
8.75714
8.61742
8.38025
8.53532
8.65973
8.68277
8.67503
8.67476
8.67365
8.67026
8.67018
8.69801
8.47488
8.49556
8.70325
8.73166
8.72398
8.70122
8.68736
8.68198
8.69395
8.1521
9.82465
7.95924
8.83684
8.96111
9.00507
9.04214
9.08551
9.12799
9.17114
9.1969
9.23837
9.28265
9.32739
9.34947
9.37119
9.37735
9.38809
9.40804
9.43266
9.46976
9.49982
9.54863
9.57564
9.60603
9.61642
9.63457
9.63046
9.63554
9.65169
9.65704
9.66621
9.6916
9.72517
9.76744
9.79611
9.82559
9.85016
9.8483
9.87558
9.89374
9.90921
9.93787
9.98671
10.01
10.0248
10.0328
10.0615
10.0828
10.1051
10.1432
10.2014
10.2334
10.2559
10.2537
10.2643
10.261
10.2677
10.2748
10.2939
10.3156
10.3459
10.35
10.3534
10.3665
10.3894
10.4155
10.4361
10.4454
10.4644
10.4994
10.5164
10.5306
10.5551
10.5994
10.6378
10.6711
10.6966
10.7268
10.7425
10.7586
10.7765
10.801
10.815
10.8361
10.8427
10.8539
10.872
10.8795
10.9096
10.9335
10.9558
10.9776
10.9924
11.0233
11.061
11.0814
11.0993
11.1263
11.1508
11.1648
11.1924
11.2025
11.2211
11.2256
11.2449
11.2477
11.2562
11.2979
11.3199
11.3461
11.3639
11.3715
11.3877
11.4058
11.4212
11.4334
11.4541
11.4635
11.4791
11.475
11.4805
11.5086
11.543
11.5677
11.5944
11.6289
11.6794
11.7147
11.7349
11.7453
11.7822
11.7797
11.7691
11.7723
11.7865
11.7922
11.793
11.8189
11.8604
11.8846
11.8951
11.9194
11.9398
11.9572
11.9817
12.0136
12.0308
12.0437
12.0507
12.065
12.0892
12.1063
12.1207
12.1468
12.1686
12.1884
12.1908
12.2072
12.2299
12.2354
12.2644
12.2719
12.2896
12.3042
12.3135
12.3338
12.3457
12.3664
12.3744
12.3752
12.3949
12.4237
12.4367
12.4561
12.474
12.4924
12.517
12.5259
12.5666
12.5977
12.6131
12.6467
12.6699
12.6959
12.6982
12.7179
12.7366
12.757
12.7627
12.788
12.8209
12.8342
12.8453
12.8633
12.8744
12.8951
12.9032
12.9117
12.9125
12.9402
12.9588
12.9887
12.9947
12.9996
13.0266
13.0536
13.066
13.0756
13.1008
13.1068
13.1295
13.1481
13.1668
13.1891
13.2186
13.2479
13.2711
13.2914
13.3102
13.3387
13.3517
13.3531
13.364
13.3873
13.4099
13.4293
13.4424
13.4489
13.4769
13.4947
13.5052
13.4969
13.4963
13.5111
13.517
13.5258
13.5455
13.5643
13.601
13.627
13.6703
13.6981
13.7331
13.7275
13.7309
13.7406
13.7414
13.7387
13.7493
13.7774
13.7838
13.7854
13.7902
13.7984
13.7902
13.7893
13.792
13.8117
13.8281
13.8615
13.8952
13.9166
13.9526
13.9826
14.0078
14.0158
14.0332
14.0406
14.0586
14.0902
14.1064
14.1395
14.1622
14.181
14.1914
14.2111
14.2375
14.2504
14.2602
14.2783
14.3004
14.3076
14.3223
14.3271
14.3354
14.3477
14.3778
14.3929
14.4017
14.4244
14.4275
14.4301
14.4426
14.4426
14.4606
14.4629
14.4842
14.5004
14.5102
14.5274
14.4437
15.0389
14.2917
14.4704
14.2757
14.3384
14.3501
14.3983
14.3812
14.2973
14.1987
14.611
14.337
14.2125
14.409
14.162
14.5498
14.2479
14.2303
14.2759
15.1456
13.3209
14.343
14.1496
15.0934
13.8771
13.86
13.8943
14.2869
14.2482
14.1955
14.1785
14.1598
14.1682
14.1771
14.1761
14.1827
14.1812
14.1695
14.154
14.1502
14.149
14.1563
14.1623
14.1734
14.1858
14.1742
14.1685
14.1466
14.1292
14.0963
14.0847
14.0877
14.087
14.1095
14.1246
14.1319
14.1235
14.1148
14.092
14.065
14.0635
14.041
14.0119
13.9976
14.0053
14.0389
14.0829
14.1681
14.2451
13.9495
13.7582
13.9015
13.989
14.0066
13.9932
13.9906
14.0061
14.0281
14.0865
14.0089
13.7297
13.8723
14.0312
14.0387
14.0256
14.0267
14.0379
14.033
14.0527
13.5619
15.3045
13.6332
14.3146
14.3515
14.4065
14.4557
14.5176
14.5877
14.6541
14.7238
14.7767
14.818
14.8592
14.882
14.9123
14.9506
14.9983
15.0572
15.1068
15.1637
15.1868
15.2066
15.2389
15.273
15.3262
15.368
15.4236
15.4727
15.5084
15.5354
15.5463
15.5813
15.6033
15.6516
15.6793
15.7357
15.7821
15.8157
15.8529
15.8803
15.8975
15.9343
15.9602
16.0094
16.0504
16.0955
16.1416
16.1619
16.1798
16.2079
16.2554
16.2763
16.309
16.3362
16.3705
16.3976
16.4246
16.4489
16.4971
16.5299
16.5726
16.6096
16.6319
16.6517
16.6727
16.6974
16.7356
16.7799
16.8193
16.8547
16.8884
16.9243
16.9504
16.9646
17.0004
17.0209
17.0575
17.0903
17.1263
17.1538
17.1774
17.2184
17.2545
17.2921
17.323
17.3416
17.3484
17.367
17.4155
17.4614
17.5131
17.5422
17.5611
17.6001
17.6289
17.6484
17.6873
17.7398
17.792
17.8257
17.8567
17.8861
17.9165
17.9322
17.9508
17.9713
17.9898
18.0174
18.0584
18.0919
18.1166
18.1302
18.1465
18.1802
18.1898
18.2086
18.2406
18.269
18.3078
18.3385
18.3606
18.3795
18.3965
18.4192
18.441
18.4719
18.508
18.5431
18.5893
18.627
18.6637
18.7168
18.7463
18.7516
18.7693
18.7888
18.787
18.806
18.8224
18.8369
18.8575
18.8888
18.9213
18.9553
18.9879
19.0244
19.0748
19.1098
19.1409
19.1558
19.1711
19.176
19.1809
19.2072
19.2355
19.2542
19.2791
19.33
19.3485
19.356
19.3754
19.3943
19.4328
19.4391
19.4664
19.5111
19.537
19.5486
19.5672
19.5902
19.6195
19.6342
19.6619
19.6894
19.7154
19.7325
19.7507
19.775
19.8041
19.8305
19.8598
19.8761
19.8912
19.9074
19.9374
19.9687
19.9717
19.9805
19.9953
20.026
20.0381
20.0447
20.0805
20.1074
20.1117
20.1343
20.1639
20.1857
20.2135
20.2244
20.2586
20.274
20.3001
20.3224
20.3345
20.3591
20.3935
20.4147
20.4383
20.4604
20.4711
20.4809
20.5137
20.544
20.5708
20.5955
20.623
20.6432
20.6504
20.6512
20.6588
20.6744
20.6719
20.6865
20.7307
20.757
20.7831
20.8045
20.8289
20.8582
20.8663
20.8894
20.9074
20.9238
20.9361
20.9441
20.966
20.9774
21.0034
21.0158
21.0399
21.0486
21.0561
21.0748
21.0895
21.1172
21.1316
21.1463
21.1754
21.1906
21.2045
21.2158
21.2219
21.2311
21.24
21.267
21.2849
21.3076
21.3204
21.3451
21.368
21.3803
21.3844
21.4166
21.4313
21.4508
21.4467
21.4466
21.4531
21.4561
21.4785
21.4947
21.5127
21.5412
21.5526
21.5713
21.5835
21.5895
21.6068
21.6166
21.641
21.6613
21.6637
21.6816
21.7145
21.726
21.7343
21.7431
21.7879
21.8172
21.8336
21.8688
21.8889
21.8929
21.8658
21.8477
21.816
21.7955
21.7986
21.8258
21.727
22.2869
21.7224
21.9158
21.6967
21.8027
21.7406
21.7507
21.7578
21.7001
21.5129
21.9389
21.7325
21.5639
21.7497
21.3828
21.7619
21.5718
21.5985
22.0627
22.4436
20.6651
21.606
21.9489
22.3825
21.4124
20.9774
21.1929
21.5875
21.5638
21.5101
21.4962
21.5084
21.4996
21.4922
21.493
21.4679
21.4644
21.4571
21.4383
21.4312
21.4268
21.4099
21.3812
21.3772
21.3666
21.367
21.3478
21.3289
21.3204
21.3193
21.3192
21.3012
21.2818
21.2882
21.284
21.2804
21.2849
21.3
21.2955
21.2832
21.2652
21.2494
21.2186
21.2156
21.2064
21.209
21.2563
21.3028
21.256
20.9165
20.7975
21.0147
21.1184
21.1286
21.1199
21.1247
21.1436
21.1517
21.1834
22.3376
23.4296
22.7639
21.737
21.3763
21.2609
21.2153
21.2041
20.9287
18.1449
18.5804
20.4207
21.0818
21.1651
21.1698
21.1469
21.1283
21.1159
21.0327
21.1971
21.1985
21.4186
21.2655
21.3915
21.4459
21.4989
21.5488
21.5859
21.6105
21.6309
21.669
21.7402
21.7871
21.8338
21.8648
21.8941
21.9195
21.943
21.9856
22.0043
22.0289
22.0567
22.078
22.0962
22.1411
22.1875
22.2137
22.2317
22.2613
22.3051
22.3362
22.374
22.4366
22.4873
22.507
22.516
22.5454
22.5725
22.5829
22.6049
22.6311
22.6786
22.7285
22.7374
22.7693
22.7739
22.8012
22.8298
22.8409
22.8795
22.9042
22.9389
22.9562
22.9709
22.9809
23.0054
23.0266
23.0521
23.0723
23.0962
23.1237
23.1558
23.213
23.2479
23.2611
23.2936
23.324
23.3385
23.3419
23.3645
23.3712
23.3942
23.4049
23.417
23.4304
23.4597
23.4889
23.5135
23.53
23.5619
23.5803
23.5949
23.6186
23.6238
23.6392
23.6534
23.6797
23.6902
23.7127
23.7324
23.7694
23.7806
23.7861
23.8057
23.8199
23.836
23.8697
23.8967
23.9254
23.9506
23.9818
23.9954
24.0144
24.0379
24.0609
24.0804
24.0674
24.0865
24.1191
24.1401
24.1443
24.1671
24.1859
24.2045
24.2357
24.2517
24.2927
24.3404
24.3713
24.3926
24.4162
24.4308
24.4553
24.458
24.4798
24.5047
24.5364
24.5527
24.559
24.5665
24.5742
24.5832
24.5912
24.5959
24.591
24.6108
24.625
24.6305
24.6309
24.6418
24.6646
24.6764
24.6853
24.7022
24.7277
24.7457
24.7658
24.7772
24.7773
24.7904
24.8069
24.8125
24.8051
24.8335
24.8541
24.8688
24.8844
24.8918
24.9099
24.9342
24.9455
24.9553
24.9662
24.9906
25.0151
25.0121
25.0291
25.0397
25.054
25.0665
25.0614
25.0691
25.0773
25.0885
25.1028
25.1182
25.132
25.1498
25.1555
25.1572
25.1523
25.1645
25.1744
25.1842
25.2061
25.2121
25.2375
25.2488
25.2512
25.2467
25.2455
25.2635
25.2502
25.2467
25.2533
25.2698
25.2881
25.2902
25.2936
25.3067
25.3098
25.3158
25.3281
25.3344
25.3368
25.3601
25.3772
25.391
25.408
25.4292
25.4475
25.4531
25.4695
25.4798
25.4764
25.4742
25.5046
25.517
25.526
25.5267
25.5257
25.5508
25.5573
25.5529
25.5662
25.585
25.5988
25.5961
25.5963
25.5984
25.6213
25.6261
25.6422
25.6512
25.6459
25.6756
25.6744
25.6841
25.6865
25.6962
25.7195
25.735
25.7406
25.7512
25.7634
25.7599
25.759
25.7598
25.7827
25.7797
25.7838
25.7887
25.7936
25.7984
25.791
25.7805
25.7935
25.7902
25.7943
25.7959
25.8216
25.8463
25.874
25.8992
25.9203
25.9319
25.9522
25.9594
25.9718
25.9869
25.9885
25.9779
25.9869
25.9763
25.9736
25.9514
25.9529
25.9701
25.9801
25.9809
25.9899
26.0086
26.0215
26.0265
26.0332
26.0463
26.052
26.0635
26.065
26.0576
26.0594
26.0471
26.0373
26.0191
26.0166
26.0297
26.0306
26.0518
26.0805
26.083
26.2232
26.1053
25.9587
26.0518
26.0153
25.9842
25.972
25.962
25.9545
25.9457
25.9426
25.9275
25.9309
25.9197
25.9115
25.911
25.9072
25.9008
25.8984
25.8938
25.8967
25.864
25.8281
25.8107
25.7896
25.7645
25.7285
25.7166
25.6938
25.6662
25.6541
25.6377
25.6229
25.619
25.6109
25.6092
25.5888
25.5674
25.5486
25.5332
25.5317
25.5113
25.5154
25.5121
25.5088
25.522
25.5119
25.493
25.476
25.4507
25.426
25.4064
25.3959
25.3983
25.4082
25.4098
25.4106
25.4098
25.4049
25.3975
25.373
25.3772
25.3695
25.3686
25.3687
25.3609
25.3504
25.3256
25.3061
25.2726
25.2423
25.2357
25.233
25.2207
25.2322
25.2348
25.2357
25.2407
25.2418
25.2393
25.2336
25.2293
25.2162
25.1916
25.1842
25.1898
25.1588
25.1467
25.1449
25.131
25.1023
25.0911
25.0865
25.0719
25.0809
25.0756
25.0707
25.0561
25.0479
25.0399
25.0289
25.0127
24.9897
24.9973
24.9904
24.9774
24.9545
24.9497
24.9402
24.9301
24.9277
24.9113
24.9008
24.9
24.8877
24.8828
24.8738
24.8605
24.8516
24.8369
24.8418
24.8223
24.8166
24.7828
24.7699
24.7591
24.7451
24.7486
24.7399
24.7403
24.7488
24.7269
24.6908
24.6597
24.6441
24.6353
24.6345
24.6451
24.6508
24.6516
24.6467
24.635
24.6016
24.5945
24.5754
24.5733
24.5609
24.5632
24.5701
24.5627
24.5445
24.5395
24.5469
24.5381
24.5241
24.5232
24.5111
24.5062
24.4919
24.4768
24.4818
24.4703
24.4629
24.4571
24.4385
24.4254
24.4089
24.3918
24.3861
24.3764
24.3568
24.351
24.3383
24.3188
24.301
24.2889
24.2971
24.2813
24.2749
24.2634
24.2484
24.251
24.225
24.2301
24.2388
24.2465
24.244
24.2399
24.2301
24.2143
24.1996
24.1898
24.1892
24.1764
24.1566
24.1551
24.1404
24.1133
24.0892
24.085
24.0811
24.0484
24.0313
24.0161
24.008
23.9926
23.9736
23.9639
23.9392
23.9322
23.9061
23.9024
23.9139
23.9016
23.8951
23.8902
23.8902
23.8687
23.8531
23.8271
23.8098
23.7837
23.7611
23.7627
23.7658
23.7664
23.7731
23.7733
23.7883
23.7891
23.7997
23.8029
23.794
23.7988
23.7879
23.7658
23.7422
23.7325
23.7015
23.6891
23.6703
23.658
23.6459
23.6148
23.6035
23.5961
23.5738
23.5422
23.535
23.5447
23.5471
23.5331
23.5436
23.5492
23.5451
23.5436
23.5379
23.5274
23.5233
23.5061
23.5133
23.4903
23.4717
23.4629
23.449
23.441
23.444
23.4398
23.4375
23.4383
23.4499
23.4492
23.4369
23.4203
23.4236
23.4147
23.3992
23.3762
23.35
23.3443
23.3451
23.3402
23.3195
23.3008
23.3033
23.3049
23.2894
23.2656
23.2723
23.2739
23.27
23.2695
23.2785
23.2801
23.2711
23.2768
23.2678
23.2531
23.2447
23.2463
23.2488
23.2357
23.2129
23.1885
23.1682
23.1617
23.1658
23.1748
23.1813
23.1723
23.1764
23.1723
23.151
23.1163
23.0883
23.0541
23.0297
23.0053
22.9988
22.9707
22.9602
22.9504
22.9619
22.9504
22.953
22.9604
22.9564
22.9554
22.9471
22.935
22.9391
22.9581
22.9606
22.9467
22.9361
22.9287
22.9031
22.8779
22.852
22.8553
22.8609
22.8429
22.8175
22.7926
22.7887
22.7674
22.7486
22.7406
22.7504
22.7373
22.7414
22.7267
22.7135
22.7037
22.6996
22.6842
22.6654
22.6654
22.6586
22.6671
22.6744
22.6662
22.6695
22.6655
22.6648
22.6482
22.6582
22.659
22.6557
22.6492
22.6508
22.6522
22.6529
22.6545
22.6496
22.6398
22.6309
22.6162
22.6016
22.5984
22.6
22.5918
22.5748
22.5543
22.5414
22.5381
22.5109
22.4963
22.4906
22.4834
22.4784
22.4455
22.4301
22.4345
22.4223
22.4207
22.4212
22.4154
22.4113
22.4162
22.4244
22.4195
22.4106
22.3967
22.3844
22.3722
22.3467
22.3418
22.3361
22.3313
22.3297
22.3256
22.3215
22.3199
22.3004
22.2758
22.2623
22.2623
22.2443
22.2256
22.1889
22.1662
22.1572
22.1369
22.1252
22.1393
22.1567
22.1623
22.1695
22.1688
22.1654
22.1712
22.1605
22.1594
22.1635
22.1725
22.1717
22.1619
22.1488
22.1236
22.0992
22.0876
22.0789
22.0748
22.0764
22.0764
22.0682
22.0707
22.0658
22.0463
22.0332
22.0309
22.0137
22.0065
22.0039
21.9926
21.9934
21.9934
21.9768
21.958
21.9384
21.9179
21.9064
21.9064
21.895
21.8963
21.8842
21.8883
21.8662
21.85
21.8342
21.818
21.809
21.7918
21.8
21.791
21.7936
21.7854
21.7592
21.7536
21.7459
21.7395
21.7312
21.7225
21.708
21.6918
21.6891
21.6875
21.6777
21.6556
21.632
21.6402
21.6541
21.6492
21.6494
21.6617
21.6715
21.6666
21.6625
21.6454
21.6474
21.6467
21.6262
21.6066
21.6
21.5951
21.591
21.569
21.5672
21.5533
21.5346
21.5215
21.524
21.5166
21.5191
21.524
21.5158
21.52
21.5127
21.5072
21.5065
21.5006
21.4891
21.4871
21.4781
21.4725
21.452
21.4275
21.4039
21.3795
21.3643
21.3479
21.3504
21.3602
21.3561
21.3576
21.3699
21.3486
21.3419
21.3215
21.3094
21.3067
21.3034
21.3182
21.3027
21.3061
21.3125
21.2962
21.2806
21.2618
21.2612
21.2638
21.2513
21.2635
21.2625
21.2414
21.226
21.2121
21.2023
21.1924
21.1784
21.176
21.1818
21.1877
21.1738
21.1771
21.1777
21.1335
21.1155
21.0921
21.1091
21.1172
21.1195
21.1244
21.117
21.1105
21.109
21.0887
21.074
21.0643
21.065
21.0568
21.041
21.0492
21.0459
21.0402
21.0305
21.0109
20.9922
20.9906
20.9702
20.9733
20.9711
20.9556
20.9685
20.9523
20.9305
20.9316
20.9178
20.9088
20.8967
20.8959
20.8846
20.8797
20.8943
20.8875
20.8933
20.8969
20.8951
20.882
20.8756
20.8688
20.8466
20.8391
20.8392
20.8402
20.8305
20.8192
20.8289
20.8199
20.7986
20.7971
20.7756
20.7658
20.7561
20.7504
20.7406
20.7308
20.729
20.7211
20.7113
20.6918
20.6918
20.6918
20.6787
20.6779
20.6853
20.6775
20.6842
20.6932
20.6988
20.6898
20.6775
20.6635
20.6611
20.6572
20.6418
20.6492
20.6305
20.6224
20.6053
20.5979
20.6037
20.5791
20.5858
20.5912
20.565
20.5492
20.541
20.5313
20.5215
20.5184
20.5111
20.517
20.493
20.4752
20.4662
20.4719
20.4621
20.4652
20.4756
20.5067
20.518
20.5229
20.5123
20.5086
20.4765
20.4643
20.4594
20.4594
20.4676
20.4727
20.4695
20.4606
20.4679
20.4335
20.4106
20.4147
20.4147
20.4057
20.3861
20.3854
20.391
20.3877
20.3738
20.3715
20.3617
20.3451
20.3395
20.3264
20.3207
20.3117
20.302
20.2871
20.2756
20.2789
20.2676
20.2579
20.2527
20.2422
20.2373
20.2565
20.2531
20.2606
20.2365
20.244
20.2399
20.208
20.1982
20.2016
20.2195
20.2023
20.1998
20.2226
20.2352
20.2361
20.2211
20.2252
20.217
20.199
20.1705
20.1573
20.1488
20.1357
20.1285
20.1383
20.1391
20.1303
20.1312
20.1302
20.1098
20.1
20.0918
20.0951
20.0891
20.0842
20.0906
20.0818
20.0902
20.0756
20.0805
20.0789
20.0797
20.065
20.0643
20.0641
20.0576
20.0674
20.0707
20.0738
20.0625
20.0715
20.0553
20.0471
20.0291
20.0432
20.0537
20.0471
20.0316
20.0199
20.0199
20.0061
20.0012
19.9873
19.9881
19.9677
19.952
19.9496
19.9283
19.907
19.8809
19.8752
19.8695
19.8844
19.8779
19.8813
19.882
19.8756
19.8756
19.8568
19.852
19.852
19.8479
19.8471
19.8512
19.8568
19.8707
19.8688
19.8475
19.8361
19.8182
19.8125
19.802
19.7832
19.7816
19.7727
19.749
19.7377
19.7252
19.708
19.7016
19.7016
19.7016
19.7016
19.7016
19.7016
19.7082
19.7031
19.682
19.6869
19.6779
19.691
19.6934
19.6975
19.691
19.6738
19.6673
19.64
19.6334
19.6105
19.6057
19.6008
19.6
19.5959
19.5918
19.5771
19.5602
19.5584
19.5789
19.5617
19.5635
19.5658
19.5535
19.552
19.5365
19.5211
19.5178
19.4949
19.4885
19.4727
19.4836
19.4718
19.4505
19.4496
19.4537
19.4488
19.4496
19.4391
19.4622
19.4654
19.4793
19.4594
19.4455
19.4275
19.4291
19.4199
19.4088
19.399
19.4162
19.4031
19.3738
19.3564
19.3508
19.3361
19.3141
19.302
19.3061
19.2992
19.2959
19.3061
19.302
19.2984
19.3082
19.2943
19.292
19.2955
19.2912
19.2869
19.2895
19.2861
19.2764
19.2797
19.2553
19.2496
19.2504
19.2332
19.2268
19.2072
19.2112
19.2063
19.2405
19.1831
