-0.621017
-0.53273
-0.596878
-0.654297
-0.723129
-0.778519
-0.797729
-0.805939
-0.835632
-0.876572
-0.864532
-0.887894
-0.905869
-0.855164
-0.815704
-0.275009
0.424606
0.463989
0.269211
-1.24345E-14
-0.43985
-0.972656
-1.38429
-1.7336
-2.03468
-2.29758
-2.52766
-2.91048
-3.66016
-2.65891
30.7384
30.4704
30.6618
31.8809
33.1977
34.3481
35.2466
35.938
36.4969
36.9364
37.3255
37.6943
38.0329
38.2943
38.5364
38.7826
39.0114
39.2322
39.4184
39.6373
39.8287
40.0002
40.1685
40.3485
40.508
40.6685
40.806
40.9658
41.1259
41.2974
41.4478
41.6063
41.7076
41.8267
41.9494
42.0411
42.1548
42.2502
42.3693
42.4693
42.5751
42.6704
42.7599
42.8693
42.9888
43.0736
43.1637
42.6937
41.2263
40.9513
40.9418
42.0973
42.9041
42.7639
43.8338
45.7681
46.5279
46.9016
47.1727
47.4093
47.5987
47.7354
47.8286
47.8774
47.9231
47.9704
48.0309
48.0832
48.132
48.1879
48.2384
48.2746
48.3149
48.3512
48.3739
48.4231
48.4442
48.4738
48.5329
48.5618
48.6028
48.6191
48.6614
48.6927
48.7137
48.7434
48.7661
48.8055
48.8805
48.9149
48.9445
48.9735
49.013
49.0246
49.0243
49.0442
49.0852
49.1242
49.1548
49.2023
49.2333
49.263
49.3118
49.3496
49.3868
49.4294
49.4981
49.5212
49.5622
49.6044
49.6223
49.6633
49.7153
49.7824
49.8266
49.9051
49.993
50.0833
50.1945
50.3251
23.6239
12.191
11.7743
11.645
11.6227
11.6649
11.6763
11.7055
11.7352
11.7828
11.8153
11.8445
11.8903
11.8934
11.9442
11.9676
11.9852
12.013
12.0324
12.0649
12.1062
12.1337
12.1648
12.2005
12.2368
12.2712
12.2809
12.3118
12.3251
12.3336
12.3251
12.3446
12.3449
12.3348
12.3528
12.3527
12.3661
12.3938
12.4134
12.4133
12.4243
12.4133
12.4329
12.4329
12.4247
12.4215
12.4329
12.4509
12.4247
12.4215
12.4196
12.413
12.4212
12.443
12.4527
12.4427
12.4524
12.4524
12.4508
12.4325
12.3313
12.2321
12.1719
12.1829
12.1911
12.2712
12.4036
11.4739
9.36288
10.0536
8.72351
9.32187
13.2317
10.5325
12.2239
12.7109
12.7548
12.7923
12.3743
9.82344
10.1223
9.86101
9.82352
9.8903
9.66171
9.12234
8.52429
9.3414
11.1337
18.8723
20.6048
8.35124
2.44922
1.48523
5.32507
9.9821
10.7613
11.052
11.2122
11.4083
11.6208
11.8512
12.1095
12.2286
12.2891
12.2907
12.2809
12.2829
12.3036
12.3138
12.3922
12.8688
13.2923
13.4821
13.1716
12.752
12.3204
11.9997
11.7598
11.5801
11.4489
11.3493
11.222
11.0997
10.9622
10.7926
10.6501
10.4817
10.32
9.90828
9.46883
9.97508
-221.7
-229.771
-214.407
-202.84
-197.487
-194.449
-191.86
-189.909
-188.848
-188.24
-187.856
-187.547
-187
-186.498
-185.759
-184.7
-183.481
-182.077
-180.56
-178.861
-177.121
-175.281
-173.35
-171.443
-169.45
-167.401
-165.282
-163.24
-161.239
-159.031
-156.858
-154.698
-152.451
-150.299
-148.059
-145.848
-143.709
-141.561
-139.271
-137.096
-134.93
-132.752
-130.6
-128.489
-126.32
-124.131
-121.961
-119.68
-117.482
-115.353
-113.172
-111.01
-108.879
-106.719
-104.609
-102.528
-100.381
-98.2187
-96.137
-94.0605
-91.9495
-89.8628
-87.8187
-85.7792
-83.6991
-81.6421
-79.6109
-77.5702
-75.562
-73.5409
-71.5308
-69.5605
-67.5605
-65.5605
-63.5327
-61.5737
-59.582
-57.6343
-55.7323
-53.8402
-51.9007
-50.0116
-48.1113
-46.2206
-44.3675
-42.4819
-40.6308
-38.7827
-36.9726
-35.1441
-33.3104
-31.4327
-29.6503
-27.9085
-26.1488
-24.3906
-22.5916
-20.8925
-19.1816
-17.4136
-15.6488
-14.1807
-12.1427
-11.0054
-9.57765
-8.19196
-6.67398
-5.00195
-3.35812
-1.72063
-0.0835114
1.57507
3.16499
4.80875
6.40718
8.00563
9.64742
11.3436
12.9889
14.703
16.3025
17.9413
19.5998
21.1651
22.7436
24.3369
25.876
27.3596
28.899
30.4005
31.9069
33.4283
34.9608
36.4236
37.8744
39.3353
40.7978
42.2373
43.6326
45.1162
46.4755
47.8681
49.2486
50.6783
52.0689
53.4106
54.8205
56.4771
57.881
59.2993
60.6392
61.997
63.3759
64.7076
66.0279
67.399
68.7567
70.0275
71.3076
72.6669
73.9283
75.2798
76.5673
77.8795
79.1212
80.3615
81.5607
82.7993
84.0572
85.2584
86.4888
87.6588
88.8927
90.1356
91.3041
92.4934
93.6373
94.9821
96.3646
97.6344
98.8696
100.137
101.369
102.529
103.681
104.9
105.797
106.618
107.698
108.828
109.889
109.809
110.773
113.395
116.241
117.904
119.413
120.758
122.026
123.159
124.347
125.492
126.582
127.668
128.686
129.689
130.67
131.717
132.745
133.753
134.782
135.771
136.75
137.716
138.748
139.758
140.758
141.676
142.716
143.645
144.614
145.545
146.555
147.437
148.425
149.377
150.276
151.237
152.224
153.111
154.028
154.97
155.879
156.826
157.716
158.649
159.547
160.495
161.399
162.297
163.175
164.034
164.964
165.825
166.765
167.647
168.544
169.444
170.287
171.178
171.996
172.861
173.73
174.58
175.416
176.288
177.136
177.965
178.786
179.668
180.51
181.336
182.186
183.037
183.869
184.639
185.496
186.318
187.118
187.938
188.786
189.606
190.405
191.158
191.996
192.815
193.579
194.395
195.215
196.005
196.728
197.518
198.336
199.073
199.784
200.555
201.315
202.124
202.871
203.557
204.325
205.124
205.905
206.677
207.408
208.139
208.848
209.595
210.428
211.186
211.875
212.637
213.278
214.027
214.786
215.484
216.155
216.915
217.655
218.386
219.104
219.852
220.583
221.253
221.964
222.683
223.413
224.113
224.823
225.505
226.243
226.943
227.586
228.291
228.975
229.735
230.404
231.075
231.734
232.414
233.095
233.804
234.452
235.119
235.761
236.441
237.112
237.775
238.434
239.075
239.733
240.366
241.032
241.706
242.353
243.011
243.634
244.343
244.934
245.591
246.206
246.825
247.477
248.089
248.65
249.261
249.904
250.552
251.161
251.781
252.373
252.972
253.634
254.263
254.84
255.462
256.163
256.763
257.352
257.911
258.521
259.131
259.722
260.323
260.922
261.546
262.075
262.647
263.193
263.745
264.307
264.9
265.5
266.083
266.691
267.289
267.869
268.445
268.982
269.582
270.131
270.701
271.292
271.861
272.48
273.039
273.58
274.152
274.702
275.232
275.784
276.343
276.872
277.402
277.99
278.519
279.101
279.671
280.183
280.701
281.179
281.693
282.222
282.793
283.291
283.841
284.381
284.918
285.438
285.961
286.48
287.011
287.572
288.101
288.601
289.141
289.691
290.211
290.774
291.292
291.742
292.234
292.753
293.284
293.802
294.242
294.799
295.309
295.799
296.291
296.799
297.322
297.781
298.243
298.693
299.163
299.654
300.164
300.645
301.121
301.613
302.1
302.58
303.057
303.529
304.011
304.5
304.992
305.441
305.902
306.35
306.818
307.289
307.768
308.248
308.719
309.211
309.648
310.101
310.568
311.041
311.511
311.98
312.477
312.959
313.41
313.889
314.349
314.828
315.289
315.766
316.227
316.681
317.147
317.591
317.995
318.431
318.874
319.312
319.73
320.189
320.652
320.878
321.483
321.482
321.489
321.699
322.022
322.359
322.791
323.237
323.647
324.122
324.577
325.025
325.479
325.976
326.487
326.996
327.479
327.985
328.506
329.028
329.526
329.994
330.482
330.971
331.406
331.86
332.338
332.77
333.208
333.621
334.054
334.495
334.936
335.308
335.727
336.115
336.544
337.007
337.407
337.825
338.237
338.639
339.098
339.517
339.917
340.331
340.759
341.198
341.585
341.997
342.428
342.849
343.257
343.678
344.049
344.458
344.891
345.277
345.68
346.128
346.52
346.899
347.29
347.698
348.114
348.487
348.895
349.279
349.667
350.069
350.438
350.791
351.183
351.592
351.954
352.294
352.686
353.061
353.415
353.797
354.219
354.629
355.079
355.472
355.819
356.139
356.459
356.818
357.197
356.357
356.346
358.537
360.561
361.597
362.321
362.959
363.475
363.952
364.391
364.827
365.197
365.56
365.918
366.262
366.61
366.959
367.284
367.622
367.964
368.318
368.617
368.929
369.248
369.588
369.91
370.179
370.496
370.844
371.173
371.495
371.805
372.137
372.434
372.697
373.026
373.387
373.686
373.968
374.278
374.559
374.857
375.177
375.438
375.719
376.047
376.374
376.678
376.967
377.268
377.614
377.958
378.258
378.506
378.815
379.147
379.457
379.766
380.098
380.454
380.748
381.02
381.291
381.588
381.879
382.17
382.475
382.748
383.036
383.328
383.618
383.915
384.235
384.557
384.876
385.196
385.5
385.787
386.078
386.397
386.727
387.011
387.288
387.568
387.857
388.127
388.407
388.719
389.047
389.33
389.557
389.846
390.166
390.487
390.768
391.024
391.295
391.614
391.906
392.186
392.505
392.797
393.086
393.35
393.637
393.918
394.178
394.464
394.743
395.013
395.294
395.612
395.944
396.266
396.542
396.814
397.093
397.404
397.706
397.995
398.256
398.507
398.796
399.077
399.345
399.624
399.895
400.175
400.434
400.732
401.015
401.276
401.516
401.813
402.112
402.411
402.702
402.974
403.243
403.506
403.764
404.044
404.323
404.605
404.884
405.181
405.441
405.715
405.993
406.274
406.544
406.843
407.122
407.374
407.593
407.851
408.116
408.374
408.645
408.895
409.127
409.415
409.704
410.013
410.292
410.532
410.774
411.034
411.283
411.536
411.783
412.013
412.271
412.513
412.759
413.022
413.321
413.632
413.893
414.152
414.413
414.689
414.949
415.199
415.459
415.689
415.923
416.161
416.376
416.643
416.904
417.142
417.394
417.65
417.923
418.201
418.484
418.773
419.042
419.292
419.543
419.784
420.032
420.3
420.552
420.791
421.044
421.284
421.525
421.755
421.944
422.193
422.441
422.689
422.949
423.212
423.474
423.706
423.891
424.122
424.392
424.663
424.931
425.181
425.403
425.642
425.88
426.129
426.38
426.638
426.89
427.121
427.35
427.611
427.851
428.1
428.34
428.568
428.8
429.019
429.258
429.529
429.753
429.992
430.242
430.461
430.711
430.9
431.14
431.371
431.65
431.88
432.091
432.32
432.529
432.75
432.961
433.211
433.484
433.711
433.951
434.162
434.361
434.582
434.82
435.052
435.279
435.529
435.768
436.037
436.277
436.518
436.748
436.979
437.199
437.422
437.637
437.879
438.17
438.402
438.639
438.853
439.093
439.322
439.543
439.74
439.949
440.178
440.408
440.637
440.885
441.127
441.37
441.57
441.781
441.961
442.181
442.371
442.609
442.841
443.103
443.386
443.325
443.129
443.043
442.965
443.104
443.282
443.493
443.711
443.943
444.176
444.415
444.663
444.899
445.193
445.489
445.804
446.09
446.424
446.746
447.071
447.335
447.561
447.798
448.064
448.337
448.576
448.824
449.051
449.309
449.56
449.801
450.025
450.263
450.487
450.698
450.917
451.12
451.348
451.557
451.776
452.022
452.28
452.51
452.709
452.892
453.129
453.34
453.579
453.807
454.029
454.258
454.468
454.68
454.901
455.139
455.338
455.559
455.773
456.008
456.229
456.458
456.662
456.909
457.102
457.34
457.561
457.816
458.03
458.208
458.417
458.639
458.859
459.09
459.283
459.474
459.675
459.874
460.075
460.296
460.567
460.84
461.1
461.32
461.511
461.68
461.907
462.121
462.309
462.5
461.435
461.347
463.209
465.086
466.036
466.603
467.046
467.4
467.706
468.005
468.248
468.451
468.686
468.892
469.079
469.228
469.407
469.627
469.821
470.011
470.183
470.339
470.506
470.647
470.797
470.956
471.143
471.317
471.477
471.635
471.805
471.967
472.107
472.255
472.447
472.634
472.81
472.977
473.128
473.258
473.402
473.58
473.727
473.895
474.093
474.279
474.436
474.559
474.709
474.858
475.033
475.194
475.345
475.516
475.688
475.838
476.008
476.156
476.327
476.498
476.656
476.799
476.959
477.121
477.287
477.447
477.627
477.778
477.947
478.088
478.258
478.42
478.578
478.74
478.879
479.059
479.209
479.367
479.526
479.697
479.848
479.986
480.157
480.31
480.477
480.67
480.845
481.009
481.157
481.305
481.479
481.655
481.827
481.985
482.157
482.319
482.479
482.629
482.779
482.959
483.098
483.237
483.367
483.516
483.686
483.836
484.003
484.181
484.345
484.524
484.702
484.874
485.046
485.206
485.374
485.534
485.686
485.853
486.005
486.145
486.305
486.452
486.605
486.784
486.966
487.134
487.286
487.395
487.545
487.704
487.874
488.032
488.175
488.333
488.472
488.65
488.851
489.023
489.173
489.304
489.446
489.575
489.742
489.911
490.085
490.245
490.398
490.536
490.696
490.855
491.044
491.194
491.363
491.516
491.645
491.794
491.952
492.126
492.271
492.434
492.614
492.773
492.934
493.093
493.232
493.374
493.503
493.634
493.783
493.934
494.102
494.273
494.434
494.554
494.722
494.874
495.042
495.211
495.371
495.549
495.7
495.851
496.021
496.162
496.338
496.482
496.642
496.81
496.962
497.102
497.253
497.384
497.513
497.654
497.814
497.962
498.102
498.263
498.404
498.544
498.657
498.82
498.991
499.181
499.34
499.464
499.603
499.735
499.854
500.015
500.167
500.302
500.452
500.611
500.771
500.931
501.08
501.23
501.382
501.531
501.654
501.811
501.954
502.101
502.23
502.322
506.562
671.302
762.85
769.531
772.671
775.173
777.24
779.072
780.565
781.822
782.972
784
784.93
785.781
786.621
787.32
787.911
788.572
789.19
789.683
790.231
790.711
791.14
791.611
792.021
792.441
792.841
793.183
793.529
793.871
794.193
794.521
794.8
795.064
795.33
795.619
795.908
796.139
796.371
796.629
796.881
797.107
797.34
797.562
797.801
798
798.193
798.391
798.549
798.731
798.922
799.111
799.27
799.431
799.593
799.741
799.908
800.06
800.201
800.35
800.398
800.459
800.43
800.698
800.899
800.992
801.123
801.193
801.144
797.693
798.732
798.191
797.24
799.029
802.161
800.247
801.355
801.553
801.532
801.546
800.188
798.874
798.822
798.68
798.75
798.796
798.507
798.005
797.451
799.835
802.803
811.035
808.494
794.002
791.231
791.154
798.755
801.388
802.334
802.951
803.196
800.352
797.861
797.818
798.11
798.301
798.462
798.624
798.725
798.871
798.995
799.134
799.237
799.358
799.461
799.552
799.659
799.755
799.892
799.997
800.099
800.203
800.314
800.432
800.557
800.672
800.777
800.889
800.99
801.087
801.181
801.27
801.352
801.44
801.548
801.642
801.729
801.806
801.865
801.923
801.954
802.017
802.072
802.134
802.193
802.245
802.301
802.322
802.379
802.41
802.459
802.493
802.522
802.556
802.565
802.503
801.215
799.808
799.433
799.368
799.312
799.34
800.263
801.929
798.872
800.439
799.99
799.411
799.225
799.095
798.953
798.811
798.7
798.474
796.533
797.723
799.781
800.679
801.063
801.301
801.494
801.693
801.832
801.959
802.065
802.146
802.187
802.255
802.348
802.472
802.59
802.692
802.691
802.702
802.751
802.807
802.904
802.976
803
803.028
803.077
803.103
803.159
803.234
803.322
803.402
803.476
803.536
803.576
803.627
803.668
803.721
803.778
803.815
803.845
803.891
803.933
803.982
804.031
804.091
804.126
804.149
804.172
804.232
804.283
804.333
804.369
804.405
804.456
804.52
804.572
804.633
804.667
804.695
804.731
804.75
804.794
804.833
804.865
804.907
804.933
804.931
804.941
804.952
804.977
805.029
805.072
805.123
805.139
805.147
805.158
805.171
805.217
805.254
805.304
805.353
805.384
805.418
805.438
805.469
805.513
805.529
805.557
805.579
805.598
805.607
805.618
805.645
805.663
805.694
805.727
805.775
805.798
805.843
805.878
805.909
805.926
805.938
805.949
805.984
806.024
806.064
806.078
806.059
806.068
806.079
806.097
806.106
806.154
806.191
806.224
806.259
806.296
806.315
806.327
806.353
806.374
806.374
806.395
806.4
806.41
806.428
806.456
806.499
806.535
806.565
806.58
806.577
806.604
806.634
806.655
806.675
806.712
806.756
806.786
806.806
806.827
806.849
806.846
806.879
806.9
806.885
806.91
806.92
806.959
806.974
806.995
807.034
807.049
807.077
807.098
807.108
807.129
807.149
807.168
807.188
807.216
807.257
807.296
807.289
807.299
807.305
807.3
807.291
807.288
807.299
807.299
807.327
807.332
807.358
807.397
807.41
807.426
807.457
807.464
807.488
807.5
807.515
807.554
807.593
807.631
807.645
807.675
807.69
807.698
807.701
807.719
807.716
807.699
807.691
807.707
807.725
807.747
807.768
807.797
807.829
807.823
807.812
807.836
807.848
807.868
807.897
807.925
807.928
807.958
807.981
807.987
807.987
807.99
807.999
807.997
807.997
807.997
808.018
808.029
808.039
808.039
808.067
808.096
808.117
808.127
808.163
808.166
808.186
808.206
808.229
808.24
808.239
808.248
808.257
808.266
808.266
808.295
808.309
808.336
808.357
808.359
808.368
808.395
808.415
808.436
808.464
808.475
808.477
808.498
808.51
808.502
808.492
808.508
808.526
808.537
808.534
808.551
808.557
808.568
808.577
808.598
808.616
808.618
808.611
808.609
808.619
808.636
808.647
808.668
808.673
808.704
808.717
808.745
808.758
808.74
808.748
808.742
808.732
808.747
808.748
808.756
808.769
808.779
808.788
808.811
808.807
808.829
808.835
808.845
808.866
808.869
808.887
808.892
808.918
808.93
808.959
808.979
808.988
808.862
809.08
808.633
808.211
807.943
807.822
807.733
807.661
807.611
807.58
807.575
807.588
807.607
807.629
807.641
807.648
807.676
807.663
807.65
807.64
807.629
807.619
807.601
807.609
807.609
807.608
807.618
807.611
807.626
807.629
807.659
807.688
807.711
807.737
807.729
807.729
807.727
807.717
807.727
807.745
807.755
807.776
807.781
807.779
807.789
807.789
807.779
807.788
807.888
808.272
807.906
808.705
808.916
809.064
809.181
809.236
809.293
809.342
809.384
809.44
809.477
809.52
809.569
809.613
809.645
809.659
809.675
809.686
809.694
809.704
809.706
809.716
809.727
809.743
809.765
809.793
809.833
809.864
809.869
809.879
809.897
809.907
809.916
809.926
809.944
809.946
809.93
809.928
809.928
809.94
809.938
809.949
809.958
809.977
810.007
810.028
810.028
810.038
810.047
810.049
810.049
810.049
810.047
810.062
810.078
810.087
810.098
810.118
810.137
810.157
810.17
810.154
810.142
810.131
810.121
810.113
810.109
810.136
810.145
810.157
810.157
810.183
810.204
810.207
810.215
810.217
810.209
810.217
810.234
810.22
810.25
810.261
810.273
810.281
810.281
810.289
810.299
810.315
810.336
810.346
810.348
810.348
810.357
810.369
810.379
810.381
810.409
810.422
810.441
810.451
810.451
810.441
810.423
810.423
810.41
810.398
810.38
810.379
810.381
810.387
810.368
810.387
810.423
810.438
810.426
810.447
810.469
810.461
810.457
810.469
810.479
810.47
810.477
810.498
810.48
810.488
810.507
810.518
810.528
810.546
810.577
810.588
810.582
810.58
810.58
810.59
810.6
810.601
810.601
810.608
810.618
810.619
810.609
810.634
810.637
810.648
810.675
810.678
810.688
810.69
810.698
810.708
810.719
810.725
810.735
810.763
810.758
810.757
810.766
810.768
810.778
810.768
810.776
810.77
810.768
810.754
810.747
810.74
810.74
810.757
810.76
810.78
810.791
810.817
810.829
810.84
810.854
810.856
810.875
810.887
810.867
810.877
810.581
811.004
811.187
811.26
811.302
810.942
811.296
811.495
811.536
810.308
812.417
814.77
815.352
815.369
815.295
815.202
813.116
811.453
810.928
810.338
809.751
809.447
808.747
807.361
806.489
806.365
814.322
831.177
821.46
798.366
792.266
791.986
799.477
801.637
802.252
802.634
805.909
809.203
810.52
811.038
811.319
811.549
811.738
810.643
804.332
