-0.253052
-0.255249
-0.330627
-0.461487
-0.566162
-0.586792
-0.903687
-0.866486
-0.688904
-1.22852
-0.529388
-1.21829
-1.10126
-1.56219
-1.40601
-1.37805
-1.45377
-0.765015
-0.256256
0
-0.629456
-0.772125
-1.26563
-1.54416
-1.88773
-2.06265
-2.29938
-2.97781
-3.17673
-14.5966
-5.23758
-0.663452
6.19241
10.1304
11.9753
12.9265
13.4445
13.8202
14.1012
14.369
14.6323
14.8398
15.057
15.2762
15.5132
15.7305
15.9395
16.15
16.3594
16.5214
16.709
16.8613
16.9824
17.1586
17.3086
17.4773
17.6
17.7372
17.8926
18.0231
18.1602
18.3012
18.4614
18.582
18.6535
18.6996
18.8255
19.0037
19.2115
19.3383
19.445
19.5544
19.634
19.716
19.8071
19.868
19.9137
18.3422
15.2858
14.4761
14.1959
16.0585
16.9848
18.8172
22.6493
22.9362
22.8188
22.8701
22.9404
23.0205
23.0771
23.1232
23.1591
23.1801
23.1962
23.2078
23.2012
23.1996
23.2012
23.2125
23.2027
23.2062
23.1882
23.2027
23.2008
23.2027
23.191
23.1848
23.1765
23.144
23.1324
23.1371
23.1602
23.1633
23.1453
23.1555
23.1534
23.1633
23.1519
23.1437
23.1359
23.1159
23.0847
23.0766
23.064
23.0539
23.0246
23.0051
22.9875
22.9741
22.9902
22.9922
23.0395
23.0789
23.0703
23.0719
23.0672
23.0934
23.0835
23.0719
23.0801
23.0617
23.0555
23.0656
23.0816
23.1015
23.1489
23.2078
23.2813
22.3496
7.44101
6.82538
6.81055
6.80899
6.79764
6.83835
6.85977
6.88907
6.90234
6.9039
6.92343
6.92188
6.94141
6.95273
6.97421
6.98087
6.99063
6.99686
6.98679
6.96756
6.96094
6.96094
6.94766
6.96756
6.96921
6.97577
6.97733
6.96725
6.95624
6.92654
6.91647
6.91873
6.88748
6.88907
6.85977
6.84961
6.8399
6.84024
6.84531
6.845
6.85507
6.8446
6.8367
6.81522
6.78751
6.77625
6.75546
6.75516
6.72577
6.70789
6.68826
6.68008
6.6586
6.66647
6.64764
6.64569
6.62936
6.60663
6.62421
6.64539
6.70624
6.76648
6.84531
6.89734
6.88593
6.88593
6.73718
3.72577
2.31726
1.5871
0.524689
2.73749
7.466
6.35126
2.52304
2.66336
2.75662
2.35632
2.59686
1.77811
1.85477
1.76328
1.73367
1.00507
-1.84641
-4.17773
-5.06671
0.339905
4.4614
9.12311
6.14258
-4.96399
-4.03244
-2.33322
2.56726
4.89413
5.19305
5.18164
5.15555
5.23398
5.38718
5.6246
5.26492
5.82382
5.99384
5.86484
5.86453
5.84296
6.31415
5.79929
6.29102
6.22235
6.39108
6.52975
6.66367
6.69617
6.6539
6.54578
6.38593
6.26678
6.14383
6.04108
5.91367
5.78445
5.64063
5.47272
5.39383
5.42188
5.41022
4.95319
4.66217
-6.20859
-264.469
-246.625
-235.986
-236.745
-241.617
-245.887
-249.317
-252.369
-254.988
-256.946
-258.059
-258.798
-259.067
-259.039
-258.817
-258.408
-257.871
-257.32
-256.598
-255.746
-254.839
-253.928
-252.926
-251.877
-250.836
-249.728
-248.619
-247.436
-246.248
-245.02
-243.776
-242.557
-241.3
-240.028
-238.768
-237.469
-236.189
-234.897
-233.619
-232.32
-231.027
-229.717
-228.408
-227.052
-225.694
-224.387
-223.089
-221.801
-220.449
-219.076
-217.748
-216.387
-215.01
-213.687
-212.369
-211.071
-209.728
-208.408
-207.07
-205.771
-204.431
-203.072
-201.769
-200.459
-199.209
-197.908
-196.637
-195.348
-194.044
-192.72
-191.449
-190.16
-188.85
-187.598
-186.349
-185.107
-183.799
-182.539
-181.328
-180.081
-178.85
-177.641
-176.402
-175.178
-173.95
-172.673
-171.451
-170.241
-169.001
-167.792
-166.621
-165.447
-164.248
-163.059
-161.882
-160.709
-159.57
-158.371
-157.178
-155.998
-154.875
-153.994
-152.913
-151.966
-150.636
-149.041
-148.01
-147.056
-146.095
-145.113
-144.185
-143.915
-142.517
-141.231
-140.255
-138.217
-137.751
-136.318
-134.959
-133.727
-132.696
-131.759
-130.113
-129.126
-128.026
-127.334
-125.827
-124.749
-123.505
-122.452
-121.398
-120.38
-119.321
-118.266
-117.225
-116.134
-115.138
-114.12
-113.119
-112.119
-111.101
-110.101
-109.08
-108.087
-107.079
-106.098
-105.15
-104.138
-103.112
-102.122
-101.137
-100.176
-99.0937
-98.1155
-97.1647
-96.2084
-95.2315
-94.2804
-93.31
-92.3898
-91.4018
-90.442
-89.5436
-88.6038
-87.7049
-86.7096
-85.7393
-84.7166
-83.7624
-82.9199
-82.1145
-81.1482
-79.9856
-79.0627
-78.1136
-77.1877
-76.2788
-75.367
-74.439
-73.5667
-72.6795
-71.8784
-70.9283
-69.8464
-68.8942
-68.0467
-67.1925
-66.369
-65.5386
-64.6565
-63.7531
-65.0016
-63.1768
-59.4015
-58.2777
-57.5073
-56.599
-55.6674
-54.7818
-53.9616
-53.1058
-52.3429
-51.4898
-50.6761
-49.9441
-49.1957
-48.4148
-47.6434
-46.9051
-46.1015
-45.3872
-44.6457
-43.8594
-43.1109
-42.3352
-41.5995
-40.8313
-40.1094
-39.3953
-38.6648
-37.9539
-37.2418
-36.4999
-35.7973
-35.1012
-34.3086
-33.5621
-32.8984
-32.191
-31.4574
-30.727
-29.9867
-29.3363
-28.5992
-27.9211
-27.2024
-26.5245
-25.8281
-25.1012
-24.3984
-23.6891
-23
-22.2628
-21.4914
-20.8039
-20.1305
-19.4589
-18.7512
-18.0813
-17.3938
-16.7187
-16.0684
-15.3789
-14.6617
-13.941
-13.2762
-12.6109
-11.9231
-11.2922
-10.6519
-9.95859
-9.30197
-8.57648
-7.9422
-7.29376
-6.61749
-5.9754
-5.33508
-4.66837
-3.99329
-3.31369
-2.66171
-2.01758
-1.41165
-0.752747
-0.146881
0.516479
1.13437
1.83679
2.43671
3.01648
3.63593
4.29462
4.8746
5.45438
6.13242
6.81375
7.45584
8.07538
8.67313
9.28436
9.91336
10.4855
11.1078
11.6864
12.2273
12.8548
13.5004
14.113
14.716
15.3532
15.9562
16.577
17.1817
17.8059
18.3911
19.0008
19.6001
20.2044
20.8156
21.3583
21.9465
22.5656
23.0735
23.6931
24.3269
24.9055
25.4544
26.0313
26.5817
27.1704
27.7387
28.3028
28.8894
29.4509
30.0442
30.6426
31.2243
31.7535
32.3305
32.8532
33.3845
33.9989
34.618
35.1192
35.6716
36.2047
36.7634
37.3141
37.8207
38.3301
38.8926
39.4712
40.0235
40.543
41.0458
41.6738
42.0837
42.5704
43.1703
43.7501
44.2501
44.7798
45.3208
45.9008
46.363
46.8825
47.4059
47.9333
48.4841
48.9809
49.4841
50.0005
50.5512
51.0414
51.5313
52.0723
52.5591
53.0215
53.502
54.0493
54.5622
55.0493
55.5215
56.0298
56.518
57.0606
57.5626
58.0313
58.5001
59.0215
59.4707
59.9477
60.5083
60.9512
61.4219
61.9106
62.4023
62.8809
63.3676
63.8579
64.3188
64.8269
65.3403
65.7618
66.2243
66.7032
67.1492
67.6325
68.1016
68.5903
69.0493
69.5219
70.0411
70.4825
70.9141
71.4125
71.8481
72.3188
72.7782
73.2587
73.7387
74.1997
74.6411
75.1411
75.6313
76.0626
76.5005
76.9399
77.4024
77.8715
78.3091
78.7602
79.211
79.6997
80.1001
80.5282
80.9887
81.3992
81.8383
82.268
82.6602
83.0821
83.5527
83.9708
84.4008
84.8501
85.2993
85.6801
86.1001
86.5497
86.9613
87.3813
87.7946
88.2309
88.6801
89.1
89.5102
89.938
90.3618
90.7782
91.229
91.6294
92.0102
92.4497
92.8894
93.2973
93.711
94.1489
94.5395
94.9594
95.3813
95.8028
96.2098
96.5575
97.0001
97.4677
97.8763
98.2684
98.6391
99.018
99.4364
99.8563
100.27
100.677
101.081
101.487
101.838
102.208
102.628
103.03
103.411
103.829
104.239
104.629
105
105.342
105.768
106.191
106.571
106.948
107.283
107.388
107.664
107.949
108.526
109.276
109.53
109.748
109.931
110.155
110.39
109.909
110.612
111.13
111.424
112.779
112.473
113.128
113.702
114.209
114.707
114.638
115.619
115.952
116.469
116.387
117.375
117.605
118.159
118.545
118.914
119.3
119.67
120.025
120.425
120.788
121.148
121.507
121.927
122.339
122.638
122.979
123.352
123.72
124.072
124.447
124.778
125.131
125.507
125.888
126.269
126.638
126.986
127.349
127.724
128.126
128.499
128.837
129.176
129.536
129.894
130.257
130.618
130.988
131.367
131.775
132.154
132.503
132.84
133.177
133.446
133.808
134.363
134.867
135.229
135.582
135.891
136.192
136.51
136.857
137.234
137.515
137.862
138.353
138.714
139.046
139.363
139.654
139.973
140.273
140.658
139.096
140.219
143.487
144.139
144.473
144.846
145.236
145.589
145.914
146.234
146.517
146.813
147.113
147.388
147.667
147.938
148.207
148.458
148.691
148.943
149.193
149.452
149.708
150.01
150.28
150.541
150.812
151.051
151.35
151.629
151.901
152.131
152.44
152.711
152.977
153.24
153.51
153.742
154.013
154.257
154.504
154.752
155.02
155.27
155.548
155.821
156.059
156.298
156.557
156.837
157.128
157.405
157.657
157.91
158.17
158.44
158.706
158.997
159.266
159.53
159.766
160.002
160.258
160.518
160.788
161.085
161.34
161.626
161.899
162.167
162.438
162.703
162.976
163.255
163.536
163.786
164.036
164.278
164.517
164.749
165.034
165.345
165.626
165.904
166.165
166.441
166.684
166.945
167.178
167.427
167.686
167.956
168.214
168.482
168.754
169.023
169.266
169.554
169.822
170.064
170.332
170.585
170.824
171.113
171.397
171.643
171.873
172.143
172.422
172.665
172.876
173.105
173.355
173.613
173.881
174.141
174.363
174.644
174.902
175.156
175.404
175.664
175.932
176.198
176.44
176.652
176.871
177.116
177.355
177.605
177.854
178.103
178.343
178.582
178.843
179.092
179.342
179.57
179.834
180.102
180.373
180.613
180.85
181.072
181.301
181.523
181.744
182.005
182.243
182.523
182.754
183.002
183.221
183.46
183.703
183.922
184.154
184.402
184.652
184.884
185.121
185.361
185.62
185.852
186.061
186.273
186.466
186.711
186.935
187.172
187.43
187.721
187.971
188.172
188.381
188.609
188.852
189.11
189.331
189.6
189.839
190.1
190.322
190.553
190.772
190.994
191.215
191.43
191.65
191.843
192.072
192.293
192.52
192.772
193.02
193.249
193.45
193.698
193.928
194.19
194.4
194.631
194.852
195.072
195.309
195.551
195.78
196
196.209
196.44
196.642
196.862
197.082
197.299
197.513
197.719
197.948
198.18
198.411
198.652
198.878
199.09
199.331
199.559
199.779
200.007
200.231
200.452
200.68
200.92
201.141
201.34
201.541
201.75
201.941
202.163
202.401
202.631
202.838
203.04
203.25
203.459
203.659
203.863
204.082
204.303
204.53
204.749
204.979
205.21
205.428
205.649
205.852
206.054
206.271
206.463
206.67
206.891
207.112
207.331
207.529
207.751
207.949
208.169
208.386
208.59
208.819
209.048
209.276
209.489
209.692
209.88
210.082
210.28
210.499
210.719
210.9
211.116
211.32
211.522
211.688
211.886
212.097
212.309
212.52
212.727
212.938
213.141
213.366
213.556
213.763
213.973
214.165
214.366
214.548
214.758
214.969
215.19
215.412
215.591
215.784
215.669
215.838
215.774
216.214
216.818
216.999
217.061
217.054
217.022
217.032
216.371
216.881
217.289
217.353
218.45
218.125
218.42
218.91
219.24
219.366
219.578
220.199
220.21
220.337
220.528
220.977
221.287
221.573
221.758
221.961
222.182
222.373
222.576
222.767
222.99
223.169
223.37
223.552
223.747
223.947
224.153
224.398
224.589
224.782
225.015
225.212
225.396
225.581
225.77
225.941
226.151
226.36
226.577
226.788
226.994
227.195
227.406
227.617
227.818
228.045
228.257
228.447
228.654
228.862
229.1
229.311
229.532
229.705
229.815
229.868
230.148
230.609
230.916
231.133
231.317
231.501
231.72
231.922
232.115
232.283
232.424
232.763
233.187
233.342
233.481
233.641
233.821
233.984
234.158
234.398
232.719
233.796
236.705
237.257
237.457
237.694
237.953
238.187
238.414
238.574
238.773
238.946
239.12
239.311
239.461
239.624
239.784
239.9
240.029
240.143
240.278
240.399
240.525
240.66
240.786
240.927
241.047
241.196
241.345
241.485
241.596
241.716
241.832
241.932
242.057
242.204
242.396
242.536
242.667
242.766
242.912
243.059
243.188
243.314
243.448
243.572
243.709
243.829
243.968
244.108
244.257
244.399
244.528
244.698
244.846
244.989
245.114
245.263
245.397
245.536
245.677
245.768
245.878
245.989
246.095
246.229
246.387
246.557
246.716
246.852
247.009
247.149
247.307
247.469
247.618
247.755
247.876
248.005
248.145
248.295
248.457
248.58
248.708
248.852
248.995
249.152
249.314
249.482
249.605
249.752
249.87
250.005
250.126
250.255
250.425
250.548
250.706
250.857
250.994
251.167
251.314
251.483
251.639
251.745
251.873
252.036
252.195
252.381
252.541
252.675
252.805
252.958
253.107
253.26
253.404
253.553
253.711
253.861
254.015
254.144
254.281
254.415
254.554
254.675
254.824
254.966
255.105
255.265
255.402
255.554
255.693
255.824
255.943
256.074
256.201
256.353
256.479
256.627
256.811
256.953
257.102
257.273
257.412
257.574
257.683
257.832
257.971
258.103
258.25
258.401
258.541
258.705
258.832
258.992
259.126
259.244
259.376
259.53
259.666
259.806
259.925
260.064
260.213
260.344
260.492
260.652
260.782
260.935
261.064
261.231
261.361
261.522
261.682
261.822
261.97
262.102
262.25
262.409
262.531
262.672
262.84
262.971
263.121
263.27
263.422
263.536
263.633
263.762
263.894
264.021
264.145
264.307
264.43
264.571
264.7
264.842
264.979
265.109
265.249
265.389
265.522
265.661
265.819
265.959
266.089
266.229
266.368
266.482
266.633
266.765
266.881
266.992
267.136
267.24
267.371
267.526
267.683
267.84
267.971
268.103
268.219
268.342
268.459
268.579
268.711
268.899
269.241
375.489
548.829
555.35
557.85
559.723
561.149
562.25
563.219
564.038
564.762
565.402
566.023
566.551
567.02
567.461
567.88
568.258
568.6
568.979
569.309
569.613
569.881
570.18
570.438
570.69
570.928
571.15
571.378
571.589
571.813
572.01
572.218
572.407
572.587
572.79
572.966
573.159
573.29
573.438
573.569
573.731
573.891
574.03
574.137
574.28
574.391
574.516
574.657
574.796
574.909
575.016
575.126
575.234
575.321
575.418
575.518
575.623
575.723
575.819
575.961
576.179
576.419
576.618
576.737
576.829
576.919
576.878
575.497
572.757
573
571.379
571.199
575.354
578.437
575.776
573.664
573.488
573.43
573.477
573.831
572.9
572.784
572.663
572.449
569.679
567.216
565.475
566.58
574.999
577.999
581.046
570.279
567.016
568.834
571.263
576.713
577.542
577.811
574.885
577.505
572.763
571.456
571.682
571.144
571.902
572.099
572.197
572.334
572.824
572.881
572.704
572.894
573.055
573.148
573.238
573.397
573.555
573.708
573.826
573.941
574.071
574.235
574.375
574.486
574.605
574.719
574.838
574.962
575.057
575.142
575.243
575.336
575.411
575.52
575.614
575.694
575.782
575.888
575.994
576.075
576.169
576.241
576.224
576.137
576.219
576.502
576.667
576.751
576.788
576.844
576.886
576.929
576.961
576.991
577.028
575.939
574.144
573.624
573.578
573.339
573.335
576.081
570.683
568.997
571.576
573.215
573.433
573.487
573.507
573.52
573.539
573.592
573.17
570.586
575.007
575.987
575.951
576.081
576.215
576.347
576.516
576.661
576.787
576.906
576.994
577.084
577.192
577.287
577.386
577.478
577.543
577.577
577.613
577.671
577.745
577.826
577.88
577.909
577.96
577.989
578.046
578.097
578.157
578.21
578.25
578.273
578.303
578.322
578.36
578.393
578.438
578.471
578.477
578.502
578.561
578.594
578.612
578.661
578.664
578.705
578.734
578.765
578.821
578.883
578.94
578.973
579.013
579.025
579.061
579.1
579.139
579.156
579.157
579.16
579.18
579.198
579.232
579.29
579.322
579.335
579.365
579.358
579.386
579.422
579.463
579.51
579.525
579.553
579.563
579.575
579.603
579.636
579.677
579.696
579.701
579.708
579.718
579.736
579.752
579.773
579.813
579.827
579.855
579.868
579.912
579.935
579.965
579.994
580.023
580.048
580.058
580.074
580.093
580.134
580.154
580.179
580.2
580.218
580.236
580.247
580.265
580.286
580.304
580.298
580.316
580.326
580.354
580.381
580.414
580.407
580.427
580.466
580.464
580.476
580.496
580.507
580.497
580.489
580.507
580.518
580.536
580.552
580.577
580.587
580.595
580.599
580.616
580.656
580.687
580.731
580.747
580.775
580.786
580.808
580.842
580.855
580.873
580.885
580.878
580.887
580.896
580.915
580.945
580.958
580.976
580.973
580.979
580.997
581.018
581.048
581.056
581.084
581.095
581.108
581.102
581.123
581.128
581.139
581.149
581.155
581.167
581.182
581.195
581.217
581.226
581.249
581.257
581.258
581.258
581.267
581.286
581.308
581.326
581.327
581.348
581.355
581.358
581.358
581.367
581.384
581.394
581.406
581.417
581.429
581.447
581.467
581.477
581.496
581.507
581.517
581.527
581.535
581.545
581.567
581.586
581.594
581.606
581.613
581.626
581.629
581.638
581.621
581.631
581.647
581.645
581.639
581.64
581.649
581.649
581.646
581.66
581.671
581.689
581.706
581.715
581.737
581.755
581.775
581.793
581.814
581.829
581.849
581.84
581.842
581.863
581.87
581.86
581.888
581.896
581.896
581.919
581.917
581.927
581.937
581.942
581.937
581.937
581.937
581.947
581.945
581.958
581.978
581.989
581.984
581.979
582.007
582.009
582.01
582.005
582.028
582.046
582.047
582.054
582.066
582.066
582.075
582.075
582.075
582.08
582.089
582.099
582.115
582.125
582.12
582.126
582.144
582.157
582.149
582.167
582.197
582.188
582.195
582.19
582.187
582.19
582.187
582.202
582.21
582.2
582.213
582.237
582.256
582.257
582.267
582.277
582.27
582.27
582.282
582.282
582.298
582.29
582.306
582.329
582.319
582.068
581.625
581.833
581.8
581.771
581.747
581.763
581.779
581.783
581.79
581.807
581.827
581.83
581.82
581.84
581.828
581.82
581.824
581.84
581.84
581.848
581.843
581.842
581.858
581.868
581.896
581.924
581.945
581.953
581.965
581.976
581.976
581.997
582.007
582.009
582.018
582.036
582.047
582.054
582.093
582.116
582.12
582.123
582.131
582.133
582.121
582.136
582.143
583.307
582.05
582.509
582.548
582.568
582.543
582.545
582.545
582.582
582.607
582.64
582.659
582.683
582.7
582.678
582.684
582.703
582.685
582.656
582.646
582.636
582.615
582.607
582.607
582.605
582.635
582.638
582.638
582.628
582.62
582.628
582.631
582.628
582.629
582.649
582.677
582.669
582.677
582.669
582.675
582.659
582.669
582.665
582.665
582.685
582.695
582.697
582.703
582.716
582.717
582.719
582.739
582.749
582.761
582.768
582.78
582.79
582.79
582.799
582.791
582.79
582.79
582.8
582.798
582.814
582.819
582.829
582.84
582.858
582.85
582.829
582.82
582.84
582.858
582.85
582.856
582.889
582.896
582.889
582.872
582.886
582.909
582.911
582.908
582.927
582.938
582.941
582.928
582.928
582.948
582.941
582.95
582.958
582.968
582.987
582.989
582.99
583.01
583.004
583.012
583.015
583.012
583.029
583.013
583.03
583.041
583.041
583.048
583.049
583.031
583.018
583.028
583.036
583.02
583.02
583.048
583.069
583.081
583.089
583.108
583.1
583.1
583.084
583.081
583.072
583.054
583.066
583.067
583.069
583.108
583.128
583.138
583.157
583.159
583.151
583.149
583.134
583.112
583.102
583.092
583.08
583.072
583.095
583.116
583.12
583.12
583.136
583.136
583.141
583.14
583.131
583.128
583.138
583.138
583.156
583.164
583.165
583.195
583.2
583.193
583.192
583.19
583.19
583.21
583.216
583.215
583.226
583.237
583.236
583.255
583.257
583.25
583.277
583.275
583.277
583.28
583.278
583.283
583.298
583.337
583.258
582.694
583.3
582.576
582.197
582.087
582.166
582.317
582.131
583.464
585.169
587.074
589.02
588.2
585.315
585.115
585.16
585.15
585.134
584.77
580.018
579.95
580.282
580.326
579.073
573.491
567.731
564.282
567.06
570.329
585.572
587.485
568.315
565.343
567.139
570.909
572.186
572.294
572.361
574.724
581.547
583.41
583.813
583.966
584.083
584.225
584.337
579.966
575.646
