0.658203
0.654144
0.575928
0.510315
0.440063
0.34671
0.278687
0.162354
0.0544434
-0.0271912
-0.0927429
-0.185394
-0.32132
-0.376801
-0.377106
-0.263824
-0.0384521
0.128357
0.395325
0
-0.125549
-0.268982
-0.496399
-0.764679
-1.0304
-1.28381
-1.50922
-1.92282
-1.99118
-17.3799
-27.6857
-20.6526
-2.20563
8.91742
13.7526
15.8995
17.0643
17.8081
18.4061
18.8667
19.3393
19.6281
19.8752
20.1265
20.3929
20.6351
20.8882
21.1073
21.3245
21.5352
21.7265
21.9063
22.0796
22.2296
22.3784
22.5257
22.666
22.8148
22.9633
23.1421
23.2918
23.4344
23.5636
23.6789
23.8133
23.9425
24.0469
24.1515
24.2527
24.3328
24.4308
24.5356
24.6155
24.6953
24.787
24.8671
24.8995
23.2226
20.7167
20.0036
19.77
21.3628
22.2683
23.0014
25.3907
26.9419
27.4545
27.6444
27.7698
27.8795
27.9869
28.0309
28.0586
28.091
28.1238
28.153
28.1957
28.2351
28.2578
28.2531
28.2527
28.2608
28.2538
28.2605
28.2886
28.3065
28.3391
28.3671
28.364
28.3507
28.3636
28.3687
28.3999
28.4175
28.4503
28.4913
28.4843
28.473
28.4831
28.483
28.4632
28.4632
28.4534
28.4636
28.4831
28.498
28.5191
28.5632
28.5792
28.5925
28.6202
28.6597
28.6972
28.7379
28.7948
28.839
28.9113
28.9812
29.0616
29.1593
29.2624
29.364
29.4636
29.5812
29.7198
29.8394
29.9663
30.109
30.2511
29.4113
11.6007
10.998
11.1171
11.1988
11.2577
11.3163
11.3507
11.3687
11.3667
11.398
11.4276
11.4406
11.439
11.4468
11.4503
11.4582
11.4456
11.4636
11.4668
11.4831
11.4781
11.4683
11.4589
11.4569
11.4391
11.4359
11.4359
11.4046
11.3784
11.377
11.3753
11.3573
11.3457
11.3659
11.3574
11.3378
11.3249
11.3359
11.3249
11.3344
11.3265
11.3164
11.3069
11.2773
11.2559
11.2429
11.2215
11.1921
11.1805
11.184
11.1745
11.1645
11.155
11.1448
11.125
11.096
11.0679
11.0699
11.0765
11.1398
11.1942
11.2413
11.2547
11.2331
11.1445
11.0749
10.9848
8.49133
6.75275
5.98163
5.41476
7.98438
12.3327
10.8148
7.38351
7.61563
7.42102
7.24298
7.19366
6.85587
6.94571
6.93274
6.86368
5.45227
2.76447
0.582733
0.130066
6.80157
9.56366
13.1402
6.70233
0.291809
1.69406
3.11563
8.13196
9.3504
9.55664
9.58118
9.5961
9.76086
10.0254
10.1534
10.241
10.3133
10.3362
10.3738
10.382
10.3914
10.423
10.48
10.5617
10.7625
10.9637
11.0909
11.1352
11.1241
11.0715
10.9637
10.8296
10.6824
10.5519
10.3934
10.2788
10.1496
9.99335
9.86249
9.73001
9.61874
9.52069
9.39178
9.42148
-111.418
-222.989
-196.574
-189.236
-193.974
-202.677
-208.827
-214.355
-218.976
-222.069
-224.21
-225.308
-225.589
-225.348
-224.78
-223.829
-222.768
-221.616
-220.316
-218.819
-217.241
-215.731
-214.227
-212.649
-210.959
-209.16
-207.401
-205.672
-203.921
-202.188
-200.428
-198.518
-196.648
-194.821
-193.032
-191.18
-189.319
-187.53
-185.726
-183.968
-182.18
-180.339
-178.5
-176.68
-174.889
-173.071
-171.25
-169.391
-167.579
-165.902
-164.11
-162.309
-160.548
-158.76
-156.94
-155.2
-153.44
-151.749
-150.03
-148.329
-146.632
-144.917
-143.237
-141.53
-139.868
-138.25
-136.6
-134.959
-133.311
-131.662
-130.051
-128.454
-126.809
-125.237
-123.629
-122.031
-120.514
-118.981
-117.481
-115.922
-114.409
-112.888
-111.379
-109.9
-108.411
-106.901
-105.44
-103.999
-102.51
-101.1
-99.6148
-98.2094
-96.8008
-95.3777
-93.9383
-92.5594
-91.1789
-89.8254
-88.3973
-87.0298
-85.7
-84.368
-83.2645
-82.1556
-80.5362
-79.195
-77.8655
-76.5826
-75.3178
-74.1107
-72.9029
-71.7556
-70.5262
-69.1416
-67.7267
-66.3166
-65.0194
-63.694
-62.3529
-61.0405
-59.6794
-58.3037
-57.0341
-55.7169
-54.4188
-53.3373
-52.1456
-50.8792
-49.7077
-48.4835
-47.2746
-46.1148
-45.0331
-43.8726
-42.7417
-41.6227
-40.5003
-39.3417
-38.252
-37.1964
-35.9906
-34.9284
-33.8289
-32.7684
-31.7308
-30.6508
-29.5495
-28.4461
-27.4109
-26.3582
-25.3093
-24.2793
-23.2386
-22.203
-21.1289
-20.0495
-19.0004
-18.0477
-17.046
-16.059
-15.0476
-14.0492
-13.0882
-12.0605
-11.0687
-10.0917
-9.1011
-8.12415
-7.1535
-6.16046
-5.18781
-4.28281
-3.33194
-2.35342
-1.38391
-0.437897
0.493042
1.46405
2.35431
3.28555
4.14499
5.02423
5.95908
6.91577
7.82913
8.74039
9.61609
10.4817
11.3152
12.1859
13.0289
13.9426
13.0602
14.1277
16.8061
18.9131
20.2204
21.1851
22.1244
22.9869
23.7958
24.6012
25.4637
26.2871
27.0793
27.8348
28.6237
29.4258
30.1468
30.9555
31.6972
32.4569
33.207
33.9538
34.6761
35.3438
36.1038
36.7691
37.4995
38.2003
38.9456
39.6563
40.4179
41.1171
41.8265
42.5012
43.2105
43.9097
44.5976
45.2964
45.9894
46.689
47.3687
48.037
48.6972
49.4078
50.037
50.6776
51.3375
52.0159
52.6937
53.3164
53.9948
54.6742
55.3933
56.0469
56.6288
57.2952
57.9863
58.6448
59.2593
59.8883
60.4882
61.1613
61.7495
62.3754
63.0144
63.6938
64.2937
64.8734
65.5355
66.1812
66.7496
67.4163
68.0159
68.666
69.2659
69.8754
70.4276
71.0745
71.6777
72.2757
72.8555
73.4651
74.0632
74.684
75.2645
75.8234
76.3934
76.9734
77.5323
78.1039
78.7167
79.2856
79.8542
80.4813
81.0421
81.5926
82.1434
82.7038
83.2836
83.8347
84.3426
84.8835
85.434
86.0652
86.5746
87.0632
87.6516
88.1859
88.7105
89.3524
89.9051
90.3952
90.9422
91.4539
91.9527
92.4719
93.0063
93.5601
94.0582
94.6024
95.1202
95.6707
96.2316
96.6941
97.1742
97.6398
98.1597
98.6398
99.1414
99.6516
100.132
100.596
101.114
101.635
102.144
102.652
103.171
103.71
104.232
104.651
105.075
105.554
106.003
106.471
107.001
107.442
107.962
108.452
108.92
109.411
109.869
110.361
110.792
111.282
111.789
112.202
112.652
113.112
113.552
114.001
114.454
114.88
115.339
115.794
116.223
116.671
117.143
117.593
117.974
118.393
118.812
119.271
119.733
120.184
120.612
121.03
121.48
121.918
122.351
122.74
123.16
123.55
123.96
124.361
124.74
125.171
125.609
126.011
126.403
126.841
127.297
127.681
128.081
128.48
128.91
129.388
129.782
130.14
130.511
130.91
131.308
131.71
132.101
132.513
132.921
133.291
133.658
134.05
134.443
134.82
135.199
135.609
135.98
136.351
136.734
137.15
137.548
137.92
138.307
138.658
139.08
139.475
139.792
140.122
140.502
140.88
141.269
141.619
141.939
142.279
142.679
143.07
143.359
143.687
144.078
144.439
144.78
145.122
145.5
145.87
146.24
146.617
146.97
147.349
147.701
148
148.33
148.678
149.044
149.371
149.74
150.091
150.411
150.721
151.068
151.378
151.687
152.019
152.367
152.709
153.018
153.348
153.729
154.068
154.379
154.704
155.049
155.388
155.72
156.048
156.369
156.798
157.406
158.298
158.986
159.717
160.346
160.519
160.727
160.808
161.029
161.9
162.229
163.078
163.658
163.859
164.219
164.518
164.691
165.367
165.757
165.621
166.429
166.294
167.171
167.47
167.41
167.539
167.998
168.736
169.107
168.918
168.562
168.671
168.585
168.496
167.987
167.306
167.29
167.463
167.638
167.886
168.247
168.685
169.159
169.549
169.948
170.309
170.737
171.13
171.497
171.852
172.273
172.583
172.848
173.15
173.5
173.825
174.138
174.446
174.717
174.997
175.294
175.596
175.874
176.117
176.35
176.631
176.9
177.153
177.431
177.738
178.039
178.322
178.611
178.908
179.152
179.412
179.701
179.979
180.248
180.509
180.805
181.108
181.388
181.658
181.92
182.189
182.49
182.771
183.061
183.377
183.658
183.938
184.194
184.457
184.735
185.024
185.305
185.568
185.845
186.129
186.361
186.639
186.922
187.171
187.413
187.626
187.886
188.104
188.345
188.554
188.833
189.139
189.433
189.681
189.908
190.129
190.387
190.658
190.929
189.449
190
191.905
193.402
194.113
194.489
194.795
195.077
195.361
195.596
195.827
196.059
196.269
196.489
196.664
196.834
197.014
197.197
197.375
197.528
197.726
197.896
198.086
198.259
198.436
198.586
198.757
198.967
199.157
199.336
199.506
199.677
199.855
200.009
200.205
200.396
200.594
200.738
200.937
201.101
201.279
201.441
201.629
201.818
201.996
202.186
202.369
202.537
202.717
202.915
203.117
203.313
203.506
203.717
203.914
204.094
204.253
204.445
204.637
204.797
204.939
205.1
205.269
205.446
205.651
205.854
206.065
206.235
206.426
206.598
206.776
206.965
207.125
207.295
207.483
207.655
207.823
207.978
208.116
208.304
208.477
208.658
208.836
208.994
209.155
209.343
209.524
209.702
209.88
210.083
210.271
210.436
210.622
210.802
211.011
211.232
211.405
211.545
211.722
211.891
212.073
212.245
212.441
212.622
212.793
212.962
213.106
213.304
213.493
213.664
213.815
213.975
214.143
214.351
214.521
214.7
214.882
215.071
215.241
215.393
215.554
215.7
215.833
215.995
216.184
216.353
216.54
216.714
216.871
217.024
217.169
217.321
217.514
217.682
217.872
218.041
218.191
218.371
218.529
218.689
218.874
219.042
219.214
219.39
219.554
219.723
219.871
220.013
220.171
220.338
220.519
220.673
220.829
221.021
221.201
221.372
221.522
221.699
221.88
222.048
222.24
222.392
222.56
222.71
222.862
223.024
223.163
223.321
223.464
223.619
223.759
223.913
224.08
224.234
224.39
224.55
224.692
224.859
225
225.158
225.318
225.441
225.581
225.732
225.892
226.07
226.191
226.329
226.469
226.63
226.807
226.941
227.089
227.24
227.39
227.521
227.659
227.829
227.98
228.14
228.328
228.479
228.63
228.769
228.919
229.079
229.23
229.389
229.559
229.729
229.89
230.531
231.089
231.542
231.702
231.82
231.947
232.17
232.369
232.58
232.72
232.799
232.861
232.889
232.882
232.849
232.846
232.849
232.839
232.851
232.889
232.98
233.049
233.158
233.279
233.416
233.56
233.701
233.839
234
234.15
234.3
234.423
234.542
234.679
234.807
234.949
235.08
235.256
235.447
235.638
236.111
236.568
236.691
236.888
237.129
237.297
237.427
237.568
237.727
237.939
238.111
238.281
238.391
238.484
238.619
238.75
238.93
239.059
239.13
239.209
239.238
239.289
239.418
239.599
239.867
239.972
240.088
240.211
240.389
240.578
240.648
240.689
240.729
240.73
240.73
240.738
240.777
240.817
240.888
240.992
241.121
241.234
241.343
241.493
241.624
241.743
241.884
241.99
242.088
242.194
241.963
241.876
242.185
242.294
242.43
242.45
242.491
242.555
242.626
242.658
242.745
242.951
243.196
243.463
243.692
243.907
244.164
244.417
244.649
244.881
245.102
245.332
245.493
245.626
245.754
245.935
246.079
246.206
246.336
246.495
246.662
246.825
246.957
247.06
247.188
247.301
247.429
247.579
247.737
247.886
248.008
248.139
248.271
248.381
248.502
248.666
248.8
248.938
249.086
249.238
249.398
249.529
249.679
249.799
249.931
250.05
250.168
250.299
250.418
250.559
250.707
250.848
251.008
251.212
251.377
251.547
251.704
251.808
251.916
252.059
252.2
252.345
252.51
252.64
252.761
252.902
253.006
253.114
253.217
253.307
253.375
253.576
253.814
253.946
254.031
254.123
254.224
254.345
254.462
254.614
253.075
253.497
255.208
256.495
257.038
257.347
257.572
257.708
257.824
257.92
258.006
258.098
258.201
258.284
258.364
258.474
258.537
258.635
258.715
258.756
258.81
258.859
258.934
259.035
259.117
259.187
259.248
259.302
259.375
259.457
259.537
259.625
259.705
259.769
259.839
259.908
259.986
260.046
260.117
260.189
260.24
260.297
260.395
260.476
260.537
260.627
260.689
260.758
260.846
260.926
261.027
261.114
261.168
261.22
261.299
261.356
261.437
261.526
261.609
261.666
261.746
261.838
261.905
261.985
262.075
262.194
262.294
262.395
262.485
262.557
262.665
262.748
262.814
262.887
262.965
263.024
263.098
263.163
263.261
263.325
263.415
263.506
263.578
263.655
263.752
263.854
263.952
264.044
264.122
264.197
264.256
264.336
264.416
264.505
264.614
264.714
264.823
264.913
264.983
265.063
265.136
265.225
265.315
265.403
265.503
265.581
265.664
265.761
265.843
265.913
265.964
266.024
266.112
266.183
266.272
266.343
266.443
266.534
266.632
266.704
266.789
266.854
266.923
267.003
267.095
267.173
267.262
267.34
267.429
267.509
267.611
267.681
267.781
267.872
267.97
268.052
268.15
268.26
268.341
268.411
268.501
268.57
268.638
268.721
268.794
268.874
268.944
269.034
269.13
269.22
269.28
269.392
269.461
269.549
269.612
269.694
269.82
269.912
270.011
270.062
270.152
270.251
270.341
270.452
270.552
270.624
270.7
270.782
270.841
270.885
270.972
271.032
271.13
271.21
271.3
271.398
271.478
271.558
271.648
271.738
271.808
271.9
271.992
272.091
272.171
272.25
272.313
272.373
272.451
272.532
272.63
272.72
272.838
272.911
272.982
273.072
273.13
273.211
273.291
273.398
273.498
273.609
273.728
273.859
273.978
274.129
274.263
274.41
274.58
274.761
274.952
275.171
275.35
275.522
275.71
275.921
276.169
276.409
276.669
276.92
277.193
277.469
277.73
278.013
278.33
278.609
303.431
513.901
547.599
549.75
551.637
553.251
554.609
555.698
556.629
557.441
558.163
558.85
559.439
559.957
560.441
560.957
561.375
561.75
562.109
562.461
562.779
563.06
563.339
563.642
563.931
564.202
564.433
564.652
564.888
565.127
565.349
565.566
565.759
565.947
566.127
566.318
566.478
566.635
566.798
566.941
567.107
567.257
567.379
567.462
567.611
567.74
567.849
567.959
568.078
568.219
568.301
568.388
568.496
568.611
568.699
568.802
568.889
568.998
569.078
569.189
569.369
569.56
569.738
569.797
569.84
569.879
569.887
569.838
567.171
566.32
566.228
564.42
565.681
571.428
572.6
567.646
567.195
567.316
566.698
566.693
566.367
566.375
566.337
566.254
565.608
562.911
560.332
559.236
562.916
567.388
573.907
574.484
559.19
561.794
563.16
567.087
570.49
571.142
571.416
569.432
570.023
565.752
564.855
564.948
565.158
565.363
565.531
565.709
565.871
566.013
566.121
566.184
566.15
566.531
566.642
566.752
566.909
567.053
567.178
567.288
567.41
567.533
567.651
567.757
567.87
567.971
568.072
568.162
568.253
568.345
568.431
568.542
568.637
568.734
568.807
568.878
568.948
569.046
569.108
569.178
569.25
569.304
569.354
569.377
569.431
569.5
569.595
569.698
569.771
569.827
569.859
569.909
569.967
570.001
569.998
569.997
568.556
567.117
566.608
566.567
566.49
567.347
567.842
566.672
564.177
566.522
566.938
566.784
566.779
566.748
566.76
566.792
566.834
566.617
564.838
566.402
568.136
568.835
569.106
569.237
569.384
569.542
569.69
569.812
569.915
570.018
570.1
570.199
570.276
570.348
570.372
570.391
570.413
570.449
570.502
570.565
570.634
570.681
570.694
570.712
570.713
570.733
570.759
570.778
570.843
570.884
570.926
570.949
570.971
571.008
571.059
571.101
571.15
571.202
571.235
571.263
571.295
571.315
571.351
571.384
571.384
571.404
571.407
571.456
571.48
571.526
571.572
571.612
571.643
571.683
571.732
571.761
571.794
571.823
571.81
571.826
571.835
571.854
571.864
571.884
571.925
571.944
571.972
571.995
572.014
572.052
572.064
572.083
572.124
572.17
572.204
572.234
572.273
572.302
572.318
572.33
572.328
572.339
572.338
572.356
572.402
572.415
572.426
572.454
572.468
572.485
572.508
572.542
572.552
572.549
572.554
572.547
572.547
572.572
572.606
572.624
572.645
572.665
572.696
572.717
572.735
572.763
572.766
572.769
572.748
572.795
572.823
572.834
572.866
572.912
572.947
572.967
572.975
573
573.018
573.037
573.039
573.047
573.066
573.059
573.085
573.095
573.104
573.088
573.106
573.116
573.141
573.182
573.195
573.227
573.245
573.241
573.24
573.253
573.258
573.282
573.313
573.337
573.338
573.331
573.33
573.328
573.336
573.344
573.365
573.377
573.389
573.388
573.397
573.426
573.436
573.457
573.487
573.488
573.49
573.48
573.496
573.518
573.518
573.518
573.537
573.539
573.557
573.558
573.54
573.557
573.58
573.588
573.601
573.618
573.652
573.676
573.696
573.714
573.715
573.72
573.72
573.729
573.727
573.74
573.72
573.727
573.738
573.73
573.72
573.725
573.746
573.776
573.768
573.769
573.804
573.81
573.827
573.844
573.866
573.877
573.879
573.906
573.918
573.926
573.949
573.966
573.983
573.985
573.995
573.99
574.018
574
574
574.001
574.017
574.017
574.031
574.023
574.037
574.045
574.048
574.039
574.039
574.055
574.077
574.08
574.079
574.076
574.099
574.109
574.119
574.131
574.147
574.139
574.119
574.107
574.099
574.09
574.088
574.114
574.135
574.146
574.138
574.137
574.166
574.186
574.188
574.196
574.223
574.236
574.23
574.246
574.25
574.261
574.251
574.259
574.241
574.24
574.22
574.253
574.258
574.278
574.299
574.328
574.358
574.358
574.367
574.375
574.385
574.379
574.387
574.388
574.403
574.406
574.406
574.405
574.425
574.444
574.439
574.457
574.467
574.478
574.46
574.457
574.429
574.444
574.455
574.473
574.488
574.516
574.539
574.529
574.531
574.511
574.511
574.518
574.5
574.516
574.374
574.138
573.804
574.048
573.969
573.906
573.881
573.87
573.856
573.864
573.887
573.918
573.901
573.908
573.928
573.938
573.931
573.931
573.932
573.949
573.934
573.959
573.952
573.961
573.97
573.988
574.002
573.99
573.99
573.98
573.979
573.998
574.016
574.055
574.085
574.106
574.106
574.115
574.125
574.109
574.111
574.082
574.098
574.127
574.125
574.165
574.204
574.237
574.625
574.633
574.474
574.433
574.412
574.425
574.43
574.459
574.461
574.471
574.461
574.454
574.474
574.466
574.467
574.464
574.457
574.465
574.456
574.436
574.426
574.41
574.415
574.398
574.388
574.38
574.39
574.379
574.387
574.405
574.398
574.396
574.387
574.395
574.396
574.388
574.39
574.392
574.379
574.367
574.357
574.349
574.338
574.348
574.34
574.367
574.377
574.403
574.418
574.432
574.444
574.436
574.462
574.491
574.513
574.534
574.537
574.547
574.557
574.539
574.529
574.53
574.521
574.516
574.519
574.53
574.547
574.547
574.547
574.55
574.558
574.547
574.53
574.54
574.541
574.531
574.532
574.55
574.558
574.568
574.568
574.566
574.566
574.571
574.568
574.54
574.557
574.552
574.544
574.568
574.57
574.579
574.599
574.619
574.617
574.617
574.591
574.589
574.578
574.581
574.571
574.589
574.583
574.591
574.589
574.581
574.58
574.579
574.594
574.598
574.589
574.598
574.616
574.619
574.62
574.64
574.64
574.646
574.643
574.64
574.668
574.661
574.671
574.661
574.666
574.671
574.679
574.681
574.67
574.678
574.686
574.697
574.704
574.717
574.738
574.727
574.735
574.72
574.715
574.715
574.724
574.745
574.748
574.738
574.738
574.737
574.72
574.728
574.713
574.735
574.764
574.759
574.784
574.795
574.795
574.769
574.786
574.769
574.754
574.746
574.745
574.761
574.756
574.766
574.774
574.774
574.795
574.797
574.804
574.813
574.823
574.835
574.843
574.852
574.856
574.848
574.846
574.85
574.838
574.818
574.825
574.823
574.836
574.969
574.248
574.507
574.739
574.919
575.011
575.603
576.491
577.507
580.098
579.963
577.476
576.218
576.257
576.34
576.364
576.42
573.588
572.238
572.552
572.832
572.281
568.337
562.365
557.415
556.139
560.363
569.458
579.733
566.278
558.793
558.578
561.179
563.201
564.036
564.011
564.124
570.182
574.14
575.042
575.323
575.447
575.554
575.742
572.69
567.065
