0.553189
0.538846
0.545184
0.554166
0.575082
0.581256
0.575876
0.564056
0.548733
0.531247
0.499588
0.487317
0.489719
0.470453
0.487683
0.504004
0.500342
0.498065
0.501004
0.475598
0.454788
0.4505
0.450446
0.46785
0.480893
0.500592
0.503754
0.509357
0.504651
0.498444
0.48465
0.480957
0.462204
0.456738
0.452222
0.449832
0.459064
0.459961
0.479202
0.473538
0.473575
0.461047
0.460129
0.468781
0.449188
0.456055
0.469882
0.462659
0.470016
0.478653
0.461389
0.455273
0.431931
-0.266928
0.20187
-0.227028
-0.35481
0.451526
-1.14227
1.55326
0.0932336
1.5421
1.02874
0.997614
1.00227
1.01343
1.04459
1.04785
1.00503
0.981244
0.967938
0.944946
0.927484
0.932236
0.919235
0.92027
0.896512
0.888608
0.891293
0.892624
0.89949
0.900662
0.90032
0.874301
0.864038
0.863873
0.866898
0.858871
0.866269
0.889481
0.910718
0.91488
0.93688
0.947537
0.972122
0.976919
0.974826
0.967724
0.951153
0.94212
0.938962
0.94939
0.962036
0.984891
1.01155
1.03481
1.06114
1.07259
1.08014
1.08011
1.09518
1.11466
1.14049
1.14751
1.15789
1.17401
1.17862
1.15381
1.1618
1.16208
1.15824
1.14782
1.16602
1.16188
1.15894
1.16902
1.17061
1.18058
1.1826
1.21034
1.2413
1.26105
1.26826
1.28576
1.30582
1.32173
1.32191
1.3142
1.3173
1.31474
1.32782
1.35511
1.38026
1.40387
1.42212
1.43858
1.4496
1.43776
1.4423
1.43131
1.44076
1.47
1.49862
1.50299
1.50654
1.51521
1.51149
1.53151
1.53554
1.54312
1.56654
1.59946
1.60771
1.61261
1.6158
1.62508
1.63759
1.65865
1.6803
1.71499
1.73478
1.75684
1.7747
1.79164
1.80352
1.8029
1.82007
1.83272
1.83712
1.84947
1.86283
1.87155
1.88301
1.89131
1.90674
1.90567
1.93069
1.96229
1.98424
1.98133
1.99503
2.00696
2.0047
1.99261
2.00158
2.00857
2.02179
2.03224
2.05577
2.06978
2.09502
2.09938
2.11912
2.1357
2.14493
2.13843
2.14533
2.13272
2.14078
2.16598
2.18597
2.19592
2.21227
2.21826
2.2339
2.25383
2.28075
2.2933
2.30495
2.31389
2.33015
2.34986
2.35649
2.3683
2.39502
2.40111
2.41939
2.4528
2.45847
2.47326
2.49362
2.50888
2.54061
2.5741
2.59335
2.60393
2.63266
2.6514
2.64311
2.63518
2.6467
2.66454
2.66847
2.68196
2.69208
2.71725
2.72608
2.72033
2.72774
2.71588
2.71258
2.70581
2.71682
2.72389
2.73261
2.71643
2.71701
2.73969
2.76537
2.78286
2.80023
2.81961
2.8456
2.87021
2.86299
2.86798
2.90017
2.91558
2.92226
2.90711
2.94347
2.96525
2.96973
2.97864
2.98279
3.00298
3.00186
3.0076
3.03509
3.04814
3.06783
3.06973
3.07251
3.10369
3.12985
3.14888
3.15833
3.1749
3.2075
3.21379
3.22169
3.23694
3.24653
3.26091
3.27798
3.27391
3.26737
3.29095
3.30052
3.31475
3.31671
3.34048
3.36197
3.36826
3.38159
3.40115
3.41634
3.4258
3.4371
3.43146
3.42939
3.42848
3.43959
3.45457
3.48192
3.51271
3.52363
3.54943
3.57466
3.58332
3.5853
3.59052
3.61472
3.61619
3.61853
3.63115
3.65044
3.68123
3.69431
3.72234
3.74579
3.74832
3.7565
3.75916
3.77916
3.79919
3.82698
3.83173
3.83505
3.82288
3.82763
3.83363
3.83269
3.84345
3.85564
3.87215
3.89728
3.92669
3.95259
3.98294
3.99092
4.00187
4.01236
4.01973
4.01488
4.02213
4.03123
4.04232
4.04228
3.91256
5.08913
2.7615
3.96834
4.05534
4.08163
4.05816
4.01141
3.99748
3.96745
4.02719
4.11923
3.99214
4.05858
4.13186
4.07553
4.11611
4.20285
4.22174
4.2515
4.24662
4.28575
4.34002
4.3721
4.35525
4.35315
4.35743
4.40424
4.43677
4.4635
4.4833
4.4877
4.49568
4.4953
4.49792
4.5018
4.50564
4.49193
4.50313
4.5107
4.49612
4.51291
4.51877
4.51299
4.51746
4.51645
4.52199
4.53441
4.53991
4.5331
4.54292
4.53958
4.54034
4.54605
4.57035
4.57289
4.56464
4.57222
4.58517
4.58482
4.57564
4.58849
4.58954
4.59634
4.59755
4.61513
4.62468
4.64603
4.66346
4.67784
4.70038
4.71297
4.73199
4.74931
4.76488
4.76665
4.76078
4.73805
4.72278
4.72865
4.74977
4.67255
4.56745
4.65764
4.68706
4.69563
4.6772
4.6931
4.68686
4.71846
4.1898
5.51904
5.04333
4.98818
5.26682
5.31595
5.34777
5.36827
5.39423
5.41711
5.44471
5.44215
5.45948
5.48298
5.49415
5.49622
5.49655
5.51211
5.52158
5.52113
5.50909
5.51819
5.5202
5.52435
5.52486
5.54034
5.53639
5.54362
5.55159
5.57946
5.59577
5.60301
5.61238
5.63404
5.63463
5.67043
5.7075
5.72393
5.72607
5.72697
5.73055
5.74042
5.7565
5.75703
5.76626
5.79532
5.82744
5.85714
5.87006
5.88606
5.91939
5.95088
5.96262
5.98127
6.02026
6.03322
6.04193
6.05713
6.07493
6.09236
6.10262
6.11654
6.12193
6.13846
6.15039
6.18283
6.20425
6.21434
6.23555
6.26361
6.29364
6.31932
6.3647
6.39186
6.40538
6.41281
6.42787
6.43161
6.44211
6.45219
6.47661
6.51427
6.52791
6.55599
6.56607
6.58602
6.61504
6.61936
6.63615
6.65615
6.68913
6.73405
6.77646
6.80898
6.83315
6.85383
6.86806
6.87508
6.8912
6.89637
6.92179
6.94563
6.95068
6.96053
6.97082
6.98745
7.02371
7.0508
7.0841
7.11143
7.12683
7.14249
7.1674
7.17701
7.19145
7.22
7.22258
7.25104
7.27451
7.28389
7.28012
7.29104
7.32851
7.36012
7.37871
7.4134
7.42819
7.44218
7.47472
7.48892
7.51835
7.55873
7.58604
7.60648
7.62172
7.63572
7.64008
7.64557
7.65904
7.67509
7.69396
7.74361
7.76819
7.79615
7.81721
7.84015
7.8506
7.86011
7.89074
7.90239
7.9301
7.95665
7.98948
8.01822
8.03619
8.06866
8.06767
8.07556
8.09711
8.13105
8.16575
8.18007
8.21069
8.23462
8.25783
8.27704
8.29696
8.29536
8.29427
8.2982
8.30985
8.32649
8.35044
8.3826
8.42742
8.46095
8.50236
8.54146
8.5674
8.59067
8.61107
8.64443
8.66869
8.67785
8.70149
8.71993
8.73755
8.76958
8.80737
8.81817
8.84792
8.85806
8.86876
8.8791
8.88673
8.89868
8.9099
8.92856
8.94595
8.98111
9.00822
9.04922
9.0788
9.11304
9.14461
9.15854
9.17082
9.16594
9.17372
9.18486
9.20314
9.21075
9.22462
9.24907
9.26775
9.2848
9.30339
9.31678
9.32116
9.34308
9.35806
9.37269
9.39552
9.40163
9.43989
9.47474
9.48207
9.49513
9.51852
9.5372
9.5448
9.55914
9.58273
9.58947
9.59181
9.61133
9.62426
9.64915
9.67253
9.70246
9.74166
9.76852
9.79677
9.79973
9.82126
9.85512
9.88485
9.90138
9.91849
9.93556
9.98017
10.017
10.0293
10.0324
10.062
10.0814
10.0719
10.0648
10.0798
10.0925
10.1162
10.1291
10.1452
10.1596
10.1953
10.2095
10.2218
10.2239
10.25
10.2777
10.3038
10.3357
10.3555
10.3993
10.4246
10.4534
10.4611
10.4723
10.5014
10.5212
10.5297
10.5603
10.5815
10.5811
10.6065
10.6113
10.6243
10.6347
10.6383
10.6632
10.7071
10.7272
10.7539
10.7919
10.8311
10.8587
10.8601
10.8666
10.8874
10.873
10.8533
10.7069
11.4131
10.1545
10.8476
10.8048
10.801
10.8021
10.7961
10.7838
10.7462
10.7289
10.8227
10.8135
10.8594
10.838
10.9117
10.9363
10.9584
11.0012
11.0083
10.9635
10.9361
11.0366
11.0594
11.063
11.0695
11.0952
11.1063
11.0913
11.1037
11.1063
11.1046
11.1173
11.1296
11.1
11.0931
11.089
11.0953
11.119
11.1501
11.1615
11.1714
11.1699
11.1658
11.1549
11.1533
11.1445
11.1395
11.1206
11.1236
11.1311
11.1263
11.1134
11.1152
11.109
11.1123
11.116
11.1143
11.1364
11.1441
11.1595
11.1675
11.1613
11.1647
11.169
11.1559
11.151
11.1724
11.1639
11.1462
11.1312
11.1146
11.1212
11.1365
11.1428
11.155
11.1611
11.1514
11.161
11.1707
11.1396
10.9381
11.0222
11.1593
11.1641
11.1559
11.1344
11.122
11.1159
11.1362
10.651
12.0494
11.6845
11.6055
11.8064
11.9107
11.9319
11.9677
11.9696
11.9915
11.9892
11.9929
12.0089
12.0434
12.0768
12.0927
12.1152
12.1353
12.1627
12.183
12.2107
12.2209
12.2354
12.2567
12.2788
12.3044
12.3247
12.3797
12.434
12.4686
12.5013
12.5477
12.5985
12.6364
12.6528
12.6784
12.7041
12.7345
12.7608
12.7952
12.815
12.8677
12.8924
12.9265
12.9502
12.9729
13.012
13.0434
13.0873
13.1231
13.1754
13.2186
13.2636
13.3035
13.3537
13.3874
13.4038
13.4275
13.4606
13.4803
13.4997
13.5097
13.5342
13.5456
13.5752
13.6036
13.663
13.7129
13.7647
13.7963
13.8226
13.8517
13.8838
13.8997
13.9326
13.9719
14.025
14.0759
14.1277
14.1755
14.2149
14.2544
14.2834
14.3015
14.332
14.3591
14.3708
14.3989
14.4347
14.4692
14.5085
14.5571
14.6014
14.6495
14.6866
14.7223
14.7526
14.7602
14.7862
14.8107
14.8564
14.886
14.9175
14.9563
15.0029
15.0098
15.0282
15.0503
15.0822
15.0977
15.1288
15.1799
15.2387
15.2819
15.3251
15.3721
15.4007
15.4307
15.4601
15.502
15.5196
15.56
15.6207
15.6648
15.6945
15.7241
15.7445
15.7561
15.7724
15.7974
15.8186
15.8517
15.8827
15.921
15.9467
15.9804
16.0268
16.0387
16.0611
16.0913
16.146
16.1744
16.1964
16.239
16.2689
16.2881
16.3095
16.3318
16.381
16.4302
16.4737
16.5168
16.5693
16.5967
16.6029
16.6158
16.6424
16.6589
16.699
16.7421
16.7702
16.798
16.8247
16.8486
16.876
16.9059
16.9575
16.9854
17.0173
17.0562
17.0861
17.1264
17.1491
17.1813
17.209
17.2442
17.2724
17.3055
17.3194
17.3561
17.3917
17.4074
17.4294
17.4541
17.4818
17.5069
17.5175
17.5497
17.577
17.6152
17.644
17.6651
17.6885
17.7187
17.7412
17.7519
17.7737
17.7969
17.817
17.8415
17.8825
17.9274
17.9658
17.9887
18.0307
18.0674
18.1031
18.1525
18.1716
18.1939
18.2093
18.2344
18.2614
18.2818
18.3092
18.3405
18.3665
18.3922
18.4305
18.4569
18.4766
18.4967
18.5392
18.5664
18.5915
18.6072
18.627
18.6735
18.7119
18.7268
18.7438
18.7606
18.7853
18.8162
18.8319
18.861
18.8877
18.927
18.9617
18.9727
18.9864
19.0147
19.0384
19.0777
19.127
19.1589
19.1764
19.2173
19.2393
19.2523
19.2723
19.292
19.3303
19.3682
19.4034
19.4346
19.4541
19.4805
19.5095
19.5369
19.5705
19.5967
19.6338
19.6716
19.6793
19.7159
19.7266
19.7493
19.7702
19.7936
19.8296
19.8656
19.8966
19.9225
19.9479
19.9547
19.9757
20.0026
20.0321
20.054
20.0736
20.1062
20.1309
20.1471
20.1481
20.1681
20.1778
20.1971
20.2151
20.2241
20.2659
20.2914
20.3331
20.3602
20.381
20.41
20.4431
20.4567
20.4831
20.501
20.527
20.4518
21.2572
19.8073
20.5013
20.4307
20.4389
20.4517
20.4171
20.3674
20.336
20.3686
20.3906
20.2821
20.366
20.334
20.4027
20.3729
20.4095
20.4687
20.4954
20.4495
20.4337
20.5849
20.5719
20.5445
20.5558
20.6064
20.6142
20.5987
20.5979
20.5979
20.596
20.6091
20.608
20.6008
20.5801
20.5768
20.5808
20.5664
20.5641
20.5586
20.5533
20.5546
20.5634
20.5763
20.5638
20.5618
20.5565
20.5733
20.5715
20.5665
20.5648
20.5527
20.5415
20.5347
20.533
20.5144
20.5171
20.5252
20.5174
20.4962
20.4903
20.4923
20.4826
20.4721
20.4802
20.4749
20.4784
20.458
20.4308
20.3981
20.3735
20.3782
20.3987
20.4047
20.413
20.4019
20.399
20.388
20.3785
20.2756
20.0607
20.2168
20.377
20.3912
20.3984
20.3917
20.3888
20.3883
20.413
19.8544
21.2046
20.7143
20.7409
20.8912
21.0031
21.1074
21.1766
21.2401
21.2986
21.3509
21.3866
21.4246
21.4764
21.5567
21.627
21.693
21.7605
21.814
21.8542
21.9203
21.974
22.0039
22.051
22.109
22.1728
22.2093
22.2799
22.3409
22.4083
22.4688
22.5359
22.5999
22.6529
22.7087
22.7538
22.7991
22.8555
22.9232
22.9979
23.0454
23.095
23.1515
23.2207
23.2874
23.3295
23.3744
23.4143
23.4523
23.4973
23.5458
23.6019
23.6693
23.742
23.8169
23.8629
23.9207
23.9866
24.0609
24.1143
24.1655
24.2285
24.2692
24.3094
24.3549
24.4018
24.4539
24.4921
24.5487
24.5889
24.639
24.6813
24.7337
24.7784
24.8332
24.893
24.9594
25.0099
25.0747
25.1396
25.1847
25.2319
25.2888
25.3433
25.3991
25.4497
25.5027
25.5446
25.6084
25.6658
25.7244
25.7864
25.8417
25.8938
25.9341
25.9718
26.0096
26.0433
26.0813
26.141
26.1924
26.2445
26.2997
26.3535
26.386
26.4194
26.476
26.4921
26.524
26.5818
26.6245
26.6686
26.718
26.7581
26.7977
26.8366
26.8707
26.9176
26.9621
26.9997
27.0273
27.0694
27.1153
27.1685
27.2192
27.2766
27.3421
27.3852
27.4217
27.4609
27.4919
27.5388
27.5835
27.6312
27.6982
27.7323
27.7717
27.804
27.8284
27.8555
27.8935
27.9415
27.9838
28.0133
28.0395
28.0764
28.1016
28.1281
28.167
28.2182
28.2739
28.3182
28.3661
28.3972
28.4276
28.4562
28.489
28.5129
28.5439
28.5999
28.6364
28.671
28.6984
28.7419
28.7758
28.8223
28.8526
28.884
28.9255
28.9765
29.0137
29.0282
29.054
29.099
29.1205
29.1376
29.17
29.2156
29.2433
29.2809
29.3277
29.3748
29.4144
29.4477
29.4755
29.5074
29.5291
29.5767
29.6128
29.6471
29.6884
29.7246
29.7572
29.7667
29.7947
29.8239
29.8611
29.8989
29.9405
29.9714
30.0096
30.0306
30.059
30.0817
30.1137
30.1322
30.1725
30.1897
30.229
30.2684
30.3046
30.3346
30.3444
30.3985
30.442
30.4569
30.4765
30.4892
30.5204
30.5391
30.5767
30.5993
30.628
30.6426
30.6719
30.6975
30.7214
30.7474
30.7854
30.8147
30.8458
30.8809
30.9279
30.9584
30.978
31.0018
31.0285
31.0696
31.0874
31.1216
31.1437
31.1635
31.1871
31.2068
31.2361
31.2482
31.2836
31.3064
31.3288
31.361
31.3867
31.4086
31.4305
31.4581
31.4792
31.4936
31.5226
31.5296
31.559
31.5985
31.6214
31.6335
31.6484
31.6594
31.679
31.6852
31.6922
31.708
31.7504
31.7622
31.7858
31.803
31.8301
31.8515
31.8688
31.8737
31.8946
31.9272
31.9575
31.9865
31.9925
32.0206
32.0563
32.0758
32.0801
32.0867
32.088
32.1079
32.1264
32.1583
32.1931
32.2292
32.2573
32.2882
32.301
32.3036
32.3199
32.3319
32.3708
32.3757
32.3707
32.2577
33.0558
31.6916
32.4166
32.3762
32.3223
32.2518
32.2216
32.1963
32.1599
32.1862
32.2183
32.1425
32.1404
32.0738
32.1624
32.1513
32.1568
32.1945
32.2227
32.1723
32.1957
32.3353
32.3019
32.2475
32.2116
32.2441
32.2471
32.2361
32.2173
32.2137
32.2071
32.1996
32.1935
32.1779
32.1543
32.1361
32.1366
32.1189
32.114
32.0932
32.0712
32.0591
32.0321
32.001
31.9841
31.9731
31.9465
31.9228
31.9124
31.8926
31.8847
31.8602
31.8426
31.8313
31.8205
31.8247
31.813
31.8091
31.7866
31.7737
31.7502
31.7193
31.6998
31.7015
31.6878
31.7046
31.6965
31.6663
31.6336
31.6361
31.6338
31.6506
31.6494
31.6392
31.6234
31.6
31.5785
31.5525
31.5999
32.8894
33.6788
32.6746
31.4807
31.1274
31.041
31.0314
31.0601
30.7031
28.4184
28.7985
30.8713
31.4921
31.5321
31.5294
31.5112
31.5005
31.535
31.3051
31.5832
30.6633
33.325
31.9719
32.0307
32.0795
32.1301
32.1856
32.2306
32.308
32.3527
32.4108
32.4558
32.4966
32.5355
32.5823
32.6202
32.6535
32.6966
32.735
32.7758
32.8223
32.8711
32.9171
32.9677
33.0159
33.0543
33.1037
33.1599
33.2229
33.2808
33.3278
33.3708
33.4255
33.4821
33.5251
33.5716
33.6282
33.6729
33.7207
33.7746
33.8235
33.8825
33.9184
33.9587
33.9924
34.0419
34.0879
34.1206
34.1665
34.2038
34.2584
34.3162
34.3609
34.4194
34.4527
34.5081
34.5517
34.6027
34.644
34.6866
34.7171
34.7416
34.7881
34.8308
34.8903
34.9407
34.9962
35.0576
35.0978
35.1281
35.1688
35.197
35.2207
35.2419
35.2781
35.3123
35.3323
35.3688
35.3933
35.4081
35.4128
35.4494
35.4944
35.5301
35.5569
35.5829
35.6186
35.6336
35.6493
35.6719
35.7187
35.7693
35.8038
35.8562
35.9062
35.9618
35.9976
36.0308
36.0602
36.0959
36.1378
36.1558
36.1654
36.2022
36.2318
36.2505
36.2717
36.2825
36.3122
36.3449
36.3626
36.3763
36.4125
36.4327
36.4323
36.4612
36.4917
36.5089
36.5419
36.5632
36.579
36.6108
36.635
36.6643
36.7038
36.7241
36.76
36.7992
36.8259
36.8603
36.8775
36.8993
36.9125
36.9332
36.9752
36.9984
37.0144
37.0261
37.0488
37.0733
37.0717
37.0887
37.1237
37.143
37.1569
37.172
37.1987
37.2111
37.2406
37.2597
37.2755
37.2813
37.2985
37.2942
37.3231
37.3452
37.3571
37.4003
37.4191
37.4331
37.443
37.4656
37.483
37.4872
37.5074
37.5429
37.5551
37.5621
37.5582
37.5661
37.5662
37.5679
37.5655
37.5936
37.6212
37.6339
37.6516
37.6734
37.6921
37.7088
37.722
37.7442
37.7623
37.7725
37.7757
37.7827
37.7853
37.8026
37.8156
37.8248
37.821
37.8367
37.8476
37.8626
37.8825
37.9116
37.9468
37.9745
37.9962
37.9906
37.9924
37.9879
38.0002
38.0188
38.0294
38.0565
38.076
38.0932
38.1085
38.1186
38.1282
38.1422
38.1667
38.1807
38.1938
38.2091
38.2265
38.2259
38.2311
38.2288
38.2303
38.2447
38.2594
38.2794
38.2979
38.2889
38.295
38.2854
38.2895
38.2885
38.2999
38.3199
38.325
38.3436
38.3663
38.3814
38.3799
38.3947
38.4047
38.4069
38.4109
38.4175
38.4288
38.4499
38.4497
38.4628
38.4724
38.4835
38.4935
38.4794
38.4826
38.4855
38.5056
38.5124
38.5141
38.5474
38.5655
38.5694
38.5907
38.607
38.6219
38.6288
38.6443
38.6675
38.6801
38.709
38.6999
38.6979
38.6988
38.7101
38.7064
38.6917
38.6969
38.6886
38.6886
38.6853
38.6931
38.7055
38.7159
38.7295
38.7412
38.7559
38.7616
38.7686
38.7784
38.7882
38.8038
38.8004
38.7956
38.8008
38.8097
38.8247
38.8233
38.8172
38.8276
38.8276
38.8304
38.8369
38.8349
38.804
39.6988
37.759
38.5035
38.6898
38.7146
38.695
38.672
38.6472
38.6385
38.6238
38.6047
38.5733
38.5451
38.5295
38.4878
38.4761
38.4661
38.4452
38.4102
38.3809
38.357
38.3349
38.3045
38.2958
38.2864
38.2799
38.2672
38.2223
38.1987
38.1657
38.1407
38.1189
38.0904
38.0833
38.0765
38.0654
38.0413
38.0135
37.9821
37.9472
37.9251
37.918
37.9099
37.8832
37.8514
37.8341
37.804
37.7561
37.7054
37.6767
37.6495
37.6165
37.6035
37.5825
37.5821
37.5802
37.5535
37.5382
37.5114
37.4641
37.4346
37.4011
37.3751
37.3444
37.2969
37.2608
37.2403
37.2256
37.2035
37.1928
37.1958
37.1837
37.1677
37.1527
37.1218
37.086
37.0469
37.0206
36.9929
36.9678
36.9407
36.9141
36.9001
36.8659
36.8432
36.8202
36.8116
36.8179
36.8055
36.7887
36.7653
36.75
36.7426
36.7357
36.6991
36.6714
36.6426
36.617
36.5726
36.5305
36.5141
36.4991
36.4681
36.4487
36.4297
36.4068
36.3815
36.3464
36.3058
36.2819
36.2565
36.2292
36.2052
36.1849
36.17
36.1405
36.1223
36.1192
36.1108
36.101
36.0864
36.0581
36.0418
36.0228
35.9966
35.9707
35.9329
35.9055
35.8718
35.8477
35.8164
35.7925
35.7771
35.755
35.7427
35.723
35.7057
35.7013
35.694
35.6756
35.6593
35.644
35.6199
35.5961
35.5766
35.5711
35.5401
35.5214
35.4757
35.4326
35.4035
35.381
35.3817
35.3799
35.3701
35.3625
35.3628
35.3513
35.3269
35.31
35.2901
35.2699
35.2392
35.2159
35.196
35.1528
35.1319
35.1
35.0826
35.0616
35.0372
35.0202
35.0171
35.0049
34.9854
34.9626
34.9158
34.9096
34.8839
34.8686
34.8636
34.8409
34.8325
34.8057
34.7774
34.7305
34.7124
34.6921
34.646
34.6274
34.6167
34.6052
34.588
34.569
34.5567
34.5509
34.53
34.5043
34.4791
34.4749
34.4689
34.4551
34.4427
34.4124
34.3964
34.3463
34.311
34.3038
34.2934
34.2842
34.2703
34.2601
34.2533
34.2278
34.2241
34.2111
34.1758
34.1479
34.122
34.0752
34.0407
34.0163
34.0008
33.9995
34.002
34.0061
33.996
33.9829
33.9682
33.9509
33.9421
33.9152
33.8942
33.8563
33.8156
33.7912
33.7439
33.7304
33.704
33.6803
33.6462
33.6218
33.6016
33.5719
33.5645
33.5499
33.5395
33.5133
33.4775
33.4519
33.4304
33.3961
33.3735
33.364
33.3464
33.3294
33.3106
33.3004
33.2956
33.2727
33.2752
33.2601
33.254
33.2311
33.2042
33.1798
33.1421
33.1015
33.0639
33.0359
33.0186
33.004
32.9923
32.9714
32.9486
32.9268
32.8987
32.8809
32.8702
32.8735
32.8621
32.8392
32.8543
32.8354
32.8302
32.8139
32.7957
32.7837
32.755
32.7322
32.7189
32.6855
32.6615
32.6393
32.6518
32.6453
32.6192
32.6075
32.6117
32.6053
32.5981
32.57
32.5604
32.5434
32.5303
32.5206
32.4807
32.4523
32.4331
32.406
32.378
32.3585
32.3374
32.32
32.3028
32.2888
32.2892
32.2569
32.2453
32.2296
32.2061
32.1768
32.1511
32.1348
32.129
32.1202
32.0987
32.0932
32.0727
32.0646
32.0222
32.0007
31.9851
31.9632
31.946
31.9307
31.9111
31.9028
31.8829
31.8618
31.8537
31.8354
31.8328
31.8267
31.8194
31.8015
31.7815
31.7592
31.7104
31.6754
31.6495
31.6193
31.6186
31.5857
31.5727
31.5661
31.5418
31.5364
31.5219
31.5268
31.5219
31.4998
31.4878
31.4673
31.4571
31.4304
31.4174
31.4044
31.3934
31.3825
31.3514
31.3268
31.3057
31.2897
31.2925
31.2611
31.2444
31.2248
31.2064
31.1837
31.152
31.1346
31.127
31.11
31.0918
31.0712
31.0606
31.0499
31.0401
31.0237
31.0101
30.9933
30.9764
30.9778
30.971
30.9571
30.95
30.9326
30.8932
30.8663
30.8308
30.8051
30.7886
30.7681
30.7612
30.7403
30.7018
30.6846
30.6582
30.6674
30.656
30.6505
30.6492
30.6509
30.6456
30.6332
30.629
30.6055
30.5997
30.571
30.5596
30.5401
30.5206
30.5147
30.5059
30.4795
30.4577
30.4406
30.4372
30.4412
30.4246
30.4053
30.4025
30.3785
30.3473
30.3351
30.3076
30.2977
30.2755
30.236
30.1989
30.1611
30.1397
30.1267
30.0915
30.0775
30.0688
30.0635
30.0594
30.0356
30.031
30.0274
30.0193
30.0059
29.9616
29.9536
29.9493
29.9304
29.919
29.9044
29.9083
29.9116
29.9102
29.8943
29.8808
29.8719
29.8866
29.8654
29.8393
29.8256
29.8131
29.7858
29.7621
29.74
29.7231
29.7029
29.703
29.7003
29.6726
29.6661
29.651
29.6388
29.6362
29.6147
29.5964
29.572
29.5456
29.5124
29.4626
29.4503
29.4389
29.4487
29.4503
29.4536
29.4667
29.4591
29.4372
29.404
29.3809
29.3693
29.361
29.3549
29.341
29.3318
29.3168
29.274
29.2511
29.2332
29.2228
29.2156
29.1936
29.1864
29.1723
29.1582
29.1335
29.1163
29.0957
29.1045
29.1005
29.0823
29.0606
29.0431
29.0313
29.0043
28.99
28.9779
28.9579
28.9346
28.9249
28.9021
28.8754
28.8399
28.8282
28.8194
28.7917
28.7784
28.781
28.7565
28.7403
28.7204
28.6995
28.6817
28.6807
28.671
28.6628
28.6356
28.6196
28.6202
28.5973
28.568
28.5581
28.5485
28.5308
28.5138
28.4983
28.493
28.473
28.4535
28.4639
28.46
28.4483
28.4332
28.4292
28.4161
28.3917
28.3543
28.3376
28.3223
28.305
28.2896
28.2927
28.278
28.2579
28.2538
28.2318
28.2094
28.1823
28.1472
28.1397
28.1432
28.128
28.1224
28.099
28.0958
28.087
28.0806
28.0783
28.0735
28.0858
28.0767
28.0678
28.0345
28.0111
27.9868
27.9698
27.9568
27.9339
27.917
27.9181
27.9029
27.8878
27.8682
27.8615
27.8582
27.8676
27.847
27.835
27.826
27.8123
27.7897
27.7581
27.742
27.7286
27.7075
27.6952
27.6916
27.688
27.6779
27.6788
27.6651
27.655
27.6224
27.5981
27.5807
27.5409
27.5186
27.52
27.5174
27.5202
27.5099
27.5017
27.4961
27.4887
27.4808
27.459
27.4271
27.4239
27.4086
27.3606
27.3416
27.338
27.3461
27.3305
27.3186
27.3026
27.2775
27.2558
27.2126
27.1811
27.1767
27.1694
27.157
27.1542
27.1574
27.1446
27.1362
27.1254
27.1232
27.1176
27.1127
27.1026
27.0961
27.0835
27.0802
27.0762
27.0743
27.0583
27.0551
27.0365
27.0124
26.9921
26.969
26.9329
26.8987
26.876
26.8543
26.8321
26.7845
26.7734
26.7628
26.7567
26.758
26.7532
26.7544
26.741
26.706
26.6735
26.6645
26.6407
26.6336
26.6225
26.6259
26.6225
26.6251
26.5996
26.5889
26.5798
26.5622
26.5515
26.5411
26.5382
26.5522
26.5431
26.5319
26.519
26.5095
26.4952
26.4772
26.4577
26.4375
26.4331
26.4069
26.3815
26.3774
26.3725
26.3677
26.3481
26.3374
26.3382
26.3306
26.338
26.3354
26.3291
26.3073
26.2868
26.2813
26.2788
26.2562
26.2465
26.2321
26.2383
26.2414
26.2233
26.2214
26.1991
26.1905
26.1846
26.1661
26.1627
26.1495
26.1409
26.1287
26.1125
26.1219
26.104
26.0893
26.0831
26.0661
26.0485
26.0303
26.0261
26.0206
26.0147
26.0147
26.0112
26.0112
26.0023
25.9682
25.9405
25.9265
25.9209
25.8924
25.8897
25.8839
25.8936
25.888
25.8766
25.8527
25.8323
25.8019
25.791
25.7673
25.7436
25.7329
25.7075
25.7032
25.6814
25.6465
25.6306
25.6038
25.602
25.5955
25.5804
25.5744
25.5661
25.5329
25.516
25.5138
25.5075
25.4792
25.4538
25.4561
25.4317
25.4073
25.3834
25.3819
25.3764
25.3569
25.3569
25.3487
25.3487
25.3354
25.3296
25.3095
25.2941
25.2696
25.2631
25.2664
25.2736
25.272
25.2618
25.2559
25.2534
25.2289
25.2162
25.2111
25.1925
25.1925
25.1747
25.1504
25.1352
25.1177
25.1192
25.0918
25.0776
25.0815
25.0806
25.0625
25.0479
25.0237
25.0274
25.0202
24.9951
24.9528
24.961
24.9464
24.9301
24.9083
24.8979
24.892
24.8881
24.8826
24.8652
24.8552
24.835
24.8281
24.8039
24.7917
24.7901
24.7728
24.7764
24.752
24.7295
24.7174
24.7007
24.7117
24.6905
24.6782
24.6796
24.6714
24.6541
24.6233
24.5954
24.5965
24.5874
24.5841
24.5802
24.5763
24.5687
24.5537
24.5499
24.5359
24.5225
24.5018
24.4757
24.4452
24.4243
24.4185
24.4014
24.3823
24.3823
24.3849
24.3711
24.358
24.3468
24.3427
24.3374
24.3265
24.3139
24.3136
24.3012
24.2982
24.2822
24.2737
24.2507
24.2377
24.2284
24.2229
24.1925
24.1942
24.1642
