0.141242
0.179526
0.206314
0.228238
0.222528
0.197538
0.168882
0.146073
0.181687
0.222489
0.255545
0.282501
0.287894
0.315277
0.310355
0.289185
0.269818
0.268009
0.275772
0.311612
0.324469
0.328027
0.336237
0.328339
0.331229
0.329391
0.325729
0.336044
0.343475
0.351294
0.362473
0.370499
0.370941
0.380804
0.376382
0.387924
0.397034
0.411081
0.413864
0.413977
0.432651
0.446426
0.444226
0.447137
0.452454
0.448724
0.432846
0.430664
0.430487
0.427628
0.3982
0.398773
0.404434
0.0381347
0.741943
0.40357
0.31522
0.721925
-0.416489
1.24561
-0.0564288
0.710779
0.532913
0.508652
0.489267
0.479431
0.470129
0.503821
0.518036
0.542999
0.55235
0.552536
0.544815
0.520764
0.528375
0.518143
0.526544
0.536789
0.561408
0.584253
0.615143
0.631439
0.637326
0.651944
0.672928
0.697614
0.6952
0.708014
0.703909
0.716629
0.722473
0.743619
0.750199
0.755548
0.768817
0.773075
0.770633
0.774735
0.771247
0.782471
0.783353
0.797723
0.795447
0.790833
0.827155
0.888773
0.945038
0.973236
0.971799
0.986871
0.992688
0.990714
0.95629
0.952643
0.956934
0.970581
0.988074
1.01622
1.03367
1.06155
1.0871
1.10613
1.14058
1.15755
1.1962
1.20598
1.21517
1.22478
1.20876
1.21671
1.20852
1.21273
1.23998
1.25296
1.25959
1.25919
1.26309
1.27082
1.27059
1.28398
1.29451
1.32163
1.33585
1.34102
1.35373
1.38075
1.39308
1.4247
1.45251
1.47146
1.48039
1.49086
1.50952
1.50372
1.52803
1.53805
1.55725
1.5886
1.60805
1.61114
1.61681
1.62881
1.64829
1.65352
1.69005
1.68819
1.70954
1.72603
1.73886
1.7324
1.73853
1.75331
1.75464
1.77045
1.78809
1.79919
1.81921
1.8337
1.82949
1.82687
1.84031
1.84791
1.85437
1.88895
1.91763
1.9292
1.91092
1.92097
1.9017
1.91749
1.91971
1.92661
1.96419
1.99296
2.01318
2.02374
2.04271
2.05438
2.0666
2.06973
2.06983
2.08143
2.08475
2.0711
2.07045
2.07857
2.08633
2.10536
2.13464
2.16138
2.17496
2.19688
2.20732
2.21037
2.22054
2.22915
2.2241
2.23771
2.24897
2.26318
2.27822
2.29449
2.33077
2.35239
2.37749
2.37214
2.38553
2.39071
2.381
2.38593
2.40456
2.42274
2.44201
2.45135
2.46924
2.48396
2.49237
2.5017
2.5104
2.52002
2.53442
2.54844
2.5703
2.56885
2.56192
2.58022
2.59021
2.60369
2.61628
2.64326
2.6705
2.67196
2.68738
2.70632
2.72385
2.73257
2.74117
2.75691
2.75536
2.75275
2.76511
2.77642
2.79171
2.80087
2.82216
2.84171
2.85843
2.8696
2.8707
2.88145
2.91149
2.92308
2.93375
2.9603
2.97906
2.9737
2.9742
2.99419
3.00911
3.01292
3.03014
3.04161
3.06242
3.07089
3.08208
3.07881
3.09354
3.11173
3.11991
3.11971
3.13101
3.13528
3.13787
3.1409
3.1624
3.18154
3.19029
3.21904
3.23621
3.25573
3.27433
3.28997
3.30421
3.31764
3.32417
3.34196
3.3521
3.35487
3.35989
3.36237
3.36334
3.38271
3.36759
3.3915
3.40574
3.43214
3.45015
3.46556
3.47478
3.50023
3.49753
3.53186
3.5448
3.57107
3.59007
3.60539
3.61275
3.61301
3.62198
3.63109
3.6248
3.6359
3.64079
3.63329
3.65226
3.6744
3.69984
3.70107
3.7197
3.71956
3.72383
3.73427
3.74889
3.77363
3.79308
3.80674
3.81617
3.8212
3.84167
3.85874
3.86944
3.89008
3.90785
3.91522
3.92411
3.93203
3.92717
3.94092
3.97669
3.95359
4.41594
3.6825
3.98551
3.93331
3.92118
3.94104
3.92844
3.94095
3.92488
3.95125
4.04984
3.97266
3.93849
3.96955
3.97428
4.05773
4.09429
4.1087
4.10829
4.11296
4.11195
4.05465
4.11202
4.243
4.1108
4.05401
4.09148
4.11349
4.14085
4.17194
4.18579
4.20475
4.21494
4.19013
4.18521
4.17557
4.16508
4.1607
4.1719
4.16913
4.15584
4.16277
4.16266
4.17454
4.19406
4.20419
4.21226
4.21555
4.20528
4.19514
4.16812
4.17875
4.16465
4.16336
4.17544
4.17499
4.17766
4.18905
4.1974
4.20734
4.21084
4.2178
4.21937
4.22801
4.22876
4.22343
4.20349
4.23161
4.22595
4.23395
4.21411
4.20528
4.22624
4.25044
4.24637
4.26953
4.2738
4.29224
4.29991
4.33257
4.31527
4.1226
4.22931
4.28081
4.27563
4.25914
4.26041
4.2493
4.25863
3.8935
5.03929
4.2676
4.57228
4.43301
4.43751
4.44824
4.47892
4.4901
4.51067
4.52321
4.5217
4.53407
4.55317
4.56129
4.56476
4.5785
4.58691
4.58066
4.6045
4.64564
4.66331
4.68131
4.70544
4.72817
4.76536
4.78073
4.79355
4.81914
4.8333
4.84713
4.86807
4.88956
4.92148
4.94714
4.99151
4.99914
5.02435
5.02699
5.01997
5.00419
5.00696
5.0365
5.05952
5.07707
5.09576
5.10755
5.11546
5.13583
5.13631
5.16008
5.18512
5.20701
5.22668
5.23656
5.24746
5.25444
5.26548
5.27568
5.28734
5.30724
5.32828
5.34787
5.3722
5.39716
5.40801
5.42838
5.47207
5.49015
5.50969
5.54295
5.56369
5.59326
5.61546
5.61958
5.63703
5.65872
5.664
5.68646
5.71558
5.72609
5.73537
5.75067
5.77523
5.78433
5.82083
5.83551
5.85664
5.86447
5.87843
5.88196
5.89957
5.92868
5.95957
5.99214
6.02054
6.05665
6.08155
6.09816
6.1163
6.14934
6.17292
6.20944
6.23661
6.25135
6.26716
6.28117
6.30292
6.3142
6.32871
6.33377
6.35106
6.35794
6.3741
6.39906
6.41979
6.43023
6.43997
6.45395
6.44999
6.47005
6.47615
6.49086
6.51794
6.55758
6.58725
6.61459
6.64996
6.66344
6.66732
6.68467
6.68336
6.68658
6.69381
6.71793
6.75991
6.7714
6.79941
6.824
6.83809
6.83807
6.85332
6.8834
6.91034
6.94164
6.9811
6.99389
7.01624
7.01973
7.02491
7.04124
7.05264
7.06657
7.08213
7.07391
7.09529
7.10693
7.12155
7.14088
7.17061
7.184
7.21408
7.2376
7.26161
7.28435
7.29998
7.32052
7.3496
7.35329
7.36484
7.38374
7.40736
7.41255
7.431
7.4713
7.49073
7.51118
7.51523
7.54318
7.54294
7.53549
7.53294
7.54503
7.54559
7.55416
7.57289
7.59398
7.63119
7.67736
7.72028
7.767
7.803
7.8259
7.86226
7.87448
7.87871
7.87833
7.91189
7.92249
7.92917
7.96154
7.98251
8.01004
8.02138
8.04319
8.08691
8.09045
8.10778
8.12711
8.1396
8.13427
8.14142
8.14645
8.14419
8.14558
8.17216
8.21306
8.22568
8.25483
8.27488
8.30362
8.30929
8.31413
8.33226
8.3416
8.35268
8.37032
8.3921
8.41396
8.44157
8.47124
8.49082
8.50474
8.51247
8.54748
8.54597
8.56209
8.57888
8.59004
8.60497
8.61636
8.64316
8.68069
8.71152
8.72983
8.7656
8.79384
8.82675
8.85249
8.86467
8.88304
8.87996
8.87083
8.87163
8.89178
8.90069
8.90256
8.93261
8.9612
8.97474
8.99308
9.02167
9.03967
9.0592
9.07214
9.09229
9.10854
9.12349
9.15448
9.17276
9.18334
9.19604
9.21074
9.21098
9.21756
9.24277
9.2717
9.27988
9.2749
9.29972
9.3092
9.31071
9.32395
9.35339
9.36644
9.38793
9.4224
9.44159
9.44518
9.46342
9.49432
9.50376
9.5279
9.53812
9.54279
9.57092
9.5885
9.61346
9.62513
9.6499
9.68113
9.66086
10.0705
9.27642
9.68375
9.65497
9.6537
9.65501
9.62814
9.6363
9.6385
9.69006
9.73199
9.65035
9.65968
9.65643
9.57566
9.62503
9.63593
9.67595
9.70903
9.65565
9.62067
9.69363
9.72007
9.70217
9.64885
9.68906
9.74037
9.75079
9.7641
9.75344
9.73625
9.73676
9.75516
9.77598
9.79348
9.79359
9.8049
9.79984
9.80489
9.7885
9.79057
9.80349
9.80328
9.79452
9.81953
9.82454
9.83356
9.82665
9.82104
9.81197
9.81249
9.80915
9.81701
9.80489
9.79536
9.78383
9.78742
9.79707
9.7878
9.80513
9.81505
9.8035
9.81535
9.80392
9.81439
9.8342
9.84624
9.86975
9.88931
9.88453
9.84818
9.82975
9.83657
9.85803
9.87515
9.87559
9.87033
9.86798
9.85244
9.88046
9.67293
9.60714
9.76888
9.82511
9.84433
9.84889
9.83708
9.84133
9.85511
9.51788
10.665
9.81346
10.1487
10.0077
10.1207
10.1813
10.2341
10.2471
10.2601
10.2708
10.2769
10.2748
10.3005
10.3136
10.3368
10.3601
10.3818
10.4071
10.4373
10.4514
10.4805
10.5169
10.5492
10.5792
10.6189
10.6574
10.6873
10.7112
10.7137
10.7281
10.7443
10.7607
10.7993
10.8182
10.8256
10.8518
10.8619
10.8729
10.8833
10.9284
10.9714
11.0241
11.0579
11.0701
11.1157
11.1384
11.1578
11.1832
11.203
11.2085
11.2385
11.2727
11.2948
11.31
11.3643
11.3902
11.4228
11.4392
11.4651
11.4815
11.524
11.5556
11.5882
11.619
11.6454
11.662
11.6928
11.7237
11.7569
11.7774
11.8103
11.82
11.8384
11.8628
11.9002
11.9163
11.9264
11.9595
11.98
11.9985
12.0308
12.0794
12.1225
12.1511
12.1912
12.2206
12.2223
12.2413
12.2599
12.2811
12.2987
12.3253
12.3723
12.4016
12.441
12.4778
12.5046
12.522
12.5303
12.5419
12.5574
12.5715
12.5987
12.6363
12.6715
12.6919
12.7007
12.7244
12.7635
12.7911
12.8241
12.8609
12.8833
12.9019
12.9119
12.9303
12.9315
12.9493
12.9765
12.9987
13.0432
13.0737
13.1013
13.1276
13.1623
13.2014
13.2284
13.2501
13.2838
13.3303
13.3434
13.3589
13.3696
13.377
13.3839
13.3996
13.414
13.4384
13.4678
13.5088
13.5444
13.5577
13.5925
13.5956
13.6134
13.6418
13.6603
13.6832
13.7069
13.7325
13.726
13.7306
13.7452
13.7657
13.7928
13.827
13.864
13.8881
13.9089
13.9203
13.9377
13.944
13.9725
13.9981
14.0116
14.0523
14.0743
14.1033
14.1324
14.1431
14.1671
14.1762
14.1837
14.1947
14.2104
14.2228
14.2537
14.2746
14.3094
14.3367
14.3596
14.3873
14.4452
14.4745
14.5013
14.5318
14.5428
14.5685
14.5721
14.5998
14.6144
14.635
14.6522
14.656
14.6658
14.6805
14.7081
14.7422
14.7556
14.7903
14.807
14.8385
14.8532
14.8548
14.8683
14.896
14.9208
14.9311
14.9498
14.9745
15.0124
15.053
15.0762
15.0876
15.1232
15.1541
15.1628
15.1609
15.1939
15.2196
15.2405
15.2623
15.2916
15.3177
15.3209
15.3347
15.3548
15.3719
15.3925
15.4152
15.4422
15.4624
15.4725
15.4878
15.5122
15.5235
15.5457
15.5842
15.5916
15.6013
15.6214
15.6359
15.6398
15.6433
15.6483
15.6831
15.6876
15.715
15.7394
15.7739
15.7948
15.8044
15.8208
15.8414
15.8635
15.8827
15.8994
15.9029
15.9316
15.9439
15.9614
15.9744
15.9917
15.9974
16.024
16.0463
16.044
16.0463
16.0712
16.0888
16.0994
16.1247
16.161
16.1877
16.2264
16.2478
16.2834
16.3055
16.2904
16.3022
16.3041
16.3237
16.3556
16.3683
16.3954
16.4237
16.4454
16.4696
16.4808
16.5108
16.535
16.5627
16.5803
16.6002
16.6131
16.6245
16.6507
16.6595
16.6757
16.7044
16.6562
17.1249
16.1429
16.6393
16.619
16.5866
16.5605
16.5629
16.5841
16.5819
16.592
16.6915
16.6393
16.6649
16.6689
16.5411
16.6055
16.6338
16.6297
16.6435
16.6264
16.6162
16.6699
16.7624
16.7472
16.6765
16.6654
16.6934
16.6933
16.7206
16.7224
16.7144
16.7376
16.7358
16.7251
16.7156
16.7118
16.7097
16.7233
16.7135
16.7067
16.697
16.6867
16.6762
16.6757
16.6737
16.6581
16.6482
16.637
16.6584
16.6685
16.6777
16.6815
16.6958
16.7053
16.7086
16.7052
16.687
16.6963
16.705
16.6905
16.6922
16.6743
16.6613
16.6522
16.6789
16.686
16.723
16.7284
16.7224
16.7275
16.7346
16.7252
16.7284
16.7416
16.7447
16.7544
16.7442
16.7519
16.7748
16.7773
16.549
16.553
16.731
16.7647
16.7665
16.7485
16.7287
16.7095
16.7043
16.3212
17.359
16.5591
17.07
16.9949
17.025
17.0707
17.1104
17.1254
17.1416
17.1699
17.1913
17.2164
17.2288
17.2646
17.2921
17.346
17.3732
17.4243
17.4592
17.4803
17.5021
17.5278
17.563
17.5939
17.6312
17.6594
17.6933
17.7326
17.7733
17.8054
17.8505
17.8912
17.9299
17.937
17.9712
17.9729
18.0057
18.0189
18.0411
18.0535
18.081
18.1145
18.1537
18.1874
18.2373
18.2859
18.3256
18.3569
18.3832
18.4233
18.4594
18.4741
18.5
18.5185
18.5287
18.5499
18.5796
18.6142
18.6552
18.6884
18.7103
18.7482
18.7605
18.7725
18.8004
18.8309
18.869
18.9006
18.9285
18.9452
18.9534
18.9459
18.9658
18.9894
19.0017
19.0577
19.0919
19.1194
19.1335
19.141
19.1437
19.1694
19.1981
19.23
19.2537
19.2811
19.3309
19.353
19.3853
19.3881
19.4082
19.44
19.4624
19.4892
19.5148
19.5484
19.573
19.5974
19.6014
19.6241
19.6521
19.6678
19.6722
19.6892
19.709
19.7388
19.76
19.7828
19.799
19.8195
19.8315
19.8396
19.8492
19.8451
19.8721
19.894
19.9059
19.9302
19.9543
19.961
19.9633
19.9709
19.9782
19.9858
20.0131
20.0299
20.0462
20.0751
20.0834
20.11
20.138
20.1522
20.1689
20.18
20.1962
20.1884
20.2112
20.2258
20.259
20.2897
20.3058
20.3227
20.3423
20.3527
20.3539
20.3577
20.3798
20.3952
20.4035
20.4109
20.4217
20.4309
20.4305
20.4498
20.4526
20.4545
20.4838
20.5025
20.5205
20.5444
20.5642
20.5921
20.6139
20.6347
20.6545
20.692
20.7018
20.7212
20.7518
20.7566
20.7552
20.7689
20.783
20.783
20.7863
20.8029
20.8047
20.8228
20.8406
20.8602
20.8738
20.8892
20.896
20.9056
20.9155
20.9217
20.9221
20.9448
20.9481
20.9559
20.9631
20.9743
20.978
20.9874
21.0119
21.0272
21.0615
21.0806
21.1198
21.1318
21.1447
21.1392
21.1339
21.1381
21.1256
21.138
21.1362
21.1604
21.172
21.1865
21.1736
21.1912
21.1941
21.2049
21.2236
21.2361
21.261
21.2726
21.2831
21.2931
21.283
21.2905
21.2853
21.3212
21.3404
21.3461
21.363
21.3638
21.3732
21.38
21.3747
21.381
21.3787
21.3843
21.3925
21.4103
21.4004
21.4058
21.4342
21.4501
21.453
21.4533
21.455
21.4684
21.4728
21.4957
21.5188
21.5164
21.5186
21.5248
21.5343
21.5349
21.5447
21.5561
21.5728
21.5757
21.592
21.5985
21.5998
21.5933
21.5984
21.5976
21.6207
21.6232
21.6232
21.6328
21.6511
21.6613
21.6822
21.6951
21.7115
21.7052
21.6964
21.6954
21.6951
21.685
21.6792
21.7049
21.7142
21.7378
21.761
21.7651
21.7733
21.7901
21.7916
21.7928
21.8076
21.7994
21.7932
21.7912
21.7896
21.7896
21.7883
21.7828
21.7932
21.8046
21.8134
21.8276
21.8476
21.8711
21.8484
22.4497
21.4518
21.7947
21.865
21.8582
21.8532
21.8432
21.8512
21.8261
21.8273
21.8643
21.826
21.8332
21.8433
21.8112
21.8251
21.8193
21.8085
21.847
21.8006
21.7732
21.9232
21.9396
21.8951
21.828
21.8643
21.8901
21.875
21.8771
21.8656
21.8611
21.8567
21.8574
21.8559
21.8521
21.8639
21.8654
21.8736
21.8639
21.8517
21.8358
21.834
21.8406
21.8494
21.8326
21.8278
21.8164
21.8245
21.8267
21.8299
21.8413
21.8713
21.8802
21.8702
21.8923
21.9
21.9118
21.91
21.9296
21.9262
21.9096
21.8961
21.8939
21.8757
21.8657
21.8812
21.8942
21.8811
21.8774
21.8896
21.8866
21.9034
21.9131
21.904
21.9058
21.8936
21.8817
21.8698
21.8522
22.6111
24.4334
23.7436
22.4884
22.0777
21.9963
21.989
21.985
22.0325
19.6328
18.8486
21.1152
21.8874
22.0212
22.0576
22.0411
22.0653
22.0376
21.9379
22.0526
21.9118
22.5321
22.0659
22.1272
22.1328
22.1517
22.1776
22.2029
22.213
22.2095
22.2412
22.2391
22.2092
22.2077
22.1908
22.1904
22.2071
22.2061
22.2059
22.1923
22.1831
22.1803
22.1917
22.1901
22.2018
22.2243
22.2422
22.2547
22.2665
22.2606
22.2423
22.2194
22.2264
22.2394
22.2322
22.2455
22.2595
22.2543
22.2781
22.3053
22.3406
22.3572
22.3446
22.3586
22.361
22.3719
22.36
22.3602
22.3607
22.3714
22.3724
22.3775
22.4002
22.4182
22.3994
22.3869
22.3903
22.4051
22.3989
22.4091
22.4009
22.3861
22.3879
22.388
22.4062
22.3897
22.4201
22.4297
22.4363
22.443
22.4612
22.4797
22.4908
22.5132
22.5262
22.5026
22.4834
22.4847
22.4973
22.4904
22.4671
22.4806
22.4885
22.4874
22.5
22.4876
22.4905
22.494
22.4969
22.4843
22.497
22.4981
22.5031
22.5058
22.507
22.5273
22.5347
22.5347
22.5146
22.5117
22.5024
22.4979
22.4946
22.5113
22.5334
22.5458
22.5531
22.5429
22.5432
22.5512
22.5717
22.5864
22.5882
22.6012
22.6045
22.5934
22.5752
22.5653
22.5621
22.5765
22.573
22.5655
22.5902
22.6165
22.6282
22.6172
22.6145
22.5982
22.592
22.5872
22.5844
22.5827
22.5704
22.6041
22.6085
22.6055
22.5872
22.5933
22.5801
22.565
22.5926
22.6031
22.6142
22.6231
22.6294
22.6366
22.6279
22.6293
22.6348
22.6293
22.6298
22.6317
22.6294
22.6225
22.6131
22.6112
22.6146
22.6209
22.6229
22.632
22.6395
22.6421
22.6411
22.6339
22.6263
22.628
22.6279
22.6328
22.6559
22.6503
22.6557
22.6658
22.6765
22.6805
22.6732
22.6894
22.6896
22.692
22.703
22.6865
22.6692
22.6391
22.6482
22.6541
22.6655
22.6789
22.6784
22.6899
22.6868
22.68
22.6796
22.679
22.693
22.6749
22.6757
22.6903
22.6648
22.6537
22.6415
22.6459
22.6521
22.637
22.6265
22.6412
22.6333
22.6343
22.6236
22.6184
22.6241
22.5983
22.599
22.6248
22.6411
22.6374
22.6443
22.6529
22.6637
22.6674
22.6765
22.674
22.6762
22.666
22.6729
22.6541
22.6626
22.6573
22.6541
22.6638
22.672
22.672
22.6579
22.6348
22.6374
22.6345
22.6323
22.6229
22.6318
22.633
22.633
22.6225
22.6115
22.6057
22.6037
22.62
22.633
22.6444
22.6525
22.6621
22.6533
22.6354
22.6165
22.6163
22.6065
22.6092
22.6252
22.613
22.6135
22.6037
22.6018
22.6021
22.6069
22.617
22.6235
22.6065
22.6118
22.6235
22.6012
22.5812
22.5718
22.5672
22.5461
22.5647
22.5751
22.5858
22.594
22.6018
22.5935
22.5968
22.592
22.5835
22.5842
22.6018
22.6103
22.6298
22.6112
22.6295
22.6194
22.5956
22.5998
22.5741
22.5803
22.5809
22.5835
22.5998
22.6038
22.6037
22.6057
22.6057
22.5998
22.6249
22.5868
22.7889
22.4067
22.5648
22.5567
22.5365
22.5208
22.5343
22.5479
22.5598
22.5557
22.5605
22.5661
22.5677
22.5565
22.5345
22.5297
22.5388
22.5451
22.5362
22.5428
22.5568
22.5648
22.5491
22.5594
22.573
22.5683
22.5646
22.5678
22.5698
22.5744
22.5577
22.5565
22.5715
22.5854
22.5907
22.5886
22.5955
22.5831
22.5658
22.5483
22.537
22.5276
22.5295
22.5627
22.5622
22.5822
22.5916
22.5948
22.5936
22.5803
22.5705
22.5541
22.5431
22.5428
22.5432
22.537
22.5502
22.5663
22.5764
22.5844
22.5854
22.5959
22.5737
22.5854
22.5842
22.5876
22.5854
22.5998
22.5936
22.6021
22.599
22.6007
22.5955
22.5838
22.5752
22.5689
22.5656
22.5712
22.5842
22.5838
22.5646
22.5689
22.5507
22.5497
22.5409
22.5296
22.5368
22.5346
22.5432
22.549
22.5146
22.492
22.4741
22.4745
22.4749
22.4833
22.5077
22.5322
22.5318
22.5301
22.5046
22.4854
22.4741
22.4715
22.4776
22.4861
22.4924
22.5042
22.4963
22.4861
22.4545
22.4334
22.4345
22.4366
22.4361
22.4517
22.4628
22.4771
22.4842
22.4646
22.4661
22.4555
22.4342
22.4307
22.4417
22.4729
22.481
22.4706
22.4829
22.476
22.4552
22.4338
22.4241
22.4307
22.4424
22.4569
22.4534
22.4584
22.4701
22.4614
22.469
22.4547
22.4567
22.4581
22.4613
22.4735
22.4764
22.4842
22.4644
22.4524
22.4529
22.4462
22.4249
22.4318
22.4303
22.444
22.4551
22.4537
22.4533
22.4419
22.4233
22.4336
22.4439
22.4518
22.4469
22.423
22.419
22.4187
22.4015
22.3909
22.3768
22.3811
22.3727
22.3644
22.3468
22.3452
22.3439
22.327
22.3248
22.3261
22.3225
22.3318
22.3343
22.3395
22.3273
22.3326
22.3522
22.3701
22.3709
22.3599
22.3707
22.3619
22.353
22.3521
22.3531
22.3541
22.3619
22.3662
22.3498
22.3358
22.344
22.3433
22.3424
22.357
22.3736
22.3843
22.3751
22.385
22.3843
22.3818
22.3933
22.3948
22.3748
22.3737
22.383
22.3915
22.3905
22.3762
22.3919
22.4058
22.3963
22.3783
22.3732
22.3712
22.3501
22.3332
22.3392
22.3245
22.3365
22.3472
22.3606
22.3566
22.3553
22.3635
22.3648
22.3681
22.3635
22.3526
22.355
22.3443
22.3236
22.3131
22.3123
22.3033
22.3091
22.2941
22.2912
22.2929
22.303
22.3108
22.3031
22.3248
22.3408
22.3188
22.3186
22.3045
22.3157
22.3009
22.2777
22.2814
22.2769
22.2814
22.2667
22.2671
22.2903
22.292
22.3081
22.3251
22.3342
22.3404
22.3342
22.3127
22.2846
22.2713
22.2538
22.2447
22.2357
22.2296
22.2349
22.2322
22.2229
22.2229
22.2236
22.2411
22.2179
22.2166
22.215
22.2264
22.2198
22.2255
22.2444
22.2381
22.244
22.2415
22.2346
22.2343
22.2326
22.2282
22.2241
22.2307
22.2229
22.2229
22.2245
22.2213
22.2163
22.217
22.2244
22.2196
22.2229
22.2225
22.2275
22.2143
22.213
22.2026
22.1916
22.1819
22.1753
22.1725
22.1868
22.1819
22.1916
22.1997
22.221
22.2339
22.2326
22.2307
22.2307
22.2233
22.2065
22.2108
22.2099
22.194
22.1936
22.1936
22.2037
22.1997
22.1912
22.1733
22.1838
22.1932
22.1929
22.1936
22.2033
22.1952
22.1948
22.1752
22.1541
22.1448
22.1562
22.1515
22.1511
22.1526
22.1627
22.1815
22.1787
22.18
22.1623
22.162
22.1444
22.1317
22.1252
22.1167
22.1334
22.1353
22.1307
22.1261
22.138
22.1261
22.1318
22.1234
22.1303
22.1396
22.1314
22.1158
22.1236
22.1284
22.1366
22.1288
22.1432
22.1428
22.1269
22.1321
22.1197
22.1103
22.0952
22.0858
22.0884
22.0835
22.0675
22.0646
22.0777
22.0845
22.1029
22.129
22.1406
22.1673
22.1619
22.142
22.1362
22.1235
22.0967
22.0772
22.0757
22.081
22.0776
22.0943
22.1151
22.122
22.1248
22.1068
22.1119
22.1103
22.1031
22.1122
22.12
22.1144
22.1201
22.1311
22.1327
22.1213
22.1099
22.092
22.0815
22.0708
22.0558
22.0595
22.0526
22.0514
22.0353
22.0213
21.9972
21.996
21.9861
21.9749
21.9752
21.983
21.9722
21.9501
21.9579
21.964
21.9564
21.9647
21.9755
21.9944
22.003
21.9861
21.9927
21.9775
21.9744
21.9722
21.9647
21.9697
21.9729
21.9798
21.9925
21.9993
21.9944
22.0006
21.9924
21.9846
21.9893
22.0022
22.0039
21.9983
22.0274
22.0171
22.0337
22.0291
22.0244
22.013
21.9987
22.0054
22.0042
21.9947
21.9867
21.9967
21.981
21.963
21.9595
21.9436
21.9598
21.9681
21.9748
21.9829
21.9839
21.9843
21.9912
21.9862
21.9811
21.9827
21.9749
21.9915
22.0189
22.022
22.0311
22.033
22.0268
22.033
22.0232
22.0164
22.0224
22.0214
22.0038
22.0022
21.996
21.9993
21.994
22.0029
22.0202
22.0138
22.0222
22.0318
22.033
22.0017
21.9773
21.9752
21.9713
21.9564
21.9554
21.9631
21.9553
21.9533
21.9533
21.9514
21.9415
21.9502
21.9627
21.9696
21.9816
21.9846
21.9927
21.9835
21.9628
21.9684
21.9546
21.9334
21.9322
21.926
21.9322
21.9123
21.9159
21.926
21.9162
21.9238
21.929
21.924
21.914
21.9033
21.9022
21.8944
21.8927
21.8757
21.8651
21.8778
21.8628
21.8568
21.8752
21.8835
21.8615
21.8531
21.8411
21.8518
21.8568
21.8536
21.8546
21.8635
21.8748
21.8534
21.8537
21.8405
21.8453
21.8471
21.8248
21.8509
21.8459
21.8557
21.8654
21.8549
21.8619
21.8561
21.8514
21.8456
21.8275
21.826
21.8456
21.8525
21.8518
21.844
21.8604
21.846
21.8473
21.844
21.8441
21.8427
21.8315
21.8259
21.8123
21.7999
21.8033
21.8061
21.8069
21.8248
21.8346
21.833
21.8442
21.8424
21.8411
21.8502
21.8408
21.8437
21.8587
21.8628
21.8713
21.872
21.883
21.8768
21.8702
21.8774
21.8715
21.8752
21.8648
21.8623
21.8815
21.8818
21.8919
21.8967
21.8947
21.8748
21.8748
21.8569
21.8547
21.8346
21.8627
21.8883
21.8823
21.8635
21.8654
21.8619
21.855
21.8358
21.8339
21.8251
21.8241
21.813
21.7882
21.7834
21.7919
21.7827
21.7803
21.775
21.7891
21.8026
21.7932
21.7935
21.7862
21.7821
21.7913
21.7831
21.7888
21.8096
21.8213
21.8307
21.8404
21.8358
21.8322
21.8143
21.812
21.8029
21.8009
21.7847
21.7932
21.7815
21.7737
21.7541
21.7623
21.7721
21.7802
21.7788
21.7919
21.7879
21.7837
21.7847
21.7753
21.7783
21.7753
21.7623
21.7603
21.744
21.7412
21.7342
21.7392
21.7358
21.733
21.7447
21.7544
21.7664
21.7553
21.7345
21.7241
21.7143
21.701
21.6917
21.7006
21.7079
21.7027
21.6986
21.705
21.7216
21.7143
21.6971
21.697
21.6932
21.6851
21.6825
21.6765
21.6835
21.6728
21.6773
21.6911
21.6933
21.6727
21.6721
21.66
21.6342
21.6229
21.6054
21.6269
21.6389
21.6513
21.648
21.6643
21.6641
21.6346
21.6194
21.6037
21.603
21.5923
21.5854
21.6057
21.6217
21.6233
21.622
21.6245
21.6318
21.6326
21.6307
21.6213
21.6052
21.6014
21.5854
21.5871
21.6005
21.594
21.6084
21.5998
21.594
21.6022
21.6103
21.6213
21.6134
21.6209
21.6119
21.6147
21.6069
21.6082
21.613
21.6131
21.6135
21.6213
21.6295
21.6213
21.6074
21.6188
21.621
21.6136
21.5959
21.5998
21.5902
21.5766
21.5712
21.5753
21.562
21.5533
21.5639
21.5604
21.5497
21.5451
21.535
21.5409
21.5122
21.5119
21.5082
21.5019
21.4764
21.4654
21.4729
21.4732
21.4634
21.465
21.4678
21.4647
21.4549
21.444
21.4612
21.4515
21.4509
21.4622
21.4716
21.464
21.4818
21.4848
21.4972
21.4877
21.5045
21.5256
21.5217
21.5136
21.5126
21.5143
21.5223
21.5069
21.4976
21.5041
21.5006
21.4904
21.4943
21.4929
21.4845
21.4779
21.4846
21.4936
21.4932
21.4959
21.496
21.5022
21.4861
21.499
21.4956
21.503
21.5009
21.4843
21.4795
21.483
21.4912
21.4904
21.4823
21.4814
21.4865
21.4842
21.4908
21.4862
21.5025
21.5136
21.509
21.505
21.5038
21.5103
21.5038
21.5142
21.5159
21.5339
21.535
21.5056
21.494
21.4842
21.4744
21.4568
21.4451
21.4533
21.4366
21.4354
21.4329
21.4432
21.4354
21.46
21.4638
21.4915
21.4878
21.4908
21.4858
21.4793
21.464
21.4526
21.442
21.4527
21.4505
21.4635
21.4963
21.494
21.5123
21.5205
21.5302
21.5229
21.4874
21.4827
21.4765
21.4934
21.4973
21.5181
21.5043
21.5064
