-2.24545
-2.28616
-2.18274
-2.09796
-2.02139
-1.96439
-1.88898
-1.83163
-1.75696
-1.67813
-1.59836
-1.49835
-1.44452
-1.39413
-1.35156
-1.29297
-1.23904
-1.19803
-1.1489
-1.11835
-1.09375
-1.07391
-1.03326
-1.00076
-0.951233
-0.935242
-0.925476
-0.905609
-0.896179
-0.884827
-0.868439
-0.835632
-0.825928
-0.814514
-0.79657
-0.76532
-0.734436
-0.740784
-0.74585
-0.7771
-0.80484
-0.79187
-0.668823
-0.616882
-0.751495
-0.936249
-0.982971
-0.966156
-0.937195
-0.923889
-0.896179
-0.882965
-0.881714
-0.881317
-0.417816
3.13892
4.63132
5.14133
4.9733
1.85251
3.42197
-1.98508
-2.67538
-2.29196
-2.22272
-2.18875
-2.17548
-2.13797
-2.09851
-2.06256
-2.00858
-1.94336
-1.86639
-1.80118
-1.7504
-1.69647
-1.63126
-1.54764
-1.43665
-1.34335
-1.28641
-1.22617
-1.17538
-1.10828
-1.03983
-0.953125
-0.87149
-0.804291
-0.753601
-0.714539
-0.646088
-0.587097
-0.510162
-0.44812
-0.394531
-0.333679
-0.283203
-0.224304
-0.155853
-0.0785828
-0.0249939
0.035553
0.0960083
0.136658
0.203522
0.264374
0.326172
0.376892
0.409302
0.448761
0.481171
0.518768
0.554993
0.589386
0.610474
0.630096
0.651398
0.6922
0.739777
0.787048
0.865631
0.944061
1.00742
1.05188
1.10071
1.14993
1.18079
1.22806
1.27884
1.31946
1.34055
1.38
1.41086
1.4422
1.46204
1.5011
1.52219
1.55188
1.56476
1.5925
1.6221
1.66095
1.69876
1.73001
1.78195
1.79681
1.82291
1.83588
1.88156
1.91281
1.94211
1.9632
1.98627
2.01236
2.0351
2.06281
2.0925
2.13156
2.16437
2.20187
2.22491
2.26236
2.28351
2.32452
2.35382
2.37689
2.4046
2.42252
2.4632
2.48627
2.51556
2.5354
2.54797
2.54672
2.57416
2.59564
2.62689
2.66275
2.69525
2.72806
2.75571
2.77844
2.79672
2.82416
2.85541
2.87689
2.90454
2.91751
2.92719
2.94681
2.96829
2.98618
3.01712
3.03851
3.0679
3.08734
3.09875
3.11703
3.14447
3.17572
3.20697
3.22641
3.24915
3.26743
3.29642
3.31625
3.3472
3.36673
3.37991
3.38977
3.4061
3.43704
3.46509
3.49603
3.50891
3.51898
3.55814
3.56937
3.5972
3.61703
3.64447
3.66742
3.66907
3.68069
3.69836
3.7182
3.74915
3.77875
3.79993
3.82758
3.84875
3.87836
3.90109
3.9389
3.95023
3.97141
3.98111
3.98111
3.99094
4.00922
4.0304
4.03851
4.06781
4.0972
4.12024
4.14633
4.16907
4.19711
4.19992
4.22797
4.23929
4.24249
4.26743
4.28
4.30649
4.32922
4.35062
4.37173
4.37335
4.38968
4.39127
4.41907
4.43069
4.43695
4.44992
4.46158
4.48111
4.5007
4.52054
4.54984
4.57257
4.60062
4.61859
4.63312
4.64127
4.64127
4.66086
4.68069
4.69046
4.70813
4.72952
4.74915
4.76898
4.79993
4.81314
4.82913
4.85025
4.86163
4.87991
4.88968
4.90109
4.9389
4.95187
4.95999
4.97952
4.99249
5.00259
4.99594
5.01236
5.0303
5.04327
5.06781
5.09866
5.13626
5.1593
5.17252
5.18228
5.20181
5.21158
5.22455
5.24283
5.27213
5.29166
5.30304
5.31314
5.32446
5.34244
5.34048
5.35187
5.36859
5.38977
5.38812
5.38821
5.41586
5.42883
5.45337
5.47446
5.49594
5.49905
5.51547
5.52524
5.54166
5.56937
5.57251
5.59204
5.60345
5.60376
5.59555
5.6022
5.62015
5.63156
5.64478
5.67252
5.69205
5.7132
5.72485
5.72485
5.73111
5.75064
5.75375
5.77017
5.77338
5.79166
5.81937
5.84055
5.85062
5.86353
5.87991
5.8847
5.89478
5.89789
6.56601
5.85376
5.98523
5.38702
5.36087
5.52234
5.6926
5.84109
5.95547
6.63736
6.91116
6.5354
6.3132
6.04938
5.93124
6.36002
5.89478
5.67453
5.41135
6.97101
5.62149
5.71283
5.26218
6.73398
5.39398
5.48367
5.05038
5.03491
5.00827
4.97897
4.95602
4.92508
4.9021
4.89899
4.88922
4.88766
4.88611
4.88611
4.86813
4.86658
4.84509
4.82718
4.80759
4.79626
4.7865
4.77673
4.76657
4.75681
4.74548
4.71774
4.71429
4.69507
4.69156
4.67523
4.66736
4.65564
4.65564
4.63766
4.6279
4.62634
4.60648
4.57898
4.54272
4.48376
4.42508
4.37439
4.36343
4.4632
4.68594
4.54883
4.24594
4.14227
4.13132
4.09665
4.07562
4.05289
4.05298
4.04001
4.06274
4.09195
3.93939
3.80383
3.82556
3.8436
3.86188
3.88306
3.89938
3.89087
3.88968
4.83688
5.99265
3.75485
2.36453
2.34866
2.32751
2.32718
2.32407
2.34048
2.3421
2.36548
2.38977
2.42734
2.48978
2.5582
2.60391
2.65305
2.70508
2.784
2.8707
2.96359
3.02884
3.06946
3.11047
3.17892
3.24799
3.33429
3.40109
3.45343
3.49445
3.54327
3.5925
3.64642
3.70697
3.76877
3.83783
3.88
3.94055
4.0011
4.04993
4.11047
4.1593
4.22971
4.27219
4.32297
4.37375
4.41281
4.44556
4.47806
4.51547
4.54642
4.57767
4.61548
4.66086
4.70187
4.74445
4.7851
4.80658
4.84595
4.88312
4.9339
4.99133
5.03351
5.0925
5.12689
5.15454
5.18549
5.22491
5.2558
5.27719
5.30658
5.31781
5.35541
5.37845
5.41437
5.444
5.49094
5.53351
5.5679
5.58929
5.60852
5.63968
5.6593
5.69556
5.72455
5.7475
5.77689
5.79837
5.82602
5.85696
5.89642
5.92758
5.96008
5.96976
6.00735
6.02875
6.05969
6.08774
6.11517
6.13821
6.16431
6.19525
6.2265
6.26398
6.29672
6.32767
6.34906
6.3718
6.37836
6.39944
6.41086
6.42093
6.44836
6.47797
6.49088
6.51047
6.52875
6.55969
6.57132
6.59711
6.62961
6.63968
6.66086
6.67914
6.71674
6.74594
6.7851
6.8179
6.84085
6.86038
6.88312
6.89944
6.92874
6.95969
6.98929
7.00064
7.02023
7.03189
7.04984
7.07101
7.08929
7.12024
7.12991
7.14789
7.17883
7.20844
7.23117
7.25922
7.28821
7.30142
7.3096
7.33078
7.33267
7.3389
7.36008
7.38812
7.40921
7.43039
7.45999
7.47961
7.51077
7.52213
7.54327
7.56155
7.59085
7.6218
7.6315
7.64944
7.66907
7.69867
7.71158
7.73273
7.75259
7.76236
7.7803
7.80304
7.81937
7.82913
7.84875
7.86038
7.88156
7.91937
7.93851
7.95148
7.97952
7.99905
8.02179
8.05142
8.06937
8.0921
8.12991
8.15103
8.16235
8.17056
8.19171
8.20337
8.20181
8.22134
8.23273
8.25259
8.27054
8.29172
8.31314
8.32446
8.33267
8.36038
8.36508
8.37494
8.40298
8.43069
8.4436
8.47296
8.50101
8.51236
8.54172
8.56314
8.58109
8.59399
8.59204
8.61163
8.62329
8.64127
8.6608
8.68033
8.70969
8.73111
8.75882
8.77338
8.77213
8.79166
8.81274
8.82251
8.84204
8.85532
8.87329
8.90424
8.91431
8.92407
8.93384
8.93384
8.95181
8.95337
8.97296
8.99283
9.02213
9.05142
9.06439
9.08423
9.10376
9.11353
9.12329
9.1315
9.1608
9.18195
9.19205
9.20181
9.21313
9.23273
9.26236
9.26392
9.29166
9.29321
9.31281
9.3147
9.33267
9.34244
9.36038
9.38312
9.40454
9.42252
9.43384
9.44516
9.44516
9.4729
9.48267
9.50375
9.51352
9.52328
9.535
9.55463
9.57446
9.59244
9.61353
9.6315
9.64282
9.64447
9.65454
9.67252
9.68384
9.6936
9.70493
9.7229
9.73422
9.76041
9.77338
9.79166
9.80298
9.81119
9.83072
9.83392
9.84085
9.89328
10.3487
9.91171
9.92111
9.26788
9.26642
9.44421
9.6568
9.83484
9.92929
10.7409
10.6968
10.4024
10.2876
9.93829
10.091
10.2526
9.7757
9.60117
9.64133
10.8972
9.49445
9.80109
9.75986
10.6055
9.96249
9.2197
9.13602
9.16187
9.11453
9.06064
9.02634
9.0036
8.9986
8.99704
8.9986
8.98727
8.96774
8.96774
8.94977
8.92047
8.91891
8.89899
8.88611
8.88452
8.87634
8.85806
8.83884
8.83728
8.80289
8.7865
8.77673
8.7572
8.72595
8.70483
8.68655
8.66736
8.64587
8.63611
8.62634
8.60641
8.58533
8.54938
8.51813
8.47086
8.42517
8.39267
8.41898
8.52844
8.69406
8.38336
8.0928
8.04782
8.03461
8.02359
8.01352
7.99234
8.00064
7.99078
8.02017
7.99539
7.73608
7.71765
7.74704
7.77017
7.7818
7.7897
7.80804
7.80804
7.80649
8.77798
9.6557
7.54538
6.23892
6.27634
6.24649
6.20547
6.20383
6.21524
6.23157
6.2789
6.34421
6.39844
6.42929
6.46048
6.50781
6.55664
6.63681
6.69766
6.76758
6.84766
6.9129
6.95538
6.99603
7.06485
7.12375
7.21835
7.2836
7.33783
7.37845
7.42892
7.47025
7.52728
7.60391
7.67609
7.74609
7.80853
7.86868
7.91946
7.96994
8.01752
8.08783
8.14798
8.19211
8.26086
8.30969
8.36203
8.42892
8.4718
8.52063
8.54523
8.5925
8.64328
8.69406
8.72485
8.77374
8.82297
8.87335
8.91437
8.95032
9.01086
9.0632
9.13
9.17413
9.22491
9.26587
9.31281
9.35541
9.39484
9.42407
9.44525
9.48468
9.52374
9.56476
9.60382
9.64163
9.6839
9.71478
9.74603
9.78546
9.81314
9.85382
9.90265
9.94366
9.9765
10.0042
10.0367
10.0761
10.1155
10.1268
10.166
10.2069
10.2277
10.267
10.298
10.3374
10.3768
10.4077
10.4456
10.4761
10.5171
10.5467
10.5859
10.6187
10.6545
10.6886
10.7084
10.7296
10.7592
10.7882
10.808
10.8456
10.8866
10.9288
10.9502
10.9894
11.0205
11.0499
11.0713
11.0873
11.1183
11.1397
11.1609
11.1971
11.2476
11.287
11.3342
11.3585
11.3799
11.4011
11.4128
11.4405
11.46
11.4909
11.519
11.5316
11.5596
11.5791
11.6003
11.6284
11.6577
11.6791
11.7101
11.7295
11.7394
11.7592
11.7901
11.8179
11.8588
11.8781
11.9092
11.9304
11.9584
11.9795
12.0089
12.0303
12.0515
12.0612
12.0971
12.1296
12.1413
12.169
12.1999
12.228
12.2507
12.2705
12.2983
12.321
12.3409
12.3701
12.4011
12.4225
12.442
12.4632
12.4733
12.4928
12.5042
12.5221
12.5398
12.5596
12.5889
12.6101
12.6397
12.651
12.6804
12.7018
12.7213
12.7507
12.7608
12.7803
12.8015
12.8194
12.8487
12.8714
12.9194
12.9402
12.9651
12.9831
12.9944
13.0006
13.012
13.0217
13.0449
13.0631
13.0745
13.1022
13.1217
13.1413
13.1807
13.192
13.2132
13.2331
13.2526
13.2655
13.2834
13.3014
13.3242
13.3522
13.3651
13.3831
13.401
13.4303
13.4433
13.46
13.4729
13.4811
13.4924
13.5136
13.5334
13.5713
13.5924
13.6101
13.6479
13.6592
13.664
13.6741
13.692
13.7131
13.7245
13.7506
13.7718
13.7834
13.8014
13.821
13.8522
13.8616
13.8717
13.8846
13.9045
13.9143
13.9323
13.9616
13.9928
14.0108
14.0218
14.0417
14.053
14.0827
14.1022
14.1233
14.1445
14.1643
14.1741
14.1741
14.1756
14.1756
14.1838
14.1952
14.2213
14.2424
14.2636
14.3014
14.3245
14.3522
14.3651
14.3733
14.3831
14.4042
14.4143
14.4323
14.442
14.4795
14.5038
14.5139
14.5237
14.5514
14.5627
14.5823
14.592
14.5937
14.5956
14.6053
14.6151
14.6432
14.6545
14.6823
14.7213
14.7441
14.7721
14.7752
14.7752
14.8969
15.1558
14.7996
14.8297
14.1528
14.166
14.3409
14.5159
14.6906
14.8214
15.6656
15.5047
15.3193
15.1484
14.7201
15.261
14.9266
14.6216
14.4492
15.1162
15.2186
14.6216
14.2931
15.2827
14.7082
14.7405
14.0559
14.0318
14.0407
13.9966
13.9281
13.8544
13.8106
13.7845
13.7716
13.7862
13.7881
13.7963
13.7896
13.7798
13.752
13.7404
13.7275
13.7193
13.708
13.69
13.6767
13.6588
13.6392
13.6115
13.5888
13.5627
13.556
13.5463
13.5463
13.5365
13.5346
13.5087
13.4776
13.4369
13.4056
13.3763
13.3404
13.2845
13.2356
13.1864
13.167
13.2065
13.339
13.3239
12.9154
12.7156
12.6951
12.6818
12.6655
12.6478
12.6377
12.6181
12.6115
12.6638
12.4928
12.3178
12.2927
12.2798
12.2751
12.2733
12.29
12.3159
12.3159
12.326
13.3432
14.3828
11.9298
10.6516
10.7264
10.7799
10.8112
10.8373
10.8748
10.9109
10.9733
11.0418
11.1089
11.1843
11.2672
11.3362
11.4145
11.5046
11.6039
11.712
11.8082
11.8902
11.9601
12.0484
12.1383
12.248
12.3394
12.4195
12.4827
12.553
12.6136
12.6823
12.7511
12.8312
12.9097
12.9632
13.0222
13.0925
13.1613
13.2495
13.323
13.3913
13.4616
13.5156
13.5745
13.6429
13.7034
13.7574
13.823
13.8753
13.9538
14.0143
14.0925
14.1562
14.2167
14.2756
14.3441
14.3945
14.4534
14.5124
14.5663
14.6237
14.676
14.7163
14.7459
14.803
14.8472
14.8964
14.9456
14.996
15.0386
15.0663
15.1054
15.1546
15.2234
15.2937
15.3538
15.4128
15.4648
15.5171
15.5467
15.5859
15.6249
15.6741
15.7327
15.7769
15.8178
15.8667
15.8979
15.9288
15.9781
16.019
16.0499
16.1073
16.1495
16.1987
16.2394
16.2787
16.3195
16.3475
16.3898
16.4209
16.4585
16.5061
16.5382
16.5858
16.6085
16.6479
16.6788
16.7069
16.7574
16.7983
16.8374
16.8701
16.9011
16.9405
16.9812
17.0108
17.058
17.1085
17.1494
17.1902
17.2264
17.2702
17.308
17.3291
17.3683
17.3913
17.4124
17.442
17.4632
17.5108
17.5334
17.553
17.5726
17.5842
17.6022
17.6038
17.6381
17.6691
17.7182
17.7507
17.7885
17.8226
17.8604
17.8994
17.9206
17.96
17.9893
18.0187
18.0498
18.071
18.0937
18.1201
18.151
18.1803
18.2015
18.228
18.2687
18.3096
18.3588
18.3995
18.4389
18.473
18.501
18.5303
18.5612
18.5827
18.612
18.6413
18.6628
18.7002
18.7311
18.7523
18.7721
18.7932
18.8112
18.8225
18.8421
18.8717
18.8815
18.901
18.9319
18.9436
18.9534
18.9534
18.9827
19.0006
19.0319
19.0612
19.0924
19.1299
19.1542
19.1725
19.2116
19.2409
19.2522
19.2636
19.2752
19.3034
19.3065
19.3245
19.3604
19.401
19.4402
19.4713
19.5088
19.5398
19.571
19.594
19.612
19.6132
19.6432
19.6545
19.6741
19.7018
19.7311
19.7636
19.7834
19.8065
19.8342
19.8538
19.8815
19.8831
19.9011
19.9307
19.9502
19.973
20.001
20.0319
20.053
20.0627
20.0741
20.0937
20.1053
20.1053
20.1233
20.1366
20.1545
20.1659
20.1854
20.1952
20.2147
20.2327
20.2542
20.2737
20.2932
20.3127
20.3339
20.3538
20.3733
20.3831
20.4026
20.4159
20.4241
20.4354
20.4452
20.4729
20.4925
20.5221
20.553
20.5745
20.5858
20.5956
20.6069
20.6069
20.6084
20.6151
20.6463
20.6463
20.6462
20.664
20.6838
20.6936
20.6952
20.7213
20.7542
20.7639
20.7737
20.7834
20.7948
20.8045
20.8323
20.8538
20.8635
20.8913
20.901
20.9222
20.942
20.9549
20.9631
20.9842
20.9924
21.0221
21.0351
21.0534
21.0827
21.094
21.1104
21.1151
21.1331
21.207
21.61
21.2027
21.148
20.5293
20.5082
20.6731
20.8364
20.9802
21.0895
21.913
21.8537
21.5641
21.3953
20.9655
21.2866
21.268
20.85
20.6258
21.5028
21.2381
20.7957
20.4641
21.4232
20.7914
20.7948
20.1427
20.1037
20.054
19.9559
19.8824
19.8466
19.8434
19.8482
19.8564
19.8369
19.8092
19.7881
19.7767
19.749
19.726
19.726
19.7064
19.6767
19.6654
19.6573
19.6361
19.6263
19.597
19.5674
19.5201
19.497
19.4513
19.4107
19.3959
19.3763
19.363
19.3369
19.3275
19.306
19.2701
19.2373
19.2111
19.1622
19.1033
19.0247
18.9873
19.0151
19.1676
19.1802
18.8079
18.6798
18.6642
18.6443
18.6327
18.6232
18.6115
18.5936
18.5919
18.556
20.7162
22.0106
22.4293
22.5267
22.6147
22.7177
22.7911
22.8595
21.5049
18.7995
18.2599
18.2178
18.213
18.2292
18.2588
18.2881
18.3065
18.3342
18.3701
20.9401
18.6159
17.454
17.012
17.0494
17.0658
17.0837
17.1182
17.1459
17.1823
17.2183
17.2691
17.323
17.398
17.4684
17.5566
17.6465
17.7414
17.8133
17.8933
17.9586
18.0191
18.0714
18.1398
18.1921
18.2691
18.3492
18.4011
18.4616
18.532
18.5925
18.6511
18.7198
18.7999
18.8817
18.9342
18.9925
19.053
19.1218
19.2019
19.2542
19.305
19.3542
19.4124
19.4632
19.5042
19.5632
19.6316
19.6773
19.7151
19.7671
19.808
19.8585
19.8979
19.9273
19.9765
20.0241
20.0742
20.1136
20.1644
20.207
20.2561
20.3046
20.3472
20.385
20.4355
20.4781
20.5338
20.5742
20.6152
20.6757
20.7264
20.7687
20.808
20.857
20.8881
20.9288
20.9666
21.0074
21.0484
21.0959
21.1363
21.1757
21.2069
21.2312
21.251
21.2787
21.3195
21.3588
21.398
21.4273
21.4584
21.4698
21.5007
21.5205
21.5303
21.5695
21.5972
21.6366
21.6495
21.6791
21.7101
21.7362
21.7784
21.808
21.8488
21.8799
21.9077
21.9386
21.96
21.9714
22.001
22.0319
22.0612
22.0827
22.1186
22.1593
22.1889
22.2198
22.251
22.282
22.3116
22.3327
22.3604
22.3796
22.3979
22.4273
22.4502
22.4698
22.4877
22.5269
22.5319
22.5597
22.5909
22.612
22.6413
22.6628
22.6823
22.7018
22.7116
22.7327
22.7346
22.7491
22.7604
22.798
22.8291
22.8601
22.8799
22.901
22.9303
22.9515
22.9631
22.9893
23.0202
23.0498
23.071
23.0988
23.1284
23.1494
23.1624
23.1807
23.2101
23.2151
23.2331
23.2573
23.2898
23.3014
23.3112
23.3405
23.3424
23.3522
23.3635
23.3733
23.3929
23.4128
23.4256
23.442
23.4534
23.4812
23.4944
23.5221
23.5417
23.571
23.5823
23.5838
23.6035
23.6217
23.6413
23.6526
23.6804
23.7018
23.7131
23.7147
23.7229
23.7424
23.7522
23.762
23.7718
23.7834
23.7834
23.8014
23.821
23.8323
23.8535
23.862
23.8831
23.8928
23.9124
23.9256
23.9436
23.9631
23.9843
24.0026
24.0139
24.0221
24.0514
24.0644
24.0745
24.094
24.1053
24.1233
24.1346
24.1331
24.1413
24.1526
24.1624
24.1659
24.1823
24.1936
24.2131
24.2327
24.2424
24.2523
24.2624
24.2737
24.2932
24.303
24.3045
24.3127
24.3241
24.3323
24.3437
24.362
24.3748
24.3913
24.4041
24.4241
24.4139
24.4139
24.4206
24.4319
24.4417
24.4436
24.4616
24.4811
24.4925
24.4959
24.4862
24.4944
24.4959
24.4877
24.4959
24.4959
24.4959
24.4958
24.5136
24.5237
24.535
24.553
24.5745
24.6022
24.6151
24.6233
24.6346
24.6346
24.6346
24.6362
24.6444
24.6639
24.6639
24.6674
24.6756
24.6854
24.7049
24.7049
24.7147
24.7342
24.726
24.728
24.728
24.7377
24.7361
24.7441
24.7542
24.7819
24.8014
24.8112
24.8242
24.8342
24.844
24.8506
25.4773
24.7753
24.9782
24.9449
24.9261
24.8964
24.8881
24.8635
24.8339
24.8163
24.8065
24.7869
24.767
24.7358
24.7342
24.7342
24.7245
24.7162
24.7229
24.7162
24.7049
24.6967
24.6854
24.6674
24.6577
24.6283
24.6151
24.5952
24.5756
24.5659
24.5463
24.5268
24.5186
24.5056
24.4955
24.4858
24.4842
24.4662
24.4549
24.437
24.419
24.3881
24.3831
24.3748
24.3651
24.3733
24.3831
24.3666
24.3487
24.3373
24.3275
24.3076
24.285
24.285
24.2573
24.228
24.2131
24.2034
24.2049
24.1952
24.1772
24.1756
24.1659
24.1577
24.1346
24.1084
24.1038
24.094
24.0842
24.0643
24.071
24.0905
24.0858
24.0858
24.076
24.0565
24.0467
24.0056
23.994
23.9843
23.9764
23.9846
23.9846
23.9862
23.9846
24.0026
23.9924
23.9924
23.9745
23.9631
23.9549
23.9155
23.9041
23.8944
23.8748
23.8651
23.8518
23.8616
23.862
23.8522
23.8456
23.842
23.842
23.8143
23.8144
23.8049
23.7917
23.7721
23.7522
23.7424
23.7343
23.7264
23.7428
23.7444
23.7444
23.7342
23.7327
23.7245
23.6967
23.6674
23.6526
23.6428
23.6248
23.6135
23.612
23.6019
23.594
23.576
23.5627
23.5612
23.5612
23.5546
23.5417
23.5237
23.5124
23.5022
23.4842
23.4729
23.4648
23.4452
23.442
23.442
23.4241
23.4124
23.3928
23.4011
23.4045
23.3748
23.3635
23.3538
23.3522
23.342
23.3143
23.3128
23.3147
23.3127
23.303
23.303
23.2932
23.2933
23.2737
23.2624
23.2542
23.2424
23.2229
23.2213
23.2049
23.1917
23.1936
23.1823
23.1838
23.1838
23.1819
23.1737
23.1541
23.1264
23.1151
23.0936
23.0823
23.0839
23.094
23.0858
23.0842
23.0745
23.0643
23.0561
23.0432
23.035
23.0268
23.017
23.0155
22.9975
22.9862
22.9944
22.978
22.9666
22.9569
22.9534
22.9584
22.947
22.9287
22.9174
22.9092
22.8994
22.8865
22.8666
22.8569
22.8471
22.8276
22.8178
22.808
22.7983
22.8049
22.808
22.7983
22.7967
22.7689
22.7491
22.7295
22.6983
22.697
22.6885
22.669
22.6479
22.6397
22.6365
22.6166
22.6084
22.6084
22.5987
22.5873
22.5756
22.5756
22.5659
22.553
22.5448
22.5334
22.5334
22.5351
22.5154
22.5053
22.4955
22.4858
22.4678
22.4565
22.437
22.4256
22.4354
22.4255
22.4155
22.4073
22.4041
22.3959
22.3764
22.3748
22.3666
22.3553
22.3538
22.3373
22.3276
22.3064
22.2948
22.2768
22.2768
22.2768
22.2573
22.2377
22.2362
22.2362
22.2245
22.2229
22.2147
22.2131
22.2147
22.2034
22.2049
22.1952
22.1737
22.1541
22.1444
22.1166
22.0971
22.094
22.0956
22.0776
22.076
22.0678
22.058
22.0483
22.0467
22.0549
22.0448
22.035
22.0252
22.0057
22.0042
21.9975
21.9959
22.0057
22.0155
22.0073
22.0073
21.9958
21.9858
21.9827
21.9745
21.9745
21.9568
21.9467
21.9272
21.9174
21.8959
21.8897
21.8748
21.8635
21.8456
21.8342
21.8225
21.8127
21.7963
21.7948
21.7932
21.7866
21.7768
21.7752
21.7752
21.7752
21.7686
21.7557
21.7557
21.7377
21.7264
21.7346
21.7264
21.728
21.7166
21.7245
21.7147
21.7049
21.6952
21.6917
21.6854
21.6643
21.6561
21.6381
21.6068
21.6034
21.5838
21.5756
21.5659
21.5627
21.5627
21.5463
21.5448
21.535
21.5252
21.5053
21.4955
21.4842
21.4745
21.4745
21.4745
21.4565
21.4467
21.437
21.4354
21.4256
21.4159
21.4061
21.3948
21.3846
21.3748
21.3569
21.3538
21.3456
21.344
21.3373
21.3358
21.3178
21.2983
21.2869
21.2831
21.2834
21.2737
21.2819
21.2752
21.2655
21.2475
21.2162
21.2065
21.1869
21.1655
21.1475
21.1362
21.1346
21.1069
21.1053
21.094
21.094
21.094
21.0838
21.0838
21.0741
21.0756
21.0659
21.0545
21.0366
21.035
21.0252
21.0057
21.0139
20.9975
20.9862
20.9745
20.9729
20.9647
20.9631
20.9452
20.9452
20.9452
20.937
20.9354
20.9174
20.8944
20.8846
20.8651
20.8553
20.8358
20.8276
20.808
20.8147
20.8065
20.7948
20.7768
20.7752
20.7752
20.767
20.7655
20.7655
20.7458
20.7358
20.726
20.7065
20.7049
20.687
20.6854
20.6952
20.7049
20.6952
20.6854
20.669
20.6561
20.6366
20.6217
20.6331
20.6331
20.6413
20.6429
20.6545
20.6381
20.6166
20.6053
20.5857
20.5838
20.5674
20.5561
20.5545
20.5448
20.5545
20.5545
20.5545
20.553
20.553
20.5448
20.5268
20.5155
20.4858
20.4827
20.4662
20.4549
20.4631
20.4534
20.4534
20.455
20.4534
20.4549
20.4467
20.4534
20.4452
20.437
20.4159
20.406
20.3944
20.3846
20.3846
20.3846
20.3666
20.3616
20.3538
20.3456
20.3424
20.3342
20.3342
20.3241
20.3241
20.3323
20.3159
20.3061
20.3045
20.3045
20.2866
20.2752
20.2737
20.2655
20.2557
20.2459
20.2459
20.2295
20.2182
20.2166
20.2084
20.2069
20.1952
20.1853
20.1834
20.1834
20.1737
20.164
20.1561
20.1463
20.1432
20.1315
20.1248
20.1166
20.1053
20.1038
20.0956
20.0971
20.076
20.0745
20.0725
20.0561
20.053
20.053
20.0463
20.0268
20.0155
19.9975
19.9862
19.9862
19.9862
19.9944
19.9842
20.0006
19.994
19.994
19.9842
19.9745
19.9745
19.9565
19.9452
19.9272
19.9241
19.9221
19.9124
19.9041
19.9026
19.9042
19.9061
19.8865
19.8748
19.8666
19.8666
19.8651
19.8651
19.8651
19.8553
19.8538
19.8518
19.8354
19.8174
19.7963
19.7866
19.7588
19.7475
19.7362
19.7249
19.7264
19.7346
19.7377
19.7362
19.7264
19.728
19.7166
19.6967
19.6819
19.6737
19.6738
19.6838
19.6659
19.6643
19.6561
19.6479
19.6366
19.6248
19.6248
19.6151
19.6038
19.5858
19.5776
19.5483
19.5452
19.5268
19.5334
19.5432
19.5334
19.5237
19.5073
19.5139
19.4959
19.4745
19.4745
19.4745
19.4647
19.4565
19.4565
19.4467
19.4452
19.4452
19.4534
19.4631
19.4647
19.4729
19.4842
19.476
19.4647
19.4452
19.4354
19.4256
19.4159
19.4026
19.3862
19.3569
19.3456
19.326
19.3065
19.2932
19.2932
19.2932
19.2866
19.2752
19.2737
19.2752
19.2768
19.267
19.2639
19.2655
19.2573
19.2557
19.2444
19.2342
19.2342
19.2342
19.2245
19.2131
19.2245
19.2147
19.2131
19.2034
19.2132
19.2249
19.2065
19.2049
19.1853
19.167
19.1608
19.1315
19.1185
19.0987
19.0873
19.076
19.0725
19.0725
19.0725
19.0741
19.0823
19.0756
19.0741
19.0561
19.0448
19.0252
19.0139
19.0237
19.0234
19.037
19.0154
18.9955
18.9858
18.9745
18.9549
18.9436
18.9436
18.9433
18.9534
18.9467
18.9255
18.9334
18.9252
18.9073
18.8994
18.8979
18.8963
18.8881
18.8768
18.885
18.8815
18.8733
18.8733
18.8651
18.8733
18.8651
18.8471
18.8456
18.8553
18.8456
18.8174
18.8045
18.7948
18.785
18.7752
18.7655
18.7737
18.7639
18.7639
18.762
18.7636
18.7639
18.7475
18.7459
18.7263
18.7065
18.6967
18.6952
18.6936
18.6819
18.6737
18.6737
18.664
18.6643
18.6561
18.6479
18.6366
18.635
18.6248
18.6248
18.6135
18.6217
18.6233
18.6166
18.6166
18.6069
18.5971
18.6053
18.6053
18.612
18.6038
18.5956
18.576
18.5463
18.5252
18.5252
18.5073
18.5139
18.5139
18.5057
18.4959
18.4745
18.4647
18.4534
18.4452
18.4452
18.4631
18.4647
18.4647
18.4729
18.4745
18.4842
18.4745
18.4549
18.4549
18.4287
18.4057
18.3862
18.3748
18.3831
18.3733
18.3815
18.3831
18.3749
18.3651
18.3553
18.3357
18.3256
18.3159
18.3143
18.3045
18.321
18.3143
18.3143
18.3226
18.326
18.3178
18.3065
18.285
18.2751
18.2635
18.2455
18.2342
18.226
18.2245
18.2065
18.2034
18.1854
18.2034
18.1952
18.2034
18.2031
18.2049
18.2116
18.2131
18.2049
18.1952
18.187
18.1772
18.1674
18.1475
18.1346
18.1264
18.1248
18.1166
18.1135
18.1217
18.1248
18.1248
18.1233
18.1249
18.1053
18.0956
18.0858
18.0842
18.094
18.0889
18.0956
18.0858
18.0759
18.0659
18.0561
18.0545
18.035
18.053
18.053
18.0644
18.0565
18.0565
18.0467
18.035
18.0252
18.0056
17.9858
17.9745
17.9647
17.9631
17.9745
17.9647
17.9432
17.9515
17.9549
17.9549
17.9354
17.9256
17.9256
17.9256
17.9241
17.9241
17.9241
17.9159
17.9077
17.8944
17.8748
17.8651
17.8635
17.8635
17.8538
17.8518
17.8534
17.8338
17.8338
17.8159
17.8061
17.8092
17.7603
17.191
