0.144037
0.16945
0.195099
0.251681
0.266493
0.241267
0.211505
0.183563
0.202179
0.240051
0.248178
0.277687
0.281099
0.297035
0.288057
0.275963
0.258548
0.272145
0.276443
0.283481
0.282045
0.250662
0.23934
0.220306
0.213533
0.212891
0.219681
0.236252
0.244621
0.258493
0.26487
0.296173
0.291603
0.293115
0.307082
0.311127
0.321907
0.32469
0.32579
0.338075
0.34322
0.338074
0.330486
0.353598
0.367233
0.37374
0.380424
0.38401
0.382394
0.370857
0.360536
0.381897
0.419227
-0.118053
0.682702
0.368036
0.296154
0.895072
-0.473618
1.5824
0.227671
1.23282
0.602554
0.559998
0.534445
0.522621
0.522852
0.532983
0.538956
0.558197
0.581683
0.584801
0.57669
0.56248
0.568869
0.547127
0.527632
0.539848
0.555162
0.578482
0.613998
0.625213
0.630626
0.616107
0.62587
0.639277
0.647246
0.670427
0.665681
0.691483
0.713615
0.736522
0.744217
0.762038
0.77467
0.761159
0.781094
0.789993
0.777955
0.778
0.782359
0.805312
0.820993
0.846069
0.875955
0.912977
0.930885
0.958221
0.957896
0.951994
0.958346
0.941667
0.947946
0.947786
0.939139
0.958984
0.976526
0.996742
1.01191
1.04959
1.06599
1.07766
1.0846
1.10143
1.11901
1.11923
1.13591
1.15213
1.13961
1.13601
1.1173
1.12306
1.13486
1.13919
1.15917
1.18613
1.20236
1.20037
1.20189
1.21894
1.22773
1.25086
1.27824
1.28248
1.2877
1.30042
1.31282
1.33376
1.33274
1.34143
1.36146
1.39455
1.41841
1.4346
1.47132
1.49029
1.4914
1.50397
1.52107
1.52207
1.53174
1.56039
1.57205
1.58521
1.59562
1.59889
1.60983
1.6171
1.63331
1.64921
1.67732
1.69443
1.67809
1.6788
1.70374
1.71481
1.72348
1.74375
1.75977
1.77126
1.79917
1.79957
1.80933
1.83438
1.87135
1.90089
1.89268
1.88992
1.88348
1.87863
1.86246
1.87714
1.90605
1.93583
1.94678
1.9501
1.97498
1.97831
1.97834
1.99827
1.99148
1.98138
1.98588
1.96483
1.97526
1.96307
1.9778
2.0003
2.03914
2.06697
2.09633
2.11995
2.11992
2.10314
2.09493
2.10136
2.09745
2.10286
2.1149
2.12892
2.14326
2.15169
2.17547
2.19883
2.2358
2.24246
2.25871
2.25284
2.2557
2.25187
2.25163
2.26757
2.2745
2.28539
2.29532
2.3095
2.32635
2.32543
2.33475
2.36563
2.37743
2.4036
2.42354
2.42319
2.42453
2.4269
2.44522
2.4605
2.48807
2.51052
2.53378
2.53515
2.52905
2.52119
2.52913
2.56386
2.58502
2.62502
2.64882
2.66554
2.67999
2.6978
2.708
2.70703
2.70821
2.71516
2.72518
2.73863
2.7516
2.77502
2.80673
2.81815
2.82803
2.84438
2.85122
2.8549
2.87449
2.89436
2.91528
2.91843
2.92464
2.93712
2.95372
2.95522
2.96262
2.97098
2.99471
3.0048
3.01891
3.03219
3.0509
3.0419
3.04284
3.03993
3.04997
3.06608
3.06624
3.08427
3.09678
3.12276
3.14985
3.16506
3.19046
3.20132
3.2201
3.24269
3.2366
3.22633
3.22974
3.23402
3.22617
3.23748
3.27221
3.30691
3.32977
3.37352
3.38251
3.38718
3.38655
3.39177
3.40009
3.40582
3.42704
3.44265
3.43376
3.44127
3.45323
3.45444
3.46547
3.47478
3.49736
3.52649
3.54057
3.54628
3.5589
3.56949
3.59184
3.59245
3.59659
3.62795
3.64426
3.64872
3.67421
3.67751
3.69595
3.70012
3.70899
3.73329
3.73861
3.73799
3.74679
3.74675
3.772
3.7647
3.77978
3.80398
3.80919
3.84446
3.8781
3.86267
4.81818
3.03894
3.86486
3.81828
3.79007
3.79056
3.81819
3.83777
3.82995
3.81059
3.90327
3.85579
3.87814
3.96016
3.89225
3.95062
3.99041
3.9926
3.98461
3.98872
4.00887
3.9607
3.9845
4.04144
4.00804
3.96631
3.99697
4.02738
4.02438
4.02613
4.02991
4.03143
4.04349
4.04128
4.04688
4.0355
4.02894
4.01596
4.00863
4.00324
3.98998
4.00856
3.9877
3.99268
4.01777
4.02969
4.02528
4.02131
4.02869
4.02765
4.03751
4.04506
4.03673
4.02927
4.02755
4.02711
4.05056
4.04405
4.05074
4.05637
4.05932
4.04862
4.05001
4.04957
4.06055
4.03947
4.04646
4.07682
4.09034
4.09995
4.08617
4.0722
4.08275
4.1033
4.11294
4.1161
4.10971
4.12568
4.11723
4.12962
4.06756
3.94225
4.05502
4.10227
4.10587
4.11807
4.13851
4.1413
4.17312
3.60395
5.24247
4.1
4.28193
4.2813
4.32672
4.36738
4.39769
4.38823
4.39606
4.39596
4.39255
4.41739
4.4431
4.45107
4.43544
4.43914
4.45266
4.44723
4.46014
4.48425
4.52806
4.55155
4.5667
4.59157
4.60965
4.60753
4.62265
4.64554
4.68103
4.69608
4.71508
4.71882
4.71263
4.69837
4.72995
4.73939
4.77389
4.79178
4.7961
4.80773
4.79705
4.81322
4.80214
4.80739
4.83193
4.84679
4.89172
4.90343
4.92896
4.95306
4.98463
5.02398
5.04421
5.067
5.07325
5.07384
5.06644
5.0767
5.07829
5.11095
5.13915
5.15829
5.18277
5.20212
5.21873
5.24308
5.27202
5.29993
5.33721
5.3655
5.37688
5.40321
5.44465
5.45984
5.47012
5.49792
5.50554
5.50937
5.49936
5.50456
5.5144
5.52052
5.52595
5.55532
5.5967
5.61496
5.62922
5.65517
5.6903
5.69425
5.70328
5.7229
5.76098
5.77494
5.80318
5.8283
5.85854
5.88853
5.90692
5.94405
5.96604
5.97626
5.98906
5.98297
6.00759
6.00551
6.01232
6.04436
6.05671
6.08401
6.09665
6.10269
6.11918
6.14473
6.16542
6.17325
6.19971
6.21413
6.24717
6.26248
6.26535
6.27663
6.29463
6.31134
6.33039
6.34817
6.36063
6.36644
6.38385
6.38604
6.39632
6.41619
6.44575
6.48427
6.51409
6.53193
6.54201
6.55511
6.55568
6.57525
6.59319
6.62365
6.64019
6.63732
6.67148
6.67992
6.69097
6.71188
6.72892
6.7545
6.76424
6.79784
6.82233
6.82462
6.84863
6.86983
6.87542
6.8752
6.88506
6.91502
6.92793
6.96237
6.98494
7.01486
7.01464
7.03131
7.03362
7.03511
7.04767
7.0684
7.09924
7.12327
7.16323
7.2026
7.22897
7.22532
7.24739
7.256
7.2714
7.26601
7.2849
7.30013
7.31611
7.34505
7.36544
7.38799
7.40574
7.41143
7.42571
7.43325
7.45811
7.4722
7.51461
7.53352
7.54118
7.56765
7.58235
7.60409
7.62384
7.66353
7.68402
7.70655
7.71452
7.73038
7.77368
7.78827
7.81106
7.82313
7.86031
7.85322
7.85329
7.85335
7.84417
7.84641
7.8567
7.88777
7.90888
7.92094
7.9577
7.96743
7.99558
8.00594
8.02696
8.04198
8.05283
8.06393
8.06443
8.06748
8.08125
8.10262
8.12548
8.13842
8.16476
8.20083
8.21085
8.22675
8.25137
8.27267
8.28691
8.29708
8.28671
8.3129
8.34415
8.36726
8.38061
8.40898
8.44157
8.47661
8.49431
8.49724
8.51572
8.51277
8.51785
8.52618
8.54598
8.56442
8.58747
8.61225
8.62628
8.62702
8.63336
8.63495
8.64478
8.65643
8.66356
8.69727
8.73265
8.75653
8.79403
8.80239
8.81036
8.81205
8.81038
8.83089
8.84982
8.8746
8.91157
8.92806
8.94245
8.94196
8.95182
8.9642
8.97665
8.997
9.00903
9.03236
9.03375
9.04269
9.05573
9.06952
9.07879
9.08392
9.09126
9.10211
9.11676
9.1416
9.14606
9.17583
9.20402
9.24585
9.18864
9.90684
8.64443
9.29877
9.20717
9.20833
9.22296
9.23017
9.22405
9.268
9.34217
9.36471
9.2163
9.25308
9.24673
9.21223
9.28229
9.24264
9.26511
9.28998
9.248
9.19588
9.25641
9.27673
9.27509
9.24821
9.27509
9.31553
9.33538
9.3458
9.34423
9.37467
9.37721
9.38307
9.40242
9.40789
9.40761
9.42361
9.41591
9.40948
9.39922
9.40617
9.41476
9.41299
9.41628
9.40251
9.38244
9.36825
9.35062
9.33574
9.33857
9.35879
9.36631
9.37482
9.36012
9.34843
9.33892
9.34123
9.34181
9.35265
9.36113
9.35904
9.33834
9.33522
9.33206
9.33529
9.34632
9.39357
9.3996
9.39725
9.39756
9.38352
9.34583
9.36055
9.36304
9.3598
9.37467
9.36479
9.36876
9.37354
9.37373
9.18605
9.17962
9.34465
9.38013
9.39417
9.37018
9.34583
9.32921
9.33101
8.82551
10.4671
9.40863
9.65584
9.53154
9.68748
9.76546
9.81744
9.8219
9.84148
9.85816
9.87396
9.87488
9.8923
9.90671
9.91151
9.91363
9.92214
9.93285
9.94864
9.99724
10.0399
10.0693
10.09
10.1175
10.1466
10.1767
10.2164
10.2411
10.2598
10.2859
10.3109
10.3356
10.3495
10.3636
10.3802
10.4002
10.4253
10.4369
10.4598
10.4804
10.5046
10.5469
10.5775
10.6187
10.6473
10.6849
10.7252
10.7507
10.774
10.7816
10.8101
10.8259
10.8365
10.8669
10.8958
10.9302
10.9598
10.981
11.0042
11.0204
11.0714
11.1132
11.1398
11.1807
11.1997
11.2322
11.2581
11.2832
11.3343
11.3672
11.3997
11.4014
11.4193
11.4453
11.4615
11.4752
11.5066
11.5438
11.5628
11.5878
11.6019
11.6257
11.6534
11.669
11.6778
11.7174
11.7432
11.7706
11.8009
11.8218
11.8498
11.8575
11.8948
11.9149
11.9611
12.0071
12.0316
12.0508
12.0695
12.0745
12.1062
12.131
12.1802
12.218
12.2522
12.2852
12.305
12.3292
12.3663
12.3946
12.4312
12.4778
12.5057
12.5191
12.5426
12.5617
12.5617
12.5698
12.5763
12.5842
12.607
12.6236
12.6523
12.6808
12.72
12.7608
12.7968
12.7929
12.8274
12.8516
12.8706
12.8786
12.8989
12.915
12.9414
12.9524
12.9767
13.0046
13.0163
13.0343
13.0575
13.0873
13.1121
13.1409
13.1635
13.184
13.2132
13.2354
13.2586
13.284
13.3047
13.3302
13.3438
13.3575
13.3768
13.4031
13.4237
13.4566
13.4984
13.5413
13.5593
13.5671
13.5886
13.601
13.5945
13.6064
13.6447
13.6754
13.7238
13.7536
13.7892
13.8167
13.8346
13.8357
13.8405
13.8469
13.857
13.8551
13.8694
13.8977
13.9304
13.9533
13.9903
14.0361
14.0745
14.1109
14.1318
14.1564
14.1624
14.1642
14.1673
14.1681
14.1856
14.2053
14.2471
14.2829
14.3103
14.3342
14.3466
14.3613
14.3886
14.4019
14.4227
14.462
14.4857
14.5184
14.5362
14.5517
14.5713
14.5897
14.61
14.6367
14.6658
14.6865
14.7149
14.7449
14.7595
14.7638
14.8061
14.8413
14.8546
14.8829
14.9125
14.9404
14.943
14.9379
14.9462
14.9542
14.9745
14.9866
15.0128
15.0318
15.0533
15.0619
15.0647
15.0602
15.0701
15.0972
15.1125
15.1132
15.1348
15.1636
15.1709
15.1747
15.1982
15.2407
15.267
15.3067
15.3494
15.3852
15.4157
15.4267
15.4507
15.4471
15.4547
15.4757
15.4839
15.4981
15.5167
15.5372
15.5456
15.5584
15.5534
15.5605
15.5948
15.6139
15.6316
15.6303
15.6532
15.6827
15.6906
15.7014
15.7247
15.7426
15.763
15.7838
15.8072
15.816
15.8082
15.8205
15.851
15.8648
15.9032
15.9295
15.9688
15.989
15.9984
16.0112
16.0245
16.0454
16.0578
16.0773
16.0923
16.105
16.1233
16.1456
16.1538
16.1844
16.2104
16.2384
16.1783
16.8075
15.6388
16.2068
16.1663
16.1307
16.137
16.148
16.1651
16.1837
16.195
16.2183
16.1535
16.2195
16.2867
16.2128
16.2424
16.1967
16.1831
16.2011
16.1776
16.1798
16.2742
16.3422
16.3224
16.267
16.2583
16.2673
16.265
16.2739
16.2739
16.2899
16.3229
16.3179
16.3072
16.3069
16.3027
16.2944
16.2979
16.2955
16.2768
16.262
16.253
16.2481
16.2437
16.2569
16.2597
16.2698
16.2779
16.2624
16.2522
16.2582
16.2694
16.2909
16.2996
16.2921
16.295
16.281
16.2798
16.2781
16.2742
16.2757
16.2679
16.2622
16.2559
16.259
16.2608
16.2779
16.2878
16.2947
16.2983
16.2905
16.266
16.2863
16.3167
16.3375
16.3476
16.3585
16.3681
16.4005
16.3443
16.032
16.0841
16.2779
16.3082
16.3113
16.3045
16.3087
16.327
16.3493
15.8434
17.4055
16.1154
16.7202
16.6537
16.7144
16.7587
16.8138
16.8103
16.8248
16.8505
16.8786
16.8966
16.9058
16.9247
16.9353
16.9367
16.952
16.9903
17.0498
17.0724
17.105
17.1262
17.1579
17.2134
17.2568
17.2941
17.3577
17.4017
17.4342
17.4645
17.5024
17.5025
17.5236
17.5311
17.5524
17.5613
17.5792
17.6213
17.6341
17.6577
17.697
17.7236
17.7589
17.8103
17.8448
17.8771
17.9093
17.9447
17.958
17.9808
17.9945
18.0302
18.0685
18.0911
18.1214
18.1444
18.1654
18.1831
18.2194
18.2429
18.2759
18.3024
18.3247
18.3316
18.3503
18.3791
18.4257
18.4604
18.5168
18.5421
18.5382
18.5441
18.5621
18.5862
18.6016
18.6238
18.6711
18.6996
18.7047
18.7109
18.7301
18.7576
18.7931
18.8286
18.8683
18.8929
18.9216
18.9408
18.9565
18.9497
18.9693
19.0081
19.0399
19.0682
19.1016
19.1354
19.1691
19.1679
19.174
19.2146
19.2337
19.2488
19.25
19.2678
19.2913
19.3016
19.3228
19.3433
19.3672
19.406
19.4292
19.4544
19.4498
19.4459
19.4655
19.4989
19.5218
19.548
19.581
19.606
19.6203
19.6398
19.6496
19.6683
19.6924
19.7107
19.7287
19.7439
19.7519
19.7816
19.8187
19.8397
19.8732
19.8881
19.885
19.8729
19.8844
19.887
19.8939
19.923
19.9475
19.9682
19.9879
20.0094
20.0244
20.0431
20.053
20.0741
20.1032
20.113
20.1252
20.1438
20.1534
20.1524
20.1477
20.1507
20.1669
20.1774
20.1864
20.1981
20.2256
20.2539
20.2756
20.2944
20.3323
20.3535
20.3723
20.3934
20.3947
20.3885
20.4068
20.422
20.4228
20.4424
20.4609
20.4897
20.5041
20.5036
20.5433
20.5728
20.5792
20.5986
20.6038
20.625
20.6366
20.634
20.6256
20.6284
20.6377
20.6372
20.6517
20.6644
20.6852
20.7059
20.715
20.7335
20.7744
20.788
20.7883
20.7985
20.8249
20.8352
20.8306
20.8473
20.8477
20.8532
20.8595
20.8737
20.8778
20.8891
20.8863
20.9045
20.9065
20.9156
20.9289
20.9675
20.995
21.015
21.0168
21.0342
21.0271
21.0417
21.0411
21.0649
21.0847
21.0881
21.0951
21.1128
21.1222
21.1311
21.1371
21.1729
21.1825
21.1702
21.1838
21.2004
21.2006
21.2026
21.2197
21.2452
21.2487
21.2461
21.2501
21.262
21.2769
21.2891
21.2901
21.2892
21.282
21.2854
21.283
21.2845
21.3141
21.3364
21.3657
21.379
21.3945
21.4116
21.4143
21.4171
21.4326
21.4425
21.4642
21.4777
21.4948
21.4984
21.5114
21.5031
21.5141
21.5237
21.5256
21.5327
21.5291
21.5467
21.5562
21.5549
21.5534
21.5625
21.5762
21.588
21.6031
21.6063
21.6081
21.6168
21.6285
21.6278
21.6413
21.6432
21.6363
21.6498
21.6334
21.6318
21.6283
21.6247
21.6334
21.6472
21.6563
21.6599
21.6824
21.7065
21.6367
22.3832
21.2686
21.6191
21.6506
21.6613
21.6661
21.6575
21.6677
21.657
21.6544
21.7128
21.6955
21.694
21.6512
21.7083
21.7534
21.6752
21.6279
21.6246
21.6177
21.6298
21.7435
21.7604
21.707
21.6573
21.687
21.7203
21.6925
21.7038
21.6984
21.714
21.7192
21.739
21.7504
21.7559
21.7492
21.7506
21.738
21.7185
21.7055
21.699
21.6973
21.6921
21.7001
21.6935
21.6825
21.6785
21.69
21.6812
21.691
21.7054
21.7244
21.713
21.7145
21.7184
21.7249
21.7269
21.7171
21.7059
21.692
21.6733
21.6597
21.6549
21.6492
21.6435
21.6565
21.6693
21.6571
21.6609
21.6772
21.6585
21.6608
21.6855
21.6994
21.7104
21.7363
21.7343
21.7336
21.7059
22.6044
24.1011
23.3287
22.1591
21.822
21.7866
21.7786
21.7412
21.4907
18.8403
18.857
20.9946
21.711
21.8154
21.8268
21.8211
21.8158
21.8044
21.6905
21.8673
21.2097
23.0354
21.8444
21.9234
21.9457
21.9673
21.9919
22.0234
22.0387
22.0564
22.0851
22.0627
22.0257
22.0307
22.0198
22.0242
22.0395
22.0276
22.0437
22.0352
22.0466
22.0275
22.0218
22.0118
22.0311
22.0732
22.0747
22.0744
22.1001
22.1031
22.0819
22.0713
22.0964
22.1004
22.1125
22.1385
22.1564
22.1554
22.158
22.1767
22.2164
22.216
22.2174
22.233
22.2627
22.2747
22.2631
22.2652
22.255
22.2336
22.2295
22.2333
22.2463
22.2616
22.2722
22.2649
22.2522
22.2617
22.2738
22.2865
22.2798
22.2646
22.2498
22.2335
22.2295
22.241
22.2668
22.3044
22.3287
22.3415
22.3695
22.3812
22.3778
22.3911
22.4016
22.3885
22.3851
22.3901
22.3865
22.378
22.374
22.387
22.4023
22.4063
22.4221
22.4188
22.4143
22.4155
22.4361
22.4517
22.4552
22.4497
22.4598
22.4808
22.4724
22.4876
22.507
22.5055
22.4922
22.4816
22.4804
22.4772
22.4764
22.5118
22.5368
22.5455
22.5407
22.5515
22.56
22.5614
22.5561
22.5505
22.5618
22.5723
22.5723
22.5809
22.5787
22.5709
22.5569
22.5442
22.5445
22.5333
22.54
22.539
22.5385
22.5489
22.5434
22.534
22.5481
22.5537
22.5468
22.5526
22.5689
22.585
22.5933
22.6013
22.6124
22.6044
22.5981
22.5901
22.5997
22.5949
22.6124
22.6098
22.5957
22.5922
22.5825
22.5764
22.5734
22.5797
22.5702
22.5827
22.5738
22.5646
22.5771
22.5957
22.5966
22.6022
22.6026
22.6044
22.603
22.5841
22.5718
22.5724
22.5715
22.584
22.5929
22.5897
22.6121
22.6257
22.6262
22.6238
22.6369
22.6478
22.6507
22.6325
22.6218
22.6158
22.6138
22.5961
22.599
22.6082
22.6153
22.6262
22.647
22.6523
22.6464
22.6532
22.6505
22.6589
22.66
22.6687
22.67
22.6569
22.6605
22.6627
22.635
22.6157
22.6097
22.618
22.6227
22.6047
22.6177
22.622
22.6248
22.6258
22.6352
22.65
22.6448
22.6282
22.6308
22.6363
22.6319
22.6356
22.6625
22.6564
22.6629
22.6672
22.6654
22.6374
22.6179
22.6054
22.6115
22.6148
22.6129
22.6097
22.622
22.5982
22.5997
22.5916
22.5749
22.572
22.5768
22.5738
22.5847
22.5855
22.5891
22.6172
22.6269
22.6348
22.6168
22.6121
22.6269
22.626
22.6285
22.6382
22.6451
22.6507
22.6404
22.6332
22.6055
22.5972
22.5872
22.5765
22.5875
22.5855
22.5659
22.5758
22.5728
22.5436
22.5208
22.5361
22.5523
22.5374
22.5425
22.5454
22.5404
22.5247
22.4984
22.4908
22.4721
22.4712
22.4811
22.4875
22.4915
22.4943
22.4961
22.5095
22.5292
22.544
22.5654
22.5861
22.5825
22.5811
22.5847
22.5754
22.5791
22.5768
22.5807
22.5738
22.5807
22.5722
22.5687
22.5728
22.5706
22.5761
22.574
22.5904
22.5954
22.6306
22.6799
22.6504
22.3751
22.5098
22.503
22.5219
22.5418
22.5638
22.5806
22.577
22.5781
22.5815
22.5889
22.5973
22.6034
22.6036
22.602
22.6018
22.6106
22.5933
22.5809
22.5896
22.5981
22.5888
22.5747
22.5757
22.5701
22.5585
22.5578
22.5632
22.5749
22.5769
22.5814
22.5918
22.5785
22.5826
22.5706
22.5711
22.5677
22.562
22.5715
22.5969
22.6102
22.6324
22.6461
22.643
22.6359
22.6283
22.6179
22.6086
22.6057
22.5943
22.586
22.5749
22.5687
22.5594
22.551
22.5689
22.5701
22.5674
22.5845
22.5758
22.5778
22.5744
22.5671
22.5562
22.5497
22.5393
22.5429
22.5363
22.5344
22.5317
22.5423
22.5272
22.5076
22.4981
22.4932
22.4977
22.5028
22.5136
22.5229
22.5141
22.518
22.502
22.4932
22.48
22.4727
22.4615
22.4496
22.4504
22.4543
22.4174
22.4045
22.3972
22.4083
22.4072
22.4175
22.4435
22.4764
22.4766
22.4652
22.4472
22.429
22.4177
22.3954
22.3903
22.399
22.4238
22.4283
22.4455
22.4468
22.4451
22.4271
22.4159
22.412
22.3961
22.3921
22.3859
22.3927
22.4064
22.4117
22.4204
22.426
22.4159
22.4355
22.4284
22.4265
22.4296
22.4318
22.4218
22.4193
22.4214
22.4191
22.4036
22.4124
22.415
22.4162
22.4101
22.4223
22.4047
22.4048
22.4181
22.3988
22.4061
22.3976
22.401
22.4034
22.3893
22.3867
22.3925
22.3852
22.3736
22.3692
22.366
22.3719
22.3553
22.3612
22.3632
22.3785
22.3697
22.3643
22.3566
22.3477
22.3647
22.3747
22.37
22.3576
22.357
22.3443
22.3257
22.3263
22.3404
22.3393
22.3144
22.3046
22.2975
22.2878
22.2761
22.2596
22.2661
22.281
22.2896
22.3005
22.3204
22.3226
22.3244
22.3389
22.3486
22.3612
22.3617
22.3624
22.3548
22.3428
22.3255
22.3094
22.3028
22.2959
22.3125
22.3071
22.3131
22.3092
22.3166
22.3267
22.3247
22.3298
22.318
22.3171
22.3107
22.3218
22.3478
22.3667
22.3753
22.3766
22.3639
22.3555
22.3565
22.3637
22.3635
22.3717
22.3788
22.3779
22.3504
22.3317
22.3258
22.3145
22.3136
22.3173
22.3221
22.316
22.3374
22.3396
22.3433
22.3366
22.3391
22.3391
22.3297
22.3231
22.3242
22.3264
22.3273
22.3251
22.3144
22.3048
22.3054
22.3143
22.3311
22.3285
22.3355
22.3559
22.3776
22.3747
22.3777
22.3877
22.3905
22.3607
22.3225
22.3083
22.3076
22.2936
22.2735
22.2628
22.2625
22.2837
22.279
22.2822
22.291
22.287
22.2825
22.2901
22.2949
22.2951
22.2867
22.2911
22.2833
22.2711
22.2488
22.2286
22.235
22.2306
22.2368
22.2344
22.2278
22.218
22.2101
22.2058
22.1995
22.1969
22.1871
22.1953
22.1977
22.2183
22.2183
22.2193
22.2355
22.2267
22.2246
22.2257
22.224
22.2125
22.1976
22.192
22.1867
22.177
22.1697
22.1714
22.1778
22.191
22.2031
22.2124
22.1978
22.2246
22.2202
22.2185
22.2247
22.2253
22.2242
22.2523
22.2579
22.2666
22.2889
22.2832
22.2946
22.2823
22.275
22.2663
22.2555
22.2375
22.2262
22.2297
22.2281
22.2251
22.2052
22.1984
22.2164
22.2082
22.2014
22.2221
22.2248
22.215
22.2098
22.2053
22.2017
22.2066
22.1985
22.1953
22.1964
22.1865
22.1852
22.1865
22.1987
22.222
22.2233
22.2262
22.2193
22.2159
22.2124
22.2037
22.1858
22.1658
22.1475
22.1441
22.1482
22.1521
22.151
22.1628
22.1632
22.1539
22.1605
22.1512
22.1548
22.1463
22.1367
22.1338
22.1337
22.1382
22.1553
22.1716
22.1871
22.19
22.1886
22.1658
22.1501
22.1466
22.1467
22.1276
22.128
22.1367
22.1487
22.1374
22.147
22.1466
22.1501
22.1506
22.1516
22.1518
22.1374
22.1124
22.1135
22.0929
22.0719
22.064
22.0564
22.0609
22.0592
22.0538
22.0618
22.0705
22.0782
22.0845
22.0855
22.0701
22.0674
22.0731
22.0671
22.0581
22.0762
22.0793
22.0845
22.0855
22.0798
22.084
22.0733
22.0651
22.0544
22.044
22.0378
22.0343
22.028
22.0172
22.0012
21.9933
21.9773
21.9607
21.9567
21.9633
21.9637
21.9645
21.9624
21.9653
21.9639
21.9573
21.9526
21.9395
21.9497
21.9674
21.9852
21.9902
21.988
21.9973
22.007
21.9939
21.9884
21.9917
21.9982
21.9962
21.9884
21.9864
21.9904
22.0055
22.0152
22.0182
22.0175
22.024
22.0069
22.0112
22.0096
21.9972
22.0131
22.0201
22.0308
22.0152
22.0013
21.9968
21.986
21.9767
21.9628
21.9697
21.9735
21.966
21.962
21.965
21.9729
21.9721
21.9596
21.9669
21.9675
21.9689
21.9669
21.977
21.986
21.9844
21.9831
21.996
22.0141
22.0157
22.0256
22.0158
22.0187
22.0256
21.9954
21.9909
21.9868
21.9927
21.9822
21.9808
21.9976
22
21.9962
22.0171
22.0063
21.9918
21.9882
21.9961
21.9732
21.9506
21.9387
21.937
21.9426
21.9296
21.9208
21.9192
21.9205
21.9192
21.9176
21.8966
21.8955
21.8948
21.8873
21.8824
21.8646
21.8776
21.8839
21.8741
21.8725
21.8809
21.8956
21.8834
21.8847
21.8795
21.8839
21.8765
21.8812
21.8896
21.8985
21.9114
21.9136
21.8996
21.8992
21.9083
21.9059
21.896
21.8917
21.8826
21.8847
21.8793
21.8521
21.8495
21.858
21.8573
21.8377
21.8215
21.8255
21.8201
21.8014
21.7858
21.7971
21.798
21.799
21.8043
21.8141
21.8264
21.8245
21.8401
21.8389
21.8345
21.8287
21.8385
21.8458
21.8366
21.8344
21.8464
21.8424
21.8176
21.8062
21.8144
21.8282
21.8263
21.8228
21.8266
21.816
21.8117
21.8027
21.7994
21.8093
21.8062
21.7823
21.7625
21.7593
21.7661
21.7628
21.7468
21.7609
21.783
21.796
21.7954
21.7991
21.8074
21.8163
21.8159
21.8032
21.797
21.7894
21.8039
21.81
21.8032
21.7961
21.8064
21.8021
21.8154
21.8114
21.8144
21.8058
21.806
21.7933
21.7949
21.7837
21.7877
21.794
21.7883
21.7882
21.7899
21.7873
21.7799
21.8008
21.8027
21.7962
21.7867
21.7881
21.7905
21.7858
21.7766
21.7745
21.7804
21.7854
21.7761
21.763
21.7672
21.7676
21.757
21.7457
21.7493
21.7615
21.7648
21.7734
21.7657
21.7663
21.756
21.7652
21.755
21.761
21.7719
21.7768
21.7934
21.7848
21.7994
21.8054
21.798
21.7946
21.7785
21.7634
21.7487
21.7543
21.7346
21.7379
21.7395
21.7199
21.7281
21.7159
21.7237
21.7441
21.7395
21.7497
21.7406
21.7435
21.7549
21.7349
21.7394
21.7353
21.722
21.7267
21.7441
21.7335
21.7302
21.7389
21.7327
21.7385
21.7108
21.7146
21.7119
21.7186
21.7314
21.7341
21.7468
21.7537
21.7617
21.738
21.7231
21.7297
21.7308
21.715
21.6995
21.7106
21.7072
21.6999
21.6968
21.701
21.6901
21.6958
21.7213
21.7256
21.7175
21.7047
21.7037
21.6822
21.635
21.6236
21.6214
21.6193
21.6211
21.6307
21.6233
21.6453
21.6377
21.6425
21.6412
21.6466
21.6472
21.6466
21.6476
21.6454
21.6676
21.6578
21.6501
21.6573
21.6583
21.6483
21.6364
21.6256
21.635
21.6232
21.6066
21.6197
21.6235
21.608
21.6133
21.6217
21.6206
21.6361
21.6532
21.664
21.6661
21.6525
21.6555
21.6482
21.6414
21.6317
21.6392
21.6281
21.6013
21.5953
21.5855
21.5836
21.5798
21.5918
21.5841
21.5664
21.5611
21.5615
21.5618
21.5512
21.5456
21.5362
21.5414
21.5383
21.5332
21.5216
21.5194
21.5255
21.5184
21.5118
21.488
21.4753
21.4604
21.4435
21.4355
21.436
21.4506
21.4516
21.4577
21.4632
21.4683
21.4726
21.4809
21.4794
21.4855
21.4921
21.4862
21.5057
21.5059
21.5061
21.5073
21.5162
21.5209
21.5172
21.5201
21.5217
21.5158
21.4972
21.495
21.4924
21.4859
21.4808
21.5001
21.5188
21.5256
21.5163
21.5128
21.519
21.508
21.5031
21.5181
21.5147
21.5187
21.5269
21.5278
21.533
21.5264
21.5307
21.5275
21.5188
21.5148
21.5069
21.5059
21.4908
21.4848
21.4897
21.4824
21.4817
21.465
21.4704
21.4762
21.4825
21.492
21.5013
21.5069
21.5066
21.5079
21.521
21.5193
21.5255
21.5198
21.5256
21.5076
21.5027
21.4927
21.4912
21.4929
21.4879
21.4859
21.4957
21.487
21.4704
21.4755
21.4757
21.4786
21.4828
21.4878
21.4952
21.5017
21.502
21.489
21.4741
21.4564
21.4466
21.4387
21.4221
21.4158
21.4211
21.4148
21.4001
21.4072
21.4227
21.4409
21.4309
21.4273
21.4352
21.439
21.4375
21.4334
21.467
21.4414
21.4161
