-8.44484
-7.96382
-7.76265
-7.69586
-7.68094
-7.65796
-7.94859
-7.91304
-7.89195
-7.92242
-7.9653
-8.18477
-8.32672
-8.31305
-8.31999
-7.60562
-3.58797
1.85812
1.74564
-3.90799E-14
2.76813
5.89868
8.39235
10.2189
12.3498
13.7209
14.0054
13.7702
5.63774
-17.4767
-38.1255
-27.0305
0.708435
14.4937
20.03
21.9042
22.6218
22.8847
22.953
23.0023
23.0496
23.0659
23.1137
23.1316
23.1297
23.1691
23.2066
23.2672
23.3734
23.4763
23.5586
23.6758
23.7574
23.8508
23.957
24.0629
24.1723
24.2625
24.4192
24.5664
24.6954
24.8083
24.9079
25.0274
25.1481
25.2563
25.3966
25.5122
25.5977
25.6958
25.7985
25.8703
25.9419
26.0043
26.0434
26.1219
26.1332
24.1883
21.5381
20.7024
20.4411
22.0309
23.0783
24.2171
27.8355
28.7097
28.7518
28.796
28.8499
28.8943
28.9392
28.9588
28.9848
28.9703
28.9516
28.9375
28.9242
28.9141
28.8883
28.8589
28.8289
28.7852
28.7723
28.7805
28.7984
28.8102
28.7999
28.7719
28.7543
28.7625
28.7804
28.8258
28.852
28.893
28.9144
28.9496
28.9828
29.0387
29.0926
29.1597
29.1898
29.2359
29.2457
29.264
29.3207
29.3766
29.4582
29.5402
29.6414
29.7152
29.818
29.8805
29.9648
30.0387
30.0793
30.1237
30.1801
30.241
30.3293
30.4504
30.5578
30.6886
30.8016
30.9031
31.0285
31.1676
31.3246
31.5176
31.7262
31.5794
10.5699
7.22806
6.40594
6.05821
5.8457
5.72461
5.59923
5.50938
5.44688
5.36876
5.32774
5.2672
5.23633
5.15898
5.10704
5.06953
5.02696
5.01407
4.99461
4.98477
4.96329
4.90594
4.8586
4.81641
4.81485
4.80313
4.76367
4.75438
4.73477
4.70508
4.65633
4.63516
4.60587
4.58243
4.55634
4.52892
4.4879
4.47501
4.45352
4.45047
4.41289
4.41922
4.38359
4.36531
4.31641
4.29337
4.26289
4.2411
4.21181
4.20235
4.19228
4.14648
4.10547
4.09453
4.06453
4.02734
4.01094
4.00594
3.9832
4.04024
4.11375
4.16289
4.19188
4.15117
4.08281
3.99071
3.88048
0.621964
-4.43858
-4.71758
-6.20821
-3.0757
5.15469
4.83446
-2.34688
-1.80782
-1.84563
-2.43672
-2.45468
-2.86328
-2.82921
-2.90891
-2.99062
-3.85655
-6.68007
-9.09718
-10.0035
-2.61836
1.08095
26.1825
20.5828
7.46024
7.90312
8.05
13.1122
13.8587
12.9
11.661
10.6137
9.69218
9.11336
8.68086
8.01102
7.69891
7.37695
6.99774
6.62039
6.34102
6.15907
6.00906
5.93086
6.13992
6.13985
6.52235
9.56017
11.2431
10.8489
9.57109
7.9539
6.37001
4.94063
3.58914
2.4079
1.43915
0.728134
0.259064
-0.158981
-0.458115
-0.660538
-0.853821
-0.979218
-1.0593
-1.21132
-1.6671
-3.86992
-182.911
-295.51
-275.21
-268.671
-269.631
-271.489
-273.079
-274.151
-274.692
-274.688
-274.082
-272.807
-271.092
-269.069
-266.84
-264.523
-262.063
-259.448
-256.832
-254.102
-251.272
-248.432
-245.682
-242.88
-239.981
-237.12
-234.189
-231.321
-228.469
-225.628
-222.744
-219.891
-217.09
-214.27
-211.441
-208.653
-205.862
-203.043
-200.294
-197.543
-194.83
-192.016
-189.341
-186.684
-184.034
-181.401
-178.839
-176.308
-173.679
-171.138
-168.548
-165.974
-163.502
-161.064
-158.594
-156.11
-153.742
-151.293
-148.842
-146.394
-144.055
-141.724
-139.42
-137.112
-134.811
-132.553
-130.307
-128.092
-125.912
-123.701
-121.502
-119.381
-117.342
-115.254
-113.182
-111.121
-109.082
-107.062
-105.059
-103.112
-101.164
-99.2132
-97.3421
-95.4402
-93.5738
-91.687
-89.8456
-88.0464
-86.246
-84.4351
-82.6913
-80.9675
-79.2206
-77.5445
-75.9026
-74.1546
-72.4745
-70.762
-69.294
-68.1358
-66.6026
-65.0218
-63.3848
-61.8463
-60.4428
-59.0166
-57.59
-56.2401
-54.8985
-53.2168
-51.5141
-50.0084
-48.0751
-46.6937
-45.1466
-43.4453
-41.9262
-40.3802
-38.8227
-37.2301
-35.8073
-34.4659
-33.0609
-31.6732
-30.2986
-28.8955
-27.5068
-26.144
-24.8596
-23.5315
-22.2061
-20.951
-19.6831
-18.4432
-17.2206
-15.9448
-14.7713
-13.5733
-12.3631
-11.1049
-9.81358
-8.65375
-7.48538
-6.23695
-5.04945
-3.86624
-2.66664
-1.53781
-0.440079
0.720078
1.85251
2.98337
4.15642
5.28603
6.41618
7.50641
8.6454
9.75485
10.8802
11.9978
13.1404
14.2889
15.4021
16.5213
17.608
18.7498
19.8463
20.9655
22.0537
23.2252
24.3478
25.4818
26.5767
27.6157
28.6873
29.7579
30.8002
31.8528
32.8919
33.9991
35.3002
36.3467
37.3545
38.3427
39.3384
40.3657
41.4552
42.5341
41.5805
43.4774
46.8961
48.7576
49.9891
51.1362
52.2242
53.2713
54.3475
55.4052
56.4516
57.4731
58.527
59.4731
60.4734
61.4992
62.4825
63.4274
64.359
65.2887
66.2672
67.202
68.1544
69.1551
70.127
71.0285
72.027
73.027
73.9535
74.9372
75.9063
76.8375
77.7512
78.6871
79.6152
80.5387
81.457
82.3668
83.2883
84.2523
85.1219
86.0484
86.9958
87.9422
88.8949
89.8047
90.7282
91.5891
92.4664
93.3754
94.2723
95.1563
96.0844
97.0352
97.9258
98.7441
99.666
100.565
101.426
102.346
103.215
104.046
104.947
105.815
106.664
107.514
108.415
109.236
110.084
111.001
111.775
112.632
113.519
114.355
115.174
115.964
116.803
117.622
118.472
119.302
120.115
120.92
121.766
122.555
123.413
124.251
125.062
125.883
126.712
127.545
128.346
129.14
129.849
130.671
131.498
132.248
133.004
133.784
134.584
135.372
136.172
136.93
137.711
138.475
139.252
139.962
140.691
141.491
142.259
142.964
143.852
144.452
144.983
145.749
146.49
147.279
148.031
148.763
149.5
150.261
150.977
151.65
152.419
153.138
153.82
154.554
155.27
155.952
156.691
157.401
158.101
158.829
159.521
160.263
160.968
161.64
162.381
163.06
163.759
164.421
165.111
165.798
166.49
167.152
167.82
168.521
169.191
169.831
170.511
171.17
171.859
172.5
173.158
173.829
174.501
175.22
175.839
176.49
177.159
177.779
178.391
179.039
179.63
180.3
180.979
181.579
182.21
182.83
183.488
184.127
184.728
185.344
185.994
186.648
187.232
187.831
188.468
189.129
189.709
190.29
190.869
191.427
192.079
192.699
193.287
193.879
194.488
195.037
195.548
196.195
196.799
197.379
198.016
198.63
199.218
199.789
200.349
200.937
201.529
202.158
202.709
203.247
203.799
204.398
204.986
205.525
206.066
206.645
207.217
207.749
208.279
208.782
209.33
209.909
210.457
210.998
211.549
212.018
212.556
213.125
213.709
214.248
214.767
215.248
215.799
216.348
216.849
217.338
217.867
218.408
218.909
219.441
219.955
220.468
221.011
221.529
222.055
222.527
223.06
223.609
224.084
224.594
225.135
225.647
226.149
226.705
227.176
227.617
228.168
228.728
229.238
229.678
230.177
230.65
231.127
231.616
232.125
232.678
233.157
233.624
234.147
234.666
235.117
235.598
236.057
236.529
237.026
237.516
238.006
238.49
238.972
239.426
239.848
240.299
240.786
241.295
241.754
242.188
242.643
243.166
243.637
244.137
244.565
244.993
245.476
245.956
246.318
246.729
247.206
247.686
248.147
248.616
249.034
249.475
249.945
250.426
250.826
251.307
251.777
252.268
252.735
252.87
252.929
253.478
253.916
254.395
254.752
254.966
255.207
255.507
255.792
256.058
256.643
257.236
257.812
258.56
258.895
259.355
259.962
260.512
261.054
261.635
262.241
262.715
263.13
263.549
264.075
264.593
265.073
265.48
265.882
266.381
266.797
267.209
267.681
268.112
268.504
268.907
269.356
269.835
270.227
270.606
271.052
271.485
271.906
272.354
272.748
273.137
273.516
273.916
274.364
274.831
275.291
275.683
276.103
276.523
276.913
277.344
277.784
278.204
278.634
279.083
279.485
279.87
280.272
280.72
281.168
281.606
282.052
282.502
282.924
283.333
283.742
284.167
284.585
285.006
285.387
285.799
286.222
286.648
287
287.319
287.811
288.381
288.819
289.194
289.571
289.951
290.293
290.634
291.016
289.585
290.813
293.509
294.625
295.226
295.793
296.281
296.703
297.103
297.451
297.813
298.179
298.54
298.87
299.202
299.535
299.866
300.195
300.488
300.808
301.136
301.454
301.725
302.024
302.352
302.686
302.996
303.307
303.621
303.937
304.246
304.545
304.857
305.148
305.447
305.766
306.074
306.359
306.648
306.97
307.269
307.58
307.896
308.213
308.522
308.823
309.145
309.483
309.795
310.103
310.422
310.745
311.047
311.336
311.693
312.018
312.274
312.566
312.895
313.207
313.534
313.862
314.164
314.473
314.772
315.094
315.428
315.784
316.102
316.396
316.753
317.073
317.372
317.666
317.996
318.315
318.624
318.944
319.262
319.571
319.865
320.174
320.496
320.807
321.084
321.421
321.733
322.024
322.321
322.624
322.965
323.235
323.532
323.859
324.202
324.511
324.815
325.093
325.383
325.694
326.039
326.341
326.611
326.908
327.211
327.552
327.862
328.171
328.511
328.837
329.128
329.44
329.74
330.009
330.271
330.599
330.921
331.232
331.52
331.8
332.091
332.37
332.661
332.96
333.259
333.56
333.87
334.138
334.418
334.74
335.052
335.35
335.64
335.923
336.24
336.528
336.828
337.125
337.408
337.71
338.001
338.29
338.599
338.883
339.15
339.452
339.741
340.009
340.308
340.607
340.869
341.189
341.48
341.75
342.021
342.29
342.598
342.921
343.261
343.57
343.841
344.102
344.39
344.679
344.89
345.142
345.449
345.757
346.058
346.346
346.64
346.928
347.216
347.49
347.759
348.019
348.308
348.588
348.838
349.109
349.416
349.686
349.996
350.307
350.614
350.895
351.137
351.406
351.677
351.947
352.218
352.475
352.768
353.026
353.316
353.606
353.87
354.187
354.469
354.736
354.98
355.236
355.508
355.787
356.068
356.369
356.647
356.888
357.129
357.418
357.695
357.967
358.217
358.506
358.797
359.088
359.339
359.568
359.874
360.143
360.406
360.674
360.965
361.225
361.449
361.679
361.937
362.205
362.458
362.74
363.026
363.289
363.519
363.769
364.057
364.312
364.562
364.816
365.086
365.316
365.555
365.795
366.043
366.288
366.537
366.807
367.055
367.295
367.529
367.807
368.097
368.369
368.627
368.879
369.116
369.606
369.813
369.895
370.125
370.424
370.695
370.959
371.199
371.428
371.705
371.949
372.17
372.389
372.665
372.936
373.187
373.418
373.686
373.936
374.197
374.446
374.713
374.983
375.209
375.427
375.656
375.856
376.094
376.338
376.645
376.898
377.086
377.293
377.516
377.743
377.975
378.217
378.426
378.654
378.916
379.176
379.424
379.682
379.946
380.224
380.487
380.451
380.299
380.555
380.83
381.097
381.265
381.307
381.369
381.472
381.518
381.577
382.003
382.4
382.741
383.335
383.527
383.825
384.228
384.59
384.932
385.285
385.68
385.977
386.227
386.503
386.819
387.087
387.324
387.569
387.815
388.075
388.353
388.603
388.853
389.086
389.304
389.518
389.772
390.044
390.274
390.526
390.756
390.995
391.209
391.438
391.665
391.944
392.194
392.434
392.683
392.917
393.165
393.434
393.665
393.905
394.143
394.395
394.644
394.924
395.155
395.404
395.624
395.89
396.149
396.418
396.676
396.948
397.191
397.459
397.74
398.036
398.343
398.616
398.889
399.127
399.357
399.57
399.79
400.011
400.217
400.432
400.788
401.196
401.345
401.467
401.69
401.88
402.072
402.272
402.539
400.936
401.906
404.625
405.64
405.994
406.325
406.633
406.882
407.127
407.366
407.591
407.797
407.993
408.186
408.373
408.532
408.712
408.873
409.048
409.197
409.384
409.556
409.743
409.883
410.045
410.223
410.386
410.576
410.746
410.924
411.098
411.248
411.388
411.539
411.718
411.902
412.087
412.25
412.439
412.581
412.738
412.908
413.093
413.293
413.493
413.664
413.838
413.98
414.166
414.334
414.522
414.715
414.885
415.046
415.205
415.375
415.524
415.681
415.85
416.024
416.216
416.377
416.548
416.705
416.913
417.112
417.313
417.503
417.682
417.865
418.018
418.215
418.401
418.555
418.702
418.87
419.073
419.284
419.465
419.661
419.844
420.004
420.169
420.374
420.581
420.79
420.972
421.143
421.313
421.446
421.622
421.82
422.022
422.239
422.432
422.659
422.836
423.024
423.184
423.393
423.573
423.743
423.895
424.07
424.241
424.429
424.609
424.8
424.998
425.168
425.343
425.491
425.663
425.81
425.996
426.199
426.39
426.579
426.763
426.952
427.141
427.326
427.506
427.692
427.88
428.05
428.223
428.411
428.611
428.797
428.975
429.148
429.309
429.49
429.658
429.832
430.048
430.241
430.428
430.609
430.792
430.988
431.177
431.39
431.55
431.722
431.89
432.063
432.259
432.418
432.579
432.759
432.945
433.148
433.32
433.509
433.697
433.895
434.068
434.251
434.431
434.607
434.777
434.939
435.139
435.338
435.527
435.711
435.89
436.07
436.266
436.475
436.699
436.898
437.039
437.158
437.277
437.447
437.62
437.809
437.962
438.147
438.31
438.49
438.658
438.84
439.009
439.189
439.365
439.499
439.668
439.838
440.027
440.187
440.377
440.537
440.754
440.928
441.106
441.305
441.475
441.638
441.8
441.968
442.138
442.305
442.498
442.697
442.887
443.074
443.218
443.408
443.578
443.764
443.956
444.147
444.325
444.507
444.654
444.848
445.009
445.189
445.338
445.537
445.728
445.892
446.047
446.184
446.379
446.56
446.707
446.906
447.068
447.257
447.436
447.576
447.727
447.857
448.045
448.215
448.377
448.545
448.706
448.884
449.066
449.246
449.444
449.607
449.774
449.929
450.079
450.217
450.387
450.537
450.725
450.916
451.124
451.313
451.484
451.656
451.834
451.985
452.163
452.346
452.506
452.658
452.817
452.978
453.135
453.318
453.486
453.637
453.82
453.977
454.147
454.336
454.506
454.682
454.832
455.018
455.196
455.359
455.527
455.684
455.864
456.024
456.184
456.332
456.493
456.655
456.825
456.985
457.135
457.269
457.418
457.588
457.737
457.887
458.065
458.272
458.447
458.346
458.373
458.241
458.491
458.694
458.76
458.711
458.672
458.644
458.578
458.517
458.947
459.282
459.435
460.08
460.186
460.402
460.736
461.012
461.276
461.556
461.927
462.14
462.294
462.477
462.734
462.954
463.116
463.291
463.451
463.627
463.817
463.982
464.152
464.302
464.464
464.626
464.806
464.965
465.137
465.287
465.465
465.606
465.784
465.926
466.106
466.27
466.444
466.645
466.823
467.013
467.183
467.353
467.522
467.701
467.874
468.062
468.225
468.425
468.593
468.735
468.915
469.099
469.33
469.547
469.748
469.918
470.062
470.253
470.456
470.645
470.864
471.085
471.243
471.406
471.586
471.756
471.926
472.08
472.236
472.389
471.163
469.621
469.217
469.23
469.306
469.428
469.531
469.667
470.139
473.278
474.383
474.631
474.797
474.885
474.998
475.104
475.217
474.968
472.693
476.119
477.358
477.759
478.031
478.26
478.493
478.709
478.89
479.027
479.199
479.377
479.52
479.651
479.761
479.841
479.94
480.043
480.105
480.185
480.282
480.379
480.496
480.597
480.697
480.836
480.919
481.056
481.186
481.307
481.388
481.462
481.57
481.67
481.775
481.896
482.047
482.166
482.28
482.386
482.486
482.594
482.686
482.813
482.967
483.123
483.23
483.327
483.424
483.551
483.684
483.813
483.967
484.096
484.197
484.293
484.414
484.553
484.664
484.779
484.876
484.978
485.087
485.213
485.365
485.503
485.653
485.792
485.931
486.051
486.191
486.318
486.442
486.565
486.704
486.818
486.945
487.075
487.21
487.354
487.467
487.612
487.723
487.826
487.972
488.101
488.223
488.372
488.53
488.671
488.802
488.907
489.029
489.133
489.222
489.342
489.443
489.563
489.671
489.798
489.929
490.042
490.151
490.277
490.431
490.57
490.707
490.849
490.98
491.109
491.23
491.333
491.468
491.615
491.781
491.9
492.031
492.13
492.233
492.368
492.486
492.63
492.759
492.877
492.988
493.091
493.209
493.327
493.48
493.62
493.763
493.867
493.981
494.106
494.25
494.389
494.509
494.641
494.753
494.862
495.006
495.127
495.266
495.388
495.501
495.622
495.741
495.849
495.947
496.058
496.176
496.309
496.427
496.552
496.681
496.818
496.959
497.088
497.218
497.339
497.457
497.578
497.697
497.818
497.947
498.066
498.207
498.349
498.498
498.617
498.746
498.877
499.017
499.165
499.277
499.386
499.484
499.606
499.746
499.857
499.995
500.111
500.235
500.356
500.475
500.594
500.716
500.828
500.949
501.101
501.24
501.375
501.496
501.619
501.736
501.854
501.968
502.078
502.215
502.338
502.478
502.601
502.717
502.866
502.977
503.106
503.235
503.356
503.46
503.578
503.707
503.865
504.006
504.117
504.246
504.358
504.498
504.629
504.757
504.877
504.988
505.086
505.216
505.315
505.426
505.529
505.649
505.768
505.897
506.007
506.13
506.254
506.367
506.496
506.606
506.725
506.834
506.965
507.084
507.196
507.313
507.434
507.575
507.706
507.848
507.967
508.088
508.197
508.3
508.39
508.478
508.579
508.699
508.809
508.946
509.057
509.145
509.235
509.344
509.454
509.557
509.694
509.844
509.968
510.086
510.2
510.316
510.418
510.535
510.643
510.736
510.875
511.004
511.137
511.246
511.385
511.506
511.615
511.745
511.846
511.954
512.083
512.202
512.323
512.455
512.555
512.674
512.795
512.944
513.073
513.213
513.333
513.447
513.555
513.656
513.795
513.905
514.045
514.155
514.297
514.405
514.022
513.987
514.082
514.118
514.18
514.27
514.414
514.529
514.65
514.769
514.872
515.008
515.138
515.259
515.359
515.459
515.586
515.717
515.838
515.967
516.076
516.189
516.29
516.388
516.497
516.58
516.696
516.817
516.918
517.045
517.147
517.256
517.403
517.527
517.657
517.758
517.867
517.986
518.065
518.174
518.294
518.405
518.545
518.676
518.805
518.916
519.047
519.156
519.274
519.393
519.504
519.604
519.713
519.807
519.946
520.077
520.206
520.315
520.432
520.544
520.655
520.776
520.875
520.965
521.084
521.184
521.279
521.406
521.506
521.615
521.728
521.84
521.957
522.057
522.146
522.243
522.336
522.452
522.553
522.665
522.772
522.883
522.977
523.104
523.197
523.287
523.395
523.49
523.598
523.717
523.789
523.887
523.986
524.086
524.214
524.333
524.473
524.634
524.774
524.875
524.96
525.041
525.119
525.207
525.308
525.418
525.547
525.686
525.826
525.967
526.078
526.186
526.305
526.416
526.504
526.606
526.677
526.756
526.867
526.959
527.086
527.201
527.326
527.447
527.568
527.664
527.805
527.926
528.084
600.826
850.385
869
872.539
875.246
877.317
879.034
880.436
881.704
882.784
883.705
884.568
885.361
886.078
886.728
887.318
887.934
888.479
888.979
889.457
889.916
890.388
890.767
891.111
891.469
891.789
892.078
892.447
892.777
893.049
893.336
893.607
893.887
894.135
894.385
894.625
894.838
895.065
895.266
895.456
895.629
895.808
896.039
896.25
896.429
896.599
896.766
896.946
897.098
897.233
897.387
897.556
897.743
897.917
898.085
898.207
898.345
898.483
898.624
898.737
898.924
899.276
899.543
899.586
899.674
899.743
899.804
899.784
895.872
895.405
895.395
893.825
894.715
899.874
902.584
898.864
897.143
896.954
896.352
896.224
896.249
896.093
896.044
895.993
895.823
893.454
889.802
887.333
887.993
897.07
906.753
917.425
905.044
898.511
899.242
900.62
905.893
906.081
905.663
901.554
904.09
897.888
895.582
895.173
894.874
895
895.056
895.026
895.044
895.063
895.09
895.006
894.967
895.182
895.228
895.296
895.387
895.487
895.591
895.709
895.83
895.959
896.082
896.191
896.278
896.358
896.439
896.555
896.624
896.705
896.794
896.856
896.953
897.032
897.142
897.237
897.297
897.354
897.431
897.511
897.583
897.642
897.704
897.745
897.804
897.846
897.905
897.975
898.039
898.098
898.149
898.197
898.238
898.263
898.295
898.286
898.3
898.313
898.353
898.466
898.385
899.8
899.836
896.348
894.71
894.504
894.304
894.238
894.259
894.31
894.309
894.324
894.388
894.537
894.73
894.901
895.058
895.204
895.302
895.39
895.499
895.614
895.697
895.813
895.913
895.992
896.077
896.196
896.322
896.453
896.547
896.65
896.735
896.804
896.913
897.023
897.121
897.224
897.304
897.417
897.495
897.591
897.67
897.771
897.853
897.932
898.005
898.057
898.117
898.196
898.294
898.396
898.459
898.521
898.582
898.649
898.727
898.794
898.874
898.938
899.024
899.098
899.162
899.232
899.312
899.363
899.415
899.463
899.511
899.578
899.639
899.703
899.765
899.825
899.867
899.926
899.974
900.057
900.138
900.201
900.237
900.276
900.304
900.359
900.418
900.482
900.526
900.577
900.6
900.647
900.694
900.744
900.812
900.884
900.925
900.941
900.987
901.01
901.037
901.067
901.124
901.173
901.233
901.284
901.348
901.366
901.405
901.427
901.447
901.457
901.496
901.529
901.561
901.598
901.629
901.66
901.701
901.738
901.769
901.807
901.84
901.894
901.926
901.959
901.986
902.011
902.049
902.088
902.117
902.148
902.178
902.217
902.23
902.251
902.279
902.31
902.34
902.354
902.382
902.393
902.413
902.416
902.451
902.488
902.511
902.521
902.553
902.585
902.59
902.632
902.661
902.698
902.71
902.76
902.82
902.869
902.903
902.952
902.975
902.995
903.014
903.004
903.022
903.042
903.099
903.125
903.145
903.173
903.21
903.235
903.253
903.299
903.343
903.354
903.372
903.41
903.408
903.417
903.426
903.467
903.457
903.467
903.486
903.513
903.54
903.565
903.596
903.632
903.651
903.682
903.705
903.729
903.776
903.768
903.797
903.808
903.825
903.845
903.858
903.892
903.915
903.928
903.956
903.995
904.006
904.017
904.043
904.067
904.096
904.119
904.112
904.145
904.168
904.167
904.174
904.182
904.202
904.195
904.23
904.254
904.272
904.303
904.318
904.352
904.348
904.346
904.375
904.395
904.407
904.427
904.459
904.459
904.504
904.527
904.557
904.558
904.584
904.615
904.617
904.627
904.645
904.668
904.67
904.658
904.663
904.686
904.694
904.704
904.725
904.746
904.759
904.761
904.779
904.825
904.848
904.858
904.856
904.874
904.875
904.887
904.875
904.903
904.9
904.897
904.898
904.88
904.879
904.904
904.924
904.939
904.936
904.962
904.977
904.985
904.986
904.998
905.016
905.027
905.043
905.055
905.063
905.104
905.134
905.152
905.174
905.197
905.227
905.236
905.256
905.266
905.295
905.303
905.295
905.307
905.299
905.297
905.322
905.336
905.346
905.364
905.384
905.431
905.446
905.475
905.487
905.488
905.467
905.455
905.437
905.445
905.444
905.436
905.464
905.475
905.493
905.504
905.523
905.55
905.571
905.593
905.596
905.622
905.625
905.64
905.659
905.663
905.672
905.668
905.678
905.689
905.686
905.704
905.714
905.733
905.743
905.753
905.764
905.774
905.776
905.785
905.805
905.825
905.835
905.854
905.902
905.905
905.913
905.932
905.952
905.954
905.973
905.993
906.001
906.014
906.004
906
905.998
905.986
905.986
905.975
905.992
906.016
906.2
906.769
906.514
906.751
906.803
906.869
906.899
906.922
906.935
906.944
906.967
906.995
907.024
907.058
907.08
907.111
907.109
907.111
907.104
907.111
907.114
907.101
907.12
907.142
907.17
907.183
907.184
907.204
907.197
907.194
907.195
907.194
907.209
907.213
907.23
907.241
907.243
907.271
907.274
907.282
907.276
907.282
907.302
907.305
907.318
907.325
907.333
907.354
907.364
907.365
907.363
907.381
907.41
907.401
907.419
907.451
907.499
907.504
907.502
907.516
907.527
907.506
907.513
907.516
907.534
907.552
907.565
907.593
907.586
907.585
907.578
907.568
907.539
907.536
907.545
907.574
907.585
907.613
907.624
907.644
907.661
907.655
907.672
907.684
907.706
907.714
907.725
907.735
907.751
907.753
907.754
907.754
907.754
907.747
907.747
907.755
907.745
907.764
907.764
907.785
907.803
907.795
907.815
907.821
907.813
907.834
907.852
907.864
907.874
907.867
907.874
907.877
907.867
907.869
907.875
907.883
907.893
907.903
907.903
907.921
907.931
907.942
907.936
907.924
907.934
907.946
907.946
907.947
907.965
907.979
907.997
908.001
908.024
908.022
908.029
908.022
908.026
908.027
908.015
908.026
908.011
907.998
907.993
907.986
907.996
907.986
907.996
908.006
908.018
908.032
908.042
908.052
908.052
908.062
908.07
908.073
908.084
908.096
908.084
908.096
908.097
908.125
908.125
908.145
908.165
908.165
908.173
908.184
908.206
908.199
908.197
908.225
908.235
908.237
908.209
908.225
908.227
908.237
908.256
908.277
908.223
908.212
908.199
908.402
907.404
907.316
907.347
907.477
907.599
908.064
909.452
910.818
913.562
913.703
911.365
909.907
909.872
909.887
909.936
909.936
906.631
905.374
905.623
905.872
905.352
901.107
894.764
889.6
888.297
892.895
901.853
913.463
899.379
890.844
890.589
893.513
895.787
896.68
896.589
896.701
903.057
907.427
908.451
908.731
908.868
908.999
909.191
906.957
900.295
