-9.75188
-9.2868
-9.0611
-8.94196
-8.88141
-8.82281
-8.97672
-9.0029
-9.00914
-8.94226
-8.95164
-9.19453
-9.33617
-9.32587
-9.30641
-8.60867
-4.68211
3.78812
2.57352
-1.42109E-14
-1.61391
-2.15141
-2.50133
-2.74632
-3.07602
-3.30289
6.74094
9.36038
1.55148
-22.2982
-39.3165
-26.4537
-1.14781
11.1085
15.5566
16.7737
16.8851
16.7429
16.4863
16.243
15.9749
15.7593
15.5844
15.4555
15.3523
15.2902
15.2509
15.2121
15.2027
15.2055
15.2203
15.2496
15.2786
15.3184
15.3496
15.4376
15.5195
15.6156
15.7216
15.8251
15.9293
15.9934
16.0719
16.1141
16.1914
16.2501
16.3283
16.3891
16.4637
16.5372
16.5946
16.6371
16.6469
16.6973
16.7332
16.7563
16.8039
15.0601
12.2114
11.2466
10.9236
12.6283
13.1738
14.918
17.9427
18.821
18.8257
18.8698
18.8972
18.9061
18.8892
18.8431
18.8321
18.7859
18.7188
18.6485
18.5977
18.5488
18.4884
18.4215
18.3262
18.2577
18.1762
18.1305
18.1059
18.1059
18.0734
18.0059
17.9589
17.9457
17.9684
17.9914
18.0109
18.0402
18.0434
18.0469
18.0746
18.0749
18.1141
18.1512
18.2039
18.2266
18.2265
18.2379
18.282
18.343
18.4113
18.4816
18.5355
18.598
18.6629
18.7335
18.8133
18.9094
18.9719
19.0418
19.1125
19.1727
19.282
19.3523
19.4539
19.5586
19.6859
19.8066
19.9539
20.1105
20.3086
20.5407
20.7578
20.2609
3.29375
1.01289
0.46875
0.287109
0.216476
0.19101
0.182816
0.190628
0.198822
0.248047
0.302032
0.351166
0.380463
0.3918
0.389847
0.3918
0.390228
0.408279
0.417969
0.439453
0.476639
0.5
0.481644
0.498047
0.507813
0.517258
0.527725
0.537186
0.548828
0.548828
0.545303
0.568436
0.557022
0.538742
0.550385
0.530853
0.512497
0.511322
0.504684
0.516098
0.525864
0.51796
0.498047
0.468353
0.460236
0.453903
0.46727
0.463669
0.449219
0.437576
0.416016
0.416397
0.406326
0.393356
0.395004
0.378906
0.378906
0.36882
0.370697
0.414841
0.506332
0.555069
0.605942
0.60585
0.545395
0.494919
0.32312
-4.50851
-7.97734
-8.9218
-9.60469
-5.08195
2.17656
-0.00538635
-5.72539
-5.39445
-5.51485
-6.0804
-6.01016
-6.48047
-6.44641
-6.5461
-6.56593
-7.75508
-10.6554
-13.0051
-13.564
-4.88594
-1.61633
3.88524
-3.85469
-13.4449
-11.6831
-9.83516
-3.07375
-1.5343
-1.35782
-1.36125
-1.33516
-1.11671
-0.796097
-0.415161
-0.503052
0.0128937
0.195786
0.237106
0.306717
0.375381
0.429764
0.534378
0.705551
1.25468
1.53563
2.63359
7.7075
9.79422
9.28085
7.77078
6.07352
4.39188
2.81367
1.3446
0.00312805
-1.06555
-1.7175
-2.13594
-2.39563
-2.5757
-2.74687
-2.86633
-2.87773
-2.78
-2.85031
-3.41321
-6.80899
-216.999
-312.796
-292.239
-286.616
-288.212
-290.394
-292.335
-293.788
-294.568
-294.778
-294.286
-293.276
-291.979
-290.579
-289.006
-286.897
-284.618
-282.401
-280.105
-277.683
-275.214
-272.718
-270.165
-267.616
-265.069
-262.438
-259.866
-257.208
-254.646
-252.048
-249.475
-246.948
-244.438
-242.028
-239.477
-236.807
-234.208
-231.67
-229.167
-226.608
-224.116
-221.648
-219.216
-216.743
-214.248
-211.807
-209.418
-207.026
-204.624
-202.196
-199.886
-197.508
-195.208
-192.909
-190.5
-188.172
-185.879
-183.571
-181.296
-179.028
-176.817
-174.577
-172.339
-170.167
-167.987
-165.86
-163.701
-161.585
-159.487
-157.352
-155.35
-153.371
-151.327
-149.276
-147.18
-145.196
-143.217
-141.19
-139.209
-137.26
-135.322
-133.378
-131.467
-129.548
-127.737
-125.889
-124.048
-122.119
-120.27
-118.498
-116.727
-114.889
-113.028
-111.237
-109.428
-107.61
-105.827
-104.075
-102.685
-101.159
-99.6371
-97.8804
-96.0691
-94.4048
-92.8644
-91.3479
-89.8068
-88.351
-86.9157
-85.0741
-83.1723
-81.4932
-79.4704
-77.9055
-76.274
-74.5091
-72.7395
-71.0141
-69.2852
-67.5352
-65.964
-64.4265
-62.8467
-61.3038
-59.7498
-58.2448
-56.7663
-55.3151
-53.8038
-52.2073
-50.7123
-49.2518
-47.8284
-46.3511
-44.8694
-43.469
-42.0062
-40.5897
-39.1909
-37.7678
-36.3987
-34.98
-33.5686
-32.217
-30.9101
-29.5229
-28.1553
-26.7612
-25.4049
-24.0256
-22.6631
-21.3331
-20.0014
-18.6601
-17.3694
-16.0178
-14.7023
-13.412
-12.0928
-10.8331
-9.54359
-8.22523
-6.90054
-5.66977
-4.36742
-3.07835
-1.82672
-0.550232
0.729141
2.02164
3.31383
4.51773
5.68953
6.98219
8.1993
9.35289
10.4626
11.6322
12.7665
14.0566
15.4721
16.5986
17.706
18.8611
20.0114
21.1439
22.2681
23.4364
22.3693
24.8508
28.1565
30.1127
31.3702
32.6296
33.8159
34.9628
36.0838
37.188
38.2696
39.3512
40.4052
41.4242
42.547
43.5879
44.6289
45.6695
46.6512
47.632
48.6715
49.6699
50.6664
51.6598
52.6305
53.591
54.5402
55.4715
56.4297
57.4083
58.3398
59.2691
60.2301
61.1926
62.148
63.0798
64.0293
64.9898
65.9996
66.9211
67.7937
68.743
69.6594
70.5602
71.4801
72.3984
73.3496
74.2677
75.1422
76.0488
77.0082
77.9016
78.7906
79.7203
80.5762
81.4605
82.3786
83.2613
84.0816
84.9641
85.7922
86.6305
87.5191
88.3868
89.2742
90.1173
90.9344
91.7286
92.6238
93.5078
94.377
95.2547
96.1192
96.9277
97.7398
98.5879
99.4196
100.279
101.054
101.857
102.676
103.491
104.259
105.086
105.858
106.692
107.495
108.266
109.086
109.891
110.668
111.459
112.294
113.095
113.874
114.635
115.456
116.217
117.006
117.771
118.526
119.217
119.978
120.676
121.456
122.234
122.983
123.743
124.48
125.243
126.014
126.735
127.534
128.257
128.995
129.704
130.45
131.206
131.877
132.577
133.273
133.993
134.716
135.482
136.256
136.925
137.596
138.333
139.044
139.743
140.444
141.192
141.897
142.537
143.286
144.013
144.694
145.353
146.043
146.698
147.376
148.063
148.754
149.454
150.152
150.791
151.48
152.102
152.784
153.454
154.113
154.804
155.432
156.124
156.833
157.523
158.124
158.735
159.433
160.132
160.653
161.282
161.932
162.546
163.206
163.813
164.426
165.028
165.643
166.271
167.003
167.622
168.25
168.833
169.387
169.964
170.583
171.193
171.802
172.39
172.962
173.539
174.154
174.792
175.389
176.001
176.593
177.175
177.751
178.322
178.92
179.493
180.061
180.619
181.232
181.822
182.454
183.013
183.593
184.13
184.709
185.194
185.804
186.286
186.765
187.265
187.835
188.462
189.021
189.57
190.062
190.64
191.211
191.75
192.271
192.831
193.361
193.923
194.431
194.982
195.588
196.06
196.611
197.134
197.593
198.082
198.64
199.124
199.643
200.144
200.714
201.232
201.752
202.332
202.807
203.3
203.81
204.292
204.76
205.299
205.781
206.32
206.81
207.32
207.835
208.306
208.789
209.302
209.804
210.275
210.773
211.291
211.743
212.209
212.71
213.222
213.701
214.211
214.698
215.219
215.681
216.15
216.621
217.09
217.56
218.059
218.552
218.982
219.449
219.93
220.384
220.853
221.361
221.841
222.32
222.799
223.299
223.771
224.203
224.699
225.172
225.632
226.033
226.459
226.961
227.449
227.941
228.379
228.789
229.259
229.712
230.142
230.58
230.993
231.441
231.923
232.4
232.853
233.273
233.701
234.145
234.079
234.481
234.777
235.185
235.614
235.938
236.255
236.518
236.85
237.025
237.246
237.876
238.442
238.996
239.818
240.217
240.649
241.211
241.79
242.329
242.898
243.499
243.938
244.336
244.827
245.345
245.801
246.229
246.655
247.075
247.483
247.864
248.278
248.711
249.116
249.547
249.941
250.387
250.799
251.188
251.603
252.018
252.413
252.812
253.244
253.663
254.054
254.492
254.91
255.361
255.757
256.157
256.573
257.01
257.44
257.822
258.237
258.67
259.078
259.52
259.947
260.356
260.786
261.214
261.645
262.103
262.513
262.859
263.258
263.677
264.124
264.6
265.072
265.489
265.889
266.263
266.611
267.015
267.404
267.734
268.056
268.575
269.193
269.595
269.959
270.314
270.673
271.038
271.348
271.735
269.964
271.838
274.256
275.492
276.007
276.469
276.925
277.362
277.837
278.26
278.615
278.951
279.294
279.637
279.986
280.295
280.598
280.909
281.243
281.564
281.833
282.127
282.467
282.759
283.023
283.32
283.632
283.988
284.297
284.606
284.93
285.248
285.532
285.822
286.129
286.461
286.777
287.079
287.419
287.735
288.013
288.313
288.619
288.987
289.34
289.652
289.955
290.227
290.531
290.879
291.206
291.519
291.818
292.121
292.429
292.72
293.042
293.375
293.697
293.988
294.271
294.619
294.943
295.248
295.549
295.886
296.207
296.536
296.845
297.145
297.446
297.756
298.096
298.407
298.725
299.039
299.356
299.664
299.975
300.287
300.58
300.862
301.152
301.461
301.748
302.056
302.364
302.655
302.993
303.335
303.647
303.946
304.255
304.565
304.875
305.191
305.508
305.815
306.096
306.403
306.745
307.086
307.346
307.624
307.926
308.216
308.524
308.822
309.116
309.407
309.696
309.993
310.294
310.601
310.913
311.22
311.532
311.846
312.147
312.425
312.717
313.023
313.307
313.563
313.854
314.212
314.536
314.796
315.078
315.37
315.673
315.97
316.253
316.546
316.902
317.24
317.521
317.804
318.122
318.444
318.665
318.874
319.154
319.474
319.741
319.997
320.284
320.557
320.845
321.142
321.453
321.771
322.111
322.415
322.684
322.936
323.222
323.482
323.773
324.036
324.322
324.64
324.965
325.23
325.465
325.714
325.965
326.214
326.492
326.781
327.072
327.343
327.631
327.929
328.251
328.513
328.782
329.088
329.37
329.642
329.894
330.173
330.453
330.722
331.023
331.341
331.63
331.9
332.163
332.433
332.712
332.995
333.282
333.531
333.781
334.023
334.273
334.539
334.8
335.088
335.394
335.691
335.977
336.259
336.552
336.832
337.083
337.34
337.622
337.905
338.212
338.464
338.74
339.019
339.282
339.57
339.851
340.121
340.372
340.622
340.89
341.15
341.411
341.643
341.904
342.154
342.431
342.691
342.932
343.171
343.421
343.675
343.923
344.199
344.433
344.709
344.964
345.231
345.461
345.709
345.97
346.258
346.519
346.792
347.052
347.292
347.549
347.81
348.09
348.34
348.573
348.833
349.121
349.397
349.67
349.939
350.207
350.48
350.732
350.972
351.213
351.471
351.74
352.01
352.311
352.534
352.73
352.95
353.181
353.41
353.632
353.889
354.162
354.412
354.652
354.9
355.18
355.457
355.701
355.9
356.119
356.359
356.599
356.849
357.119
357.351
357.608
357.889
358.158
358.387
358.621
358.879
359.111
359.353
359.583
359.812
360.02
360.25
360.498
360.788
361.036
360.764
361.075
361.012
361.334
361.602
361.775
361.856
361.925
362.007
362.032
362.111
362.515
362.931
363.332
363.854
364.041
364.307
364.713
365.105
365.457
365.803
366.22
366.453
366.672
366.915
367.228
367.517
367.753
368.011
368.255
368.503
368.734
368.969
369.21
369.45
369.708
369.94
370.169
370.41
370.641
370.881
371.126
371.363
371.609
371.852
372.092
372.32
372.541
372.793
373.059
373.292
373.522
373.751
374.008
374.277
374.528
374.77
375.02
375.269
375.561
375.811
376.069
376.296
376.584
376.853
377.142
377.419
377.665
377.904
378.142
378.412
378.727
379.03
379.298
379.511
379.733
379.943
380.154
380.356
380.575
380.752
381.165
381.662
381.907
382.08
382.275
382.465
382.65
382.83
383.023
381.165
382.824
384.991
386.121
386.519
386.88
387.148
387.396
387.639
387.87
388.108
388.332
388.524
388.715
388.914
389.127
389.316
389.47
389.62
389.78
389.949
390.106
390.277
390.447
390.583
390.724
390.841
390.998
391.196
391.387
391.559
391.712
391.861
392.023
392.181
392.379
392.577
392.778
392.99
393.169
393.351
393.493
393.67
393.848
394.029
394.209
394.406
394.589
394.739
394.89
395.059
395.229
395.408
395.586
395.778
395.969
396.177
396.367
396.537
396.711
396.9
397.06
397.228
397.428
397.609
397.797
397.957
398.148
398.331
398.528
398.694
398.875
399.044
399.206
399.377
399.578
399.779
399.988
400.196
400.387
400.55
400.711
400.882
401.058
401.217
401.415
401.594
401.775
401.974
402.147
402.309
402.503
402.714
402.897
403.078
403.263
403.446
403.645
403.846
404.036
404.233
404.415
404.588
404.753
404.895
405.047
405.206
405.366
405.536
405.708
405.886
406.067
406.273
406.493
406.665
406.853
407.038
407.243
407.377
407.546
407.745
407.933
408.105
408.286
408.474
408.647
408.827
408.975
409.13
409.284
409.474
409.653
409.827
410.031
410.234
410.422
410.603
410.791
410.983
411.143
411.315
411.495
411.663
411.812
411.993
412.155
412.361
412.55
412.734
412.921
413.103
413.266
413.454
413.643
413.806
413.97
414.152
414.369
414.56
414.734
414.902
415.072
415.261
415.462
415.642
415.845
415.987
416.155
416.361
416.544
416.713
416.873
417.023
417.201
417.372
417.562
417.74
417.941
418.115
418.282
418.433
418.564
418.753
418.951
419.16
419.351
419.523
419.712
419.89
420.072
420.241
420.41
420.564
420.8
420.984
421.151
421.304
421.456
421.622
421.802
422
422.191
422.339
422.513
422.683
422.871
423.04
423.201
423.353
423.523
423.68
423.879
424.08
424.269
424.451
424.603
424.742
424.902
425.08
425.261
425.411
425.58
425.77
425.961
426.111
426.279
426.47
426.642
426.802
426.952
427.083
427.259
427.421
427.611
427.789
427.99
428.161
428.367
428.539
428.709
428.887
429.07
429.258
429.433
429.605
429.762
429.911
430.08
430.248
430.42
430.591
430.753
430.933
431.083
431.242
431.42
431.57
431.75
431.92
432.108
432.288
432.457
432.627
432.789
432.933
433.072
433.212
433.369
433.531
433.711
433.879
434.049
434.22
434.4
434.549
434.699
434.87
435.031
435.222
435.361
435.527
435.68
435.858
436.02
436.189
436.367
436.531
436.663
436.814
436.981
437.172
437.32
437.47
437.641
437.802
437.972
438.132
438.253
438.42
438.57
438.717
438.361
438.688
438.469
438.718
438.903
438.958
438.927
438.873
438.889
438.837
438.857
439.263
439.571
439.773
440.417
440.511
440.698
441.03
441.303
441.576
441.852
442.161
442.34
442.479
442.682
442.972
443.18
443.325
443.485
443.665
443.843
443.984
444.136
444.26
444.418
444.559
444.719
444.9
445.07
445.268
445.43
445.591
445.761
445.93
446.093
446.214
446.373
446.552
446.721
446.946
447.117
447.289
447.418
447.567
447.756
447.936
448.1
448.276
448.438
448.616
448.799
448.995
449.185
449.373
449.572
449.752
449.943
450.139
450.295
450.494
450.701
450.908
451.09
451.258
451.43
451.59
451.801
451.943
452.121
452.301
452.461
451.219
449.71
449.204
449.229
449.327
449.435
449.535
449.654
450.431
453.315
454.281
454.589
454.737
454.824
454.913
455.015
455.139
454.636
453.129
455.989
457.401
457.74
457.981
458.196
458.429
458.647
458.847
459
459.14
459.289
459.444
459.594
459.736
459.866
459.969
460.045
460.124
460.223
460.345
460.47
460.58
460.653
460.723
460.782
460.89
460.99
461.101
461.229
461.328
461.441
461.55
461.627
461.717
461.805
461.888
462.008
462.111
462.22
462.333
462.429
462.57
462.688
462.807
462.938
463.037
463.137
463.236
463.336
463.475
463.625
463.737
463.84
463.965
464.086
464.217
464.336
464.449
464.541
464.639
464.752
464.871
465.006
465.108
465.23
465.345
465.457
465.602
465.717
465.846
465.968
466.084
466.194
466.307
466.426
466.559
466.668
466.774
466.905
467.036
467.158
467.274
467.387
467.503
467.635
467.745
467.895
468.096
468.205
468.305
468.415
468.495
468.616
468.747
468.853
468.959
469.044
469.147
469.263
469.375
469.487
469.606
469.747
469.886
470.04
470.183
470.312
470.441
470.59
470.706
470.825
470.934
471.07
471.212
471.333
471.464
471.602
471.748
471.872
471.993
472.103
472.232
472.335
472.454
472.566
472.702
472.832
472.964
473.095
473.198
473.294
473.405
473.536
473.652
473.802
473.952
474.065
474.171
474.274
474.407
474.523
474.654
474.774
474.884
475.003
475.103
475.245
475.363
475.511
475.632
475.751
475.871
476.009
476.124
476.261
476.39
476.531
476.644
476.773
476.904
477.023
477.142
477.261
477.39
477.518
477.634
477.77
477.9
478.021
478.161
478.27
478.418
478.552
478.671
478.771
478.9
479.02
479.142
479.273
479.393
479.502
479.624
479.745
479.851
479.962
480.093
480.193
480.314
480.431
480.55
480.693
480.83
480.941
481.059
481.188
481.329
481.439
481.572
481.675
481.773
481.864
481.964
482.088
482.22
482.389
482.55
482.703
482.841
482.972
483.062
483.181
483.34
483.524
483.613
483.681
483.759
483.84
483.957
484.086
484.217
484.32
484.429
484.552
484.671
484.811
484.938
485.05
485.15
485.261
485.381
485.5
485.611
485.722
485.838
485.959
486.08
486.22
486.359
486.488
486.619
486.701
486.793
486.922
487.039
487.179
487.281
487.4
487.511
487.601
487.712
487.822
487.933
488.059
488.162
488.281
488.422
488.541
488.688
488.811
488.928
489.08
489.213
489.33
489.41
489.49
489.573
489.679
489.807
489.911
490
490.107
490.211
490.31
490.412
490.521
490.631
490.759
490.889
491.011
491.131
491.26
491.369
491.479
491.572
491.681
491.8
491.931
492.068
492.172
492.271
492.373
492.462
492.59
492.691
492.817
492.922
493.049
493.168
493.289
493.384
492.902
492.876
492.926
492.958
493.063
493.205
493.3
493.431
493.559
493.694
493.802
493.913
494.003
494.073
494.148
494.259
494.364
494.482
494.581
494.7
494.806
494.951
495.062
495.191
495.282
495.351
495.443
495.551
495.638
495.75
495.869
495.997
496.117
496.24
496.357
496.461
496.58
496.652
496.732
496.811
496.891
497.018
497.119
497.258
497.371
497.462
497.57
497.678
497.789
497.897
498.026
498.127
498.256
498.357
498.461
498.56
498.678
498.8
498.897
499.009
499.109
499.209
499.31
499.422
499.529
499.633
499.703
499.8
499.9
499.982
500.064
500.201
500.311
500.4
500.518
500.627
500.727
500.834
500.926
501.027
501.137
501.24
501.341
501.443
501.523
501.602
501.702
501.809
501.931
502.01
502.131
502.252
502.368
502.488
502.607
502.748
502.866
502.969
503.08
503.16
503.243
503.34
503.439
503.56
503.678
503.789
503.908
504.011
504.109
504.22
504.284
504.361
504.431
504.521
504.613
504.721
504.83
504.938
505.039
505.131
505.248
505.372
505.488
505.619
505.74
505.851
505.992
506.158
506.314
587.759
827.701
845.64
849.908
853.032
855.47
857.461
859.132
860.55
861.782
862.91
863.943
864.781
865.593
866.374
867.052
867.693
868.311
868.89
869.416
869.978
870.511
870.893
871.343
871.741
872.112
872.493
872.851
873.202
873.531
873.881
874.221
874.509
874.809
875.078
875.341
875.611
875.851
876.131
876.371
876.591
876.809
877.031
877.252
877.412
877.583
877.761
877.969
878.176
878.368
878.567
878.748
878.946
879.116
879.269
879.438
879.588
879.747
879.861
880.02
880.199
880.647
880.939
880.988
881.07
881.177
881.27
881.137
876.946
876.784
876.856
875.157
876.356
882.348
884.319
879.739
878.659
878.545
878.026
877.864
877.686
877.618
877.618
877.578
877.369
874.773
870.951
868.43
869.979
879.018
882.117
886.297
873.407
869.508
871.644
874.707
880.684
881.786
882.168
879.02
882.016
876.259
874.237
874.155
874.159
874.547
874.837
875.044
875.212
875.388
875.536
875.598
875.694
876.115
876.218
876.324
876.491
876.66
876.822
876.976
877.143
877.305
877.453
877.615
877.76
877.885
877.994
878.133
878.265
878.368
878.476
878.587
878.698
878.806
878.907
879.002
879.074
879.154
879.201
879.265
879.345
879.425
879.493
879.557
879.636
879.726
879.769
879.846
879.936
880.001
880.046
880.118
880.173
880.207
880.219
880.252
880.309
880.322
880.364
880.482
880.434
881.55
882.056
878.681
876.597
876.346
876.137
876.123
876.14
876.138
876.156
876.225
876.326
876.539
876.75
876.882
876.97
877.067
877.171
877.261
877.345
877.457
877.593
877.714
877.812
877.894
877.994
878.07
878.192
878.337
878.476
878.598
878.68
878.77
878.86
878.969
879.095
879.192
879.272
879.34
879.445
879.515
879.613
879.715
879.798
879.878
879.976
880.067
880.166
880.229
880.327
880.429
880.536
880.597
880.665
880.732
880.821
880.889
880.971
881.031
881.085
881.175
881.252
881.342
881.432
881.497
881.564
881.618
881.667
881.734
881.822
881.894
882.01
882.077
882.119
882.168
882.235
882.296
882.361
882.441
882.497
882.557
882.571
882.6
882.663
882.704
882.747
882.796
882.856
882.895
882.917
882.976
883.018
883.077
883.125
883.18
883.219
883.258
883.309
883.35
883.401
883.448
883.508
883.558
883.608
883.649
883.672
883.691
883.747
883.797
883.828
883.886
883.938
883.99
884.02
884.047
884.063
884.098
884.111
884.145
884.197
884.24
884.271
884.309
884.343
884.374
884.412
884.448
884.497
884.527
884.568
884.606
884.648
884.694
884.765
884.819
884.859
884.893
884.905
884.915
884.933
884.933
884.961
885
885.034
885.064
885.105
885.156
885.195
885.232
885.255
885.274
885.295
885.302
885.343
885.368
885.384
885.422
885.432
885.433
885.443
885.469
885.492
885.523
885.552
885.575
885.605
885.616
885.642
885.673
885.709
885.77
885.802
885.815
885.85
885.868
885.904
885.913
885.932
885.964
885.976
885.984
886.013
886.032
886.08
886.118
886.142
886.155
886.165
886.184
886.212
886.225
886.253
886.299
886.335
886.353
886.363
886.392
886.43
886.432
886.442
886.454
886.464
886.467
886.485
886.514
886.546
886.575
886.586
886.583
886.613
886.634
886.636
886.644
886.665
886.696
886.69
886.714
886.727
886.739
886.758
886.758
886.756
886.765
886.784
886.795
886.83
886.871
886.886
886.93
886.961
886.992
887.015
887.052
887.086
887.088
887.106
887.126
887.136
887.155
887.183
887.206
887.207
887.225
887.237
887.247
887.25
887.273
887.286
887.323
887.346
887.336
887.354
887.366
887.376
887.359
887.376
887.399
887.407
887.417
887.448
887.461
887.484
887.497
887.505
887.527
887.538
887.564
887.585
887.596
887.606
887.637
887.658
887.667
887.688
887.69
887.707
887.717
887.735
887.748
887.757
887.786
887.812
887.843
887.895
887.908
887.908
887.907
887.898
887.907
887.91
887.925
887.954
887.975
887.98
887.971
887.971
887.977
887.977
887.988
888.005
888.045
888.074
888.096
888.116
888.118
888.126
888.109
888.113
888.135
888.154
888.166
888.166
888.184
888.206
888.215
888.225
888.253
888.266
888.25
888.25
888.24
888.23
888.237
888.273
888.307
888.325
888.338
888.35
888.351
888.348
888.366
888.377
888.379
888.399
888.41
888.408
888.426
888.416
888.454
888.447
888.457
888.448
888.448
888.475
888.479
888.495
888.521
888.56
888.567
888.595
888.614
888.621
888.639
888.66
888.663
888.672
888.688
888.699
888.717
888.735
888.783
888.956
889.61
889.226
889.456
889.467
889.501
889.548
889.579
889.613
889.628
889.648
889.67
889.704
889.713
889.725
889.76
889.765
889.784
889.802
889.825
889.841
889.853
889.874
889.884
889.876
889.884
889.887
889.879
889.871
889.876
889.888
889.897
889.916
889.934
889.956
889.959
889.987
890.013
890.034
890.044
890.054
890.063
890.075
890.067
890.077
890.078
890.087
890.108
890.109
890.127
890.139
890.165
890.19
890.216
890.256
890.278
890.296
890.315
890.32
890.33
890.33
890.356
890.369
890.386
890.387
890.407
890.39
890.377
890.385
890.397
890.426
890.438
890.457
890.469
890.459
890.47
890.457
890.443
890.431
890.448
890.469
890.493
890.498
890.505
890.497
890.515
890.527
890.536
890.555
890.567
890.577
890.598
890.588
890.598
890.592
890.591
890.57
890.579
890.598
890.601
890.619
890.647
890.677
890.681
890.698
890.706
890.729
890.737
890.738
890.758
890.75
890.76
890.752
890.761
890.769
890.759
890.777
890.779
890.804
890.817
890.825
890.838
890.845
890.858
890.859
890.869
890.867
890.875
890.87
890.861
890.848
890.856
890.849
890.848
890.867
890.887
890.889
890.898
890.916
890.936
890.949
890.979
890.998
890.992
891
891.008
891.018
891.026
891.027
891.045
891.065
891.059
891.047
891.057
891.049
891.06
891.051
891.059
891.06
891.062
891.042
891.043
891.059
891.041
891.057
891.075
891.081
891.096
891.099
891.119
891.121
891.145
891.14
891.14
891.177
891.172
891.208
891.211
891.216
891.213
891.17
891.147
891.134
891.397
890.293
890.187
890.263
890.374
890.525
890.876
892.356
893.726
896.371
896.643
894.444
892.91
892.822
892.909
892.949
892.926
889.976
888.266
888.48
888.751
888.362
884.529
877.87
872.241
870.303
875.205
882.588
895.554
884.363
873.588
872.778
875.5
878.136
879.192
879.144
879.197
885.952
890.318
891.392
891.674
891.794
891.909
892.076
891.537
884.052
