-4.08734
-3.68086
-3.52391
-3.44734
-3.38992
-3.36914
-3.55321
-3.64999
-3.49617
-3.51414
-3.52226
-3.81398
-3.93921
-3.98055
-4.01773
-3.47351
0.183594
3.81758
2.29617
-4.9738E-14
-1.47203
-1.97
-2.35289
-2.75641
-3.08304
-3.3282
-3.69031
-3.98328
-9.13985
-15.911
22.6199
35.2081
65.0707
80.6511
87.548
90.6152
92.1906
93.241
94.0203
94.6266
95.159
95.5531
95.8586
96.1282
96.4227
96.6673
96.8493
97.0388
97.2364
97.4161
97.586
97.7231
97.8357
97.9649
98.0567
98.1266
98.1938
98.2559
98.2951
98.3477
98.4002
98.4341
98.4654
98.4552
98.4177
98.3951
98.3494
98.2794
98.197
98.1158
98.0095
97.8704
97.7314
97.5669
97.3653
97.1512
96.963
94.752
91.9159
90.822
90.2841
91.9277
92.2395
93.549
96.8569
97.218
96.9512
96.734
96.5269
96.3613
96.1045
95.8202
95.5095
95.2384
94.9701
94.7231
94.4552
94.2235
93.9438
93.6559
93.3899
93.1302
92.8899
92.6872
92.4977
92.3376
92.1708
92.0141
91.8719
91.7411
91.638
91.5501
91.47
91.3931
91.3293
91.2802
91.2575
91.2458
91.238
91.2196
91.1821
91.1594
91.1266
91.1149
91.1414
91.1873
91.2575
91.3196
91.3508
91.4305
91.4712
91.527
91.5977
91.6626
91.7263
91.8177
91.8899
91.97
92.0516
92.1481
92.2395
92.3294
92.4227
92.5305
92.6298
92.7575
92.8966
93.0681
93.2595
92.947
21.1579
11.4505
10.72
10.377
10.1778
10.0876
9.97821
9.91258
9.82782
9.74774
9.70515
9.6579
9.62625
9.59695
9.55164
9.53055
9.50789
9.49274
9.48172
9.48492
9.44696
9.41766
9.38016
9.33954
9.32938
9.31345
9.29539
9.27391
9.22313
9.17751
9.16454
9.12352
9.10056
9.07274
9.05672
9.02742
8.99422
8.94501
8.95367
8.93445
8.92438
8.93445
8.93063
8.90282
8.88171
8.88181
8.86063
8.81461
8.78563
8.78055
8.75601
8.72664
8.68602
8.67438
8.645
8.58601
8.5614
8.54507
8.52391
8.5618
8.62828
8.68259
8.7204
8.74937
8.69226
8.58601
8.37164
4.19891
1.06461
0.251251
-0.444763
3.53055
10.2662
8.47
3.04977
3.40477
3.29382
2.82281
2.76257
2.32477
2.35126
2.24313
2.1911
1.23141
-1.19992
-3.11508
-3.75696
3.37009
49.6895
149.869
137.062
118.22
107.975
97.4732
91.9325
82.9424
73.8376
65.3623
57.72
51.0923
45.5813
40.8193
36.4294
32.9881
29.908
27.1677
24.7693
22.7595
21.1123
19.6419
18.8099
18.302
17.6494
18.1614
19.349
19.3279
18.3411
17.0306
15.722
14.3134
12.8935
11.5813
10.3787
9.33759
8.49937
7.80016
7.21844
6.73961
6.31149
5.92313
5.60875
5.3575
4.9404
3.88023
-31.373
-273.582
-253.522
-240.83
-238.701
-240.224
-241.532
-242.428
-243.112
-243.29
-242.842
-242.055
-240.744
-238.981
-236.958
-234.801
-232.48
-230.032
-227.483
-224.911
-222.217
-219.549
-216.821
-214.053
-211.303
-208.512
-205.84
-203.141
-200.312
-197.497
-194.711
-191.891
-189.141
-186.409
-183.739
-180.999
-178.27
-175.592
-172.891
-170.216
-167.563
-164.932
-162.25
-159.58
-157
-154.392
-151.829
-149.26
-146.737
-144.19
-141.688
-139.201
-136.713
-134.244
-131.814
-129.463
-126.984
-124.481
-122.064
-119.692
-117.335
-114.92
-112.633
-110.329
-108.033
-105.782
-103.572
-101.34
-99.103
-96.9041
-94.7815
-92.633
-90.5022
-88.3959
-86.3648
-84.342
-82.2733
-80.3616
-78.4026
-76.4515
-74.4924
-72.6444
-70.7323
-68.9924
-67.2143
-65.4545
-63.6651
-61.8745
-60.144
-58.412
-56.6718
-54.9205
-53.2702
-51.5397
-49.8713
-48.1721
-46.5136
-44.9006
-43.3092
-42.0491
-40.8256
-39.2458
-37.5866
-35.9141
-34.395
-33.0608
-31.7123
-30.3627
-29.0197
-27.7102
-26.0452
-24.4648
-22.9325
-21.1208
-19.8667
-18.4363
-16.8031
-15.2465
-13.7855
-12.2984
-10.7363
-9.35149
-8.12485
-6.84195
-5.52905
-4.17625
-2.9068
-1.59
-0.297424
0.895554
2.12094
3.34282
4.4229
5.55376
6.70407
7.84633
9.01782
10.1783
11.3069
12.4166
13.5147
14.5374
15.608
16.6666
17.7139
18.6452
19.6533
20.7729
21.8217
22.851
23.8721
24.9147
25.9557
26.9853
28.0174
29.0455
30.0115
30.9952
32.0014
32.9819
33.967
34.9214
35.9397
36.969
37.928
38.9889
39.9316
40.9006
41.9151
42.9671
43.9967
45.0291
46.062
47.0358
48.0474
48.9721
49.8791
50.8103
51.7807
52.7091
53.829
55.0061
55.969
56.9702
57.8803
58.8986
59.8115
60.7741
61.838
60.581
62.8369
66.4506
67.967
69.0692
70.1297
71.2473
72.3175
73.353
74.312
75.2334
76.1564
77.1384
78.1321
79.0614
80.0045
80.9637
81.8634
82.777
83.6759
84.5778
85.4829
86.4536
87.3947
88.297
89.1677
90.127
91.0059
91.9458
92.8849
93.8052
94.7165
95.6188
96.5762
97.4747
98.3474
99.2755
100.189
101.071
101.929
102.86
103.736
104.633
105.505
106.403
107.324
108.225
109.107
109.947
110.823
111.72
112.581
113.428
114.304
115.186
116.004
116.873
117.762
118.632
119.515
120.338
121.23
122.047
122.916
123.761
124.607
125.434
126.253
127.112
127.895
128.735
129.573
130.384
131.254
132.034
132.864
133.7
134.463
135.262
136.065
136.823
137.615
138.405
139.186
139.963
140.772
141.549
142.383
143.16
143.952
144.751
145.591
146.349
147.119
147.862
148.651
149.403
150.233
150.952
151.702
152.481
153.282
154.016
154.725
155.445
156.173
156.951
157.707
158.48
159.202
159.921
160.612
161.349
162.079
162.808
163.588
164.339
165.13
165.841
166.485
167.163
167.859
168.578
169.302
170.039
170.74
171.403
172.111
172.797
173.498
174.236
174.929
175.601
176.281
176.999
177.671
178.31
178.952
179.669
180.362
181.042
181.728
182.34
182.99
183.601
184.318
184.983
185.677
186.281
186.929
187.578
188.249
188.92
189.59
190.25
190.949
191.54
192.205
192.836
193.469
194.14
194.769
195.38
196.009
196.629
197.22
197.849
198.458
199.081
199.718
200.295
200.929
201.551
202.147
202.776
203.4
203.98
204.549
205.158
205.758
206.39
206.998
207.552
208.178
208.761
209.359
209.96
210.549
211.199
211.736
212.289
212.879
213.428
213.986
214.57
215.14
215.649
216.209
216.779
217.299
217.906
218.48
219.05
219.606
220.187
220.668
221.171
221.727
222.238
222.749
223.259
223.826
224.356
224.875
225.369
225.938
226.488
227.047
227.535
228.117
228.636
229.156
229.647
230.17
230.676
231.209
231.676
232.178
232.717
233.232
233.751
234.266
234.72
235.199
235.688
236.167
236.645
237.135
237.666
238.158
238.67
239.157
239.638
240.15
240.645
241.135
241.647
242.098
242.556
243.076
243.597
244.07
244.508
245.036
245.504
246.006
246.46
246.956
247.438
247.918
248.326
248.785
249.225
249.649
250.132
250.619
250.98
251.429
251.887
252.376
252.835
253.276
253.686
254.205
254.686
255.124
255.588
256.016
256.465
256.877
257.376
257.838
258.217
258.639
259.1
259.547
260.018
260.41
260.844
261.284
261.717
262.117
262.585
263.049
263.469
263.91
264.326
264.728
265.088
265.518
265.931
266.031
266.057
266.628
267.043
267.481
267.829
268.106
268.355
268.628
268.844
269.073
269.808
270.42
270.882
271.776
272.055
272.51
273.118
273.695
274.193
274.679
275.255
275.678
276.068
276.518
276.991
277.425
277.805
278.213
278.634
279.062
279.43
279.831
280.215
280.587
280.995
281.364
281.784
282.194
282.583
283.006
283.428
283.808
284.188
284.583
284.97
285.369
285.728
286.126
286.552
286.96
287.351
287.749
288.174
288.614
289.026
289.405
289.814
290.212
290.594
290.983
291.372
291.783
292.191
292.603
292.992
293.41
293.804
294.214
294.576
294.998
295.4
295.825
296.227
296.619
296.967
297.31
297.711
298.11
298.458
298.774
299.282
299.898
300.237
300.531
300.83
301.161
301.452
301.792
302.231
300.438
302.362
304.9
305.862
306.414
306.901
307.306
307.656
308.007
308.325
308.653
308.997
309.316
309.648
309.982
310.3
310.603
310.902
311.166
311.449
311.708
311.985
312.246
312.584
312.905
313.176
313.459
313.756
314.053
314.366
314.656
314.963
315.266
315.537
315.826
316.115
316.385
316.686
316.986
317.249
317.525
317.818
318.132
318.436
318.753
319.055
319.334
319.619
319.875
320.155
320.462
320.792
321.114
321.506
321.782
321.984
322.213
322.465
322.735
323.043
323.346
323.625
323.906
324.188
324.493
324.805
325.112
325.413
325.723
325.967
326.254
326.567
326.85
327.143
327.434
327.725
328.022
328.323
328.622
328.924
329.215
329.516
329.803
330.084
330.374
330.671
330.952
331.21
331.49
331.772
332.061
332.39
332.701
332.999
333.271
333.542
333.813
334.083
334.344
334.63
334.95
335.241
335.532
335.823
336.104
336.382
336.65
336.933
337.21
337.48
337.772
338.052
338.34
338.636
338.941
339.258
339.55
339.82
340.101
340.382
340.658
340.945
341.201
341.449
341.73
342.02
342.272
342.532
342.849
343.16
343.419
343.707
343.98
344.24
344.557
344.849
345.12
345.369
345.65
345.921
346.21
346.52
346.779
346.992
347.233
347.509
347.73
348
348.276
348.557
348.848
349.166
349.449
349.738
349.983
350.23
350.478
350.742
351.018
351.259
351.55
351.831
352.103
352.347
352.619
352.916
353.197
353.478
353.749
354.017
354.268
354.527
354.817
355.078
355.358
355.63
355.887
356.146
356.388
356.648
356.888
357.145
357.418
357.679
357.949
358.171
358.392
358.637
358.896
359.176
359.406
359.666
359.906
360.178
360.459
360.679
360.929
361.267
361.59
361.877
362.14
362.356
362.537
362.726
362.978
363.199
363.455
363.697
363.97
364.227
364.477
364.735
364.967
365.236
365.496
365.736
365.978
366.217
366.497
366.748
366.986
367.236
367.459
367.697
367.92
368.168
368.428
368.689
368.926
369.177
369.427
369.688
369.91
370.118
370.318
370.567
370.797
371.045
371.258
371.477
371.715
371.985
372.207
372.463
372.676
372.926
373.147
373.395
373.635
373.869
374.129
374.377
374.606
374.846
375.096
375.356
375.598
375.856
376.125
376.367
376.615
376.858
377.137
377.359
377.598
377.838
378.067
378.287
378.496
378.725
378.967
379.215
379.457
379.697
379.938
380.176
380.426
380.667
380.885
381.078
381.305
381.529
381.777
382.006
382.245
382.477
382.696
382.917
383.145
383.413
383.645
383.872
384.086
384.327
384.535
384.758
384.969
385.188
385.428
385.666
385.905
385.837
385.72
385.878
386.2
386.46
386.596
386.663
386.691
386.754
386.765
386.808
387.249
387.613
387.912
388.589
388.72
388.985
389.36
389.728
390.044
390.434
390.881
391.107
391.238
391.531
391.914
392.183
392.403
392.66
392.912
393.16
393.39
393.624
393.845
394.093
394.299
394.515
394.715
394.923
395.145
395.333
395.557
395.789
396.028
396.23
396.436
396.676
396.928
397.175
397.413
397.675
397.908
398.159
398.365
398.578
398.815
399.049
399.284
399.503
399.725
399.957
400.186
400.435
400.673
400.936
401.208
401.495
401.733
401.959
402.172
402.399
402.674
402.955
403.194
403.426
403.658
403.861
404.09
404.3
404.51
404.647
405.054
405.514
405.704
405.915
406.116
406.299
406.527
406.703
406.972
404.992
406.483
408.963
409.827
410.225
410.538
410.817
411.056
411.281
411.492
411.672
411.84
412.049
412.231
412.441
412.604
412.763
412.916
413.059
413.207
413.344
413.535
413.706
413.809
413.907
414.008
414.145
414.292
414.472
414.643
414.804
414.936
415.04
415.205
415.386
415.576
415.728
415.887
416.047
416.189
416.32
416.466
416.634
416.805
416.955
417.124
417.282
417.447
417.59
417.748
417.923
418.106
418.279
418.465
418.683
418.838
419.022
419.194
419.375
419.537
419.678
419.8
419.968
420.115
420.313
420.481
420.642
420.823
420.972
421.137
421.284
421.44
421.604
421.754
421.921
422.094
422.272
422.424
422.634
422.821
423.011
423.182
423.383
423.573
423.731
423.902
424.085
424.253
424.442
424.604
424.771
424.952
425.119
425.29
425.474
425.673
425.872
426.067
426.225
426.403
426.56
426.731
426.902
427.085
427.241
427.433
427.609
427.77
427.951
428.12
428.271
428.437
428.604
428.789
428.958
429.13
429.264
429.428
429.592
429.753
429.941
430.12
430.279
430.431
430.59
430.777
430.99
431.177
431.34
431.508
431.669
431.846
432.006
432.169
432.338
432.5
432.677
432.831
432.992
433.158
433.351
433.541
433.711
433.882
434.052
434.22
434.379
434.558
434.709
434.879
435.027
435.219
435.372
435.529
435.72
435.928
436.13
436.318
436.52
436.701
436.851
436.983
437.15
437.338
437.531
437.699
437.849
438.009
438.187
438.349
438.479
438.629
438.79
438.947
439.09
439.249
439.408
439.658
440.12
442.459
439.941
440.135
440.287
440.455
440.614
440.789
440.965
441.156
441.328
441.506
441.66
441.838
442.01
442.179
442.336
442.465
442.597
442.756
442.955
443.156
443.338
443.49
443.66
443.818
443.977
444.158
444.308
444.469
444.608
444.786
444.957
445.158
445.34
445.527
445.678
445.841
445.992
446.139
446.308
446.477
446.65
446.84
447.02
447.176
447.328
447.486
447.627
447.769
447.939
448.129
448.3
448.459
448.616
448.797
448.977
449.156
449.317
449.495
449.674
449.834
450.026
450.178
450.325
450.477
450.639
450.777
450.934
451.076
451.227
451.408
451.557
451.725
451.885
452.026
452.195
452.372
452.545
452.686
452.835
453.037
453.207
453.377
453.516
453.676
453.838
453.957
454.111
454.248
454.446
454.625
454.797
454.947
455.106
455.258
455.395
455.526
455.674
455.835
455.988
456.137
456.307
456.457
456.607
456.787
456.975
457.144
457.305
457.474
457.624
457.756
457.895
458.055
458.217
458.378
458.509
458.66
458.799
458.936
459.078
459.23
459.397
459.261
459.081
459.245
459.446
459.625
459.686
459.667
459.644
459.653
459.587
459.574
460.005
460.3
460.464
461.077
461.158
461.325
461.659
461.934
462.211
462.506
462.824
462.992
463.126
463.31
463.536
463.737
463.864
464.021
464.19
464.378
464.547
464.712
464.874
465.034
465.192
465.353
465.533
465.698
465.865
466.029
466.158
466.299
466.449
466.585
466.746
466.885
467.065
467.215
467.378
467.575
467.716
467.885
468.065
468.227
468.397
468.583
468.756
468.894
469.064
469.242
469.41
469.57
469.748
469.931
470.129
470.319
470.492
470.652
470.857
471.067
471.273
471.489
471.655
471.848
471.997
472.14
472.287
472.449
472.58
472.751
471.608
469.96
469.54
469.534
469.594
469.719
469.84
469.884
470.341
473.499
474.621
474.894
475.04
475.132
475.25
475.369
475.516
475.015
473.122
476.583
477.69
477.971
478.196
478.422
478.6
478.773
478.942
479.129
479.276
479.401
479.527
479.627
479.728
479.828
479.918
479.991
480.07
480.15
480.209
480.307
480.405
480.498
480.589
480.659
480.726
480.815
480.904
480.993
481.098
481.194
481.303
481.424
481.535
481.704
481.818
481.927
482.029
482.117
482.186
482.254
482.352
482.46
482.555
482.671
482.774
482.867
483.004
483.102
483.241
483.364
483.465
483.575
483.645
483.754
483.863
483.983
484.113
484.236
484.356
484.447
484.574
484.7
484.833
484.96
485.073
485.163
485.254
485.352
485.462
485.589
485.729
485.88
486.02
486.134
486.254
486.361
486.454
486.571
486.645
486.756
486.862
486.964
487.089
487.201
487.318
487.452
487.602
487.713
487.836
487.967
488.107
488.248
488.388
488.539
488.671
488.81
488.921
489.03
489.14
489.263
489.372
489.473
489.593
489.691
489.779
489.888
490.019
490.15
490.263
490.354
490.48
490.591
490.701
490.79
490.916
491.038
491.169
491.289
491.426
491.57
491.681
491.8
491.902
492.019
492.14
492.285
492.426
492.545
492.658
492.781
492.89
492.99
493.13
493.258
493.387
493.509
493.63
493.75
493.857
493.97
494.099
494.248
494.362
494.457
494.583
494.72
494.866
494.996
495.117
495.22
495.347
495.449
495.59
495.717
495.828
495.947
496.075
496.219
496.328
496.44
496.575
496.678
496.808
496.929
497.039
497.158
497.259
497.427
497.576
497.699
497.81
497.89
497.967
498.066
498.168
498.276
498.387
498.528
498.619
498.748
498.88
498.998
499.107
499.197
499.336
499.469
499.594
499.689
499.797
499.927
500.056
500.17
500.297
500.416
500.547
500.676
500.807
500.908
501.018
501.11
501.218
501.34
501.449
501.578
501.707
501.817
501.938
502.047
502.158
502.279
502.408
502.518
502.637
502.766
502.887
502.998
503.109
503.219
503.33
503.437
503.562
503.67
503.799
503.908
504.035
504.158
504.248
504.377
504.486
504.632
504.766
504.883
505.003
505.114
505.235
505.326
505.437
505.557
505.656
505.776
505.869
506.004
506.119
506.237
506.358
506.474
506.576
506.67
506.776
506.915
507.008
507.156
507.285
507.415
507.537
507.647
507.768
507.895
507.995
508.134
508.25
508.364
508.498
508.606
508.728
508.818
508.929
509.027
509.124
509.237
509.344
509.473
509.583
509.684
509.795
509.877
509.996
510.115
510.237
510.356
510.493
510.633
510.766
510.876
510.985
511.096
511.186
511.285
511.385
511.495
511.606
511.717
511.825
511.946
512.055
512.17
512.256
512.346
512.321
512.076
511.857
512.15
512.252
512.36
512.465
512.588
512.713
512.834
512.952
513.07
513.165
513.242
513.341
513.441
513.578
513.701
513.81
513.922
514.011
514.117
514.201
514.31
514.436
514.558
514.677
514.797
514.905
515.014
515.127
515.225
515.326
515.408
515.504
515.597
515.706
515.816
515.946
516.037
516.155
516.278
516.407
516.528
516.635
516.745
516.856
516.908
517.01
517.09
517.186
517.289
517.406
517.544
517.653
517.794
517.9
518.014
518.124
518.227
518.344
518.446
518.555
518.676
518.756
518.846
518.946
519.067
519.178
519.315
519.436
519.557
519.655
519.758
519.844
519.934
520.028
520.116
520.225
520.335
520.424
520.516
520.624
520.735
520.836
520.926
521.008
521.117
521.217
521.307
521.406
521.51
521.608
521.745
521.846
521.916
522.028
522.116
522.213
522.287
522.365
522.485
522.606
522.707
522.805
522.905
523.006
523.086
523.178
523.287
523.387
523.516
523.596
523.687
523.786
523.887
524.006
524.147
524.266
524.408
524.51
524.586
524.676
524.784
524.895
524.978
525.098
525.238
525.372
527.758
745.361
848.318
853.576
856.679
859.135
861.057
862.667
864.014
865.205
866.265
867.17
867.978
868.728
869.449
870.068
870.638
871.168
871.707
872.211
872.683
873.088
873.45
873.859
874.258
874.627
874.967
875.307
875.617
875.939
876.218
876.508
876.769
877.027
877.316
877.556
877.748
877.947
878.168
878.385
878.604
878.825
879.016
879.217
879.397
879.545
879.715
879.867
880.036
880.196
880.376
880.516
880.684
880.835
880.977
881.117
881.254
881.403
881.532
881.627
881.766
882.094
882.434
882.555
882.609
882.706
882.804
882.815
881.764
878.833
878.862
878.593
877.407
879.702
885.266
885.626
880.483
880.483
880.155
879.823
879.953
879.523
879.606
879.534
879.544
879.104
876.104
873.336
871.915
876.454
880.434
886.8
887.292
871.222
873.644
875.171
879.808
883.022
883.645
883.985
884.124
882.321
877.842
876.91
876.977
877.131
877.424
877.624
877.768
877.896
878.034
878.102
878.029
878.369
878.645
878.745
878.87
879.018
879.167
879.275
879.414
879.562
879.66
879.798
879.937
880.07
880.193
880.286
880.385
880.471
880.549
880.655
880.783
880.876
880.975
881.057
881.119
881.209
881.253
881.322
881.391
881.454
881.505
881.573
881.635
881.685
881.727
881.771
881.81
881.851
881.91
881.979
882.003
882.06
882.076
882.116
882.135
882.158
882.181
882.218
882.297
882.114
884.191
882.236
880.103
879.073
878.918
878.77
878.731
878.728
878.752
878.752
878.809
878.896
879.093
879.325
879.411
879.475
879.524
879.601
879.735
879.841
879.954
880.058
880.157
880.24
880.333
880.413
880.495
880.58
880.703
880.827
880.899
880.953
880.995
881.114
881.217
881.307
881.405
881.461
881.544
881.6
881.667
881.727
881.788
881.881
881.974
882.028
882.09
882.157
882.235
882.327
882.397
882.477
882.542
882.621
882.693
882.751
882.849
882.904
882.935
883.016
883.072
883.134
883.183
883.233
883.292
883.346
883.37
883.387
883.417
883.508
883.634
883.717
883.756
883.796
883.827
883.879
883.931
883.972
884.008
884.02
884.057
884.09
884.144
884.23
884.291
884.361
884.432
884.484
884.505
884.528
884.563
884.632
884.649
884.681
884.708
884.732
884.783
884.835
884.876
884.923
884.954
884.978
884.997
885.048
885.085
885.126
885.183
885.199
885.201
885.225
885.248
885.265
885.302
885.361
885.408
885.436
885.46
885.471
885.519
885.557
885.57
885.598
885.618
885.678
885.699
885.745
885.776
885.823
885.858
885.877
885.906
885.928
885.978
886.01
886.049
886.081
886.104
886.132
886.143
886.15
886.18
886.212
886.246
886.261
886.291
886.33
886.323
886.358
886.372
886.41
886.421
886.451
886.487
886.501
886.526
886.54
886.559
886.581
886.591
886.609
886.624
886.678
886.701
886.719
886.74
886.781
886.81
886.82
886.851
886.899
886.92
886.952
886.971
887.01
887.021
887.039
887.06
887.054
887.063
887.065
887.065
887.08
887.126
887.16
887.204
887.24
887.263
887.291
887.322
887.333
887.328
887.349
887.369
887.39
887.403
887.42
887.46
887.482
887.498
887.513
887.513
887.533
887.534
887.56
887.57
887.583
887.583
887.583
887.591
887.612
887.637
887.663
887.657
887.709
887.714
887.714
887.728
887.748
887.778
887.784
887.804
887.83
887.826
887.843
887.845
887.853
887.884
887.902
887.913
887.922
887.939
887.945
887.952
887.972
887.992
888.003
888.001
888.029
888.04
888.042
888.05
888.073
888.086
888.086
888.122
888.153
888.181
888.184
888.183
888.204
888.186
888.183
888.201
888.214
888.24
888.243
888.271
888.281
888.276
888.291
888.31
888.33
888.34
888.343
888.363
888.364
888.376
888.384
888.393
888.423
888.442
888.454
888.472
888.49
888.495
888.503
888.514
888.531
888.538
888.567
888.592
888.597
888.601
888.624
888.607
888.622
888.624
888.63
888.655
888.653
888.683
888.666
888.671
888.684
888.684
888.72
888.715
888.743
888.774
888.787
888.804
888.786
888.794
888.794
888.784
888.782
888.785
888.81
888.851
888.872
888.893
888.929
888.952
888.975
888.974
888.977
888.975
888.987
889.014
889.026
889.016
889.04
889.073
889.075
889.083
889.104
889.113
889.108
889.106
889.085
889.114
889.106
889.106
889.124
889.125
889.125
889.125
889.127
889.135
889.152
889.163
889.183
889.211
889.233
889.253
889.245
889.264
889.247
889.247
889.271
889.284
889.331
889.346
889.384
889.385
889.397
889.376
889.349
889.354
889.354
889.346
890.206
889.43
889.993
890.093
890.102
890.096
890.108
890.13
890.149
890.172
890.203
890.217
890.219
890.227
890.248
890.251
890.26
890.243
890.253
890.26
890.266
890.261
890.269
890.295
890.312
890.31
890.294
890.299
890.274
890.281
890.274
890.284
890.31
890.333
890.325
890.313
890.33
890.341
890.361
890.39
890.393
890.423
890.444
890.454
890.456
890.465
890.482
890.505
890.495
890.531
890.551
890.56
890.56
890.552
890.572
890.563
890.571
890.594
890.595
890.598
890.596
890.613
890.634
890.653
890.653
890.67
890.691
890.702
890.724
890.731
890.766
890.776
890.76
890.766
890.773
890.776
890.772
890.758
890.772
890.802
890.825
890.826
890.817
890.835
890.836
890.844
890.834
890.852
890.883
890.878
890.92
890.944
890.972
890.983
890.975
890.983
890.975
890.957
890.956
890.952
890.954
890.983
890.998
891.015
891.044
891.039
891.047
891.056
891.075
891.067
891.063
891.073
891.085
891.096
891.096
891.122
891.125
891.135
891.147
891.155
891.156
891.145
891.137
891.142
891.143
891.127
891.126
891.135
891.147
891.148
891.147
891.137
891.143
891.142
891.143
891.155
891.155
891.147
891.147
891.149
891.165
891.167
891.167
891.184
891.202
891.204
891.213
891.205
891.212
891.222
891.231
891.253
891.263
891.256
891.274
891.295
891.304
891.325
891.336
891.345
891.346
891.363
891.359
891.374
891.376
891.393
891.405
891.397
891.413
891.421
891.426
891.436
891.435
891.444
891.456
891.459
891.466
891.446
891.457
891.459
891.406
891.336
891.354
891.203
890.472
890.422
890.531
890.642
890.651
891.423
892.851
893.963
896.739
896.126
893.071
892.559
892.59
892.652
892.67
892.792
888.884
888.611
888.953
889.071
888.272
883.833
878.698
875.003
875.735
877.291
892.035
898.265
878.146
875.801
876.926
879.959
881.336
881.741
881.668
882.103
888.714
891.116
891.689
891.88
892.009
892.096
892.309
890.234
884.965
