0.157708
0.196184
0.234955
0.266879
0.27046
0.263179
0.241229
0.225006
0.245148
0.273315
0.307626
0.35038
0.360017
0.366188
0.373628
0.364342
0.360538
0.375722
0.378738
0.393344
0.393739
0.380118
0.388632
0.362946
0.364717
0.353943
0.349319
0.362534
0.357841
0.362009
0.358253
0.381805
0.382301
0.401697
0.402113
0.396698
0.394478
0.396956
0.381699
0.372804
0.38625
0.371338
0.362163
0.373557
0.387192
0.383933
0.390617
0.38456
0.373361
0.351753
0.354372
0.351196
0.375465
-0.212169
0.875085
0.357721
0.255871
0.926505
-0.67009
1.72834
-0.203054
1.52805
0.596268
0.586548
0.57894
0.568703
0.54751
0.566247
0.576859
0.601227
0.624713
0.637535
0.650543
0.649943
0.654074
0.652168
0.645735
0.664848
0.669969
0.704703
0.722214
0.733429
0.737559
0.730975
0.730972
0.752498
0.783232
0.778581
0.788362
0.804703
0.844597
0.879527
0.89534
0.907484
0.897656
0.887318
0.879483
0.870498
0.852235
0.894455
0.929759
0.949782
0.966684
0.984009
1.01066
1.04384
1.07859
1.10904
1.13655
1.15359
1.14188
1.13466
1.11353
1.10336
1.11461
1.13751
1.14065
1.14597
1.15455
1.15433
1.16481
1.20394
1.23383
1.27844
1.29913
1.31925
1.34697
1.36191
1.37557
1.38326
1.37749
1.3719
1.3837
1.38614
1.39868
1.42532
1.43985
1.46606
1.47026
1.48109
1.47664
1.46223
1.45024
1.45008
1.45835
1.48054
1.49458
1.5256
1.54252
1.56763
1.57282
1.58791
1.60829
1.61514
1.65186
1.65911
1.67817
1.69238
1.70943
1.72209
1.73022
1.75692
1.76193
1.76533
1.78404
1.80867
1.81961
1.83671
1.86268
1.88011
1.89815
1.90457
1.92547
1.93588
1.97052
1.98203
1.9935
2.00424
1.98872
1.98074
1.99912
2.01729
2.03553
2.07003
2.10072
2.09895
2.09776
2.0881
2.0722
2.06887
2.06876
2.08038
2.10447
2.14219
2.1452
2.1564
2.17469
2.1948
2.20966
2.20994
2.19943
2.19274
2.17771
2.17113
2.18156
2.19055
2.20558
2.25579
2.27986
2.32277
2.34486
2.37862
2.38829
2.38336
2.3832
2.37296
2.36777
2.37947
2.39151
2.40718
2.41395
2.42989
2.46538
2.48869
2.50929
2.50455
2.51072
2.51346
2.51272
2.5156
2.53965
2.5739
2.59176
2.60296
2.62393
2.64819
2.66662
2.67583
2.68515
2.69614
2.7083
2.74076
2.75411
2.75241
2.7551
2.74801
2.75461
2.76177
2.77164
2.78908
2.80569
2.81341
2.81738
2.82239
2.84676
2.88307
2.92377
2.94728
2.96797
2.9847
2.99102
2.98924
3.00597
3.02276
3.02736
3.04408
3.06393
3.08274
3.097
3.10113
3.11141
3.12955
3.14096
3.15383
3.16232
3.16617
3.1757
3.18581
3.2049
3.21646
3.20589
3.20708
3.21556
3.22402
3.22116
3.2277
3.24325
3.27317
3.28723
3.28384
3.29309
3.30679
3.31249
3.31654
3.34612
3.37364
3.39363
3.43114
3.44877
3.46969
3.49012
3.50533
3.52262
3.53219
3.54279
3.5735
3.59329
3.60414
3.62049
3.63521
3.63718
3.6386
3.65319
3.6769
3.67981
3.68761
3.68524
3.68674
3.68733
3.69267
3.69312
3.71527
3.72666
3.73409
3.73344
3.74907
3.77366
3.78494
3.8257
3.84477
3.87041
3.88001
3.89103
3.8885
3.89758
3.91801
3.942
3.94291
3.95682
3.96035
3.98618
3.99912
3.99654
3.99825
4.00692
4.00292
4.00037
4.00636
4.00698
4.0243
4.04641
4.06438
4.10104
4.11156
4.13293
4.14425
4.16234
4.18626
4.21202
4.17676
5.76716
2.66186
4.14147
4.12101
4.04043
4.00504
4.01161
4.03626
4.02337
4.04655
4.16187
4.10775
4.13016
4.18287
4.14621
4.17645
4.21972
4.26268
4.25017
4.25203
4.23159
4.2182
4.26617
4.28211
4.23412
4.20343
4.22592
4.22233
4.24038
4.26484
4.27014
4.30798
4.31504
4.30306
4.28717
4.26804
4.26026
4.24209
4.24581
4.23921
4.24047
4.25582
4.25778
4.25642
4.27161
4.28989
4.29884
4.2931
4.29041
4.28827
4.27982
4.2845
4.26763
4.26017
4.26168
4.2599
4.2521
4.25316
4.26211
4.25638
4.24761
4.24869
4.24966
4.24268
4.24603
4.24107
4.22999
4.23228
4.24275
4.25236
4.25347
4.24127
4.24962
4.26547
4.28017
4.29311
4.29025
4.29603
4.28599
4.33244
4.29876
4.14189
4.24331
4.25144
4.26145
4.25919
4.25179
4.25153
4.2521
3.74195
5.52592
4.52383
4.76203
4.53185
4.57556
4.58034
4.58788
4.55669
4.58136
4.58468
4.59103
4.60415
4.59197
4.56912
4.55226
4.53954
4.53981
4.54428
4.56878
4.58471
4.60857
4.61253
4.61791
4.62788
4.65427
4.69163
4.72818
4.75571
4.77484
4.79453
4.78936
4.80439
4.8358
4.85115
4.87765
4.87886
4.90323
4.90482
4.9164
4.93548
4.96398
4.99376
5.01662
5.0384
5.06319
5.0761
5.10974
5.12297
5.12543
5.14135
5.17305
5.18811
5.19857
5.21623
5.2342
5.25432
5.26645
5.29478
5.31584
5.34843
5.38641
5.40256
5.43351
5.45096
5.45939
5.47367
5.50328
5.49012
5.50756
5.51784
5.536
5.54616
5.57246
5.58765
5.60935
5.61945
5.63518
5.65012
5.6799
5.70604
5.71405
5.72029
5.7342
5.75338
5.78499
5.80521
5.82893
5.83718
5.86882
5.89237
5.92478
5.9522
5.97234
5.98783
6.00631
6.02636
6.05038
6.0886
6.11676
6.14601
6.1677
6.18793
6.22813
6.24475
6.25991
6.25758
6.27636
6.29985
6.30714
6.32467
6.34708
6.36954
6.37785
6.39363
6.39308
6.40225
6.4013
6.41573
6.44059
6.43442
6.46695
6.49806
6.52205
6.55865
6.57105
6.59548
6.60452
6.60582
6.62451
6.63653
6.64547
6.66503
6.71418
6.74288
6.78094
6.80189
6.84127
6.86102
6.87764
6.87792
6.88774
6.90844
6.93163
6.94664
6.99032
7.02678
7.06878
7.0928
7.09214
7.0963
7.10451
7.11187
7.13135
7.15323
7.16772
7.18861
7.21539
7.23695
7.24682
7.26536
7.2812
7.32095
7.33308
7.3309
7.34863
7.37634
7.39031
7.38515
7.39771
7.42003
7.43127
7.4553
7.49056
7.51833
7.54343
7.55613
7.56965
7.58816
7.59562
7.59694
7.59472
7.61105
7.6349
7.65718
7.67959
7.7188
7.74912
7.75366
7.75805
7.78328
7.79807
7.81088
7.83535
7.86403
7.90306
7.92971
7.95546
7.96895
8.00348
8.03463
8.04699
8.05543
8.06498
8.09683
8.13196
8.15668
8.17434
8.20594
8.22323
8.2314
8.23646
8.22639
8.21722
8.22935
8.24971
8.2776
8.29798
8.34129
8.37146
8.39754
8.41087
8.42311
8.44066
8.45726
8.47471
8.49564
8.50431
8.52061
8.54573
8.55575
8.56878
8.57982
8.582
8.59542
8.59214
8.6178
8.63253
8.64376
8.63695
8.65542
8.67813
8.6879
8.71567
8.73567
8.77014
8.8098
8.83421
8.86613
8.8756
8.88676
8.89866
8.89906
8.91201
8.93481
8.95821
8.97849
8.99964
9.03614
9.03845
9.06697
9.0932
9.11115
9.1225
9.13391
9.14445
9.15198
9.17448
9.20801
9.21749
9.22787
9.21587
9.22422
9.22249
9.21377
9.2377
9.2543
9.26161
9.26674
9.27491
9.28418
9.29551
9.31742
9.3384
9.35058
9.3645
9.40418
9.41504
9.4302
9.4546
9.47034
9.50732
9.49609
9.51008
9.53235
9.55511
9.57324
9.59418
9.62742
9.65562
9.70721
9.64841
10.7013
8.65963
9.73553
9.70289
9.68929
9.67603
9.63417
9.60845
9.62158
9.69239
9.71828
9.61712
9.6918
9.64395
9.65559
9.68775
9.63681
9.65458
9.66468
9.62764
9.61947
9.70965
9.72009
9.69891
9.67204
9.7002
9.73618
9.74597
9.74815
9.72399
9.70664
9.70741
9.69252
9.70522
9.7091
9.71548
9.7131
9.72536
9.71923
9.71684
9.72526
9.73556
9.72397
9.70931
9.71196
9.70977
9.68899
9.67136
9.67613
9.67768
9.68966
9.68705
9.70216
9.69923
9.68871
9.70861
9.72124
9.73287
9.73546
9.75231
9.74191
9.72158
9.69887
9.69034
9.69509
9.69795
9.72719
9.73517
9.70347
9.68235
9.64371
9.63416
9.6305
9.64484
9.64813
9.65983
9.66441
9.66808
9.66688
9.65669
9.46614
9.46325
9.61961
9.65173
9.6742
9.67139
9.65846
9.65184
9.66152
9.13959
10.7699
9.89777
10.3474
9.93187
10.0293
10.0717
10.132
10.1512
10.1509
10.1727
10.177
10.1578
10.1446
10.1474
10.1701
10.1754
10.2022
10.2403
10.2674
10.3177
10.3509
10.3884
10.4025
10.432
10.4791
10.5272
10.5684
10.6095
10.623
10.6477
10.6628
10.6938
10.7304
10.7563
10.7662
10.7862
10.7999
10.81
10.8232
10.8602
10.9105
10.9559
10.9814
10.9933
11.02
11.0379
11.0585
11.1109
11.1603
11.1793
11.2191
11.2529
11.2846
11.31
11.3489
11.4095
11.4345
11.4705
11.5046
11.5322
11.5473
11.5843
11.6207
11.6421
11.6678
11.6838
11.7148
11.7345
11.7761
11.7976
11.8381
11.8577
11.9049
11.9505
11.9983
12.0443
12.0774
12.1228
12.1581
12.1859
12.2008
12.2343
12.2633
12.2971
12.299
12.3193
12.3335
12.3527
12.37
12.3907
12.4174
12.4466
12.4855
12.5334
12.5912
12.6306
12.6582
12.6986
12.7289
12.7437
12.7688
12.7822
12.833
12.8689
12.9014
12.9411
12.9621
12.977
13.0074
13.0329
13.0625
13.0879
13.1042
13.1293
13.161
13.1915
13.2028
13.2292
13.2565
13.2729
13.2891
13.3139
13.3426
13.3609
13.4001
13.4312
13.4573
13.4731
13.4883
13.5384
13.5507
13.5489
13.5595
13.5841
13.6122
13.6396
13.6752
13.7176
13.7585
13.7911
13.8327
13.8642
13.8919
13.9112
13.9316
13.9508
13.9637
13.9844
14.0175
14.0524
14.0751
14.1103
14.1337
14.1751
14.2108
14.2481
14.2804
14.297
14.3261
14.3422
14.3574
14.3586
14.375
14.3972
14.4134
14.4321
14.4538
14.5012
14.5527
14.5712
14.605
14.6343
14.662
14.6827
14.7007
14.7071
14.7367
14.7626
14.7703
14.7891
14.812
14.8507
14.8978
14.9354
14.9659
14.9972
15.0358
15.0753
15.0897
15.1124
15.1236
15.1635
15.1907
15.2038
15.2361
15.2719
15.3076
15.3316
15.3389
15.3718
15.4053
15.4282
15.4329
15.4511
15.4764
15.496
15.5136
15.5307
15.5604
15.5986
15.6481
15.6863
15.7073
15.728
15.7565
15.7733
15.7794
15.7921
15.8362
15.8616
15.8847
15.9047
15.9439
15.9686
15.9829
15.9958
16.0171
16.0418
16.0636
16.0968
16.1245
16.1534
16.1745
16.19
16.2284
16.245
16.2699
16.3055
16.3207
16.3344
16.3492
16.3585
16.3709
16.3762
16.3717
16.4048
16.4198
16.4493
16.4806
16.5243
16.5682
16.5974
16.6327
16.6554
16.6742
16.6887
16.7046
16.7075
16.7374
16.7583
16.7765
16.7858
16.8117
16.8304
16.8585
16.8873
16.9117
16.9198
16.954
16.964
16.9625
16.9752
17.0165
17.0406
17.079
17.1111
17.1459
17.1743
17.1715
17.1724
17.1846
17.2066
17.2271
17.2501
17.2814
17.3081
17.3305
17.3452
17.3488
17.3579
17.377
17.4164
17.4541
17.4848
17.5226
17.5366
17.5663
17.6033
17.6293
17.6669
17.6361
18.6402
16.6063
17.6323
17.5475
17.4905
17.4788
17.4966
17.5253
17.5356
17.5368
17.6094
17.5497
17.5578
17.5761
17.5188
17.5566
17.5604
17.5429
17.5722
17.5131
17.4677
17.5461
17.6122
17.5928
17.5385
17.5302
17.5474
17.5302
17.5361
17.5298
17.5223
17.5487
17.5485
17.5396
17.5312
17.4976
17.4866
17.483
17.4756
17.4686
17.4522
17.4527
17.4387
17.4238
17.4191
17.4157
17.4194
17.4204
17.418
17.4132
17.4239
17.4202
17.4221
17.4211
17.4148
17.3809
17.3517
17.3427
17.3488
17.3532
17.3546
17.3223
17.3252
17.3071
17.302
17.3119
17.3385
17.3226
17.2915
17.2597
17.2194
17.2095
17.2234
17.255
17.2516
17.268
17.2694
17.251
17.2509
17.2323
16.9625
17.0044
17.19
17.2137
17.1874
17.176
17.1524
17.1396
17.1489
16.6212
18.1805
17.2477
17.9363
17.4956
17.6057
17.7037
17.7669
17.7959
17.8452
17.8708
17.9088
17.9462
17.9848
18.0152
18.0568
18.0989
18.1337
18.182
18.2331
18.2854
18.3362
18.3782
18.4114
18.4556
18.5221
18.5985
18.6769
18.7225
18.7619
18.8228
18.8903
18.9393
18.9768
19.0299
19.0787
19.1288
19.1713
19.2147
19.2541
19.2808
19.3185
19.3815
19.4343
19.4955
19.5398
19.5854
19.642
19.6854
19.7202
19.7902
19.8547
19.9049
19.9611
20.013
20.045
20.0765
20.1251
20.1722
20.2234
20.2829
20.3368
20.3782
20.438
20.4844
20.5324
20.581
20.6387
20.6877
20.7473
20.7907
20.8101
20.8405
20.8824
20.9343
20.9798
21.0298
21.0916
21.1367
21.1724
21.2098
21.2388
21.2811
21.3443
21.3993
21.4425
21.5016
21.5529
21.6014
21.635
21.661
21.7002
21.7503
21.7919
21.8417
21.8863
21.9365
21.9899
22.0458
22.0733
22.1138
22.1443
22.1758
22.193
22.2174
22.2507
22.2892
22.3217
22.3551
22.4055
22.4408
22.4706
22.5334
22.5695
22.594
22.6359
22.6826
22.7265
22.7675
22.8033
22.8584
22.884
22.92
22.959
23.0074
23.0425
23.0791
23.11
23.1432
23.1738
23.2019
23.2409
23.2811
23.3263
23.3541
23.369
23.3865
23.4205
23.458
23.5021
23.5512
23.6065
23.6549
23.7041
23.7208
23.7423
23.7639
23.7987
23.816
23.8258
23.8435
23.8835
23.9239
23.9695
24.0271
24.0713
24.1054
24.146
24.1767
24.2067
24.2365
24.2572
24.2934
24.3252
24.357
24.4018
24.4341
24.4711
24.5032
24.5424
24.567
24.6151
24.6513
24.6749
24.696
24.7347
24.7893
24.8233
24.8521
24.8933
24.931
24.9574
24.9913
25.023
25.0453
25.0749
25.1
25.1143
25.1386
25.1795
25.2067
25.2355
25.2469
25.2676
25.316
25.353
25.3921
25.4429
25.4748
25.5145
25.5361
25.5726
25.599
25.6073
25.6371
25.6848
25.7131
25.7408
25.7729
25.8029
25.8486
25.8559
25.8741
25.8972
25.9426
25.977
26.0085
26.0428
26.0728
26.0859
26.1132
26.1257
26.1437
26.1693
26.1977
26.2144
26.2484
26.2654
26.3046
26.3437
26.3718
26.3961
26.4316
26.443
26.455
26.4736
26.4903
26.5018
26.5182
26.5764
26.6034
26.6265
26.6466
26.6607
26.689
26.7055
26.7373
26.7678
26.7979
26.8199
26.846
26.8655
26.8947
26.934
26.9494
26.9774
27.0103
27.0469
27.0722
27.0912
27.1167
27.142
27.1715
27.2064
27.2285
27.2456
27.2672
27.3013
27.3142
27.3255
27.3611
27.3823
27.3859
27.4171
27.4557
27.4863
27.485
27.5015
27.5336
27.567
27.5904
27.6136
27.6316
27.6496
27.6696
27.6957
27.7361
27.7448
27.753
27.7758
27.794
27.8037
27.8135
27.8377
27.8655
27.8678
27.8882
27.9185
27.9337
27.9546
27.9963
27.9266
29.0562
27.0051
27.904
27.9257
27.9215
27.895
27.869
27.8496
27.7965
27.7838
27.8292
27.7889
27.8241
27.7825
27.7692
27.7683
27.7625
27.753
27.7461
27.7262
27.7302
27.8471
27.8475
27.7614
27.6792
27.7022
27.7127
27.7016
27.6928
27.6708
27.6625
27.6426
27.6332
27.6301
27.6177
27.609
27.6088
27.5881
27.5705
27.559
27.5232
27.5098
27.4933
27.4833
27.4635
27.4317
27.4177
27.3994
27.3746
27.363
27.3566
27.3622
27.3522
27.3364
27.3285
27.3147
27.3008
27.2875
27.2754
27.2612
27.2428
27.2258
27.1897
27.1692
27.1523
27.1428
27.1388
27.1461
27.1254
27.1124
27.1167
27.1139
27.1289
27.1197
27.1115
27.0993
27.0964
27.0657
27.0676
27.8117
29.4567
28.7166
27.5533
27.1852
27.1074
27.088
27.0698
26.9213
24.2087
23.9836
26.1732
26.9095
27.0154
27.0104
26.9817
26.9588
26.9377
26.8269
27.0791
26.2233
28.7556
27.0473
27.159
27.2894
27.3579
27.4103
27.4503
27.495
27.5224
27.5805
27.6186
27.6502
27.6878
27.7295
27.7794
27.8274
27.8647
27.892
27.9293
27.97
28.0104
28.0291
28.0563
28.1066
28.1885
28.2385
28.2955
28.3458
28.3961
28.4257
28.4622
28.5215
28.5831
28.6375
28.6897
28.7365
28.788
28.8384
28.9109
28.962
29.009
29.0529
29.0978
29.1502
29.1882
29.2225
29.2739
29.311
29.3598
29.4166
29.4459
29.4787
29.5151
29.5453
29.5821
29.6105
29.6622
29.7121
29.7493
29.7804
29.7995
29.8306
29.873
29.9093
29.9539
30.0094
30.0584
30.0826
30.1134
30.1613
30.2086
30.2607
30.2935
30.3238
30.3479
30.3707
30.4038
30.4361
30.457
30.4857
30.5363
30.5726
30.6091
30.6447
30.6692
30.6862
30.7248
30.778
30.8134
30.856
30.8716
30.895
30.9323
30.9627
31.0094
31.048
31.0779
31.1125
31.1437
31.1593
31.1589
31.183
31.2393
31.3021
31.3355
31.3619
31.3937
31.4252
31.4512
31.4664
31.4826
31.5118
31.5336
31.5716
31.5751
31.6104
31.64
31.6589
31.6836
31.6953
31.7251
31.7513
31.7699
31.7889
31.8322
31.861
31.8743
31.9082
31.935
31.9559
31.9732
32.0135
32.0448
32.0761
32.1033
32.1245
32.1408
32.1673
32.1901
32.2373
32.2636
32.2929
32.3212
32.3446
32.3429
32.3545
32.378
32.3862
32.4184
32.4515
32.4757
32.5108
32.5353
32.5482
32.5472
32.5596
32.5834
32.5738
32.5837
32.6003
32.6303
32.6331
32.6631
32.6832
32.7137
32.7356
32.7635
32.804
32.8257
32.8442
32.8547
32.8663
32.8869
32.893
32.8947
32.8936
32.9151
32.933
32.9266
32.9394
32.9504
32.9739
32.9863
33.0069
33.0418
33.0523
33.0735
33.0904
33.0808
33.108
33.1282
33.1509
33.1476
33.1805
33.1943
33.2124
33.2079
33.2132
33.2184
33.2407
33.2455
33.2685
33.2908
33.3151
33.3551
33.3661
33.3906
33.3937
33.3868
33.4106
33.4277
33.4464
33.4484
33.4668
33.4869
33.4934
33.4993
33.4943
33.5035
33.5055
33.5066
33.5236
33.5336
33.5548
33.5597
33.567
33.5874
33.6103
33.6118
33.616
33.613
33.6277
33.6367
33.6394
33.6465
33.6618
33.6797
33.6895
33.7137
33.7332
33.7481
33.7743
33.7831
33.7871
33.7985
33.8154
33.8046
33.801
33.7921
33.7856
33.7839
33.7967
33.7945
33.8086
33.8148
33.8184
33.8266
33.8448
33.8534
33.8712
33.8881
33.8929
33.8992
33.9043
33.9153
33.9101
33.9127
33.9171
33.9193
33.9202
33.9486
33.9738
33.9899
34.0021
34.0326
34.034
34.0376
34.0606
34.0742
34.0971
34.1161
34.1337
34.1456
34.1492
34.1481
34.1534
34.1411
34.1514
34.1544
34.1534
34.1644
34.1773
34.2026
34.2281
34.2481
34.2725
34.2904
34.3052
34.3322
34.3522
34.5093
33.885
34.2118
34.1636
34.1286
34.1063
34.1252
34.122
34.0954
34.0883
34.0819
34.0584
34.0372
34.014
33.9771
33.9641
33.9542
33.9395
33.9285
33.9094
33.8905
33.8599
33.8392
33.8153
33.7867
33.76
33.7501
33.7496
33.7371
33.726
33.7097
33.7013
33.6871
33.6394
33.6236
33.5988
33.5715
33.5568
33.5347
33.5332
33.5306
33.5129
33.5055
33.5062
33.4836
33.4586
33.4244
33.3976
33.3786
33.3463
33.3233
33.276
33.2554
33.2296
33.2188
33.2038
33.1838
33.1802
33.1608
33.1372
33.1188
33.0997
33.0784
33.0597
33.0288
33.0205
32.989
32.9648
32.9371
32.9236
32.9098
32.9041
32.8971
32.8775
32.8501
32.8355
32.82
32.8056
32.7871
32.7687
32.747
32.731
32.6857
32.6542
32.6309
32.6025
32.5701
32.548
32.5192
32.4938
32.457
32.4377
32.3992
32.3892
32.3897
32.3886
32.3853
32.3851
32.3657
32.343
32.3054
32.2576
32.2185
32.1966
32.1818
32.1886
32.1875
32.1709
32.1733
32.15
32.1075
32.0775
32.0585
32.0382
32.0191
32.0231
32.0172
32.0143
32.0131
31.9824
31.9716
31.946
31.9182
31.9099
31.8979
31.8879
31.8632
31.831
31.8026
31.7643
31.7441
31.7203
31.7013
31.6921
31.6931
31.6944
31.6785
31.6563
31.6341
31.6161
31.5821
31.5481
31.5452
31.5274
31.5225
31.5136
31.5093
31.5047
31.496
31.477
31.4639
31.4353
31.4028
31.3774
31.3365
31.3194
31.3015
31.2773
31.2573
31.2358
31.2081
31.19
31.1955
31.1742
31.1499
31.1163
31.0961
31.0834
31.0726
31.0553
31.0433
31.0295
31.0048
30.9687
30.9503
30.937
30.9155
30.8893
30.8778
30.8521
30.8358
30.8189
30.8111
30.7953
30.7839
30.7885
30.7967
30.7929
30.7641
30.7437
30.7212
30.6929
30.6658
30.6465
30.6056
30.5893
30.5961
30.5611
30.5424
30.5303
30.5378
30.5201
30.5083
30.5005
30.4888
30.46
30.4303
30.4055
30.399
30.3803
30.3675
30.3559
30.335
30.3184
30.2901
30.2861
30.2661
30.2362
30.2223
30.2087
30.1891
30.1638
30.1469
30.1244
30.1034
30.0837
30.0706
30.0567
30.0503
30.0427
30.0254
30.012
29.9898
29.9699
29.9509
29.9509
29.934
29.9151
29.898
29.8974
29.8672
29.8383
29.8109
29.8101
29.8042
29.7801
29.7594
29.7505
29.7374
29.7165
29.6887
29.6807
29.6738
29.6605
29.6436
29.6294
29.6283
29.6144
29.5927
29.5933
29.5571
29.5458
29.5314
29.5113
29.4926
29.4659
29.4615
29.4589
29.4571
29.4264
29.4001
29.375
29.3474
29.3223
29.2984
29.288
29.2764
29.272
29.247
29.225
29.1973
29.1875
29.1875
29.1769
29.1609
29.1501
29.1208
29.0915
29.0744
29.0605
29.0586
29.042
29.0288
29.0181
29.0094
28.9976
28.9959
28.991
28.9777
28.9604
28.9258
28.9063
28.881
28.8546
28.8302
28.8321
28.8246
28.8042
28.7819
28.7676
28.7534
28.7306
28.7173
28.6886
28.666
28.6543
28.6291
28.6264
28.6046
28.5876
28.5762
28.5737
28.5485
28.548
28.5434
28.5352
28.5254
28.5192
28.5176
28.497
28.4853
28.4684
28.4586
28.4309
28.4209
28.4155
28.3889
28.3776
28.3691
28.3745
28.3458
28.3461
28.3363
28.32
28.3
28.2772
28.2364
28.2018
28.2027
28.1853
28.1765
28.1579
28.1494
28.146
28.1214
28.0948
28.0752
28.0451
28.0155
27.9926
27.969
27.9712
27.9796
27.9722
27.9629
27.9437
27.9402
27.918
27.9052
27.8772
27.8738
27.8643
27.8447
27.8313
27.839
27.8259
27.8086
27.7917
27.7871
27.7744
27.7505
27.7552
27.7451
27.7242
27.7101
27.6992
27.6933
27.6593
27.6326
27.6095
27.6099
27.5889
27.5704
27.5445
27.5187
27.4956
27.4655
27.4332
27.4024
27.3769
27.3577
27.3386
27.3175
27.2944
27.2814
27.2803
27.2994
27.2762
27.2657
27.2682
27.2689
27.2646
27.2554
27.248
27.2564
27.2415
27.2255
27.2184
27.1896
27.184
27.162
27.1456
27.1236
27.1015
27.0871
27.064
27.0464
27.0356
27.0079
27.0016
26.9695
26.9595
26.9571
26.9391
26.9349
26.918
26.8945
26.8739
26.853
26.8268
26.8124
26.7896
26.79
26.7979
26.7962
26.7816
26.7876
26.7789
26.7594
26.7443
26.7193
26.7112
26.6998
26.6864
26.6685
26.6552
26.6283
26.6317
26.6251
26.6202
26.6081
26.6147
26.5992
26.5937
26.5819
26.5597
26.5366
26.5139
26.4953
26.4765
26.4627
26.4582
26.4196
26.399
26.382
26.3604
26.3349
26.3067
26.2847
26.276
26.2741
26.2734
26.2526
26.2404
26.2199
26.1998
26.1946
26.1982
26.1942
26.1958
26.2015
26.2175
26.2157
26.2075
26.1877
26.1569
26.1223
26.108
26.0825
26.0715
26.0673
26.0634
26.0549
26.0453
26.0507
26.0398
26.0263
26.0257
26.0329
26.0215
26.0065
25.9899
25.9756
25.9413
25.9114
25.8984
25.8942
25.8731
25.8626
25.8575
25.8604
25.8395
25.8282
25.7958
25.7865
25.7776
25.7572
25.7422
25.7341
25.7278
25.7245
25.7035
25.6835
25.6723
25.6655
25.6452
25.6286
25.6315
25.6245
25.5992
25.5843
25.583
25.5903
25.5719
25.5628
25.5391
25.5074
25.497
25.4766
25.4473
25.4367
25.4161
25.3966
25.3735
25.3442
25.3289
25.3096
25.3073
25.2858
25.2614
25.2376
25.2209
25.2119
25.1785
25.1507
25.127
25.1263
25.125
25.1153
25.1143
25.1221
25.1312
25.1268
25.1161
25.1006
25.1006
25.0864
25.0593
25.0474
25.0301
25.0147
24.9899
24.9801
24.9785
24.9529
24.9364
24.9229
24.9006
24.8836
24.8691
24.8782
24.8686
24.8687
24.8738
24.8628
24.843
24.8137
24.7927
24.7667
24.7327
24.716
24.7021
24.6987
24.6861
24.6769
24.677
24.6843
24.6938
24.6849
24.6767
24.6723
24.6574
24.6436
24.6275
24.6204
24.608
24.6037
24.5986
24.5849
24.5602
24.5484
24.5419
24.5274
24.534
24.5263
24.5319
24.5526
24.5289
24.5192
24.493
24.4593
24.4471
24.4337
24.4356
24.4064
24.3867
24.3881
24.3843
24.3683
24.3575
24.3472
24.3413
24.3268
24.3078
24.293
24.2969
24.2876
24.2854
24.2793
24.2696
24.2638
24.2656
24.2449
24.2255
24.205
24.1946
24.1859
24.1835
24.1747
24.1563
24.1593
24.1582
24.1383
24.1135
24.0968
24.0633
24.0486
24.0175
24.0005
23.9777
23.9669
23.9627
23.9539
23.9442
23.9263
23.9066
23.9124
23.9054
23.9062
23.8841
23.8794
23.8601
23.8337
23.8144
23.8013
23.7973
23.785
23.7701
23.7665
23.7594
23.7257
23.7111
23.692
23.7089
23.6917
23.6819
23.6791
23.6782
23.6682
23.637
23.6251
23.607
23.5893
23.5711
23.5557
23.554
23.5488
23.5593
23.542
23.5301
23.52
23.5182
23.4992
23.4863
23.469
23.4597
23.4462
23.4424
23.4451
23.4273
23.4144
23.3936
23.3721
23.3428
23.3151
23.3015
23.2916
23.2817
23.2831
23.2741
23.2668
23.2576
23.2184
23.1975
23.1665
23.1574
23.1388
23.1465
23.1525
23.1649
23.168
23.147
23.146
23.1372
23.1174
23.0877
23.0639
23.0487
23.0276
23.0192
23.0205
23.0325
23.0299
23.027
23.0127
23.0015
23.0006
22.9786
22.9571
22.9657
22.9475
22.9157
22.8971
22.8805
22.8743
22.8685
22.8539
22.8471
22.836
22.8426
22.8361
22.8225
22.8344
22.8345
22.8282
22.8311
22.835
22.8158
22.8102
22.798
22.7886
22.7625
22.7465
22.7527
22.733
22.7192
22.7075
22.6887
22.6756
22.6486
22.6261
22.5999
22.5728
22.5731
22.5653
22.5537
22.5387
22.5167
22.5012
22.4835
22.4684
22.4489
22.4411
22.4371
22.4257
22.4085
22.4101
22.4087
22.3893
22.3905
22.3877
22.3827
22.3789
22.3721
22.3721
22.3467
22.3277
22.3271
22.3295
22.3164
22.2917
22.2931
22.2973
22.2862
22.2601
22.2703
22.2745
22.2831
22.2715
22.262
22.2488
22.2219
22.2188
22.1916
22.1952
22.1885
22.1816
22.1783
22.1958
22.1933
22.1855
22.168
22.1596
22.1392
22.1178
22.0875
22.0771
22.0575
22.0529
22.0586
22.0518
22.0616
22.0709
22.0746
22.0578
22.0412
22.0234
21.9907
21.9556
21.9483
21.9378
21.9443
21.9247
21.9049
21.8951
21.8854
21.8672
21.8477
21.8458
21.8472
21.847
21.8471
21.8472
21.8287
21.8149
21.8085
21.8077
21.8013
21.8032
21.7983
21.7835
21.7556
21.7427
21.7266
21.7182
21.707
21.6997
21.7031
21.688
21.6772
21.6833
21.6718
21.6699
21.6403
21.627
21.6308
21.6195
21.6155
21.6279
21.62
21.6063
