1.09705
1.14233
1.11804
1.08057
1.03638
0.975464
0.917236
0.850098
0.801147
0.751953
0.709473
0.662109
0.665283
0.661865
0.647705
1.31567
1.65552
1.05432
0.542603
4.54747E-13
-0.498291
-0.950806
-1.44763
-1.88867
-2.25977
-2.59485
-2.88196
-3.2937
-3.9425
-1.53552
39.3455
37.2751
37.4543
38.373
39.3533
40.0837
40.6653
41.004
41.2422
41.4744
41.6736
41.8091
41.9431
42.077
42.2161
42.319
42.427
42.4958
42.6166
42.6985
42.7947
42.8955
42.9666
43.0383
43.0985
43.1459
43.213
43.2947
43.3813
43.4451
43.5123
43.5807
43.6349
43.6935
43.756
43.8177
43.865
43.9333
43.9646
44.0138
44.0642
44.1232
44.1771
44.2361
44.2885
44.324
44.3728
43.7693
41.5533
40.8309
40.6929
41.4446
43.7428
42.7766
44.954
46.9216
47.6143
47.901
48.0559
48.1926
48.348
48.4487
48.5283
48.5677
48.6002
48.6169
48.6345
48.6494
48.6575
48.6555
48.6786
48.6766
48.6588
48.6853
48.7146
48.7361
48.7278
48.7393
48.729
48.7294
48.7391
48.7638
48.7783
48.7864
48.7802
48.788
48.8126
48.8208
48.8271
48.8602
48.8798
48.8798
48.8778
48.8794
48.8876
48.9108
48.927
48.9501
48.9677
49.0204
49.0591
49.1084
49.156
49.1951
49.2354
49.2603
49.2798
49.311
49.3306
49.368
49.386
49.4287
49.4778
49.5021
49.5513
49.6282
49.6997
49.7961
49.8975
49.968
15.3778
6.427
5.53955
5.11963
4.94629
4.91577
4.90747
4.88928
4.86841
4.85046
4.84851
4.85828
4.87158
4.88928
4.93201
4.96301
4.9989
5.06616
5.10864
5.14746
5.16919
5.20483
5.20789
5.25684
5.26538
5.28638
5.29944
5.29614
5.30786
5.30591
5.34705
5.36694
5.38611
5.39624
5.39111
5.40747
5.39905
5.40942
5.41577
5.45483
5.4552
5.45642
5.44153
5.46619
5.4563
5.47278
5.50366
5.51379
5.50525
5.51379
5.5072
5.50085
5.48413
5.48572
5.49536
5.52356
5.53809
5.53638
5.52856
5.51538
5.39111
5.2865
5.21301
5.22083
5.24585
5.35559
5.4939
4.6134
2.51697
3.04309
2.58521
3.98572
7.65601
3.96619
5.30481
5.72583
5.85681
5.96606
5.39575
2.60681
2.62671
2.29468
2.24426
2.2439
2.00403
1.45642
0.935303
2.07397
3.20288
11.4158
12.5576
1.51379
-2.36548
-3.05334
0.882935
3.51538
3.97278
4.19702
4.33411
4.4873
4.67554
4.89233
5.08093
5.19348
5.29163
5.3208
5.3302
5.34546
5.33569
5.30444
5.43372
6.07593
6.60364
6.83069
6.19348
5.43176
4.77161
4.23254
3.85364
3.59387
3.3728
3.15601
2.99231
2.82239
2.65637
2.48254
2.30286
2.1134
1.94348
1.48254
1.04309
-28.3569
-296.459
-285.767
-270.796
-261.637
-258.387
-257.228
-256.839
-256.908
-257.578
-258.588
-259.591
-260.511
-261.202
-261.63
-261.798
-261.839
-261.73
-261.377
-260.766
-260.101
-259.349
-258.558
-257.677
-256.68
-255.664
-254.566
-253.359
-252.158
-250.968
-249.71
-248.38
-247.107
-245.658
-244.361
-243.039
-241.607
-240.187
-238.789
-237.359
-235.945
-234.557
-233.14
-231.669
-230.181
-228.717
-227.179
-225.628
-224.158
-222.668
-221.169
-219.668
-218.234
-216.759
-215.26
-213.771
-212.261
-210.753
-209.261
-207.779
-206.19
-204.712
-203.212
-201.728
-200.228
-198.708
-197.23
-195.785
-194.307
-192.798
-191.299
-189.886
-188.457
-186.952
-185.54
-184.091
-182.562
-181.143
-179.7
-178.249
-176.841
-175.4
-174.027
-172.61
-171.169
-169.79
-168.392
-166.999
-165.622
-164.181
-162.809
-161.421
-160.081
-158.702
-157.39
-156.038
-154.7
-153.281
-151.899
-150.579
-149.19
-147.839
-146.81
-145.393
-144.468
-143.454
-142.356
-141.108
-139.859
-138.576
-137.276
-136.045
-134.589
-133.372
-132.115
-130.726
-129.47
-128.131
-126.817
-125.439
-124.054
-122.826
-121.491
-120.222
-118.938
-117.749
-116.43
-115.167
-113.902
-112.697
-111.457
-110.32
-109.064
-107.888
-106.605
-105.434
-104.287
-103.19
-101.95
-100.819
-99.7474
-98.5416
-97.3392
-96.1998
-95.1318
-93.9775
-92.8311
-91.6787
-90.522
-89.3994
-88.3618
-87.2522
-86.0795
-84.9401
-83.7787
-82.7096
-81.6287
-80.54
-79.46
-78.3799
-77.2705
-76.1709
-75.1233
-74.1528
-72.9923
-71.9106
-70.9498
-69.8408
-68.8405
-67.7817
-66.7377
-65.7799
-64.7885
-63.708
-62.5677
-61.5841
-60.6689
-59.6072
-58.6263
-57.6576
-56.6561
-55.7233
-54.6021
-53.6121
-52.6725
-51.5846
-50.6318
-49.653
-48.7545
-47.8213
-46.8604
-45.9209
-45.9406
-45.7081
-43.1511
-40.649
-39.0585
-37.9307
-36.8132
-35.712
-34.6735
-33.7716
-32.7638
-31.785
-30.9225
-29.9799
-29.0878
-28.2151
-27.3358
-26.4143
-25.4686
-24.6694
-23.8264
-22.9487
-22.0272
-21.1663
-20.3358
-19.5256
-18.6854
-17.8397
-17.0093
-16.1796
-15.4095
-14.5599
-13.6906
-12.7885
-11.9994
-11.1874
-10.3276
-9.52869
-8.71667
-7.96387
-7.24634
-6.40295
-5.646
-4.87366
-3.98779
-3.13501
-2.39331
-1.60376
-0.774048
0.0102539
0.779419
1.50208
2.32117
3.09192
3.88611
4.62512
5.34546
6.09546
6.94153
7.65564
8.39771
9.11646
9.85022
10.5564
11.3337
12.1837
12.9548
13.6169
14.2556
15.0251
15.7947
16.4939
17.2407
17.9451
18.7048
19.3975
20.1232
20.7963
21.5662
22.2537
22.9756
23.6853
24.363
25.1166
25.8357
26.5431
27.174
27.9255
28.674
29.3744
29.9939
30.7341
31.3813
32.074
32.754
33.4532
34.0759
34.8337
35.4841
36.1755
36.8341
37.4681
38.1447
38.7963
39.4435
40.0857
40.813
41.463
42.1115
42.7919
43.3455
43.9744
44.7032
45.3502
45.9829
46.6326
47.2638
47.9208
48.5345
49.1544
49.7618
50.4044
51.006
51.6036
52.2997
52.9825
53.615
54.1626
54.7833
55.3439
56.0646
56.656
57.2506
57.8959
58.4618
59.1232
59.7325
60.3325
60.8829
61.5236
62.1903
62.7325
63.3307
63.9108
64.4419
65.131
65.6724
66.2244
66.8322
67.4403
68.0612
68.615
69.1005
69.6541
70.3146
70.8533
71.4122
71.981
72.533
73.1313
73.7341
74.2618
74.7618
75.3927
75.9696
76.4904
77.0021
77.5889
78.1903
78.7521
79.2506
79.8014
80.3798
80.9337
81.4044
82.033
82.615
83.1219
83.6622
84.172
84.7704
85.3307
85.8698
86.3795
86.927
87.4596
88.0006
88.4303
89.0416
89.5708
90.0743
90.5729
91.0907
91.6119
92.1725
92.6608
93.1591
93.7115
94.2295
94.7705
95.4092
95.9127
96.329
96.7833
97.3619
97.8387
98.3502
98.8893
99.2916
99.8407
100.362
100.831
101.349
101.89
102.37
102.831
103.28
103.773
104.264
104.731
105.221
105.682
106.2
106.649
107.169
107.631
108.09
108.542
109.05
109.551
110.033
110.53
110.97
111.409
111.889
112.339
112.812
113.269
113.741
114.21
114.661
115.151
115.659
116.061
116.475
116.921
117.419
117.878
118.335
118.81
119.259
119.582
120.051
120.571
120.952
121.342
121.782
122.238
122.7
123.079
123.54
124.109
124.56
124.94
125.419
125.819
126.21
126.618
127.056
127.548
128.038
128.46
128.831
129.279
129.69
130.089
130.53
130.979
131.458
131.8
132.161
132.61
133.058
133.419
133.821
134.271
134.71
135.12
135.529
135.931
136.378
136.769
137.148
137.507
137.938
138.38
138.742
139.138
139.567
139.999
140.478
140.558
140.83
141.048
141.217
141.384
141.703
142.018
142.448
142.893
143.265
143.663
144.071
144.475
144.874
145.365
145.842
146.331
146.782
147.168
147.606
148.156
148.596
148.981
149.408
149.821
150.23
150.69
151.105
151.455
151.864
152.264
152.678
153.074
153.436
153.815
154.226
154.599
154.998
155.38
155.759
156.159
156.499
156.862
157.28
157.651
158.027
158.362
158.748
159.109
159.481
159.87
160.251
160.638
160.962
161.29
161.659
162.019
162.358
162.738
163.158
163.498
163.831
164.218
164.602
164.929
165.34
165.722
166.068
166.45
166.869
167.222
167.52
167.842
168.234
168.594
168.957
169.305
169.574
169.924
170.349
170.756
171.138
171.527
171.939
172.211
172.489
172.816
173.188
173.509
173.808
173.195
172.783
174.761
176.593
177.495
178.09
178.616
179.103
179.557
179.944
180.302
180.602
180.929
181.223
181.515
181.816
182.099
182.366
182.679
182.978
183.265
183.555
183.845
184.174
184.473
184.733
184.965
185.256
185.574
185.852
186.095
186.364
186.772
187.082
187.331
187.602
187.914
188.215
188.525
188.826
189.125
189.414
189.664
189.973
190.265
190.535
190.826
191.105
191.393
191.656
191.984
192.264
192.504
192.783
193.058
193.334
193.586
193.865
194.164
194.424
194.703
195.004
195.324
195.613
195.854
196.112
196.432
196.713
196.974
197.244
197.528
197.826
198.084
198.306
198.577
198.885
199.174
199.427
199.687
199.963
200.242
200.515
200.777
201.045
201.32
201.625
201.885
202.161
202.404
202.656
202.914
203.224
203.512
203.777
204.026
204.264
204.563
204.875
205.145
205.391
205.662
205.922
206.176
206.424
206.708
206.932
207.193
207.414
207.643
207.922
208.213
208.492
208.713
208.979
209.242
209.481
209.743
210.03
210.315
210.563
210.814
211.071
211.314
211.592
211.842
212.111
212.368
212.611
212.872
213.141
213.381
213.63
213.863
214.11
214.381
214.613
214.903
215.135
215.404
215.643
215.875
216.14
216.399
216.661
216.863
217.13
217.383
217.625
217.842
218.102
218.352
218.594
218.832
219.102
219.372
219.586
219.803
220.035
220.311
220.572
220.832
221.081
221.303
221.56
221.792
222.051
222.272
222.53
222.794
223.032
223.229
223.438
223.671
223.932
224.172
224.391
224.623
224.883
225.118
225.327
225.536
225.78
226.032
226.293
226.533
226.772
226.989
227.223
227.479
227.749
227.921
228.122
228.358
228.618
228.86
229.06
229.27
229.483
229.731
229.971
230.22
230.473
230.682
230.899
231.148
231.399
231.61
231.813
232.034
232.264
232.504
232.702
232.93
233.133
233.354
233.589
233.811
234.032
234.251
234.481
234.72
234.947
235.179
235.399
235.612
235.821
236.028
236.239
236.497
236.718
236.929
237.14
237.36
237.56
237.743
237.95
238.2
238.411
238.651
238.891
239.118
239.337
239.538
239.721
239.931
240.141
240.359
240.579
240.79
241.011
241.239
241.462
241.681
241.872
242.087
242.269
242.491
242.72
242.94
243.148
243.331
243.536
243.757
243.978
244.197
244.427
244.62
244.81
245.001
245.2
245.412
245.638
245.847
246.017
246.228
246.46
246.695
246.907
247.105
247.299
247.491
247.718
247.911
248.089
248.278
248.499
248.728
248.94
249.127
249.329
249.579
249.816
249.991
250.182
250.39
250.6
250.8
250.979
251.159
251.357
251.551
251.544
251.704
251.621
251.603
251.631
251.751
251.936
252.108
252.277
252.452
252.647
252.869
253.094
253.339
253.574
253.87
254.132
254.369
254.627
254.877
255.176
255.465
255.707
255.96
256.2
256.392
256.603
256.823
257.055
257.284
257.503
257.694
257.906
258.107
258.328
258.525
258.697
258.896
259.078
259.279
259.487
259.718
259.918
260.138
260.337
260.519
260.687
260.903
261.12
261.28
261.478
261.692
261.936
262.126
262.339
262.547
262.738
262.909
263.079
263.267
263.481
263.669
263.85
264.052
264.29
264.521
264.72
264.886
265.087
265.308
265.51
265.702
265.877
266.063
266.225
266.402
266.557
266.733
266.912
267.072
267.286
267.578
267.808
268.048
268.218
268.391
268.599
268.749
268.86
268.97
268.282
267.724
269.349
271.019
271.83
272.326
272.677
272.996
273.264
273.493
273.672
273.862
274.058
274.247
274.422
274.583
274.751
274.922
275.072
275.202
275.322
275.492
275.62
275.785
275.922
276.051
276.233
276.373
276.506
276.653
276.803
276.945
277.081
277.224
277.395
277.554
277.721
277.863
277.994
278.135
278.293
278.435
278.592
278.706
278.844
278.984
279.105
279.254
279.373
279.522
279.682
279.833
279.994
280.136
280.257
280.398
280.528
280.674
280.814
280.947
281.064
281.203
281.347
281.517
281.664
281.805
281.953
282.094
282.236
282.355
282.496
282.633
282.791
282.952
283.082
283.223
283.363
283.517
283.656
283.803
283.947
284.105
284.265
284.416
284.568
284.685
284.832
284.976
285.145
285.267
285.385
285.525
285.682
285.842
286.004
286.151
286.295
286.426
286.576
286.746
286.914
287.063
287.215
287.372
287.522
287.641
287.783
287.979
288.092
288.223
288.332
288.465
288.621
288.762
288.912
289.02
289.178
289.324
289.463
289.582
289.723
289.844
290.004
290.161
290.28
290.43
290.549
290.692
290.839
290.969
291.09
291.251
291.381
291.512
291.611
291.749
291.901
292.069
292.223
292.368
292.504
292.643
292.794
292.93
293.063
293.205
293.352
293.51
293.664
293.811
293.95
294.092
294.233
294.365
294.496
294.64
294.801
294.948
295.061
295.2
295.342
295.493
295.645
295.788
295.922
296.063
296.194
296.326
296.463
296.574
296.708
296.858
296.989
297.149
297.298
297.432
297.553
297.669
297.801
297.97
298.11
298.251
298.359
298.481
298.591
298.72
298.881
298.992
299.131
299.262
299.395
299.544
299.667
299.798
299.947
300.099
300.239
300.37
300.501
300.628
300.765
300.914
301.059
301.18
301.331
301.46
301.617
301.769
301.907
302.06
302.188
302.301
302.429
302.579
302.738
302.88
303.009
303.139
303.28
303.395
303.53
303.643
303.78
303.93
304.049
304.1
319.839
546.022
619.414
626.118
629.489
632.21
634.432
636.167
637.699
639.001
640.182
641.14
642.05
642.862
643.619
644.243
644.882
645.432
645.942
646.494
647.011
647.417
647.896
648.29
648.699
649.07
649.419
649.743
650.06
650.388
650.739
651.032
651.274
651.491
651.8
652.107
652.328
652.525
652.764
652.996
653.188
653.411
653.62
653.809
653.971
654.13
654.3
654.478
654.63
654.8
654.98
655.148
655.329
655.472
655.609
655.74
655.839
655.968
656.089
656.238
656.369
656.438
656.538
656.676
656.771
656.867
657.032
657.202
656.518
653.49
654.269
653.682
654.277
657.522
658.821
656.11
657.223
657.578
657.669
657.857
655.705
654.164
653.915
653.692
653.721
653.728
653.386
652.834
652.676
655.215
659.184
665.43
660.451
650.614
649.068
650.416
656.216
657.307
658
658.398
658.359
654.701
653.475
653.521
653.66
653.777
653.878
653.968
654.053
654.143
654.248
654.378
654.46
654.566
654.646
654.726
654.835
654.935
655.042
655.135
655.23
655.326
655.41
655.501
655.581
655.682
655.753
655.862
655.955
656.011
656.07
656.159
656.25
656.323
656.392
656.466
656.544
656.604
656.682
656.731
656.774
656.813
656.856
656.88
656.919
656.985
657.04
657.099
657.142
657.199
657.231
657.252
657.29
657.328
657.357
657.357
656.582
655.028
654.592
654.439
654.317
654.957
654.781
656.016
652.946
654.947
655.344
654.86
654.613
654.501
654.426
654.323
654.202
654.145
652.282
653.273
654.872
655.744
656.049
656.263
656.431
656.58
656.705
656.86
656.95
657.036
657.087
657.161
657.249
657.329
657.411
657.453
657.439
657.439
657.483
657.525
657.555
657.582
657.622
657.662
657.697
657.743
657.826
657.892
657.98
658.033
658.05
658.07
658.117
658.176
658.241
658.307
658.371
658.391
658.414
658.429
658.463
658.491
658.51
658.561
658.592
658.622
658.669
658.682
658.761
658.821
658.854
658.883
658.916
658.963
658.978
658.984
659.035
659.056
659.087
659.106
659.135
659.154
659.174
659.22
659.242
659.254
659.293
659.326
659.356
659.383
659.416
659.445
659.473
659.497
659.526
659.563
659.61
659.653
659.682
659.695
659.703
659.736
659.739
659.764
659.814
659.834
659.858
659.865
659.912
659.928
659.963
659.983
660.003
660.006
660.004
660.012
660.042
660.091
660.124
660.156
660.169
660.197
660.228
660.248
660.262
660.29
660.323
660.329
660.323
660.336
660.364
660.398
660.411
660.453
660.476
660.49
660.508
660.507
660.553
660.579
660.6
660.595
660.617
660.635
660.646
660.664
660.704
660.716
660.741
660.736
660.736
660.757
660.785
660.816
660.846
660.869
660.896
660.934
660.954
660.945
660.95
660.971
660.975
660.991
661.017
661.042
661.066
661.106
661.141
661.171
661.2
661.22
661.249
661.267
661.3
661.321
661.336
661.373
661.377
661.385
661.409
661.432
661.455
661.467
661.476
661.475
661.478
661.457
661.473
661.494
661.504
661.521
661.552
661.594
661.587
661.607
661.628
661.636
661.647
661.672
661.695
661.703
661.722
661.749
661.76
661.764
661.787
661.805
661.811
661.834
661.849
661.878
661.887
661.898
661.908
661.934
661.965
661.983
661.994
662.001
661.997
661.983
661.987
661.989
662.027
662.065
662.089
662.079
662.096
662.102
662.133
662.136
662.144
662.138
662.156
662.169
662.176
662.174
662.202
662.234
662.262
662.274
662.288
662.325
662.357
662.377
662.37
662.39
662.38
662.369
662.374
662.365
662.367
662.368
662.38
662.408
662.42
662.437
662.465
662.486
662.496
662.515
662.497
662.517
662.535
662.547
662.558
662.569
662.58
662.586
662.597
662.605
662.607
662.625
662.654
662.667
662.667
662.689
662.689
662.697
662.718
662.717
662.736
662.753
662.774
662.796
662.824
662.834
662.846
662.868
662.867
662.865
662.886
662.906
662.917
662.924
662.956
662.988
662.994
662.989
662.999
663.009
663.014
663.017
663.019
663.019
663.02
663.017
663.028
663.032
663.021
663.037
663.047
663.068
663.096
663.099
663.117
663.141
663.131
662.919
662.724
662.399
662.239
662.117
662.051
662.005
662.002
662.009
662.006
662.025
662.033
662.025
662.033
662.035
662.024
662.004
662.011
662.004
661.976
661.943
661.932
661.958
661.962
661.978
661.997
662.038
662.079
662.063
662.079
662.089
662.099
662.125
662.133
662.158
662.184
662.187
662.198
662.198
662.2
662.198
662.205
662.214
662.204
662.22
662.231
662.277
662.681
662.236
662.48
662.889
663.057
663.162
663.252
663.287
663.279
663.323
663.341
663.374
663.432
663.448
663.471
663.501
663.511
663.521
663.529
663.539
663.548
663.587
663.612
663.614
663.635
663.656
663.641
663.628
663.637
663.664
663.657
663.658
663.695
663.688
663.705
663.699
663.702
663.713
663.713
663.718
663.718
663.733
663.729
663.725
663.716
663.723
663.724
663.724
663.737
663.757
663.765
663.793
663.816
663.819
663.828
663.837
663.847
663.85
663.858
663.842
663.846
663.851
663.842
663.838
663.844
663.865
663.876
663.896
663.88
663.896
663.898
663.896
663.911
663.911
663.917
663.919
663.897
663.906
663.914
663.933
663.96
663.981
663.993
664.002
663.996
663.983
664.002
664.029
664.048
664.056
664.077
664.125
664.102
664.097
664.09
664.087
664.077
664.069
664.068
664.07
664.058
664.058
664.05
664.067
664.09
664.11
664.151
664.189
664.199
664.202
664.212
664.223
664.215
664.21
664.205
664.213
664.21
664.216
664.228
664.244
664.257
664.267
664.295
664.288
664.287
664.3
664.288
664.286
664.278
664.26
664.279
664.269
664.283
664.306
664.316
664.344
664.365
664.367
664.368
664.357
664.349
664.347
664.331
664.345
664.365
664.37
664.363
664.385
664.388
664.386
664.417
664.445
664.455
664.461
664.47
664.457
664.465
664.458
664.478
664.47
664.481
664.514
664.506
664.525
664.528
664.525
664.527
664.533
664.548
664.549
664.532
664.543
664.546
664.519
664.515
664.517
664.527
664.545
664.535
664.547
664.574
664.578
664.607
664.609
664.244
664.412
664.468
664.479
664.414
664.179
665.06
665.08
665.313
664.106
667.912
669.408
669.654
669.626
669.552
669.403
666.384
664.903
664.299
663.658
663.161
662.751
661.872
660.825
660.378
660.255
669.641
683.62
672.821
654.42
649.66
650.017
655.67
657.099
657.529
657.78
661.146
663.853
664.852
665.338
665.638
665.856
665.969
663.761
658.898
