-0.38778
-0.407189
-0.400549
-0.401696
-0.412292
-0.394012
-0.373761
-0.351446
-0.351184
-0.344787
-0.33222
-0.309045
-0.273407
-0.256634
-0.249744
-0.245697
-0.256933
-0.2453
-0.249035
-0.242328
-0.238989
-0.218231
-0.21308
-0.204858
-0.189575
-0.177716
-0.176398
-0.164301
-0.169903
-0.176196
-0.196258
-0.208136
-0.211792
-0.211761
-0.205304
-0.211542
-0.197101
-0.190411
-0.189563
-0.173364
-0.146045
-0.140735
-0.155841
-0.155682
-0.165619
-0.178357
-0.175525
-0.154053
-0.147558
-0.161804
-0.13927
-0.121356
-0.132672
-0.805409
0.156711
-0.252144
-0.41649
0.270682
-1.94579
0.270644
-1.19519
-1.32705
-1.16195
-1.13279
-1.1555
-1.2124
-1.23104
-1.26102
-1.31885
-1.35674
-1.38441
-1.4123
-1.42891
-1.45201
-1.46578
-1.47473
-1.49494
-1.50754
-1.5207
-1.53901
-1.56323
-1.57432
-1.57985
-1.57599
-1.57768
-1.59189
-1.62597
-1.65487
-1.66705
-1.65142
-1.62773
-1.60495
-1.60493
-1.63956
-1.65596
-1.66982
-1.67429
-1.66347
-1.66275
-1.66768
-1.65212
-1.65526
-1.64886
-1.64353
-1.64072
-1.63829
-1.64893
-1.63798
-1.63604
-1.62735
-1.62819
-1.62753
-1.62643
-1.63206
-1.62706
-1.62722
-1.61916
-1.5983
-1.59322
-1.59932
-1.60768
-1.60753
-1.61742
-1.64365
-1.65858
-1.65143
-1.66628
-1.67222
-1.66083
-1.63983
-1.6517
-1.65575
-1.67166
-1.67081
-1.6733
-1.6764
-1.67239
-1.6584
-1.66807
-1.67955
-1.68791
-1.68929
-1.68569
-1.68768
-1.67123
-1.65848
-1.63671
-1.62246
-1.60128
-1.5952
-1.58992
-1.59872
-1.5924
-1.58857
-1.60173
-1.59966
-1.58132
-1.58409
-1.58656
-1.57927
-1.56224
-1.56779
-1.56246
-1.55568
-1.54246
-1.54608
-1.54247
-1.53046
-1.52866
-1.53635
-1.5514
-1.55623
-1.54875
-1.54746
-1.5424
-1.534
-1.5266
-1.52029
-1.50638
-1.50901
-1.52509
-1.53287
-1.53151
-1.55881
-1.56091
-1.55226
-1.53987
-1.5313
-1.52546
-1.51044
-1.50991
-1.52763
-1.51218
-1.50497
-1.49186
-1.48605
-1.47654
-1.48265
-1.49481
-1.49412
-1.50209
-1.51062
-1.50888
-1.49342
-1.47497
-1.46154
-1.45181
-1.44285
-1.42797
-1.43631
-1.41795
-1.41318
-1.40867
-1.39261
-1.39969
-1.40827
-1.41063
-1.41215
-1.41349
-1.42
-1.41669
-1.3989
-1.39931
-1.40413
-1.39163
-1.37137
-1.36671
-1.37874
-1.37585
-1.39398
-1.41169
-1.44506
-1.44106
-1.41998
-1.41141
-1.40241
-1.39263
-1.37931
-1.36627
-1.36605
-1.36273
-1.35818
-1.35571
-1.35001
-1.36011
-1.36234
-1.36526
-1.35551
-1.34802
-1.35234
-1.34169
-1.34479
-1.33756
-1.32336
-1.30464
-1.2901
-1.28604
-1.27606
-1.2649
-1.26121
-1.266
-1.2825
-1.29302
-1.30693
-1.30489
-1.30851
-1.29424
-1.2803
-1.27429
-1.27433
-1.27115
-1.27195
-1.29377
-1.29927
-1.30317
-1.32172
-1.32823
-1.31625
-1.29817
-1.29807
-1.27699
-1.26236
-1.24312
-1.2485
-1.24707
-1.23012
-1.23972
-1.25911
-1.26646
-1.27845
-1.2804
-1.27643
-1.27137
-1.28599
-1.25746
-1.2369
-1.22426
-1.21829
-1.21278
-1.19145
-1.19171
-1.20826
-1.20966
-1.20158
-1.17252
-1.18245
-1.19022
-1.1696
-1.14885
-1.15372
-1.15596
-1.13506
-1.10984
-1.09301
-1.09145
-1.0876
-1.09028
-1.09594
-1.08033
-1.09558
-1.10599
-1.11779
-1.14017
-1.14947
-1.14127
-1.13416
-1.11653
-1.10632
-1.09674
-1.10355
-1.09869
-1.11143
-1.11693
-1.1186
-1.11721
-1.10379
-1.08853
-1.07418
-1.05262
-1.03676
-1.01693
-1.00827
-1.00455
-0.994555
-0.989654
-0.971582
-0.959649
-0.962085
-0.966193
-0.968457
-0.962286
-0.978393
-0.974053
-0.971557
-0.959607
-0.945337
-0.953253
-0.950055
-0.968231
-1.11627
-1.01227
-1.10781
-1.2076
-1.13666
-1.07595
-1.04328
-1.02186
-1.00111
-1.029
-1.07932
-0.924179
-0.547015
-0.23253
-0.0249667
0.102944
0.199465
0.22079
0.233523
0.257088
0.302474
0.374671
0.45401
0.440854
0.407097
0.405929
0.445652
0.481231
0.487219
0.504321
0.491297
0.497949
0.506378
0.528296
0.554456
0.557318
0.573236
0.571485
0.582428
0.582813
0.596185
0.59613
0.601495
0.61651
0.63634
0.638379
0.666186
0.666882
0.653662
0.643005
0.636249
0.614764
0.612988
0.608837
0.619781
0.612072
0.614367
0.629699
0.653521
0.65454
0.653204
0.663616
0.669451
0.670214
0.678093
0.691698
0.706749
0.707818
0.700152
0.677764
0.669482
0.674834
0.682078
0.718078
0.727508
0.746825
0.773016
0.763592
0.771662
0.771418
0.758759
0.706876
0.672806
0.702605
0.752912
0.758881
0.763709
0.756953
0.771693
0.798796
0.462655
1.13782
0.594717
-0.0591227
0.0650536
0.0586007
0.00883532
-0.0465775
-0.0828742
-0.120209
-0.153698
-0.166174
-0.186133
-0.232379
-0.269811
-0.31029
-0.347704
-0.375682
-0.382011
-0.381517
-0.391642
-0.396391
-0.410557
-0.428496
-0.436388
-0.430235
-0.409965
-0.404698
-0.397844
-0.398894
-0.386937
-0.380358
-0.386058
-0.387029
-0.384435
-0.381896
-0.395397
-0.393395
-0.394981
-0.392247
-0.376024
-0.362206
-0.334642
-0.316802
-0.340288
-0.348693
-0.348051
-0.369506
-0.362383
-0.345317
-0.355743
-0.34616
-0.337145
-0.318908
-0.307622
-0.302917
-0.28709
-0.262957
-0.24157
-0.244042
-0.243822
-0.251732
-0.259062
-0.280059
-0.271136
-0.274291
-0.248474
-0.247252
-0.246374
-0.259941
-0.271783
-0.250671
-0.245574
-0.250854
-0.239885
-0.235468
-0.223015
-0.241118
-0.257885
-0.26372
-0.260528
-0.246612
-0.23291
-0.212567
-0.182446
-0.171527
-0.161786
-0.169311
-0.175127
-0.173968
-0.184441
-0.199377
-0.193407
-0.199139
-0.194964
-0.214123
-0.195861
-0.195898
-0.176238
-0.173095
-0.179211
-0.165044
-0.155151
-0.135986
-0.123901
-0.11098
-0.0857116
-0.0876707
-0.0993464
-0.0974915
-0.0885129
-0.0716912
-0.0702335
-0.0393186
-0.0183101
0.00157475
0.0087961
0.0139345
0.0368104
0.0663087
0.0670598
0.0730591
0.0995117
0.123463
0.11789
0.118494
0.113917
0.120624
0.124659
0.130365
0.148767
0.151179
0.136579
0.123828
0.115687
0.101435
0.0987736
0.0845032
0.0927124
0.10525
0.106568
0.102112
0.111902
0.127033
0.124952
0.116749
0.121009
0.132141
0.153595
0.168134
0.172168
0.185687
0.191053
0.188782
0.195312
0.212195
0.204993
0.211047
0.21081
0.213672
0.22616
0.23208
0.24314
0.270111
0.277894
0.274658
0.276807
0.280213
0.281922
0.266358
0.259742
0.258081
0.264252
0.272034
0.271039
0.287574
0.295215
0.307618
0.328888
0.330371
0.324475
0.324384
0.320893
0.321229
0.330347
0.33415
0.332941
0.355817
0.360651
0.341498
0.350836
0.369348
0.371308
0.376453
0.392059
0.415558
0.426002
0.42312
0.419568
0.42837
0.432135
0.427716
0.422614
0.436292
0.457385
0.452063
0.453619
0.474194
0.489978
0.504175
0.515418
0.528259
0.552716
0.565131
0.559736
0.547668
0.559295
0.569275
0.564349
0.570068
0.578168
0.582098
0.585608
0.574739
0.574512
0.570899
0.566107
0.58139
0.599335
0.620453
0.627869
0.651367
0.666932
0.661969
0.656555
0.659503
0.67146
0.672394
0.682276
0.694141
0.702246
0.723712
0.718732
0.715363
0.713806
0.72522
0.7435
0.754163
0.76095
0.756708
0.772797
0.771045
0.765657
0.744294
0.735224
0.747382
0.739936
0.746997
0.758105
0.774976
0.793262
0.811859
0.811859
0.809601
0.814435
0.817023
0.80683
0.813599
0.829663
0.833881
0.846314
0.84076
0.849903
0.853497
0.862018
0.868464
0.867267
0.873413
0.869037
0.888654
0.891144
0.893494
0.900379
0.911865
0.932953
0.939435
0.943255
0.954041
0.956842
0.964081
0.963593
0.973956
0.979432
0.976783
0.971552
0.957642
0.947162
0.958704
0.952045
0.965809
0.961133
0.87227
1.11173
0.712988
0.632544
0.71831
0.797335
0.815239
0.798948
0.820035
0.860416
0.932209
1.22092
1.59467
1.79081
1.8683
1.89583
1.99699
2.03267
2.05896
2.0788
2.0803
2.09806
2.21119
2.21369
2.20013
2.18226
2.229
2.25954
2.28548
2.32474
2.33582
2.36739
2.39483
2.40029
2.40723
2.41572
2.405
2.39431
2.39038
2.40274
2.41354
2.41027
2.4158
2.43631
2.45298
2.45688
2.48308
2.50251
2.50707
2.52258
2.52771
2.54186
2.53838
2.54008
2.53156
2.51676
2.51999
2.5233
2.52025
2.52537
2.52528
2.53118
2.53375
2.54427
2.56131
2.58462
2.59076
2.59819
2.58652
2.57116
2.56896
2.55152
2.53188
2.54303
2.56768
2.58751
2.59449
2.61342
2.61343
2.64539
2.59064
2.48767
2.47594
2.52184
2.57805
2.60773
2.6127
2.60028
2.62072
2.62726
2.28513
2.80002
2.63603
1.88208
1.93051
1.92363
1.87174
1.83919
1.81521
1.77393
1.7494
1.7035
1.67815
1.65471
1.64475
1.62283
1.60836
1.59025
1.57645
1.55786
1.53665
1.5558
1.54558
1.5471
1.56094
1.57809
1.60907
1.62227
1.64192
1.65328
1.63871
1.60429
1.58587
1.56832
1.53757
1.53749
1.54465
1.55593
1.56352
1.58288
1.60054
1.60937
1.60907
1.60253
1.60724
1.60236
1.60136
1.58989
1.58257
1.59426
1.60573
1.63519
1.66643
1.69473
1.71965
1.71985
1.72095
1.73797
1.71284
1.70263
1.67757
1.65987
1.65107
1.65089
1.65793
1.68041
1.7139
1.73995
1.76213
1.77308
1.75684
1.74665
1.74151
1.72908
1.71519
1.71674
1.74176
1.7622
1.74649
1.74984
1.76722
1.77528
1.76891
1.76207
1.76259
1.75988
1.77728
1.78746
1.78665
1.78225
1.79597
1.80517
1.81385
1.83087
1.84247
1.87247
1.89213
1.88361
1.87894
1.89612
1.90206
1.88829
1.89379
1.9076
1.9283
1.92733
1.91377
1.92195
1.93785
1.94743
1.94916
1.9343
1.93971
1.96398
1.97394
1.97943
2.00306
2.02922
2.04395
2.04915
2.05876
2.08506
2.11412
2.11651
2.14901
2.14479
2.16071
2.17457
2.18323
2.19143
2.19973
2.20245
2.19001
2.18074
2.18382
2.18349
2.19731
2.2155
2.24387
2.26282
2.27851
2.30692
2.32153
2.33948
2.35446
2.35373
2.36292
2.37712
2.37561
2.37441
2.38626
2.39515
2.39606
2.41498
2.42292
2.42128
2.42203
2.42567
2.4279
2.43193
2.44545
2.46873
2.47143
2.47963
2.45858
2.47014
2.46705
2.46931
2.47457
2.48572
2.4957
2.4889
2.49185
2.48444
2.50417
2.51125
2.51678
2.52044
2.51652
2.51963
2.51028
2.49724
2.49466
2.4991
2.49095
2.49364
2.5117
2.52832
2.55156
2.56852
2.60364
2.62246
2.63082
2.63998
2.65521
2.6626
2.67064
2.68411
2.70771
2.72513
2.74483
2.76663
2.78746
2.78978
2.78958
2.8013
2.82334
2.83583
2.84472
2.8622
2.86598
2.85678
2.84436
2.84529
2.85702
2.83676
2.85792
2.88106
2.90366
2.91342
2.90952
2.91045
2.92036
2.92604
2.91578
2.8999
2.89092
2.91257
2.91653
2.91653
2.92412
2.93358
2.94752
2.96945
2.98764
2.98897
3.00467
3.03577
3.03021
3.0228
3.02435
3.03998
3.04644
3.04078
3.04091
3.05733
3.07655
3.07474
3.09382
3.10545
3.10894
3.10898
3.11904
3.12889
3.13896
3.13373
3.14869
3.14328
3.13919
3.15233
3.15388
3.18123
3.2042
3.21669
3.22131
3.22974
3.24786
3.24972
3.2665
3.26756
3.27178
3.27733
3.28177
3.26357
3.2653
3.26241
3.26623
3.27036
3.27928
3.2835
3.28408
3.29172
3.29544
3.29326
3.30858
3.31497
3.31435
3.32553
3.34609
3.35256
3.36888
3.36771
3.38082
3.38745
3.39279
3.38683
3.38289
3.37374
3.3801
3.38143
3.37512
3.2908
3.41525
3.05884
3.05837
3.1498
3.21956
3.23091
3.23368
3.26866
3.25548
3.25519
3.45331
3.78711
4.04934
4.23557
4.31451
4.37975
4.43492
4.54178
4.60279
4.61812
4.59768
4.67692
4.65817
4.64251
4.62819
4.65519
4.66979
4.68157
4.69207
4.7145
4.71926
4.73552
4.7338
4.74562
4.74864
4.74994
4.7653
4.77373
4.78486
4.80095
4.79982
4.80659
4.81336
4.82127
4.82133
4.85193
4.86885
4.88745
4.91576
4.9302
4.92922
4.91583
4.90689
4.90135
4.89673
4.88018
4.86951
4.87002
4.85828
4.8721
4.88348
4.90149
4.91742
4.95873
4.95919
4.96673
4.97777
4.95928
4.95108
4.96493
4.97994
4.99163
5.00984
5.00947
5.00926
4.98368
4.97621
4.96367
4.97702
4.93049
4.86529
4.93892
5.0109
5.02107
5.02096
4.99689
5.00245
5.01457
5.04997
4.70328
5.4022
5.03878
4.20365
4.30859
4.34656
4.35008
4.32082
4.27051
4.22236
4.15969
4.11019
4.08482
4.05643
4.02283
4.01518
3.99963
3.99667
4.00656
4.01394
4.02638
4.03025
4.03032
4.03611
4.04681
4.06832
4.08789
4.10198
4.09982
4.12045
4.13595
4.14097
4.1543
4.19026
4.19656
4.21302
4.20812
4.19961
4.22018
4.22419
4.24554
4.2542
4.26197
4.28165
4.28766
4.29518
4.31624
4.31401
4.32652
4.34068
4.37148
4.38605
4.39571
4.38691
4.39444
4.38809
4.40687
4.41534
4.43458
4.43276
4.43269
4.44493
4.46457
4.4765
4.49527
4.5205
4.5509
4.5719
4.58511
4.59977
4.60205
4.59781
4.58806
4.60204
4.5937
4.60674
4.60136
4.60684
4.62557
4.62927
4.64879
4.67385
4.69956
4.70615
4.71501
4.71979
4.74471
4.74701
4.76481
4.77955
4.77901
4.77748
4.77609
4.76525
4.7594
4.78517
4.79407
4.81741
4.83331
4.8447
4.86694
4.87322
4.89055
4.91206
4.93016
4.94947
4.96548
4.99029
5.02128
5.02853
5.03057
5.02228
5.01435
5.01197
5.0047
5.0025
5.01276
5.03986
5.03932
5.03651
5.03108
5.04443
5.03736
5.03953
5.06451
5.06728
5.07696
5.09019
5.12491
5.15332
5.18199
5.21652
5.2316
5.26635
5.2833
5.30004
5.30789
5.32565
5.36155
5.35638
5.38058
5.40698
5.41297
5.41468
5.40445
5.41245
5.41049
5.40445
5.40552
5.43276
5.43105
5.44597
5.47202
5.48118
5.49335
5.49078
5.49343
5.50955
5.50502
5.49661
5.49896
5.52181
5.54055
5.55248
5.5513
5.55782
5.56548
5.57577
5.57215
5.57095
5.5852
5.59665
5.59971
5.60443
5.61628
5.63526
5.64319
5.63959
5.66574
5.68193
5.68162
5.71036
5.7228
5.74894
5.75072
5.76598
5.77756
5.78676
5.80323
5.81898
5.8339
5.84722
5.85534
5.86779
5.86888
5.86943
5.8717
5.88412
5.89545
5.9085
5.92315
5.93118
5.94824
5.95639
5.96811
5.98605
6.00043
6.00705
6.02335
6.06059
6.066
6.0782
6.0901
6.09025
6.09287
6.09817
6.09722
6.09056
6.09857
6.10186
6.11795
6.12818
6.14846
6.1472
6.1624
6.181
6.18904
6.18769
6.18463
6.18021
6.16005
6.15099
6.1399
6.14952
6.16053
6.15818
6.15748
6.15787
6.16924
6.17626
6.18029
6.17972
6.20937
6.23733
6.2392
6.2392
6.24857
6.272
6.25403
6.25558
6.25751
6.26561
6.27045
6.27767
6.3036
6.31967
6.3416
6.36162
6.37459
6.39131
6.40717
6.42186
6.42435
6.43952
6.44631
6.45045
6.44455
6.45227
6.45639
6.45295
6.43678
6.44427
6.45103
6.45165
6.46381
6.47752
6.50797
6.51047
6.53319
6.54122
6.54051
6.54646
6.5477
6.5564
6.56967
6.57358
6.58334
6.58162
6.57997
6.58881
6.59467
6.59857
6.61852
6.62064
6.62889
6.61966
6.63076
6.6478
6.65091
6.65624
6.66614
6.62495
6.76043
6.39936
6.20859
6.24061
6.30997
6.31264
6.31101
6.31325
6.28647
6.23477
6.39217
6.91224
7.24643
7.42685
7.53377
7.61571
7.63155
7.62115
7.61284
7.63283
7.6774
7.80757
7.85339
7.86702
7.91463
7.97295
8.02263
8.06418
8.10576
8.13568
8.14802
8.14974
8.16107
8.17835
8.17378
8.18573
8.20404
8.20253
8.19757
8.19103
8.21368
8.21353
8.23062
8.23774
8.24923
8.26056
8.24783
8.24467
8.25613
8.24643
8.2556
8.27822
8.28697
8.29871
8.31096
8.32378
8.32771
8.34018
8.33823
8.33639
8.31966
8.30184
8.29935
8.29427
8.28463
8.2908
8.28066
8.2596
8.21177
8.17699
8.15689
8.18417
8.23112
8.25901
8.2736
8.29118
8.30756
8.32249
8.31222
9.51671
10.4118
9.42258
8.43816
8.10023
8.0044
7.96858
7.99623
7.40428
4.91794
5.78999
7.79581
8.18335
8.2423
8.25331
8.23544
8.23726
8.23365
8.12038
8.68213
7.66902
7.99944
7.76018
7.80791
7.8137
7.80104
7.81592
7.83842
7.83957
7.85639
7.84748
7.83033
7.80937
7.81132
7.80171
7.79046
7.78605
7.77184
7.79106
7.81178
7.82197
7.83549
7.84279
7.85273
7.85382
7.87859
7.89915
7.91571
7.92543
7.95328
7.99871
8.00781
8.01839
8.01459
8.00179
7.99921
8.02063
8.0249
8.05508
8.07048
8.08879
8.09915
8.11478
8.12451
8.14218
8.15501
8.14584
8.14665
8.16313
8.15806
8.16542
8.19089
8.21595
8.2451
8.27359
8.29614
8.31263
8.31282
8.33589
8.32233
8.31291
8.3048
8.31236
8.31604
8.31955
8.3194
8.34556
8.37206
8.39362
8.40034
8.41259
8.4377
8.44579
8.45906
8.47877
8.47774
8.47096
8.48712
8.48932
8.50963
8.52487
8.55363
8.57173
8.56658
8.56931
8.59092
8.58986
8.58251
8.60699
8.6158
8.61088
8.60695
8.61672
8.62535
8.62086
8.60635
8.60954
8.60029
8.6091
8.61931
8.62792
8.64618
8.66898
8.69698
8.70994
8.7099
8.7191
8.72242
8.71182
8.69117
8.70552
8.72947
8.72898
8.72988
8.75066
8.77946
8.79645
8.80594
8.80096
8.81957
8.82322
8.81617
8.82198
8.82273
8.84543
8.8623
8.8655
8.87062
8.87231
8.86593
8.87603
8.86728
8.88246
8.88138
8.88216
8.90457
8.89784
8.90686
8.90879
8.93125
8.94271
8.93686
8.93826
8.94949
8.96315
8.95536
8.95934
8.96418
8.96143
8.9642
8.97631
8.98793
9.01691
9.04243
9.05415
9.06046
9.04307
9.05361
9.0513
9.06176
9.05848
9.04658
9.06442
9.05731
9.05899
9.05655
9.07876
9.09775
9.11061
9.11615
9.10943
9.126
9.10574
9.10533
9.095
9.11043
9.11918
9.12436
9.15473
9.18046
9.19926
9.20051
9.21338
9.21185
9.20857
9.21191
9.20673
9.22122
9.22881
9.22615
9.21998
9.22264
9.23271
9.22621
9.21556
9.22193
9.23811
9.2542
9.26465
9.27959
9.29272
9.30895
9.31495
9.31959
9.31513
9.32185
9.31564
9.31142
9.31678
9.33239
9.33397
9.33881
9.34724
9.33348
9.32341
9.32111
9.3357
9.32317
9.33255
9.34404
9.34565
9.35133
9.35208
9.35052
9.36513
9.38193
9.40425
9.40666
9.40029
9.39412
9.39365
9.38177
9.37526
9.37845
9.38965
9.39975
9.3974
9.39647
9.39247
9.38081
9.37352
9.37303
9.37396
9.37982
9.37006
9.38115
9.39412
9.39545
9.38144
9.39698
9.41302
9.4285
9.45084
9.48309
9.51201
9.51299
9.50986
9.51716
9.4999
9.48685
9.46958
9.47366
9.46967
9.46709
9.47757
9.48866
9.48072
9.47704
9.48178
9.46536
9.47029
9.44348
9.43607
9.45342
9.45795
9.46873
9.4706
9.49327
9.5157
9.52107
9.51614
9.51982
9.50975
9.49854
9.48541
9.48107
9.486
9.49701
9.51498
9.53046
9.54395
9.55951
9.5624
9.55897
9.56577
9.56475
9.57523
9.58139
9.57709
9.53402
9.7563
9.24365
9.44454
9.75411
9.74843
9.74564
9.74061
9.73921
9.73813
9.74628
9.76276
9.74469
9.73854
9.74636
9.74051
9.75947
9.74697
9.75186
9.75747
9.76769
9.77268
9.77378
9.76535
9.76278
9.77919
9.80075
9.80088
9.79813
9.81621
9.82474
9.82363
9.80535
9.80419
9.80583
9.81342
9.81885
9.81393
9.81381
9.81302
9.81287
9.80965
9.81497
9.82709
9.8452
9.84583
9.84989
9.83473
9.80637
9.7831
9.75629
9.76162
9.78787
9.80232
9.80552
9.83467
9.86561
9.88608
9.89678
9.89478
9.90175
9.90386
9.89805
9.89661
9.88356
9.87974
9.89349
9.89114
9.882
9.88803
9.88072
9.86265
9.85106
9.84684
9.84192
9.82332
9.81782
9.82394
9.83534
9.8306
9.82451
9.83569
9.84764
9.85936
9.85128
9.86049
9.85364
9.8409
9.82607
9.82029
9.81302
9.79833
9.79189
9.78976
9.78395
9.78559
9.79606
9.80787
9.82225
9.81927
9.82491
9.83632
9.83139
9.82709
9.83459
9.83388
9.82083
9.80951
9.80533
9.81516
9.81497
9.79966
9.81545
9.82536
9.82567
9.82225
9.81834
9.81091
9.80588
9.80814
9.79216
9.7824
9.7598
9.74314
9.71498
9.7016
9.70478
9.70209
9.70209
9.70795
9.70801
9.71365
9.71511
9.70424
9.69881
9.70466
9.6884
9.68478
9.71306
9.72841
9.74269
9.76176
9.76006
9.74599
9.73043
9.71205
9.68176
9.66701
9.65847
9.65892
9.66639
9.65772
9.66266
9.6644
9.67762
9.67002
9.65693
9.681
9.6891
9.68544
9.68779
9.69332
9.67298
9.65051
9.64114
9.62487
9.62518
9.61835
9.63053
9.64256
9.63528
9.63307
9.63289
9.64139
9.63919
9.64177
9.63293
9.63466
9.63684
9.63036
9.64194
9.6517
9.65795
9.66029
9.65108
9.65499
9.6522
9.64846
9.64331
9.63764
9.64412
9.65326
9.64287
9.63373
9.62223
9.62592
9.63037
9.62396
9.62622
9.64656
9.64669
9.63395
9.62357
9.62458
9.61864
9.61561
9.61122
9.6102
9.61145
9.59031
9.59531
9.60291
9.60381
9.59305
9.59415
9.6076
9.60209
9.60576
9.58943
9.58685
9.60443
9.60894
9.62049
9.60692
9.61123
9.6174
9.61624
9.60891
9.60469
9.60049
9.58532
9.5849
9.58021
9.56599
9.54153
9.52585
9.52826
9.51965
9.49755
9.51225
9.51756
9.51028
9.50052
9.49577
9.50451
9.49496
9.49406
9.49392
9.50577
9.52537
9.53372
9.53961
9.5447
9.55405
9.56381
9.5742
9.57113
9.56497
9.58099
9.55968
9.54333
9.52132
9.50873
9.49466
9.48919
9.47419
9.47044
9.47727
9.49823
9.50434
9.50991
9.52005
9.51873
9.51849
9.50771
9.51818
9.50731
9.49896
9.48857
9.47126
9.4715
9.46647
9.47437
9.48475
9.49545
9.50678
9.50935
9.50287
9.49896
9.49958
9.50052
9.50225
9.50349
9.48254
9.47841
9.46927
9.46865
9.48569
9.49155
9.47974
9.4844
9.50175
9.49502
9.49773
9.50443
9.51521
9.50301
9.5038
9.50353
9.47788
9.47469
9.47752
9.48199
9.50233
9.50873
9.52959
9.52302
9.50935
9.48973
9.46238
9.44536
9.44139
9.44521
9.44663
9.45968
9.45857
9.48022
9.47592
9.48631
9.48489
9.48334
9.4974
9.47677
9.46177
9.46091
9.44951
9.43997
9.44326
9.46132
9.45951
9.44583
9.45147
9.44725
9.43513
9.4188
9.42186
9.42279
9.42772
9.42763
9.43646
9.44294
9.46647
9.4599
9.45857
9.43841
9.42024
9.42205
9.39802
9.40756
9.41498
9.42528
9.44006
9.44583
9.46904
9.46377
9.46297
9.48318
9.48294
9.48482
9.47748
9.4883
9.48511
9.47827
9.46904
9.47952
9.46755
9.46677
9.44472
9.4272
9.43332
9.43925
9.41982
9.42154
9.42286
9.43217
9.42999
9.41898
9.43788
9.42412
9.41677
9.40091
9.401
9.40991
9.40725
9.40983
9.41639
9.40328
9.39353
9.37286
9.36669
9.3527
9.34634
9.35949
9.35953
9.3634
9.35816
9.35678
9.35154
9.35248
9.35248
9.34764
9.35186
9.36224
9.35834
9.36069
9.36224
9.37161
9.35035
9.33974
9.34467
9.34076
9.3349
9.33233
9.35194
9.37139
9.39647
9.421
9.44396
9.43371
9.42723
9.41481
9.40571
9.38937
9.37544
9.36317
9.36365
9.3749
9.35599
9.35443
9.34622
9.34153
9.33295
9.32256
9.31834
9.31345
9.31461
9.30129
9.31074
9.32265
9.33201
9.3242
9.33428
9.3306
9.33388
9.34764
9.36677
9.37028
9.3642
9.37147
9.37068
9.35474
9.34138
9.33255
9.32021
9.31013
9.29895
9.29544
9.31856
9.31248
9.29864
9.29091
9.27919
9.27299
9.25165
9.24302
9.25979
9.2644
9.27772
9.28585
9.2989
9.291
9.28701
9.27888
9.27138
9.2681
9.25088
9.23046
9.20794
9.2093
9.22674
9.21287
9.22226
9.24202
9.25748
9.25896
9.25427
9.25926
9.24913
9.24599
9.24177
9.2499
9.24111
9.24822
9.24115
9.21762
9.197
9.1802
9.17435
9.16715
9.15083
9.16209
9.16365
9.15419
9.14544
9.13311
9.13713
9.13098
9.13124
9.13373
9.12849
9.1196
9.14037
9.14723
9.14833
9.16209
9.16458
9.16787
9.17279
9.17607
9.19467
9.22007
9.23334
9.24585
9.23591
9.23489
9.23196
9.22581
9.22748
9.23803
9.23525
9.24329
9.24137
9.22824
9.21239
9.2099
9.20103
9.19344
9.19623
9.22006
9.21775
9.22183
9.21771
9.23178
9.22748
9.22419
9.22357
9.21208
9.21044
9.21599
9.21434
9.23054
9.23889
9.25655
9.24998
9.24483
9.24061
9.23826
9.22708
9.21145
9.20435
9.21287
9.2056
9.20302
9.20897
9.20076
9.19091
9.1949
9.18527
9.1763
9.1763
9.16911
9.17186
9.18202
9.18295
9.18077
9.1871
9.17123
9.16213
9.16652
9.16897
9.16982
9.14539
9.13803
9.14585
9.12966
9.12201
9.10896
9.11458
9.132
9.12255
9.14545
9.14967
9.15756
9.15584
9.1474
9.13466
9.1142
9.11655
9.12303
9.13546
9.14686
9.14802
9.15912
9.14833
9.16271
9.1617
9.14372
9.13537
9.12161
9.12818
9.12889
9.12005
9.12068
9.12427
9.13608
9.13435
9.13959
9.13528
9.13373
9.12787
9.13044
9.12334
9.12068
9.0956
9.08646
9.08428
9.08881
9.08162
9.06537
9.06928
9.08552
9.08646
9.09404
9.09467
9.09622
9.10146
9.10811
9.10405
9.09953
9.10092
9.10483
9.10469
9.09941
9.08646
9.08331
9.07749
9.05552
9.04881
9.05521
9.05068
9.05037
9.04482
9.05272
9.04801
9.02622
9.01455
9.01775
9.02928
9.02036
9.03127
9.05386
9.04481
9.05756
9.06888
9.0699
9.03426
9.03647
9.03412
9.02959
9.00975
9.01694
9.03256
9.04388
9.03998
9.03474
9.03834
9.04287
9.05334
9.04482
9.0517
9.07709
9.09506
9.10154
9.10639
9.12108
9.13607
9.10848
9.0881
9.07873
9.09233
9.08357
9.08295
9.08232
9.09178
9.09129
9.07731
9.05871
9.05223
9.04482
9.04326
9.05281
9.06146
9.04912
9.04819
9.05054
9.04029
9.03013
9.03412
9.04388
9.03887
9.02027
9.04272
9.05091
9.03685
9.04779
9.05703
9.04983
9.04131
9.02983
9.01889
9.01068
9.01885
9.01184
9.01893
9.01614
9.0128
9.02045
9.01694
9.01545
8.99888
8.99709
8.99568
8.96822
8.96048
8.94614
8.9492
8.94912
8.95795
8.96709
8.96771
8.9635
8.96217
8.9785
8.97419
8.97606
8.96731
8.95404
8.9556
8.94974
8.94356
8.94139
8.93802
8.95146
8.96225
8.96287
8.96427
8.97596
8.99238
8.97708
8.97162
8.96576
8.95599
8.95596
8.95578
8.96061
8.96842
8.96865
8.97099
8.98591
8.96887
8.95231
8.93363
8.92084
8.91928
8.90951
8.9013
8.91202
8.90818
8.89607
8.87681
8.85359
8.85877
8.87285
8.86575
8.86592
8.88999
8.90552
8.88712
8.88274
8.89349
8.90153
8.88293
8.87481
8.89585
8.89779
8.8974
8.90326
8.9017
8.91053
8.89857
8.88318
8.87645
8.85443
8.85772
8.86252
8.85487
8.85052
8.82669
8.83955
8.84641
8.83317
8.82434
8.83193
8.82607
8.82224
8.80591
8.78045
8.78256
8.79702
8.79255
8.79478
8.80969
8.81919
8.83201
8.81501
8.79721
8.78959
8.78647
8.79139
8.7874
8.78967
8.79622
8.80068
8.79255
8.78856
8.79154
8.79584
8.78545
8.78442
8.79624
8.79451
8.79388
8.78412
8.78412
8.77435
8.76145
8.74779
8.75811
8.76365
8.7728
8.78585
8.80281
8.79115
8.79373
8.79247
8.79584
8.80951
8.81928
8.82504
8.83304
8.84373
8.8456
8.82012
8.80747
8.80232
8.77777
8.76357
8.75869
8.7586
8.77373
8.77475
8.78061
8.79037
8.78545
8.77971
8.75526
8.74506
8.74506
8.74834
8.75975
8.76459
8.77826
8.78842
8.77693
8.77369
8.76375
8.76499
8.77249
8.76654
8.76976
8.76534
8.78504
