0.324136
0.345105
0.318009
0.29968
0.311283
0.292511
0.287491
0.289905
0.28075
0.269385
0.28133
0.278995
0.269843
0.27702
0.276892
0.276679
0.297669
0.293607
0.294138
0.305597
0.311237
0.313556
0.310635
0.307892
0.308533
0.323901
0.333081
0.340918
0.357269
0.368073
0.382367
0.381592
0.394925
0.398416
0.387521
0.386179
0.366107
0.365823
0.378458
0.400323
0.370893
0.36204
0.44733
0.456997
0.364163
0.369345
0.375134
0.370642
0.360849
0.352561
0.339505
0.318729
0.336221
-0.634395
-0.295146
-0.323166
-0.275274
0.460321
-0.841357
1.70618
-0.331792
0.977904
0.739112
0.787986
0.852527
0.891873
0.928159
0.948123
0.957733
0.959467
0.966074
0.963593
0.982996
0.972608
0.982062
0.983457
0.995847
0.991635
0.983258
0.973734
0.995685
1.02028
1.02821
1.05801
1.07962
1.08364
1.08326
1.0843
1.08813
1.08392
1.06595
1.07865
1.09576
1.09637
1.11866
1.13091
1.14821
1.15282
1.15569
1.14969
1.15104
1.16317
1.1627
1.1563
1.15493
1.15883
1.16044
1.1507
1.16814
1.1795
1.19584
1.2183
1.24322
1.26051
1.27978
1.29688
1.29966
1.29552
1.3086
1.31238
1.29417
1.29121
1.27606
1.29309
1.31791
1.3306
1.35013
1.38356
1.39679
1.39363
1.39292
1.40198
1.40638
1.41901
1.43018
1.45535
1.46891
1.4792
1.48211
1.48657
1.47535
1.49261
1.48685
1.49023
1.48938
1.49981
1.51942
1.52549
1.5504
1.56328
1.55657
1.53974
1.54933
1.5555
1.55822
1.5551
1.56262
1.57102
1.58213
1.57288
1.55955
1.56542
1.57913
1.59885
1.61613
1.6334
1.64636
1.65909
1.66003
1.65225
1.66116
1.6598
1.67178
1.6635
1.66497
1.67209
1.7042
1.72953
1.74191
1.77476
1.79816
1.82027
1.81714
1.81571
1.82553
1.8245
1.83936
1.85615
1.86987
1.89456
1.89885
1.90424
1.91017
1.92323
1.94081
1.94966
1.9534
1.96027
1.97094
1.965
1.97687
1.98901
2.00158
2.01624
2.03118
2.0503
2.06955
2.07854
2.07289
2.07438
2.07074
2.06511
2.05977
2.06505
2.06964
2.07881
2.10842
2.11334
2.1163
2.11246
2.13265
2.13362
2.13199
2.14351
2.16866
2.17476
2.19037
2.21407
2.23098
2.23799
2.26437
2.28357
2.29485
2.30753
2.32057
2.3354
2.35374
2.36633
2.3726
2.38395
2.39409
2.39468
2.39749
2.39906
2.39644
2.40321
2.42096
2.43098
2.44724
2.46136
2.48516
2.49479
2.5111
2.53351
2.52934
2.52711
2.51336
2.52927
2.52096
2.52256
2.52866
2.54949
2.56253
2.56782
2.58025
2.6091
2.62331
2.63129
2.64336
2.64421
2.64456
2.65952
2.68794
2.70439
2.71189
2.72734
2.73452
2.7437
2.74408
2.75706
2.78009
2.78351
2.80274
2.80253
2.8167
2.81229
2.81373
2.8374
2.84774
2.86018
2.86984
2.88691
2.89588
2.88635
2.89603
2.90153
2.90263
2.90864
2.90395
2.90138
2.91241
2.90532
2.90486
2.91935
2.92329
2.94115
2.94756
2.9634
2.96801
2.98228
3.00399
3.02323
3.03768
3.05695
3.08591
3.09775
3.11856
3.12093
3.13065
3.15879
3.15833
3.1763
3.16527
3.16144
3.17937
3.19709
3.19901
3.19558
3.20391
3.2023
3.18653
3.19171
3.20918
3.23399
3.24886
3.26882
3.26884
3.26911
3.26308
3.25457
3.26017
3.26495
3.27754
3.2966
3.31062
3.32245
3.3481
3.34678
3.37129
3.38734
3.3884
3.39379
3.39175
3.39103
3.3852
3.39223
3.40191
3.38969
3.39269
3.30467
5.01653
2.26337
3.43676
3.29664
3.34753
3.34061
3.31745
3.32062
3.2972
3.06034
3.81183
3.35182
3.31959
3.62758
3.10248
3.64305
3.37939
3.34792
3.3603
3.8532
3.43279
3.50437
3.27668
4.10819
3.48862
3.50617
3.26463
3.46569
3.44669
3.43021
3.44577
3.45553
3.47639
3.47472
3.4897
3.48885
3.49961
3.50163
3.49236
3.47412
3.46623
3.43332
3.41592
3.40687
3.39325
3.40645
3.40823
3.41533
3.42511
3.41594
3.41479
3.41672
3.41704
3.41096
3.40414
3.40015
3.40323
3.40177
3.40347
3.40577
3.40814
3.40835
3.39075
3.39091
3.39301
3.39187
3.4244
3.48776
3.57083
3.42639
3.31051
3.41036
3.5131
3.5577
3.56559
3.59685
3.60236
3.63188
3.64659
3.72501
3.43966
3.51374
3.65701
3.6817
3.69027
3.67439
3.65875
3.63536
3.6389
2.95317
4.56062
3.88536
4.08839
4.07668
4.14021
4.17807
4.21343
4.24495
4.27129
4.30135
4.31894
4.35775
4.39023
4.40731
4.42485
4.44301
4.4509
4.46559
4.47582
4.4825
4.47578
4.48469
4.49972
4.50271
4.49993
4.51036
4.54877
4.56798
4.56165
4.55109
4.54183
4.55287
4.55066
4.54835
4.56302
4.55872
4.56595
4.5942
4.60611
4.62024
4.63094
4.6317
4.63208
4.64975
4.67308
4.69399
4.7009
4.70715
4.75425
4.75862
4.77138
4.80316
4.81803
4.83387
4.85211
4.86696
4.88591
4.89174
4.90605
4.91742
4.94037
4.94486
4.95898
4.97946
4.97007
4.98099
4.99872
5.02579
5.03088
5.05107
5.0797
5.08839
5.09552
5.08118
5.06874
5.06886
5.07746
5.09748
5.11337
5.12417
5.14932
5.1522
5.17761
5.18195
5.21156
5.22738
5.23608
5.26535
5.29098
5.30927
5.33628
5.35324
5.35808
5.38424
5.38194
5.40523
5.44333
5.46101
5.46826
5.48265
5.49828
5.49349
5.49936
5.50167
5.53297
5.55597
5.57649
5.59975
5.63252
5.64382
5.64386
5.6629
5.68913
5.70465
5.71073
5.71034
5.71002
5.72775
5.76515
5.7717
5.78731
5.80779
5.81869
5.83178
5.82944
5.85883
5.87854
5.8963
5.92073
5.94749
5.98085
5.98912
6.01287
6.03071
6.03719
6.05293
6.06439
6.05771
6.05923
6.07076
6.06963
6.08137
6.08161
6.09729
6.11263
6.13596
6.15598
6.183
6.19592
6.1969
6.21803
6.21919
6.24333
6.26773
6.29695
6.30188
6.32712
6.33336
6.34213
6.34241
6.35731
6.37323
6.389
6.40184
6.42492
6.42311
6.44432
6.46434
6.4844
6.49466
6.50645
6.53217
6.54349
6.55317
6.55567
6.56899
6.59358
6.59798
6.60001
6.6167
6.64001
6.65257
6.67889
6.69739
6.70187
6.70895
6.71553
6.71491
6.71786
6.72141
6.72429
6.73069
6.75019
6.75512
6.7695
6.78585
6.80235
6.82962
6.84115
6.85204
6.87661
6.90298
6.92153
6.93592
6.95364
6.96801
6.99829
7.01057
7.02272
7.04926
7.06026
7.07102
7.07727
7.08868
7.09473
7.11156
7.09838
7.09865
7.11135
7.1125
7.13547
7.15063
7.15
7.16907
7.18653
7.20846
7.23615
7.24828
7.27271
7.28403
7.30487
7.32383
7.34829
7.35715
7.38329
7.38902
7.39132
7.40979
7.40398
7.42212
7.42879
7.45931
7.4794
7.50402
7.53067
7.544
7.55274
7.56034
7.56125
7.54867
7.5508
7.56358
7.5759
7.58657
7.61582
7.63598
7.64867
7.66046
7.6643
7.69067
7.70494
7.72668
7.74973
7.75284
7.7604
7.7632
7.76553
7.78817
7.80374
7.82738
7.83771
7.85783
7.86047
7.86047
7.85473
7.83722
7.85175
7.8386
7.86748
7.88644
7.9166
7.92171
7.92355
7.94142
7.92464
7.91437
7.9351
7.96259
7.99133
8.01018
8.04258
8.07789
8.07441
8.08382
8.09452
8.10067
8.12208
8.12382
8.11877
8.12823
7.96992
9.42066
7.27455
8.20923
8.04343
8.0723
8.02592
7.98348
8.01416
8.00698
7.74571
8.42047
8.08839
7.76252
8.14142
7.80764
8.17108
7.98799
8.0286
8.04561
8.50352
8.1067
8.42203
8.16451
8.68903
8.54056
8.30608
7.96662
8.10705
8.06994
8.07305
8.10943
8.12264
8.12498
8.13616
8.11431
8.10724
8.08799
8.07639
8.06458
8.06332
8.06476
8.05835
8.05206
8.05744
8.05058
8.05955
8.05714
8.05971
8.05169
8.06582
8.07119
8.08897
8.10635
8.09426
8.09108
8.08764
8.09678
8.08559
8.07951
8.07698
8.0802
8.07563
8.08514
8.08508
8.09531
8.09644
8.13258
8.18813
8.23688
7.9485
7.84604
8.023
8.13066
8.15528
8.15697
8.179
8.1776
8.18567
8.21071
8.15642
7.83839
8.06582
8.21266
8.24787
8.22862
8.21916
8.21878
8.22513
8.27353
7.70335
9.16475
8.04626
8.57149
8.53251
8.64659
8.71176
8.74976
8.79437
8.85897
8.89167
8.93245
8.97393
9.00813
9.03909
9.07949
9.0934
9.10546
9.12832
9.14846
9.16946
9.18003
9.19962
9.22444
9.24244
9.26144
9.27719
9.27863
9.29279
9.32071
9.34069
9.34203
9.3586
9.37723
9.39645
9.42245
9.42493
9.45575
9.47182
9.50429
9.52979
9.54904
9.58202
9.60317
9.62952
9.6437
9.6687
9.66868
9.67832
9.69784
9.71621
9.73851
9.77769
9.78385
9.7809
9.78815
9.78803
9.80626
9.81583
9.8195
9.84652
9.84704
9.84355
9.86435
9.88738
9.90413
9.93773
9.95737
9.97503
10.001
10.0307
10.0521
10.0712
10.1066
10.1372
10.169
10.1747
10.1804
10.1989
10.2048
10.2281
10.2491
10.2537
10.2653
10.2793
10.2845
10.2935
10.2996
10.3274
10.3629
10.4046
10.4466
10.453
10.4758
10.5014
10.504
10.5109
10.5107
10.5389
10.5522
10.5568
10.5858
10.6127
10.6304
10.6349
10.653
10.6696
10.6811
10.7085
10.7272
10.7533
10.7698
10.7839
10.8074
10.8192
10.8237
10.8338
10.8492
10.8725
10.8978
10.9031
10.9152
10.9341
10.947
10.9597
10.9791
11.008
11.0465
11.0613
11.0797
11.0939
11.1244
11.1115
11.1284
11.1527
11.1805
11.1914
11.2065
11.2347
11.2753
11.2983
11.3282
11.3568
11.3826
11.3954
11.4086
11.4273
11.4459
11.4751
11.487
11.4996
11.5048
11.5205
11.5241
11.5316
11.5375
11.5551
11.5706
11.5914
11.6143
11.6198
11.649
11.6626
11.6639
11.6603
11.6588
11.6586
11.6749
11.6929
11.7154
11.7402
11.7919
11.8277
11.8625
11.8862
11.891
11.9246
11.939
11.9394
11.964
11.986
11.9991
12.0217
12.0377
12.0428
12.0493
12.0634
12.0831
12.102
12.0992
12.1173
12.1519
12.1717
12.1986
12.2115
12.2479
12.2496
12.2649
12.2545
12.2513
12.2442
12.2565
12.2755
12.2893
12.3069
12.3443
12.3536
12.3621
12.3702
12.3971
12.4093
12.4332
12.4544
12.4685
12.4869
12.5095
12.5031
12.5203
12.5382
12.5582
12.5602
12.5545
12.5861
12.6003
12.6191
12.6452
12.6765
12.6901
12.7076
12.7262
12.7323
12.7327
12.7387
12.7512
12.7589
12.7617
12.7796
12.8017
12.8281
12.8522
12.886
12.906
12.9175
12.9286
12.9379
12.9353
12.9248
12.9294
12.9339
12.9459
12.9576
12.9709
12.9725
12.9967
13.008
13.0066
13.0068
13.0104
13.0275
13.0572
13.0831
13.1114
13.1432
13.1738
13.1928
13.2047
13.2092
13.2127
13.2272
13.2471
13.2683
13.2917
13.3102
13.3196
13.3362
13.3669
13.3824
13.4064
13.4095
13.4275
13.4558
13.45
13.4515
13.4583
13.4616
13.4714
13.4869
13.5075
13.5274
13.5554
13.5799
13.591
13.5974
13.6028
13.6096
13.6184
13.6286
13.6495
13.6677
13.6974
13.7256
13.6453
15.2352
12.431
13.6164
13.5411
13.556
13.5435
13.4778
13.5084
13.4716
13.2852
13.9618
13.6013
13.3084
13.7451
13.3347
13.801
13.5306
13.5415
13.6234
14.0797
13.8171
14.3435
13.9699
14.2814
14.7938
15.0558
13.7451
13.5761
13.5369
13.498
13.4778
13.4738
13.4701
13.4587
13.4613
13.4548
13.4377
13.427
13.4243
13.4286
13.4184
13.4316
13.4326
13.4464
13.4439
13.4384
13.434
13.4338
13.4245
13.3985
13.3966
13.3787
13.3676
13.3609
13.3844
13.3886
13.4073
13.4054
13.3934
13.4078
13.4095
13.3869
13.3688
13.3502
13.3438
13.3684
13.3872
13.504
13.6911
13.2425
13.1428
13.3216
13.3979
13.4006
13.3867
13.3875
13.3925
13.4044
13.4577
13.289
13.0015
13.2159
13.349
13.3561
13.3671
13.3585
13.3587
13.3526
13.3727
12.7474
14.258
13.4432
13.4681
13.7303
13.8494
13.9177
13.9797
14.0502
14.1035
14.1524
14.1972
14.2239
14.255
14.2895
14.3477
14.384
14.4454
14.4791
14.5333
14.5785
14.6004
14.6125
14.6266
14.6481
14.6856
14.7271
14.779
14.8302
14.8789
14.9311
14.9507
14.9873
15.0392
15.066
15.0838
15.1176
15.1277
15.1407
15.195
15.2323
15.2976
15.3568
15.3979
15.4575
15.488
15.5152
15.5463
15.5562
15.5762
15.6217
15.6642
15.7011
15.718
15.7425
15.7647
15.7677
15.785
15.7962
15.8288
15.85
15.8727
15.9007
15.9309
15.9503
15.9821
16.0078
16.0407
16.0692
16.0905
16.1241
16.1585
16.1959
16.2267
16.2506
16.2874
16.3022
16.3284
16.3524
16.3876
16.4219
16.4512
16.4994
16.5296
16.5632
16.5785
16.6019
16.6282
16.6484
16.6713
16.7148
16.767
16.7737
16.7897
16.8304
16.8453
16.8708
16.9082
16.9371
16.9769
17.0091
17.0399
17.1039
17.1255
17.1602
17.1728
17.1917
17.2037
17.2253
17.2456
17.2641
17.2879
17.3119
17.328
17.3557
17.3729
17.4013
17.427
17.468
17.5155
17.5451
17.5716
17.6058
17.627
17.6615
17.6708
17.6985
17.7339
17.7553
17.7865
17.8118
17.8428
17.8775
17.9033
17.9236
17.9379
17.9443
17.9606
17.973
17.9842
18.0007
18.051
18.0901
18.1179
18.1506
18.1757
18.1985
18.2255
18.2575
18.289
18.3016
18.3219
18.341
18.3619
18.3874
18.4079
18.4315
18.4534
18.4904
18.5007
18.5023
18.5044
18.5513
18.5861
18.6063
18.6401
18.676
18.7041
18.7171
18.722
18.7478
18.7607
18.7898
18.8188
18.8354
18.8606
18.8763
18.8976
18.9109
18.9343
18.9666
19.006
19.0142
19.0285
19.045
19.0554
19.0603
19.0748
19.0866
19.1028
19.1375
19.1511
19.1791
19.2083
19.2239
19.2506
19.2441
19.2577
19.2944
19.3022
19.3144
19.3294
19.3451
19.3708
19.3729
19.394
19.4197
19.435
19.4676
19.486
19.5097
19.5387
19.5759
19.6076
19.6244
19.6317
19.6448
19.674
19.6814
19.6888
19.6957
19.7345
19.7518
19.7492
19.7649
19.8069
19.8215
19.8241
19.8577
19.89
19.9212
19.9339
19.9417
19.9571
19.9725
19.9753
19.9735
19.9766
19.9978
20.0241
20.0409
20.0696
20.1014
20.1282
20.1424
20.1567
20.1703
20.1664
20.1742
20.1732
20.1864
20.2112
20.2128
20.2303
20.2518
20.2751
20.2883
20.3147
20.3311
20.3508
20.3671
20.3896
20.4124
20.4211
20.448
20.4614
20.4705
20.4831
20.4928
20.5124
20.512
20.5275
20.5526
20.5551
20.5768
20.6134
20.6366
20.6532
20.6697
20.6956
20.7366
20.7613
20.7712
20.7915
20.8017
20.8282
20.8201
20.8224
20.8417
20.874
20.8978
20.9172
20.9311
20.935
20.9322
20.9189
20.8962
20.885
20.8865
20.9048
20.9237
20.7828
22.3878
19.8437
20.9188
20.6657
20.6667
20.6554
20.6039
20.5824
20.5299
20.2212
20.8543
20.6278
20.3948
20.7256
20.3701
20.7669
20.4493
20.337
21.3424
20.8662
19.9909
20.2386
21.2874
20.5471
20.4558
19.854
20.2899
20.5409
20.4874
20.4745
20.4778
20.4793
20.4831
20.5021
20.4976
20.4875
20.503
20.4988
20.5128
20.5052
20.4955
20.462
20.4392
20.4317
20.4154
20.4054
20.3823
20.369
20.3693
20.3867
20.3958
20.3986
20.3992
20.4055
20.3832
20.3886
20.3721
20.3786
20.382
20.3787
20.3594
20.3306
20.3082
20.2975
20.2836
20.2831
20.3426
20.4277
20.3391
19.9784
19.9707
20.1788
20.2614
20.2555
20.2583
20.2536
20.2703
20.2682
20.3018
21.9708
22.4637
21.4286
20.592
20.3015
20.2299
20.2179
20.1888
19.6873
17.33
18.2739
19.7856
20.2607
20.3061
20.3062
20.2797
20.2549
20.2467
20.1171
19.9756
20.1152
21.6239
20.3663
20.5036
20.5845
20.6437
20.7212
20.7626
20.8036
20.8127
20.8585
20.9031
20.9567
21.0135
21.0518
21.0909
21.1352
21.1627
21.1876
21.1927
21.2014
21.2263
21.244
21.2666
21.2946
21.3079
21.3315
21.3513
21.3983
21.4125
21.4425
21.4848
21.5198
21.5512
21.5781
21.6033
21.6255
21.6471
21.6687
21.6909
21.7106
21.7421
21.7614
21.7913
21.8147
21.7973
21.8217
21.8565
21.8718
21.8844
21.9169
21.9491
21.9576
21.969
21.982
22.0036
22.0271
22.0424
22.0725
22.0853
22.1137
22.1512
22.1953
22.2322
22.2616
22.3039
22.3342
22.3367
22.3609
22.3742
22.3861
22.4078
22.4046
22.425
22.4504
22.4744
22.4994
22.5038
22.5103
22.5556
22.5806
22.5767
22.5828
22.5994
22.6118
22.6289
22.6625
22.6916
22.7365
22.76
22.7942
22.8119
22.8367
22.8494
22.8525
22.8825
22.9031
22.9035
22.9106
22.9249
22.924
22.9278
22.9393
22.9599
22.994
23.002
23.0269
23.0315
23.0517
23.0635
23.077
23.0886
23.1001
23.1236
23.135
23.146
23.1817
23.2223
23.2561
23.2771
23.2969
23.3258
23.3356
23.3322
23.331
23.3546
23.3739
23.3879
23.3907
23.3908
23.4083
23.417
23.4213
23.4375
23.4459
23.4647
23.4813
23.4754
23.4889
23.4918
23.5103
23.5211
23.5304
23.544
23.573
23.5892
23.5921
23.6109
23.6106
23.6183
23.6327
23.6436
23.6732
23.6925
23.7077
23.7236
23.7481
23.7565
23.7631
23.791
23.7984
23.8007
23.8015
23.7986
23.8097
23.8141
23.8134
23.8369
23.8617
23.888
23.8856
23.8796
23.895
23.9115
23.9378
23.9339
23.938
23.964
23.9719
23.9632
23.9727
23.9896
23.9914
23.9905
23.9909
24.0064
24.0372
24.0486
24.0676
24.0715
24.0929
24.1182
24.1112
24.1215
24.1413
24.1402
24.1476
24.1657
24.1848
24.1883
24.1864
24.1937
24.2076
24.1906
24.1822
24.1974
24.2145
24.2169
24.2335
24.2707
24.2733
24.2986
24.3076
24.3158
24.3195
24.315
24.3362
24.3245
24.3241
24.3027
24.3105
24.3275
24.3323
24.3691
24.3737
24.3961
24.4262
24.4163
24.4293
24.4474
24.4616
24.4616
24.4674
24.4865
24.5015
24.5144
24.51
24.523
24.5252
24.5242
24.5339
24.551
24.5665
24.5817
24.5883
24.5956
24.6143
24.6175
24.6348
24.6368
24.6327
24.6373
24.6212
24.6354
24.6332
24.6287
24.6202
24.6199
24.6234
24.6218
24.6275
24.6508
24.6741
24.6775
24.7013
24.7155
24.7166
24.7184
24.7277
24.7634
24.7833
24.7917
24.8004
24.7932
24.7991
24.7764
24.7638
24.7595
24.7682
24.7676
24.7668
24.7869
24.797
24.8097
24.8083
24.8015
24.8154
24.8141
24.819
24.8112
24.8185
24.8338
24.8201
24.8101
24.804
24.7994
24.8155
24.836
24.8496
24.8742
25.1525
24.9923
24.6549
24.7472
24.6782
24.6687
24.6706
24.6672
24.6591
24.6416
24.6086
24.5918
24.5971
24.5859
24.5759
24.5807
24.5831
24.5763
24.5825
24.5889
24.6022
24.5848
24.5618
24.5551
24.5222
24.4904
24.454
24.4253
24.4055
24.3922
24.3902
24.3787
24.37
24.3706
24.3668
24.3616
24.3441
24.321
24.3026
24.2866
24.2775
24.269
24.2749
24.2648
24.2644
24.2562
24.246
24.2369
24.2183
24.228
24.2211
24.21
24.2105
24.2269
24.2262
24.2196
24.2267
24.2158
24.2096
24.1937
24.1677
24.1539
24.1465
24.1507
24.1378
24.1299
24.1322
24.1189
24.1167
24.0908
24.094
24.0792
24.067
24.0542
24.0406
24.0304
24.0236
24.0259
24.009
24.0066
24.0084
23.9966
23.9831
23.9549
23.943
23.9324
23.9191
23.9152
23.9106
23.8764
23.8576
23.8381
23.8205
23.7908
23.779
23.7761
23.7578
23.7416
23.7262
23.7267
23.7262
23.7184
23.7222
23.7232
23.7066
23.7004
23.6767
23.6725
23.6449
23.6069
23.5954
23.585
23.5747
23.5743
23.5676
23.5568
23.5541
23.5481
23.5372
23.5241
23.5173
23.5255
23.5215
23.5043
23.4975
23.505
23.4995
23.4854
23.486
23.4845
23.4763
23.4532
23.448
23.4315
23.4089
23.4023
23.3936
23.3874
23.3739
23.3649
23.3613
23.3417
23.3143
23.2992
23.2939
23.2813
23.2746
23.2829
23.287
23.2951
23.295
23.2967
23.3134
23.3198
23.3168
23.3136
23.3108
23.3024
23.2869
23.2715
23.2655
23.2502
23.2371
23.2326
23.2078
23.2001
23.1906
23.1846
23.1691
23.148
23.1316
23.1144
23.1138
23.0974
23.0983
23.0934
23.0754
23.0665
23.0469
23.0252
23.0019
23.0089
23.0068
23.0021
23.0178
23.0317
23.0503
23.0325
23.0162
23.009
22.9747
22.9492
22.9463
22.9104
22.8884
22.8751
22.8616
22.8414
22.8249
22.8297
22.8316
22.8083
22.8049
22.7831
22.7688
22.7554
22.7324
22.7178
22.714
22.7174
22.7208
22.7319
22.7287
22.7157
22.6959
22.7051
22.6985
22.6793
22.6657
22.6606
22.6457
22.6458
22.6275
22.6296
22.6343
22.6355
22.6518
22.6421
22.6271
22.6169
22.6075
22.5972
22.582
22.5758
22.5681
22.569
22.5501
22.547
22.5247
22.5147
22.4945
22.4621
22.4519
22.4255
22.4001
22.3903
22.3751
22.374
22.3542
22.3429
22.326
22.3083
22.2926
22.2935
22.2877
22.2774
22.274
22.2614
22.2491
22.2456
22.2375
22.2346
22.216
22.1985
22.193
22.2049
22.2002
22.1857
22.1967
22.1946
22.1957
22.1872
22.1644
22.1583
22.1417
22.1528
22.147
22.1481
22.1431
22.1324
22.1304
22.1138
22.1051
22.0974
22.0836
22.0788
22.0748
22.0591
22.0623
22.0478
22.0439
22.0264
22.0314
22.0357
22.027
22.0343
22.0413
22.0279
22.01
22.002
21.9962
21.9698
21.9572
21.9421
21.9336
21.9372
21.9243
21.9245
21.9075
21.8966
21.8828
21.8558
21.8131
21.7991
21.7618
21.7295
21.7111
21.7197
21.7242
21.7349
21.7408
21.7457
21.7504
21.754
21.7351
21.7082
21.6987
21.6849
21.6702
21.6626
21.656
21.6688
21.6856
21.6675
21.6703
21.6599
21.6553
21.648
21.6466
21.6438
21.6481
21.6318
21.6199
21.6071
21.5881
21.5721
21.5416
21.5401
21.5277
21.5317
21.543
21.5274
21.528
21.5199
21.5142
21.5183
21.5128
21.5113
21.5045
21.4981
21.4866
21.4549
21.4396
21.4127
21.404
21.4006
21.3936
21.4029
21.4113
21.4044
21.4126
21.4309
21.4202
21.4137
21.3938
21.3873
21.3868
21.3604
21.3376
21.3378
21.3332
21.3341
21.3186
21.3064
21.3048
21.2995
21.2955
21.291
21.2837
21.2797
21.2735
21.2385
21.2248
21.2177
21.1975
21.188
21.1847
21.1827
21.1672
21.1637
21.1719
21.177
21.1841
21.1799
21.1857
21.1846
21.1788
21.1743
21.1506
21.1354
21.1143
21.0927
21.0768
21.0654
21.0442
21.029
21.0313
21.0167
21.0002
20.9792
20.975
20.9609
20.9507
20.9381
20.9317
20.9348
20.9434
20.9409
20.9434
20.9357
20.9409
20.9368
20.921
20.9137
20.903
20.9004
20.8999
20.8781
20.8605
20.8492
20.8447
20.8438
20.8279
20.8307
20.8234
20.8209
20.8301
20.8243
20.8274
20.8097
20.8165
20.7941
20.765
20.7316
20.7185
20.7185
20.7
20.6979
20.6819
20.6808
20.6628
20.6399
20.6422
20.6422
20.651
20.6389
20.6329
20.6247
20.6265
20.6154
20.5916
20.567
20.5665
20.5579
20.5275
20.5173
20.5117
20.4986
20.482
20.4898
20.4909
20.4856
20.4736
20.4753
20.4714
20.4572
20.4576
20.4561
20.4567
20.4364
20.4166
20.4287
20.4197
20.402
20.395
20.3994
20.4059
20.4024
20.4048
20.4106
20.4152
20.3924
20.3693
20.3746
20.3667
20.3611
20.358
20.3551
20.3443
20.3272
20.3159
20.295
20.2992
20.2888
20.2842
20.2992
20.2795
20.2674
20.2492
20.2446
20.2448
20.2327
20.23
20.2355
20.2354
20.2185
20.2057
20.1912
20.1775
20.1511
20.1464
20.1543
20.1368
20.1271
20.1198
20.1148
20.1173
20.094
20.0795
20.067
20.0486
20.0444
20.0402
20.0449
20.0552
20.0554
20.0568
20.0237
20.0081
19.9864
19.9761
19.9699
19.9659
19.9738
19.9625
19.9576
19.9386
19.9166
19.9075
19.9051
19.8949
19.901
19.9069
19.9137
19.9259
19.9328
19.9398
19.9158
19.8902
19.9005
19.9174
19.9254
19.9259
19.923
19.9186
19.915
19.8856
19.8667
19.8611
19.852
19.844
19.8531
19.8464
19.8589
19.8591
19.8561
19.843
19.8169
19.8048
19.7868
19.7842
19.7819
19.7673
19.7731
19.7833
19.7864
19.776
19.7771
19.7682
19.7507
19.7281
19.6999
19.687
19.6939
19.6827
19.6759
19.6817
19.6951
19.6888
19.6662
19.6699
19.6735
19.6808
19.6766
19.6662
19.6642
19.6724
19.6544
19.6529
19.6305
19.6325
19.6116
19.5895
19.582
19.5788
19.5469
19.5353
19.5173
19.5173
19.4945
19.4874
19.4782
19.4767
19.4782
19.4738
19.4824
19.4933
19.4846
19.4922
19.4835
19.4761
19.4568
19.4412
19.4402
19.4206
19.4128
19.4088
19.4083
19.4012
19.3873
19.3882
19.391
19.3921
19.3806
19.3817
19.3742
19.3581
19.3458
19.3423
19.3342
19.3247
19.3165
19.3218
19.322
19.3041
19.3023
19.3156
19.3098
19.3091
19.3043
19.2839
19.279
19.2654
19.2543
19.2374
19.2227
19.1989
19.1886
19.1759
19.1759
19.1564
19.1635
19.1568
19.1461
19.1224
19.1167
19.1075
19.1117
19.1139
19.1105
19.1007
19.1035
19.1082
19.0843
19.0787
19.0665
19.047
19.0304
19.0264
19.012
19.0079
19.0053
19.0059
18.99
18.9906
18.986
18.9947
19.0022
18.9904
18.9982
19.0081
19.0234
19.0286
19.0275
19.0216
18.9958
18.986
18.9681
18.9469
18.9513
18.9474
18.9234
18.9391
18.9406
18.9365
18.9093
18.8982
18.9024
18.8909
18.8713
18.8604
18.8537
18.8458
18.8355
18.837
18.8356
18.8361
18.8276
18.8165
18.8054
18.8048
18.7853
18.7951
18.8003
18.8043
18.8203
18.8254
18.8284
18.8272
18.8347
18.8361
18.8181
18.8236
18.8092
18.8136
18.7855
18.7852
18.7941
18.7888
18.7693
18.7661
18.7486
18.7409
18.7228
18.7145
18.7238
18.7092
18.7125
18.697
18.6872
18.6759
18.675
18.6672
18.6648
18.6604
18.6331
18.6095
18.5974
18.5889
18.5887
18.5954
18.5815
18.5655
18.5739
18.5612
18.5568
18.549
18.5512
18.5592
18.5499
18.529
18.5177
18.5317
18.5327
18.527
18.5144
18.54
18.5399
18.5217
18.5133
18.5237
18.5173
18.4967
18.4865
18.4865
18.4641
18.4595
18.4527
18.4416
18.421
18.4001
18.3986
18.3786
18.3771
18.3809
18.3947
18.3966
18.4083
18.4083
18.4053
18.4105
18.3971
18.4103
18.381
18.3854
18.377
18.3682
18.3542
18.3479
18.3541
18.3381
18.3264
18.3243
18.3088
18.3146
18.2995
18.2955
18.3003
18.297
18.2883
18.2781
18.2589
18.2457
18.2369
18.2296
18.224
18.2097
18.2003
18.2047
18.2072
18.1985
18.1993
18.1878
18.1857
18.1717
18.1568
18.1447
18.1475
18.1513
18.153
18.1564
18.1466
18.1311
18.1109
18.1061
18.1071
18.1085
18.1058
18.0916
18.0864
18.0715
18.0398
18.026
18.01
18.0158
18.0182
18.0128
18.0157
18.0343
18.0304
18.0318
18.045
18.0579
18.0515
18.0499
18.048
18.0486
18.0347
18.0271
18.0241
17.9987
17.9763
17.9679
17.9693
17.9535
17.9279
17.9399
17.9339
17.9457
17.9463
17.9661
17.9496
