-0.0674474
-0.0368564
-0.0162752
0.00634432
0.0221403
0.037811
0.0431882
0.0392972
0.0314022
0.0637357
0.098181
0.100857
0.0982816
0.0773772
0.0884763
0.0770873
0.0745145
0.0735167
0.0997374
0.106659
0.145334
0.158173
0.178458
0.187884
0.19924
0.190314
0.167343
0.178085
0.162277
0.169717
0.186294
0.199591
0.217569
0.218671
0.230118
0.23356
0.263046
0.260751
0.259009
0.252518
0.245059
0.252203
0.25267
0.264636
0.282828
0.298981
0.318924
0.310797
0.298712
0.291254
0.308655
0.335413
0.364594
0.101109
1.22884
0.613326
0.440898
0.870882
-0.69791
1.48205
-0.110777
1.3775
0.482452
0.441645
0.413657
0.389804
0.378287
0.375952
0.390778
0.406042
0.41149
0.40473
0.412918
0.394546
0.406195
0.410849
0.433279
0.437109
0.458233
0.474838
0.497766
0.519513
0.542291
0.557217
0.542175
0.555438
0.574447
0.582757
0.597235
0.616852
0.631427
0.642129
0.640667
0.635629
0.647925
0.668799
0.695251
0.716665
0.735473
0.735043
0.72174
0.739862
0.780914
0.808539
0.834637
0.840973
0.863403
0.867166
0.865796
0.882843
0.889801
0.917554
0.94848
0.978369
1.00236
1.01593
1.02417
1.03065
1.03282
1.048
1.05588
1.08401
1.09773
1.12607
1.15867
1.19119
1.19362
1.20507
1.22322
1.2351
1.23378
1.27076
1.27838
1.30689
1.31643
1.35789
1.39854
1.42782
1.44603
1.47405
1.50782
1.52219
1.53515
1.55395
1.57307
1.56703
1.57691
1.61448
1.62751
1.63838
1.65856
1.67838
1.69109
1.71237
1.71523
1.72731
1.74449
1.7636
1.784
1.79435
1.79725
1.80699
1.82047
1.82109
1.82281
1.84518
1.85852
1.86603
1.88228
1.88348
1.90534
1.92053
1.93661
1.96104
1.99226
2.00153
2.01564
2.02961
2.06705
2.07162
2.08691
2.10463
2.10766
2.11549
2.13362
2.14941
2.15566
2.15861
2.16204
2.17454
2.17806
2.20984
2.2409
2.26338
2.28668
2.29655
2.29974
2.306
2.32593
2.34717
2.36926
2.39579
2.40753
2.41379
2.42107
2.42924
2.44427
2.46124
2.47128
2.48368
2.51045
2.53125
2.53652
2.55869
2.57879
2.60698
2.60276
2.6096
2.6292
2.64384
2.6592
2.67541
2.72044
2.75467
2.77869
2.79755
2.83478
2.84997
2.882
2.91375
2.93253
2.94727
2.94782
2.9668
2.96081
2.95562
2.97129
2.97852
2.98065
2.99149
2.99862
3.02122
3.02511
3.05138
3.06947
3.10002
3.12613
3.13925
3.15984
3.18066
3.18476
3.19993
3.22096
3.23702
3.24344
3.25725
3.27117
3.2831
3.28941
3.30775
3.32976
3.3463
3.34838
3.35121
3.3519
3.36652
3.38016
3.401
3.41534
3.45767
3.47187
3.49293
3.51358
3.5226
3.52336
3.52342
3.53966
3.53941
3.54453
3.55965
3.57882
3.5838
3.59464
3.61162
3.64062
3.66169
3.67652
3.6784
3.69923
3.70573
3.68443
3.70191
3.72268
3.73106
3.75188
3.77192
3.80117
3.82909
3.85325
3.87839
3.86875
3.91741
3.92166
3.94145
3.94952
3.96567
4.00074
4.03554
4.03606
4.02964
4.04231
4.04916
4.05189
4.04945
4.05234
4.07843
4.08166
4.08694
4.09369
4.10999
4.10667
4.128
4.12259
4.14248
4.17066
4.20158
4.22268
4.25223
4.26902
4.29102
4.28639
4.32589
4.33359
4.35855
4.3632
4.386
4.40744
4.39961
4.40195
4.4007
4.43011
4.44962
4.4763
4.4984
4.52153
4.52932
4.53776
4.53968
4.54258
4.55273
4.57104
4.60072
4.6229
4.64753
4.66216
4.68156
4.69297
4.70185
4.70165
4.63314
6.12474
3.31667
4.61974
4.65062
4.66642
4.67212
4.69538
4.67879
4.68756
4.68691
4.77015
4.76619
4.78575
4.77157
4.78767
4.76016
4.74463
4.78968
4.81732
4.82107
4.82105
4.85342
4.90589
4.92607
4.88472
4.85243
4.84347
4.83783
4.84723
4.84559
4.8387
4.84112
4.83541
4.82253
4.80554
4.81928
4.82193
4.82261
4.83513
4.84335
4.83096
4.83365
4.82742
4.8216
4.84258
4.86176
4.861
4.89728
4.90338
4.87006
4.84771
4.84977
4.84879
4.8515
4.87018
4.86972
4.87506
4.87127
4.87826
4.8587
4.86752
4.86919
4.86127
4.86647
4.85313
4.84237
4.8558
4.85656
4.85883
4.8522
4.84917
4.84121
4.8536
4.86047
4.86395
4.88129
4.88615
4.87939
4.86975
4.86046
4.79018
4.68487
4.84667
4.87531
4.85992
4.85658
4.87448
4.89712
4.92541
4.51077
5.81971
5.04831
5.29931
5.1306
5.1437
5.13572
5.14181
5.16345
5.16575
5.17643
5.18351
5.18062
5.17841
5.182
5.1996
5.23665
5.25415
5.28972
5.32787
5.35354
5.38563
5.38163
5.39469
5.39763
5.40378
5.40973
5.43275
5.43925
5.46833
5.48555
5.50769
5.54262
5.56469
5.56878
5.60083
5.62382
5.64166
5.6707
5.70688
5.74558
5.76676
5.77078
5.77144
5.7656
5.77354
5.78395
5.82337
5.86943
5.90468
5.93012
5.98058
6.0024
6.01439
6.03322
6.06002
6.08628
6.11756
6.13503
6.14477
6.16401
6.18593
6.21126
6.21646
6.22866
6.23762
6.26385
6.28964
6.3349
6.38765
6.39643
6.40759
6.42587
6.44569
6.47371
6.47969
6.51505
6.52897
6.53019
6.53488
6.55671
6.57549
6.57544
6.58786
6.62741
6.66176
6.69682
6.70935
6.73926
6.77101
6.78868
6.79581
6.81474
6.8287
6.84576
6.86265
6.87897
6.91572
6.94538
6.95953
6.99313
7.02485
7.05759
7.07547
7.08824
7.10751
7.12954
7.1688
7.19967
7.21654
7.2355
7.27002
7.29949
7.33712
7.33544
7.3562
7.37816
7.39083
7.41288
7.43746
7.4653
7.49059
7.5288
7.55236
7.59705
7.61095
7.64521
7.65162
7.67852
7.68185
7.68628
7.69292
7.70806
7.7285
7.7405
7.76141
7.77096
7.77111
7.77823
7.78909
7.81681
7.84954
7.87977
7.92711
7.95118
7.98868
7.99846
8.01458
8.02806
8.03045
8.0328
8.05144
8.09448
8.11324
8.15932
8.19935
8.22002
8.24025
8.25398
8.27208
8.27953
8.29064
8.31863
8.34995
8.37061
8.38231
8.41474
8.41979
8.42667
8.46245
8.48121
8.49405
8.51674
8.55973
8.59863
8.60086
8.6116
8.63242
8.64065
8.67057
8.68629
8.70126
8.74083
8.76836
8.79073
8.80791
8.82879
8.83948
8.84447
8.87962
8.9083
8.92136
8.94656
8.98158
9.01064
9.03746
9.06098
9.08205
9.10643
9.12895
9.14219
9.15718
9.15236
9.17472
9.17398
9.18185
9.19954
9.21843
9.23033
9.24027
9.2573
9.27347
9.29291
9.31249
9.33858
9.33415
9.35706
9.39948
9.41367
9.42375
9.44485
9.48582
9.51406
9.53187
9.55736
9.56838
9.57407
9.59822
9.60109
9.61846
9.61974
9.64386
9.66875
9.67997
9.68987
9.70652
9.72113
9.73933
9.73996
9.76902
9.78937
9.81287
9.84163
9.85541
9.87129
9.87416
9.88493
9.89736
9.91059
9.9398
9.95316
9.97892
9.99545
10.0013
10.0284
10.0446
10.0703
10.0725
10.1012
10.1381
10.1511
10.1702
10.18
10.1917
10.2027
10.2129
10.2412
10.2516
10.2734
10.2913
10.318
10.3231
10.3434
10.3675
10.3565
10.4004
10.4301
10.4518
10.4699
10.5024
10.5268
10.5281
10.5308
10.541
10.5674
10.5817
10.5928
10.6391
10.6691
10.6824
10.7096
10.7128
10.7438
10.7653
10.7838
10.8131
10.8355
10.8519
10.8732
10.886
10.899
10.8234
11.8484
10.0747
10.8921
10.8648
10.8734
10.8777
10.8665
10.8554
10.8782
10.9021
10.998
10.9161
10.9036
10.8484
10.9216
10.9453
10.8906
10.8661
10.8918
10.879
10.8333
10.8827
10.9214
10.9095
10.8825
10.9039
10.9466
10.9515
10.9729
10.9558
10.9167
10.9045
10.877
10.8572
10.8537
10.8534
10.8403
10.8417
10.824
10.7932
10.788
10.7904
10.7746
10.7736
10.7945
10.7999
10.8075
10.7967
10.7984
10.7852
10.7914
10.7941
10.7996
10.8019
10.7956
10.7982
10.8018
10.7948
10.799
10.7981
10.7942
10.7907
10.791
10.8011
10.8042
10.8023
10.815
10.7972
10.7852
10.7743
10.7587
10.7752
10.8017
10.8035
10.8005
10.7945
10.79
10.7648
10.7713
10.8108
10.5769
10.5712
10.763
10.7921
10.7811
10.7597
10.7572
10.7484
10.7184
10.2981
11.5183
10.8795
11.4111
10.9664
10.9984
11.0064
11.0322
11.0768
11.1275
11.1401
11.1602
11.1804
11.1967
11.2355
11.2579
11.2757
11.3015
11.3325
11.3707
11.4163
11.4315
11.4651
11.4939
11.5219
11.5474
11.5725
11.6162
11.662
11.6953
11.7367
11.7769
11.797
11.8209
11.8566
11.8769
11.932
11.9553
11.9693
12.0049
12.0293
12.0566
12.1018
12.1301
12.1685
12.1981
12.2134
12.2561
12.2939
12.3244
12.354
12.3778
12.4209
12.4757
12.5191
12.5578
12.581
12.5971
12.6424
12.6889
12.7176
12.752
12.7975
12.8439
12.8745
12.9064
12.9416
12.9794
12.995
13.0297
13.0702
13.0813
13.0832
13.1129
13.1699
13.2076
13.2427
13.2644
13.2941
13.3355
13.3642
13.3835
13.4125
13.4417
13.445
13.4489
13.4794
13.5157
13.5595
13.6066
13.6611
13.7122
13.7289
13.7533
13.7563
13.779
13.8036
13.8361
13.8745
13.8968
13.9355
13.9875
14.0261
14.0517
14.0761
14.1262
14.1566
14.1782
14.2226
14.2585
14.2937
14.3085
14.343
14.3676
14.414
14.432
14.4866
14.5331
14.5491
14.5766
14.5772
14.5829
14.5955
14.6173
14.624
14.6564
14.7014
14.7168
14.7396
14.783
14.8155
14.8213
14.8393
14.8667
14.8922
14.9121
14.9402
14.9881
15.0415
15.0866
15.1194
15.1489
15.1778
15.192
15.2364
15.254
15.2892
15.3156
15.3535
15.381
15.4289
15.4678
15.4989
15.5369
15.5508
15.5772
15.5927
15.6198
15.6609
15.6987
15.7416
15.7584
15.7748
15.7815
15.7832
15.7981
15.8154
15.8277
15.8591
15.8979
15.9399
15.9799
16.0219
16.0691
16.1025
16.1491
16.1735
16.2044
16.2291
16.2488
16.2699
16.2898
16.3122
16.3322
16.3519
16.3746
16.4011
16.44
16.4769
16.4965
16.5296
16.5409
16.5524
16.5625
16.5984
16.6299
16.6667
16.6935
16.7378
16.7817
16.8166
16.8297
16.8629
16.9065
16.9284
16.9332
16.9581
16.9736
16.9997
17.0199
17.0461
17.0687
17.0929
17.1113
17.1375
17.1539
17.1804
17.2194
17.2409
17.2711
17.293
17.3349
17.348
17.3578
17.3806
17.4006
17.4137
17.4335
17.4482
17.4603
17.4886
17.517
17.5403
17.5366
17.5768
17.5947
17.6009
17.6236
17.6612
17.7094
17.7295
17.7535
17.7779
17.7998
17.8336
17.8597
17.8923
17.9287
17.948
17.9672
17.9878
18.0038
18.0231
18.051
18.0866
18.1035
18.1148
18.1374
18.1624
18.1734
18.1738
18.193
18.2214
18.2523
18.2836
18.3213
18.3411
18.3783
18.4003
18.4133
18.4264
18.4411
18.4713
18.4843
18.5123
18.5328
18.5625
18.5827
18.6084
18.6194
18.6371
18.6506
18.662
18.6878
18.7051
18.7428
18.7728
18.7921
18.8246
18.8617
18.9002
18.9219
18.9486
18.9691
18.9945
18.9979
19.0013
19.0186
19.0312
19.0528
19.0688
18.9948
20.1613
17.9789
19.0256
19.0756
19.0915
19.0688
19.0503
19.0471
19.0603
19.0425
19.0874
19.0886
19.1186
19.152
19.0947
19.09
18.9884
18.9716
19.0213
18.993
18.9341
19.0233
19.0356
18.9808
18.9132
18.9257
18.9339
18.9402
18.9454
18.9281
18.9152
18.9017
18.8941
18.8828
18.8831
18.891
18.8583
18.856
18.8632
18.8476
18.8524
18.8613
18.8579
18.846
18.8357
18.8192
18.8049
18.7988
18.7918
18.7954
18.7915
18.7888
18.783
18.7592
18.7477
18.7366
18.7426
18.735
18.7446
18.7543
18.7692
18.7534
18.7564
18.7523
18.754
18.7551
18.7766
18.7672
18.7336
18.7132
18.696
18.6767
18.6846
18.6876
18.6662
18.6715
18.6425
18.6497
18.6747
18.6319
18.3465
18.416
18.651
18.6651
18.642
18.6154
18.5866
18.5562
18.5257
18.0926
19.404
18.6874
18.9652
18.7829
18.8539
18.9183
18.9807
19.0155
19.0781
19.1301
19.1741
19.2299
19.2878
19.3203
19.3659
19.4117
19.4851
19.5475
19.6032
19.6797
19.7435
19.7945
19.8351
19.8717
19.9054
19.9622
19.9985
20.0481
20.1175
20.1871
20.2346
20.2859
20.3351
20.3888
20.45
20.5227
20.6175
20.6978
20.777
20.8295
20.8972
20.9365
20.9768
21.0238
21.0632
21.112
21.1642
21.2179
21.2617
21.2869
21.3402
21.3718
21.432
21.4915
21.5362
21.5985
21.6639
21.7152
21.7714
21.8331
21.8858
21.9124
21.9556
22.0143
22.0468
22.0828
22.1241
22.1709
22.1948
22.2414
22.296
22.3461
22.4055
22.4545
22.5202
22.5816
22.639
22.7032
22.7788
22.8354
22.8832
22.9135
22.9449
22.975
23.0056
23.0475
23.1044
23.1593
23.2339
23.2806
23.3213
23.378
23.4256
23.4609
23.4964
23.544
23.5781
23.6322
23.6658
23.6996
23.755
23.7865
23.8198
23.863
23.909
23.9574
23.9788
24.0098
24.0573
24.0977
24.1272
24.1583
24.2179
24.2491
24.2891
24.3263
24.3724
24.4035
24.4189
24.448
24.4724
24.5144
24.5384
24.5978
24.6539
24.708
24.7579
24.7902
24.8041
24.8254
24.8695
24.8972
24.9489
24.9878
25.0399
25.0936
25.1274
25.1642
25.1942
25.2272
25.2664
25.3105
25.3496
25.378
25.4099
25.4516
25.5086
25.5502
25.5918
25.6381
25.6854
25.7102
25.737
25.7765
25.8103
25.8404
25.8676
25.909
25.9847
26.0134
26.0582
26.0986
26.1274
26.1472
26.1572
26.2042
26.2184
26.2579
26.2863
26.3028
26.3304
26.3482
26.3594
26.3678
26.3903
26.4186
26.4483
26.4827
26.5137
26.5495
26.596
26.628
26.6681
26.7098
26.7545
26.7916
26.8207
26.8512
26.8778
26.8927
26.9137
26.9366
26.9629
27.0104
27.021
27.0378
27.0589
27.0813
27.0984
27.1395
27.1961
27.2256
27.2586
27.2851
27.3121
27.3302
27.3297
27.3448
27.3676
27.379
27.4073
27.4468
27.4612
27.4914
27.5221
27.5406
27.561
27.5804
27.6264
27.6566
27.6798
27.7118
27.7581
27.809
27.8305
27.8404
27.858
27.8753
27.8789
27.8873
27.902
27.9461
27.9613
27.9909
28.0378
28.0769
28.0935
28.1281
28.1609
28.1977
28.2182
28.2438
28.2607
28.2738
28.302
28.3192
28.3418
28.3813
28.4093
28.4385
28.4679
28.4921
28.5113
28.523
28.5465
28.5726
28.5859
28.6198
28.661
28.7003
28.7377
28.7566
28.7663
28.7881
28.7843
28.7892
28.8055
28.8327
28.8773
28.9141
28.9582
28.9893
29.0003
29.0192
29.0377
29.0397
29.0547
29.0807
29.0894
29.0933
29.1281
29.1527
29.1887
29.2081
29.2526
29.3002
29.3382
29.3315
29.3329
29.334
29.3381
29.3382
29.3501
29.3786
29.4007
29.4203
29.4391
29.4446
29.4679
29.4706
29.3726
30.4529
28.6802
29.4263
29.4005
29.3991
29.4227
29.3821
29.3477
29.3316
29.3172
29.3376
29.2596
29.2313
29.196
29.2282
29.2475
29.1737
29.1878
29.2389
29.1825
29.1241
29.2046
29.2152
29.1522
29.0927
29.1359
29.1412
29.1002
29.0804
29.0449
29.0624
29.0549
29.0447
29.0049
28.966
28.9629
28.9376
28.9446
28.9472
28.9472
28.9338
28.9093
28.904
28.8752
28.8448
28.7997
28.7791
28.7672
28.7493
28.7349
28.707
28.7046
28.6751
28.6565
28.6383
28.6238
28.6028
28.5964
28.5776
28.5737
28.5614
28.5328
28.5294
28.5121
28.4983
28.4989
28.5207
28.5089
28.465
28.4339
28.4235
28.4208
28.4347
28.4163
28.3926
28.3821
28.3813
28.4011
28.4602
29.1014
30.9597
30.2697
29.0053
28.5484
28.5026
28.4785
28.4826
28.2872
25.5865
25.305
27.4665
28.1618
28.2804
28.2934
28.2571
28.2162
28.1698
28.0391
28.3494
27.7238
29.5105
28.428
28.4831
28.485
28.5091
28.5738
28.6516
28.7253
28.7824
28.8435
28.8716
28.9195
28.9503
29.006
29.0342
29.09
29.1473
29.2129
29.2883
29.3186
29.3355
29.3615
29.3821
29.4312
29.4728
29.5332
29.5858
29.633
29.6893
29.7217
29.7965
29.875
29.9071
29.9684
30.0213
30.0548
30.0893
30.1303
30.1792
30.2122
30.2449
30.313
30.3608
30.4116
30.4622
30.5108
30.5433
30.5648
30.5879
30.6274
30.6929
30.748
30.777
30.8296
30.8739
30.9081
30.9247
30.9453
30.9566
30.9917
31.0355
31.0665
31.0847
31.1342
31.1612
31.215
31.2485
31.2906
31.3104
31.3364
31.3522
31.3786
31.4239
31.4509
31.4792
31.5059
31.5352
31.567
31.604
31.642
31.6837
31.7076
31.7397
31.7591
31.7985
31.821
31.8781
31.907
31.9398
31.9789
31.9999
32.0082
32.0311
32.0622
32.0973
32.128
32.1658
32.1989
32.2174
32.2449
32.2599
32.2916
32.3301
32.3734
32.4012
32.4239
32.4599
32.5
32.5268
32.5571
32.5914
32.6149
32.6479
32.6604
32.6879
32.7131
32.7413
32.7842
32.801
32.8216
32.8566
32.8662
32.8821
32.907
32.928
32.9411
32.9501
32.9691
32.9755
32.9615
32.9615
32.9909
33.0303
33.0381
33.0694
33.0901
33.1146
33.1491
33.174
33.204
33.2324
33.2522
33.2796
33.2925
33.2985
33.3272
33.359
33.3809
33.4121
33.4322
33.443
33.4617
33.4976
33.5102
33.5081
33.53
33.5377
33.5328
33.5445
33.5788
33.6019
33.6312
33.6653
33.7082
33.7426
33.7546
33.787
33.8074
33.8112
33.8114
33.8206
33.847
33.843
33.8597
33.8789
33.9067
33.9189
33.9418
33.9714
33.993
33.9993
33.9934
33.9852
33.9904
34.0082
34.0179
34.018
34.0296
34.0328
34.0432
34.0559
34.0609
34.0805
34.092
34.1264
34.1402
34.153
34.1705
34.1466
34.1489
34.1578
34.1536
34.1753
34.1915
34.23
34.2425
34.2525
34.2616
34.2695
34.273
34.2632
34.2803
34.2762
34.291
34.3026
34.3206
34.3317
34.35
34.3866
34.4011
34.4222
34.4385
34.4413
34.443
34.4452
34.458
34.4511
34.4614
34.473
34.5004
34.5104
34.5201
34.5325
34.5476
34.5654
34.5605
34.5766
34.5801
34.5924
34.6312
34.6347
34.6526
34.6738
34.6998
34.6799
34.6813
34.6881
34.6809
34.6801
34.6885
34.7077
34.7143
34.7217
34.7226
34.7128
34.7125
34.7245
34.7231
34.7129
34.7299
34.7428
34.7597
34.7619
34.7816
34.7975
34.8023
34.806
34.8325
34.8199
34.8117
34.8097
34.8144
34.8304
34.816
34.8124
34.8148
34.8422
34.8764
34.8909
34.9023
34.9379
34.9339
34.9499
34.9316
34.9335
34.9417
34.9352
34.9483
34.9398
34.9515
34.9656
34.953
34.9691
34.9678
34.9916
34.9957
34.9945
35.0042
35.0192
35.0521
35.0148
34.6205
34.8551
34.811
34.7951
34.7888
34.7647
34.7367
34.7224
34.7083
34.6885
34.6781
34.6762
34.655
34.6422
34.6232
34.5895
34.5674
34.5444
34.5233
34.5083
34.4955
34.4778
34.4745
34.4579
34.4288
34.407
34.3744
34.3433
34.3235
34.3043
34.2999
34.2917
34.2864
34.2799
34.2538
34.2288
34.1949
34.1668
34.1343
34.0905
34.0561
34.0371
34.0331
34.0038
33.9872
33.9723
33.9514
33.925
33.9047
33.8992
33.8832
33.878
33.8678
33.848
33.8301
33.8131
33.7922
33.7624
33.7473
33.7281
33.7151
33.7128
33.6753
33.657
33.621
33.5936
33.5804
33.5491
33.5195
33.4953
33.482
33.453
33.4153
33.3945
33.3631
33.3336
33.3214
33.3042
33.2894
33.2783
33.2535
33.2424
33.2222
33.1926
33.1688
33.1516
33.1377
33.111
33.0805
33.0631
33.0442
33.0241
33.0039
32.9761
32.9649
32.9503
32.9284
32.8906
32.8678
32.843
32.8452
32.832
32.8144
32.8093
32.7917
32.7806
32.7629
32.7343
32.7193
32.6958
32.6932
32.6917
32.6819
32.6653
32.6644
32.6508
32.6479
32.6296
32.5934
32.5795
32.552
32.5299
32.5198
32.5089
32.5042
32.4943
32.4978
32.4707
32.4397
32.4181
32.3899
32.3424
32.3141
32.2952
32.2718
32.2538
32.2432
32.2403
32.2116
32.1993
32.1747
32.1207
32.0821
32.0645
32.0629
32.0498
32.0395
32.0382
32.0307
32.01
31.9918
31.9624
31.9397
31.9215
31.9035
31.8832
31.8648
31.8339
31.8109
31.7596
31.7113
31.6999
31.6787
31.6543
31.6526
31.6546
31.6526
31.6375
31.6246
31.6264
31.6132
31.5901
31.5709
31.5266
31.4941
31.4586
31.4519
31.4327
31.4409
31.4418
31.4659
31.4447
31.4215
31.4101
31.3887
31.3682
31.3336
31.3226
31.3188
31.2901
31.2649
31.2523
31.2556
31.2549
31.2363
31.2324
31.2145
31.2003
31.1718
31.1508
31.1297
31.1402
31.1531
31.1449
31.1312
31.1022
31.0938
31.0776
31.0505
31.0398
31.03
31.0019
30.9612
30.941
30.8921
30.8613
30.83
30.8008
30.7812
30.7516
30.725
30.7146
30.7009
30.6914
30.6981
30.6987
30.6999
30.6786
30.6707
30.6651
30.6632
30.6346
30.6047
30.5823
30.5621
30.5327
30.5214
30.5101
30.5091
30.4884
30.4549
30.4332
30.4218
30.396
30.3708
30.3503
30.337
30.3122
30.2819
30.2614
30.2229
30.1983
30.1738
30.164
30.1658
30.1619
30.1742
30.164
30.1477
30.1432
30.1215
30.1097
30.0886
30.0719
30.0499
30.0382
30.0031
29.9808
29.9629
29.9418
29.9226
29.9124
29.8925
29.8772
29.8509
29.8373
29.8484
29.827
29.8064
29.812
29.8132
29.7945
29.7636
29.7656
29.7604
29.7374
29.7034
29.6796
29.662
29.6243
29.6018
29.5688
29.5613
29.5433
29.5176
29.5287
29.5065
29.4918
29.4694
29.4531
29.4512
29.4245
29.4058
29.3847
29.3766
29.3754
29.3737
29.3672
29.3389
29.3305
29.3174
29.2875
29.2585
29.2214
29.2159
29.193
29.1999
29.1832
29.1608
29.1519
29.1445
29.135
29.1031
29.064
29.0445
29.0335
29.0116
28.9962
28.9971
28.9906
28.9835
28.973
28.9534
28.9273
28.8995
28.8726
28.8499
28.8343
28.8226
28.8047
28.7986
28.7848
28.7796
28.7534
28.7503
28.7229
28.7122
28.6905
28.6723
28.6531
28.6315
28.6136
28.5823
28.5641
28.5433
28.5171
28.5108
28.4961
28.5042
28.5046
28.5222
28.5279
28.5117
28.5035
28.4824
28.473
28.461
28.4441
28.4327
28.4106
28.399
28.3622
28.3382
28.333
28.3105
28.3024
28.2914
28.28
28.2676
28.2723
28.2557
28.2324
28.2316
28.2213
28.2008
28.1737
28.1507
28.1316
28.1149
28.0928
28.0824
28.0727
28.058
28.043
28.0328
27.9959
27.9809
27.9697
27.9462
27.9421
27.9258
27.9222
27.9234
27.9108
27.9004
27.9053
27.8887
27.878
27.8682
27.8398
27.8118
27.7966
27.7731
27.7633
27.7598
27.7425
27.7308
27.721
27.7008
27.6726
27.652
27.6234
27.6101
27.6069
27.6019
27.6
27.5906
27.5921
27.58
27.5445
27.5333
27.5124
27.5003
27.4743
27.4522
27.4351
27.3938
27.383
27.373
27.3531
27.3398
27.3409
27.3428
27.3316
27.3144
27.2887
27.2776
27.25
27.2207
27.1996
27.1738
27.1624
27.1425
27.1316
27.1292
27.1112
27.0984
27.0921
27.0953
27.0804
27.0706
27.0446
27.0327
27.0273
27.0332
27.0136
27.0121
27.0085
26.9925
26.9808
26.9511
26.9219
26.9304
26.9122
26.9077
26.9011
26.8847
26.8831
26.8486
26.8098
26.7946
26.7901
26.775
26.7764
26.7715
26.7585
26.7553
26.7187
26.681
26.6573
26.6355
26.6012
26.5907
26.5889
26.587
26.5699
26.5573
26.5417
26.5414
26.5198
26.4899
26.4808
26.4531
26.4499
26.4512
26.4421
26.4316
26.412
26.402
26.3745
26.3535
26.3242
26.3108
26.2864
26.2737
26.2637
26.2313
26.2511
26.2511
26.2429
26.2461
26.269
26.2682
26.247
26.2511
26.2374
26.2191
26.1839
26.1906
26.1722
26.146
26.1429
26.1394
26.133
26.1122
26.1069
26.0937
26.0905
26.0837
26.087
26.0596
26.0476
26.0394
26.0136
25.9944
26.0019
25.9856
25.9749
25.9566
25.9469
25.9287
25.8942
25.8734
25.8718
25.8714
25.8633
25.8522
25.8454
25.8311
25.8128
25.791
25.7706
25.7588
25.7339
25.7145
25.6969
25.6885
25.6719
25.6631
25.6736
25.6713
25.6831
25.6905
25.6796
25.652
25.6279
25.5849
25.5755
25.5536
25.5332
25.532
25.5271
25.5195
25.484
25.4706
25.446
25.43
25.431
25.4314
25.4302
25.4207
25.4288
25.4366
25.4222
25.4264
25.4114
25.3929
25.3652
25.344
25.3222
25.2946
25.2823
25.2816
25.278
25.2703
25.2885
25.2878
25.2668
25.2686
25.2554
25.2438
25.2132
25.1949
25.1703
25.1524
25.1215
25.1166
25.1098
25.1187
25.128
25.1101
25.1101
25.0918
25.0764
25.0488
25.0241
25.0023
24.987
24.9707
24.9398
24.9222
24.9062
24.8994
24.8853
24.8721
24.8614
24.8647
24.8548
24.8311
24.8089
24.7844
24.782
24.7671
24.764
24.7539
24.7429
24.7425
24.7229
24.7063
24.682
24.6706
24.6523
24.6328
24.6146
24.6206
24.6231
24.61
24.5921
24.5641
24.5581
24.5414
24.5124
24.5023
24.4733
24.4563
24.4603
24.4434
24.4519
24.455
24.4727
24.4877
24.4629
24.4531
24.4467
24.4235
24.3959
24.3645
24.3499
24.3316
24.3127
24.2942
24.2652
24.2696
24.2741
24.2621
24.2542
24.2537
24.2596
24.2523
24.2409
24.2145
24.2054
24.2015
24.1946
24.182
24.1637
24.1612
24.1425
24.1296
24.1152
24.1117
24.1115
24.1348
24.1332
24.1319
24.141
24.1136
24.1021
24.0719
24.0706
24.0625
24.0599
24.0536
24.0398
24.0238
24.0154
23.9895
23.9571
23.9385
23.9219
23.9174
23.9108
23.8903
23.8792
23.8617
23.8578
23.8288
23.8118
23.7914
23.7882
23.7731
23.7667
23.7301
23.7081
23.68
23.6691
23.6703
23.6625
23.6691
23.6624
23.6645
23.6507
23.6526
23.6394
23.6314
23.6191
23.5937
23.5742
23.5761
23.5695
23.5727
23.5714
23.5511
23.53
23.5199
23.4941
23.4645
23.4503
23.4417
23.4316
23.416
23.4259
23.4239
23.43
23.4195
23.4042
23.3987
23.3841
23.3796
23.3636
23.3507
23.3383
23.3214
23.3191
23.3111
23.2988
23.2731
23.2538
23.2424
23.2301
23.2024
23.1803
23.1797
23.1624
23.1589
23.1452
23.1476
23.141
23.1492
23.1508
23.1449
23.1317
23.1318
23.0969
23.0842
23.0643
23.0504
23.0395
23.0198
23.0036
22.9971
22.9984
22.9992
22.9925
22.9831
22.9977
22.9808
22.9514
22.9199
22.8922
22.8726
22.8466
22.8503
22.8347
22.8406
22.8573
22.8633
22.8603
22.8449
22.8437
22.8333
22.8291
22.8105
22.7966
22.8181
22.7981
22.7921
22.7816
22.7866
22.7686
22.7538
22.7438
22.7328
22.7262
22.7152
22.712
22.7031
22.699
22.6913
22.664
22.6542
22.6419
22.6312
22.6281
22.6215
22.617
22.6074
22.5873
22.5785
22.5573
22.541
22.5345
22.5405
22.543
22.5437
22.5515
22.5332
22.5101
22.5062
22.4689
22.4472
22.4195
22.407
22.3847
22.3812
22.391
22.3917
22.3812
22.3662
22.3395
22.3218
22.3047
22.3116
22.3026
22.2763
22.2636
22.2523
22.2421
22.2245
22.2308
22.2312
22.2328
22.2429
22.2391
22.2207
22.2
22.1742
22.1609
22.1478
22.1409
22.1409
22.1487
22.1622
22.164
22.1797
22.1872
22.1771
22.1765
22.1159
