0.369891
0.409938
0.408765
0.387576
0.377765
0.359406
0.354895
0.337375
0.33298
0.35123
0.345256
0.340711
0.341454
0.339218
0.331406
0.333351
0.339793
0.355635
0.369717
0.372516
0.401825
0.405588
0.405715
0.387982
0.393813
0.378075
0.383011
0.367442
0.373048
0.360629
0.372633
0.376486
0.402373
0.41349
0.439496
0.454492
0.470767
0.476108
0.467621
0.475041
0.477432
0.45988
0.442433
0.486738
0.523001
0.535359
0.521343
0.501071
0.480901
0.461398
0.447646
0.448976
0.447055
0.258042
1.09193
0.123253
-0.171977
-0.148388
-0.0495729
1.03429
-0.137241
-0.253697
0.532081
0.551715
0.595872
0.642657
0.7017
0.72529
0.763654
0.778542
0.78754
0.807361
0.825912
0.84743
0.855901
0.91776
0.946956
0.981093
1.03945
1.02139
1.04557
1.02404
1.01167
1.01274
1.0386
1.09223
1.08505
1.09422
1.09374
1.09494
1.11489
1.12671
1.17051
1.16087
1.18443
1.18085
1.16051
1.15179
1.1325
1.13943
1.17439
1.19268
1.21278
1.2142
1.22024
1.23072
1.23938
1.26745
1.2502
1.28055
1.28766
1.28633
1.28296
1.2657
1.26136
1.25127
1.25907
1.26031
1.25921
1.28517
1.28756
1.31357
1.32326
1.31674
1.33194
1.33316
1.34285
1.36261
1.37436
1.37674
1.38802
1.40678
1.40606
1.42358
1.43568
1.44583
1.4574
1.46202
1.47646
1.48074
1.47736
1.50875
1.51398
1.53648
1.53583
1.52092
1.51726
1.51634
1.55309
1.58994
1.57946
1.59651
1.60872
1.60522
1.61638
1.60916
1.62981
1.64552
1.63641
1.63792
1.65528
1.64938
1.67553
1.68637
1.7322
1.73691
1.7374
1.74654
1.76138
1.74631
1.74455
1.7448
1.74288
1.76707
1.76854
1.80357
1.80679
1.81575
1.84106
1.8267
1.83466
1.83549
1.84531
1.86422
1.87788
1.89887
1.90635
1.9178
1.91543
1.88948
1.89512
1.90393
1.90586
1.90493
1.90844
1.9502
1.95965
1.98298
2.00486
2.01496
2.03374
2.04135
2.04278
2.06004
2.05919
2.04135
2.04525
2.08403
2.06113
2.0587
2.07303
2.07874
2.10415
2.09544
2.10611
2.11615
2.11923
2.11615
2.1267
2.12993
2.13795
2.1487
2.1743
2.18597
2.20511
2.22543
2.24471
2.23483
2.21817
2.21817
2.21561
2.22522
2.23697
2.2485
2.25122
2.28167
2.25684
2.27189
2.27703
2.30649
2.31662
2.33032
2.34734
2.34005
2.33336
2.33321
2.31915
2.33198
2.32895
2.32919
2.34729
2.33806
2.35355
2.37418
2.39341
2.43201
2.45713
2.49041
2.48502
2.47584
2.49102
2.48532
2.48443
2.49578
2.4868
2.50447
2.531
2.5265
2.5412
2.56541
2.59459
2.60575
2.60447
2.6158
2.62677
2.62534
2.63161
2.65723
2.6726
2.67003
2.67516
2.68764
2.70189
2.716
2.73933
2.7651
2.78775
2.79543
2.80966
2.80782
2.81369
2.80771
2.78425
2.7943
2.78944
2.80564
2.84341
2.84506
2.84566
2.84522
2.84314
2.82743
2.82246
2.84047
2.85225
2.85731
2.86403
2.8412
2.87276
2.8575
2.8464
2.86365
2.86419
2.86588
2.86671
2.87458
2.88567
2.8703
2.89625
2.92299
2.92828
2.94751
2.95454
2.98912
2.98858
3.00594
3.01724
3.02825
3.05626
3.05604
3.05779
3.05899
3.06478
3.07718
3.0777
3.067
3.08295
3.09211
3.07849
3.10436
3.10646
3.10875
3.10606
3.11395
3.12325
3.1185
3.13605
3.15531
3.16917
3.18629
3.21423
3.22796
3.24481
3.23615
3.22869
3.24545
3.24602
3.23947
3.26328
3.20245
3.4065
3.21389
3.12794
3.10672
3.1128
3.10455
3.08764
3.08722
3.03876
3.03479
3.15448
3.24262
3.13761
3.15117
3.03858
3.09109
3.09787
3.06811
3.03402
3.01187
3.01881
2.95963
2.93744
3.05361
3.04534
3.02087
3.07205
3.06968
3.07643
3.05632
3.04583
3.03446
3.02279
3.01536
3.02785
3.01208
3.01448
3.04169
3.05785
3.07431
3.08029
3.08514
3.08014
3.04619
3.02376
3.00012
2.99129
2.98893
2.99282
3.02231
3.02826
3.03345
3.01762
3.01661
2.98172
2.9886
3.01602
3.03813
3.06099
3.06374
3.05429
3.05464
3.04697
3.05472
3.04488
3.03974
3.02502
3.02385
3.01982
3.02695
3.03708
3.05419
3.07598
3.0703
3.07009
3.04241
3.04799
3.03259
3.03324
3.05583
3.04917
3.06225
3.11292
3.0566
3.03836
3.03751
3.04207
3.04951
3.06273
2.84121
3.44983
2.97811
2.88427
3.17566
3.25448
3.31726
3.29217
3.29434
3.31963
3.33555
3.38076
3.43377
3.4598
3.51334
3.53235
3.51878
3.53297
3.51646
3.51314
3.53911
3.51203
3.51715
3.51663
3.49704
3.50337
3.52131
3.53352
3.5356
3.51048
3.50757
3.52872
3.54083
3.57333
3.59788
3.6074
3.61425
3.59963
3.57572
3.58496
3.58745
3.60669
3.63559
3.62086
3.64236
3.61853
3.59409
3.59585
3.59763
3.59446
3.62321
3.62374
3.62917
3.64377
3.66627
3.69534
3.73672
3.74714
3.74132
3.76169
3.79841
3.80938
3.85248
3.85419
3.8954
3.89082
3.87882
3.90875
3.9206
3.95239
3.97872
3.98233
3.99164
4.02759
4.00618
3.99693
4.05655
4.06509
4.05895
4.07511
4.07309
4.08817
4.10498
4.09106
4.12798
4.13243
4.13984
4.13163
4.1389
4.14168
4.18216
4.20887
4.21976
4.23962
4.2432
4.22839
4.24458
4.23884
4.24606
4.24701
4.26056
4.26958
4.27992
4.29044
4.29718
4.34267
4.34291
4.35713
4.36085
4.36966
4.38069
4.39905
4.41103
4.41975
4.42242
4.44263
4.45837
4.49679
4.50744
4.51503
4.51182
4.51215
4.51624
4.50364
4.50746
4.54532
4.55618
4.56007
4.58591
4.58286
4.59979
4.60156
4.61755
4.62913
4.64613
4.64906
4.63052
4.64704
4.65024
4.65931
4.65902
4.6789
4.69837
4.72443
4.75414
4.7711
4.78016
4.78907
4.77041
4.77942
4.79056
4.78199
4.77966
4.80586
4.80997
4.81109
4.82797
4.81916
4.82102
4.84908
4.87012
4.87328
4.88838
4.9018
4.90094
4.91819
4.92073
4.90902
4.91734
4.94595
4.94101
4.95825
4.97873
4.98938
4.99401
5.00583
5.02436
5.02172
5.0467
5.0588
5.07852
5.0885
5.09137
5.0918
5.11837
5.13013
5.12518
5.1307
5.13044
5.1278
5.13086
5.13884
5.13642
5.14004
5.17215
5.19412
5.19772
5.23377
5.2325
5.25774
5.27945
5.28986
5.29156
5.29086
5.29661
5.26353
5.24977
5.26645
5.27047
5.27376
5.30654
5.32959
5.36087
5.38067
5.38751
5.39798
5.40118
5.43635
5.43301
5.44946
5.47833
5.51657
5.52011
5.52115
5.54764
5.5621
5.55954
5.56717
5.58005
5.60041
5.61736
5.60922
5.61911
5.61236
5.63562
5.64259
5.66058
5.68969
5.71677
5.72226
5.72946
5.73755
5.7207
5.72168
5.74593
5.75805
5.75992
5.76071
5.77927
5.77185
5.76972
5.76779
5.77744
5.77093
5.7672
5.78339
5.78748
5.79703
5.80869
5.82961
5.84389
5.82513
5.83014
5.83105
5.81228
5.80816
5.81997
5.80688
5.80058
5.82592
5.83865
5.83419
5.82274
5.84607
5.84024
5.82171
5.82012
5.83658
5.87434
5.8807
5.90388
5.94327
5.97057
5.97226
5.99087
6.00459
5.98267
5.97171
5.97569
5.97709
5.9629
5.98256
6.0036
5.99954
5.99339
5.99509
6.00641
5.9938
5.99087
6.01571
6.01868
5.94698
5.95159
6.26084
6.09558
6.02332
6.00146
5.98704
5.98612
5.99439
5.98894
5.96564
6.11154
6.06813
6.00804
6.00758
5.92491
5.91761
5.9215
5.91939
5.93969
5.91913
5.89166
5.83182
5.93066
6.01986
5.90727
5.88836
5.90642
5.90867
5.94249
5.97996
5.97794
5.97424
5.9817
5.9806
5.95235
5.94044
5.94264
5.93158
5.93305
5.93073
5.93353
5.9235
5.93283
5.93406
5.90712
5.906
5.91441
5.91634
5.91466
5.92087
5.90576
5.90351
5.90286
5.90258
5.92842
5.95318
5.96375
5.97195
5.96575
5.9818
5.99004
5.99302
5.95702
5.91933
5.91768
5.89825
5.90234
5.89176
5.86569
5.83456
5.83385
5.8631
5.88583
5.89189
5.91849
5.91882
5.89994
5.89852
5.88358
5.92373
5.82641
5.77665
5.90874
5.90296
5.90755
5.899
5.8861
5.91165
5.93482
5.74525
6.33266
5.76046
5.67915
6.05274
6.07496
6.13254
6.15912
6.12431
6.11666
6.11061
6.136
6.17383
6.21939
6.25212
6.28768
6.29457
6.31095
6.33036
6.35994
6.40532
6.42562
6.42278
6.43013
6.46724
6.47862
6.48991
6.53834
6.54782
6.54175
6.53298
6.55246
6.56634
6.57774
6.60609
6.6322
6.66139
6.66624
6.67782
6.66904
6.65106
6.64487
6.67421
6.7009
6.71357
6.73135
6.74447
6.7714
6.76623
6.78579
6.80038
6.82665
6.85707
6.86026
6.88775
6.90799
6.91524
6.9277
6.9299
6.9295
6.94672
6.94443
6.96276
6.98056
6.99303
7.00969
7.02322
7.05652
7.09342
7.12743
7.11002
7.10705
7.09669
7.1122
7.11328
7.13228
7.1596
7.17965
7.19952
7.21732
7.20959
7.20681
7.22746
7.24911
7.24137
7.24211
7.25182
7.27898
7.28037
7.28952
7.31667
7.33163
7.35041
7.36182
7.37135
7.37412
7.39025
7.4111
7.43018
7.45121
7.47335
7.5006
7.51781
7.54816
7.57973
7.60942
7.64035
7.63638
7.65257
7.67077
7.68174
7.71485
7.72418
7.74195
7.75323
7.75439
7.77048
7.7782
7.77878
7.79544
7.81645
7.83022
7.85195
7.86343
7.87424
7.86849
7.89384
7.90818
7.90342
7.93224
7.94283
7.96994
7.97839
7.98723
7.99982
7.9935
7.99671
8.02103
8.05137
8.06373
8.09047
8.09394
8.10401
8.12278
8.12806
8.12222
8.12858
8.15804
8.17669
8.1942
8.21153
8.21349
8.22526
8.23827
8.24278
8.23369
8.24246
8.25765
8.26006
8.27831
8.28908
8.32594
8.34877
8.35258
8.3722
8.39987
8.43928
8.46897
8.50724
8.52953
8.53199
8.54429
8.55367
8.54519
8.55724
8.56994
8.60185
8.60435
8.60992
8.63212
8.63989
8.64634
8.64244
8.65901
8.66879
8.68893
8.71946
8.74106
8.76021
8.77927
8.78559
8.78338
8.79256
8.80399
8.82631
8.86139
8.90055
8.91074
8.92127
8.93182
8.93264
8.94884
8.93315
8.96732
8.99758
9.01087
9.02317
9.03321
9.03988
9.04202
9.05486
9.06052
9.07208
9.09665
9.10837
9.11963
9.12708
9.14564
9.14301
9.14267
9.14352
9.16208
9.16171
9.16279
9.17066
9.1893
9.20813
9.20151
9.19981
9.21782
9.24814
9.2583
9.25477
9.26324
9.28344
9.30094
9.32843
9.34943
9.38123
9.41696
9.4223
9.43998
9.46898
9.49017
9.49857
9.49907
9.50517
9.50181
9.48923
9.48989
9.48131
9.47988
9.47778
9.47669
9.49125
9.5092
9.5322
9.56901
9.56379
9.58164
9.58395
9.59999
9.61232
9.63103
9.64957
9.63056
9.63028
9.63478
9.63418
9.64239
9.65173
9.67751
9.68207
9.68198
9.68109
9.68226
9.70009
9.69381
9.72089
9.74532
9.75655
9.75794
9.77816
9.77844
9.7619
9.76114
9.7981
9.80313
9.8121
9.81113
9.82013
9.82416
9.83422
9.84327
9.8583
9.86212
9.89002
9.89922
9.88049
9.87269
9.88827
9.78705
9.75501
10.064
9.79587
9.81524
9.84279
9.77911
9.68728
9.68795
9.71385
9.71173
9.72214
9.76747
9.73077
9.70378
9.68998
9.72405
9.69887
9.71288
9.71733
9.66127
9.57832
9.48071
9.81005
9.79247
9.66087
9.61709
9.62905
9.62292
9.61261
9.60586
9.59665
9.58784
9.59507
9.60502
9.62266
9.62327
9.6328
9.63302
9.63365
9.62604
9.60447
9.58654
9.56123
9.53658
9.54212
9.54322
9.53478
9.54006
9.52826
9.53525
9.55173
9.55292
9.5819
9.58386
9.59339
9.5851
9.5736
9.54776
9.54278
9.5265
9.5309
9.52959
9.54216
9.52756
9.54633
9.5453
9.56184
9.56373
9.54916
9.52812
9.52174
9.50913
9.54606
9.53325
9.52429
9.52973
9.5294
9.52121
9.55048
9.56605
9.34766
9.25916
9.46453
9.55742
9.54634
9.50899
9.49775
9.47113
9.48092
9.29558
9.85465
9.26935
9.22205
9.64121
9.68307
9.69927
9.72856
9.74364
9.79932
9.86588
9.88943
9.91025
9.94348
9.9833
10.0234
10.0466
10.1014
10.1332
10.1865
10.2273
10.2777
10.3228
10.3686
10.3816
10.4031
10.4134
10.4348
10.4447
10.4449
10.4524
10.4975
10.5359
10.5699
10.5904
10.6115
10.6249
10.6335
10.652
10.6654
10.7005
10.7469
10.7816
10.8132
10.8417
10.8645
10.8925
10.9145
10.943
10.9275
10.9285
10.9642
11.0028
11.0318
11.0688
11.1124
11.1438
11.1741
11.211
11.2154
11.2461
11.2923
11.3222
11.3261
11.3464
11.3907
11.4042
11.4354
11.4719
11.4942
11.5256
11.544
11.5577
11.5587
11.576
11.6061
11.6109
11.6478
11.7048
11.7454
11.7513
11.7761
11.8152
11.8455
11.8855
11.9057
11.9092
11.9383
11.9432
11.9656
12.0038
12.0265
12.0563
12.0688
12.0785
12.1154
12.1447
12.1756
12.2251
12.2564
12.2861
12.3051
12.3149
12.3193
12.3709
12.4157
12.4394
12.4682
12.5152
12.5272
12.5207
12.5263
12.529
12.5382
12.5209
12.5555
12.5774
12.5995
12.624
12.6475
12.6766
12.7063
12.7265
12.7349
12.7577
12.7849
12.8
12.8203
12.85
12.8807
12.8982
12.9228
12.9507
12.994
12.9919
13.0179
13.0473
13.0777
13.0903
13.1088
13.1497
13.1808
13.2227
13.2478
13.2612
13.2783
13.2719
13.3063
13.3023
13.3204
13.3277
13.3412
13.3596
13.3783
13.4078
13.4297
13.4493
13.4609
13.4802
13.4736
13.4916
13.5149
13.5131
13.5308
13.5597
13.5786
13.5994
13.5932
13.6227
13.6332
13.6399
13.6592
13.6806
13.716
13.7568
13.7987
13.8042
13.8095
13.7964
13.8033
13.8132
13.8269
13.8315
13.8521
13.898
13.9174
13.9117
13.9302
13.9411
13.961
13.9813
13.9916
14
14.0181
14.0332
14.0577
14.059
14.058
14.0786
14.1
14.1281
14.1375
14.1689
14.1838
14.2019
14.2202
14.2122
14.2275
14.2408
14.2328
14.2539
14.2634
14.2811
14.2892
14.2902
14.323
14.3271
14.3498
14.3719
14.3885
14.4309
14.4356
14.4695
14.4687
14.4869
14.4883
14.4906
14.5006
14.4999
14.5117
14.5111
14.5202
14.5421
14.5697
14.5945
14.6084
14.6413
14.6699
14.6871
14.69
14.6938
14.7066
14.691
14.6967
14.7002
14.7385
14.757
14.7681
14.7907
14.8013
14.8193
14.8303
14.8426
14.862
14.8893
14.9013
14.9126
14.9119
14.9298
14.9157
14.9309
14.9513
14.9635
14.9836
14.9848
15.0021
15.0127
15.0034
15.0093
15.0093
15.017
15.0566
15.0898
15.1121
15.1285
15.1241
15.1221
15.1398
15.1317
15.149
15.1601
15.1797
15.1977
15.2096
15.2087
15.2245
15.2306
15.2406
15.2617
15.2787
15.292
15.3121
15.3384
15.36
15.3595
15.3553
15.3531
15.3521
15.3504
15.3535
15.3592
15.2757
15.1477
15.8149
15.4421
15.3056
15.2871
15.2878
15.2868
15.2887
15.2866
15.2775
15.3042
15.2472
15.1916
15.2331
15.0803
15.0864
15.1229
15.1625
15.1981
15.1328
15.0343
15.1079
15.1561
15.1718
15.1081
15.1004
15.1175
15.1227
15.1176
15.0921
15.0812
15.0564
15.0537
15.0355
15.026
15.0242
15.0219
15.023
15.0027
14.9938
15.0027
14.983
14.9824
14.9851
14.9819
14.9744
14.9728
14.9739
14.9481
14.9372
14.9406
14.9379
14.924
14.9138
14.9023
14.9039
14.8929
14.8755
14.8662
14.877
14.8748
14.8483
14.825
14.8135
14.7754
14.7409
14.761
14.7516
14.7487
14.7387
14.7425
14.7831
14.8459
14.8502
14.8308
14.8177
14.7646
14.7484
14.7133
15.4677
17.3367
16.9192
15.3294
14.8397
14.6998
14.6251
14.6118
14.5031
12.2654
11.197
13.3148
14.4875
14.6418
14.6341
14.6244
14.6324
14.6234
14.5627
14.7219
14.7997
14.1902
14.783
14.8598
14.9064
14.9039
14.9188
14.942
15.001
15.0425
15.0416
15.0749
15.1028
15.1662
15.2147
15.2536
15.2896
15.2988
15.3089
15.3345
15.356
15.3967
15.4055
15.4414
15.4541
15.4681
15.5198
15.547
15.5637
15.5937
15.6236
15.647
15.6643
15.6963
15.7176
15.7432
15.7455
15.7491
15.7658
15.7855
15.795
15.8031
15.8169
15.8399
15.8606
15.8509
15.8759
15.897
15.9562
15.9774
15.9913
15.9981
16.0025
16.0172
16.0299
16.0426
16.0649
16.0862
16.107
16.1301
16.1523
16.1853
16.1909
16.2265
16.2409
16.2713
16.2902
16.3103
16.3267
16.3502
16.3903
16.4184
16.431
16.4486
16.4877
16.5173
16.5306
16.5195
16.5466
16.5576
16.557
16.5761
16.6055
16.6294
16.6387
16.6405
16.6594
16.6877
16.7018
16.7171
16.729
16.7424
16.7539
16.7578
16.767
16.7883
16.8259
16.8576
16.8794
16.8911
16.9066
16.9113
16.9072
16.9145
16.9376
16.9662
16.9762
17.0121
17.0207
17.0484
17.0628
17.0802
17.0981
17.1109
17.1396
17.1586
17.1967
17.21
17.2171
17.2202
17.2339
17.2184
17.2095
17.214
17.2197
17.2391
17.2586
17.2508
17.2707
17.3097
17.3279
17.3344
17.3767
17.3758
17.3918
17.3934
17.41
17.4199
17.4355
17.4458
17.4414
17.4429
17.4489
17.4858
17.5016
17.502
17.5429
17.5649
17.5583
17.5498
17.5565
17.5596
17.5458
17.5703
17.5767
17.5904
17.6267
17.6472
17.6605
17.659
17.689
17.6918
17.6929
17.7102
17.7193
17.7603
17.7539
17.7683
17.7804
17.7842
17.7932
17.7896
17.8121
17.8209
17.8403
17.8488
17.8782
17.8969
17.9167
17.9287
17.9373
17.9561
17.9723
17.97
17.9496
17.947
17.9406
17.9407
17.95
17.951
17.9527
17.9795
17.9814
18
18.0099
18.0295
18.0478
18.0597
18.0689
18.0793
18.0816
18.0913
18.1001
18.1211
18.1367
18.1405
18.1504
18.1437
18.1319
18.1193
18.1279
18.1191
18.129
18.1406
18.1504
18.1607
18.1699
18.1798
18.1801
18.1897
18.1882
18.208
18.2324
18.2525
18.2793
18.2631
18.2891
18.2713
18.2705
18.2695
18.2624
18.2786
18.2836
18.2828
18.2968
18.3024
18.3107
18.3041
18.31
18.3141
18.3156
18.3222
18.3231
18.3259
18.32
18.3193
18.3162
18.3113
18.3091
18.3185
18.3134
18.3148
18.3105
18.3292
18.3558
18.3701
18.3989
18.4201
18.4312
18.4394
18.4493
18.4585
18.4725
18.5003
18.4924
18.5008
18.4993
18.503
18.5014
18.5098
18.5199
18.5205
18.5199
18.5197
18.5163
18.5267
18.528
18.5386
18.543
18.5335
18.5411
18.5522
18.5621
18.5711
18.5885
18.6097
18.5934
18.5922
18.5965
18.5974
18.592
18.5879
18.5904
18.5986
18.6002
18.5895
18.5698
18.5718
18.5623
18.5668
18.5166
18.4588
18.9621
18.5717
18.4225
18.372
18.3733
18.379
18.3802
18.3762
18.3653
18.3471
18.3648
18.354
18.3531
18.3438
18.3445
18.3325
18.3313
18.326
18.3051
18.2811
18.2718
18.2463
18.2336
18.2336
18.223
18.2066
18.183
18.1744
18.1543
18.1368
18.117
18.1031
18.0931
18.0871
18.0822
18.072
18.0651
18.0351
18.0157
18.0124
17.9932
17.9714
17.9543
17.9623
17.937
17.94
17.932
17.9218
17.9065
17.886
17.8928
17.8645
17.8531
17.8346
17.8387
17.8325
17.8221
17.8032
17.8115
17.7862
17.792
17.7827
17.7723
17.769
17.7609
17.7486
17.7109
17.7057
17.6689
17.649
17.6239
17.6396
17.6217
17.6291
17.6233
17.6235
17.6164
17.6255
17.6164
17.602
17.5643
17.5496
17.5468
17.5152
17.5038
17.5018
17.5096
17.5061
17.4932
17.4916
17.4796
17.4445
17.4314
17.4028
17.3902
17.3853
17.4023
17.4004
17.3997
17.3827
17.3738
17.3581
17.3334
17.3214
17.3153
17.3031
17.3038
17.2941
17.2852
17.2895
17.2826
17.2708
17.2551
17.236
17.2109
17.2027
17.2003
17.1827
17.1656
17.1483
17.1389
17.1187
17.0898
17.0791
17.0717
17.0701
17.072
17.0658
17.0742
17.0748
17.0779
17.0802
17.0641
17.0516
17.0518
17.0485
17.0344
17.0147
17.0176
17.0209
17.0205
16.9998
16.9846
16.9823
16.9625
16.9378
16.9148
16.9223
16.9139
16.9004
16.8865
16.8755
16.8589
16.8336
16.8104
16.8019
16.7885
16.777
16.7873
16.7867
16.7813
16.7605
16.7414
16.7295
16.7305
16.7383
16.737
16.7379
16.7301
16.7404
16.7398
16.7136
16.7
16.6736
16.6621
16.6422
16.6207
16.5932
16.5711
16.57
16.5624
16.5541
16.5424
16.553
16.5557
16.5616
16.5565
16.5529
16.5647
16.5619
16.5607
16.5344
16.5309
16.5121
16.5018
16.4886
16.4639
16.4536
16.4395
16.4385
16.4093
16.3733
16.3326
16.3121
16.2859
16.2711
16.267
16.2737
16.2934
16.2985
16.2823
16.2742
16.2821
16.2551
16.2419
16.2324
16.2057
16.1913
16.1598
16.1465
16.1338
16.1242
16.1408
16.1362
16.1249
16.1214
16.1219
16.122
16.1142
16.0941
16.0824
16.0626
16.0499
16.0395
16.0211
16.0114
16.0141
16.012
16.0133
15.9918
15.9828
15.9795
15.9614
15.9444
15.9438
15.9504
15.9331
15.9052
15.8932
15.8947
15.8865
15.8749
15.8806
15.8805
15.8649
15.8667
15.8528
15.8417
15.8328
15.8149
15.79
15.7746
15.7797
15.7804
15.7833
15.7802
15.7809
15.7802
15.7788
15.7622
15.7665
15.7607
15.7511
15.7533
15.7539
15.7586
15.7417
15.7127
15.6842
15.691
15.6794
15.6418
15.6225
15.6307
15.6273
15.6177
15.6214
15.6174
15.5863
15.5703
15.5521
15.5309
15.513
15.503
15.4832
15.482
15.4721
15.4681
15.4577
15.4346
15.4234
15.4308
15.4151
15.4143
15.4127
15.4044
15.394
15.3991
15.3912
15.3904
15.3996
15.3928
15.3824
15.3717
15.3557
15.3538
15.3429
15.3473
15.3531
15.344
15.3335
15.3242
15.3199
15.3182
15.2834
15.2797
15.2716
15.2802
15.251
15.2412
15.2322
15.2133
15.1858
15.1842
15.165
15.1603
15.1537
15.142
15.1422
15.1433
15.1153
15.0933
15.0642
15.0582
15.043
15.0391
15.0402
15.0334
15.0324
15.0123
15.0128
14.9943
14.9624
14.968
14.952
14.9359
14.9426
14.9396
14.9242
14.9326
14.9358
14.9436
14.9232
14.9322
14.9319
14.9117
14.9
14.8797
14.8637
14.8522
14.8338
14.8326
14.8118
14.8014
14.8068
14.7809
14.7865
14.7711
14.7703
14.7627
14.7507
14.7424
14.732
14.7227
14.7132
14.7026
14.6881
14.6872
14.6817
14.652
14.6315
14.6363
14.6183
14.6121
14.6231
14.6484
14.6689
14.6729
14.6623
14.6508
14.6281
14.6119
14.5846
14.5464
14.5246
14.5283
14.4974
14.503
14.499
14.4957
14.4881
14.4922
14.4937
14.481
14.4605
14.4565
14.4589
14.4486
14.4199
14.413
14.4053
14.393
14.3897
14.3922
14.3922
14.3889
14.374
14.3626
14.3164
14.2988
14.284
14.274
14.2783
14.2589
14.2516
14.2411
14.2229
14.188
14.1821
14.1888
14.1992
14.1807
14.1914
14.1904
14.1811
14.1679
14.1512
14.1406
14.1326
14.1092
14.1094
14.0913
14.0868
14.0783
14.0807
14.0819
14.081
14.0721
14.0645
14.0635
14.0525
14.0534
14.0517
14.0248
14.0151
13.9904
13.9812
13.9639
13.951
13.959
13.9388
13.9492
13.9307
13.9406
13.9419
13.924
13.9121
13.9145
13.9152
13.8967
13.8942
13.8828
13.8737
13.8711
13.8602
13.8436
13.8304
13.8252
13.8199
13.8058
13.7998
13.7816
13.7612
13.7442
13.741
13.7344
13.7173
13.7083
13.7187
13.7103
13.696
13.692
13.6777
13.6422
13.6307
13.6294
13.6215
13.594
13.6023
13.6197
13.6238
13.6249
13.6033
13.6021
13.5743
13.5754
13.5597
13.5434
13.5322
13.5314
13.5133
13.5009
13.5049
13.5225
13.552
13.5719
13.583
13.5908
13.5735
13.5637
13.5319
13.5102
13.477
13.4525
13.4408
13.4112
13.4091
13.4026
13.3658
13.3703
13.3455
13.3375
13.3442
13.3503
13.3606
13.3665
13.3791
13.3992
13.3845
13.3725
13.3744
13.367
13.3351
13.31
13.2838
13.2721
13.2721
13.2613
13.2509
13.2496
13.2408
13.2387
13.2189
13.2212
13.2057
13.1924
13.1914
13.1907
13.1739
13.1617
13.1604
13.1889
13.1964
13.1921
13.1914
13.1916
13.1722
13.1525
13.1436
13.1337
13.1101
13.1011
13.0915
13.0966
13.1018
13.082
13.0751
13.0724
13.0641
13.0641
13.0593
13.0336
13.0362
13.0509
13.0342
13.0127
13.0111
12.9744
12.9596
12.9391
12.9312
12.9293
12.9254
12.9336
12.9303
12.9323
12.9512
12.9416
12.934
12.9249
12.9103
12.8832
12.8609
12.8364
12.8304
12.7924
12.7898
12.7889
12.7999
12.8083
12.7958
12.8113
12.8111
12.7999
12.7767
12.7798
12.7776
12.7625
12.7537
12.7536
12.7616
12.7627
12.7527
12.7584
12.7695
12.7617
12.7596
12.7496
12.7398
12.7317
12.7068
12.7103
12.6944
12.6636
12.6514
12.6512
12.639
12.6065
12.5852
12.5779
12.585
12.5651
12.5647
12.569
12.5692
12.5693
12.5629
12.5714
12.5617
12.5342
12.5336
12.5349
12.5238
12.5145
12.5045
12.5107
12.481
12.4536
12.4512
12.4438
12.4327
12.4342
12.4495
12.444
12.4513
12.4402
12.4566
12.4484
12.4318
12.4239
12.4156
12.4215
12.3953
12.3947
12.3946
12.4004
12.3978
12.3898
12.3814
12.3762
12.3701
12.3625
12.3501
12.3316
12.3227
12.3229
12.3195
12.3006
12.2912
12.2745
12.2535
12.2322
12.2238
12.2025
12.1805
12.1707
12.1807
12.19
12.1889
12.1772
12.1525
12.1337
12.1288
12.1032
12.0944
12.0938
12.0932
12.1065
12.111
12.1007
12.0846
12.0909
12.0742
12.0425
12.0438
12.0581
12.0617
12.0433
12.0591
12.0629
12.0607
12.0531
12.0432
12.0501
12.035
12.0215
12.0199
12.001
12.0083
12.0024
11.9902
11.9738
11.9539
11.9434
11.9225
11.9111
11.9027
11.893
11.8924
11.8824
11.8699
11.8619
11.8579
11.8592
11.8589
11.8612
11.8512
11.8512
11.852
11.8483
11.8444
11.8388
11.8209
11.8021
11.7898
11.7715
11.7606
11.7661
11.7594
11.7421
11.7348
11.7326
11.7152
11.7305
11.7225
11.7291
11.7218
11.7312
11.7122
11.6916
11.6832
11.6699
11.6616
11.6471
11.6317
11.6392
11.6306
11.6117
11.5904
11.5815
11.5721
11.5534
11.5406
11.5406
11.5595
11.5692
11.5677
11.5428
11.5348
11.5258
11.5197
11.5008
11.4926
11.5094
11.5111
11.528
11.5123
11.5049
11.4847
11.4743
11.4453
11.4229
11.4
11.401
11.4011
11.4199
11.4199
11.4387
11.4405
11.4416
11.4406
11.4306
11.4137
11.4103
11.3846
11.3816
11.3729
11.3458
11.351
11.3703
11.3613
11.3548
11.3626
11.3718
11.3635
11.3456
11.341
11.3316
11.3215
11.308
11.3192
11.3171
11.3111
11.3023
11.3088
11.3006
11.2835
11.3007
11.3043
11.2835
11.2826
11.3075
11.3113
11.2915
11.2718
11.2795
11.2703
11.2506
11.2133
11.2111
11.2009
11.2006
11.2008
11.2081
11.2032
11.2394
11.2419
11.2328
11.2486
11.2515
11.2338
11.2123
11.2097
11.191
11.1922
11.1753
11.1735
11.1827
11.184
11.1743
11.1607
11.1604
11.1305
11.1039
11.1024
11.0896
11.0799
11.0734
11.072
11.0693
11.0626
11.0635
11.0615
11.0705
11.0826
11.0825
11.09
11.0778
11.0688
