0.013601734429929506
0.014468431352341281
0.01464746993965901
0.014638832316624151
0.01459406441710815
0.014148899133429498
0.013840522251139837
0.013437114989041429
0.013544844939926488
0.014201743566548294
0.01422063553999341
0.014407236869219056
0.014461989127540532
0.014531236098450535
0.01449091176645935
0.01457623019000194
0.01475090995920128
0.015564282066808332
0.016106883721137957
0.016201743991165814
0.016797407872844686
0.01654290805700726
0.016600842637481857
0.015898658529444793
0.016103918911063386
0.015660587372963393
0.016024546402550313
0.015881222621018733
0.016249757184331297
0.0162504099221034
0.01687920556364504
0.01709535358233963
0.017338190377021244
0.017750578330511416
0.018555101126366394
0.0193733766108629
0.019953963762779737
0.020186092664966036
0.020013886446901427
0.020225978719590372
0.02046025864961922
0.01973366308380771
0.01942042076778612
0.020798037053441278
0.02217672268251418
0.022299585321475652
0.022149244210878133
0.02176969353652486
0.02113543094420661
0.02044703014655936
0.019448333741494517
0.019306498802195746
0.019135792526845836
0.0062274319805402665
0.043486623798455665
0.017409080078826758
0.013626735404968171
0.03512538131839186
-0.009376464193852272
0.06176991774191246
0.008729239414309607
0.041366839979515985
0.027409370998789043
0.027292113180842258
0.02780329217199176
0.028745120593741184
0.02983860809214726
0.03056182725373797
0.031366001720111655
0.03172904364083339
0.03184565496486974
0.03232248970458548
0.032675011995865574
0.03337867348332143
0.03369850631451386
0.03539744042232463
0.03595209530690779
0.03725311177118971
0.03926522528746707
0.039198847039622994
0.04019630731278276
0.03974427219442096
0.03950745667763314
0.03936238154923059
0.040170687696248715
0.041621955877610396
0.04176269216673298
0.04196009288141278
0.04188755071135025
0.042151427155714745
0.043169971275002696
0.04374601578686679
0.045279492394420064
0.0452411488054336
0.046277981674528124
0.0462477942488083
0.04556787720335183
0.0452109101628662
0.04468729473620633
0.0453371489996135
0.04651760044422461
0.04725758197810382
0.04810194693039196
0.048441947762764455
0.049174580197482706
0.05006403305213704
0.05096887973539709
0.05233421844098147
0.05244434567368485
0.05339101686753279
0.053597939699791104
0.05355157098153499
0.05336665791754372
0.052882819966865266
0.053126973600769276
0.05295152497462259
0.053185323872965255
0.05352709505086738
0.05382553585762206
0.05457605624524919
0.054981110262355026
0.05625618968325587
0.05689797255437483
0.05734722173636325
0.05808797005351421
0.0585628833008755
0.05915024646641826
0.05981258595131787
0.06044301310663902
0.06054965104599383
0.060606092705249706
0.061120389143538914
0.061450900752447225
0.06187301534760388
0.062499139826032474
0.06325151664265743
0.06376073731409092
0.06411405761890027
0.06454829261650885
0.06488530240229357
0.06479961826266181
0.06555268456963154
0.06585421694715185
0.06686897689286721
0.06744637294901316
0.06752491946941441
0.06784846370875715
0.06836782014010696
0.06926551622466912
0.07022145027740044
0.07026026341377294
0.07095380002980907
0.07152955497209529
0.07186640209434683
0.0723658027914394
0.07237055175057117
0.0731492836990488
0.07399454809487511
0.07408280089347498
0.07408229956391586
0.07482665303721801
0.07483337375869262
0.07573368242589924
0.07643175687992089
0.07801321010637041
0.07842834643773369
0.07895541104227624
0.07954360830116522
0.0803398489989194
0.0800573091987617
0.08053432874480591
0.0808142365848093
0.08097757989667469
0.08160639215146716
0.08206092449833029
0.08294585576137116
0.08346948940157894
0.08398289822750694
0.0846192467179652
0.08432611437767805
0.08489016155946068
0.08501555494702479
0.08510010932515652
0.08622617116106888
0.0871600214002892
0.08794902386075834
0.08802030171373884
0.08814559404907159
0.08811499692605346
0.08740549371827376
0.08764882499960094
0.08840526111665292
0.0889884461080463
0.08943010072358043
0.08998298754688644
0.09091003596303336
0.09148796484045843
0.09222981943045899
0.09293848756415947
0.09338178366521951
0.09378719444492287
0.09380374637295652
0.09392558627962967
0.09427030499087315
0.09456141433872552
0.09422854882916895
0.09487552899295144
0.09635541647667967
0.09620397131928657
0.09647521113467897
0.09724889171886579
0.09778140290422387
0.09853399182987552
0.09848793416824975
0.09891711305803548
0.09914421876366951
0.09920573792989036
0.0997068944851187
0.10039036904983217
0.1006592160072357
0.10136864421060854
0.10194702147488241
0.10315553160115233
0.10394664041762178
0.10477455942469778
0.10554876936204194
0.10628814078509063
0.10610840462844157
0.10581642380128203
0.10599546300549322
0.10626492148769937
0.10702536273848968
0.10769648779412579
0.10842881813534129
0.10888474164724107
0.10983478396391572
0.10934833069172956
0.10973699309850392
0.10980792437054246
0.11042657672427056
0.11087685507370597
0.11164376158647908
0.11217360425915583
0.11232749368717124
0.1124299700396242
0.11264879752715318
0.1127772456115927
0.11340572476662637
0.11414863280818896
0.11459788804124282
0.11515537757028124
0.11505762028037027
0.11559876748183343
0.11598706610070682
0.11642918684146704
0.11793380340315998
0.11873617062865262
0.11981135092640859
0.11994851108256899
0.11991030342132902
0.1200970149369025
0.12048792742781125
0.12084173639461489
0.12113490852873118
0.12103034764672721
0.1218791075888358
0.12284067159831741
0.12275674170049874
0.12324436593661103
0.1241672713573674
0.12515646029263539
0.125697995567648
0.12591086240327123
0.1265575192272748
0.12713039336072038
0.12725481229683233
0.12746813620633313
0.128410157523137
0.12910802563442883
0.1292651675587393
0.12949293292932507
0.12997566033224206
0.1309115465959794
0.13160278444916151
0.13219573103087026
0.13284883022805857
0.1337738427519223
0.13414033432940603
0.1343495120453012
0.13431653830448992
0.13443343230932286
0.134686662308958
0.13463245199949017
0.13512980523570095
0.135641573331325
0.1364600942987067
0.13766643963721556
0.13804844434809682
0.1385456990048209
0.13880819182239507
0.13913062112947455
0.13925430752441376
0.13932220506669693
0.14014592284561556
0.14073085009269728
0.1413686127895147
0.14174628459760807
0.14150307783455915
0.14244121871649895
0.14177550420966978
0.1417022055623818
0.1421938068432474
0.1423481022162401
0.14279844188239774
0.1431323186215597
0.14356150524195482
0.1439952923737964
0.14374586146351215
0.14446249917707707
0.1452782132986679
0.14549252646669708
0.14639612697751586
0.1469046710167269
0.14768560106713213
0.14782025438533158
0.14850762879534893
0.14923726891125658
0.1497191859128993
0.15064030575871581
0.15116396472156823
0.15156373585545496
0.15213677620737437
0.15231917230728273
0.15246361778924772
0.15275010811133952
0.15306446230942675
0.1537525554615673
0.1538537944457421
0.1538387144784739
0.15448787997354044
0.1547272456861556
0.15500561417062525
0.15505379944517675
0.1555419696194394
0.1559947963033677
0.1562557503228773
0.15705089438744277
0.15794398623154768
0.15872268808993134
0.15909442273091903
0.16018406725556358
0.16101271386497026
0.1616142197872938
0.16155781162749472
0.16186246247812366
0.16273172891661788
0.1628030285145183
0.16304456817482024
0.163912481825435
0.16164471479898082
0.18135791148535424
0.1557774602376508
0.16000727731992395
0.1592735281284755
0.15949223992767353
0.15981735441571798
0.15991601791659096
0.15983453489669996
0.15894800082939325
0.16010544220376596
0.16550977601807154
0.16490062936036806
0.1630923635833402
0.16348416073447763
0.1612249854821434
0.16302369197038102
0.1636866307382517
0.16413689660068384
0.16398699905291028
0.16365430641652057
0.1633745429520388
0.1616382832772004
0.16335320951577822
0.1660535053390257
0.16352039053420211
0.1619165164138268
0.1639774311755324
0.1643086114626835
0.16514823316417448
0.16510498878955424
0.16481758517964265
0.16455691807173856
0.1643924847584058
0.1639146211196506
0.16387652175978334
0.16341039365319943
0.16351230796598532
0.1640365288300761
0.16446817274681239
0.16447307729673916
0.16413247285320867
0.16443080455196626
0.1643035127492521
0.16343001339148655
0.16366909556937495
0.1636924318648928
0.16363920337954121
0.16369204148151711
0.16365099753380416
0.1637828532051988
0.16376005235702373
0.16377490887562374
0.16309652164482402
0.16322896342216128
0.16289501966527947
0.16303177157746723
0.16355295619741872
0.16409427464698684
0.16459111906009283
0.16449346920022878
0.16472646251571166
0.1648447824955383
0.16492136538439744
0.1652810133953622
0.16482408532453743
0.16411031524162745
0.1635597299421671
0.16404424995717218
0.16426921691317423
0.1649039986264782
0.16469405114469648
0.1649961880065732
0.16584672149812585
0.16663838675561674
0.16694600602183846
0.1670873040225115
0.16726502347931074
0.1668273242433424
0.1667226461530812
0.16726824920452887
0.1652831871824757
0.16205284997866826
0.1662697604642053
0.16653642561261375
0.16641406802225953
0.1664159779760529
0.16662442493320173
0.16708667389585288
0.1678819301847892
0.14946850912290402
0.20004747822570196
0.16667739734397427
0.17149479033012072
0.17375895508328465
0.175429814295371
0.17661277694950706
0.1760697838185999
0.17581070341661492
0.17631622325374174
0.1769781111740695
0.1775492969098843
0.17899053808259097
0.17976314849826702
0.18116207097292583
0.18182859851094763
0.18176475577063916
0.18224046853440823
0.18197871064651
0.1820736878771444
0.18295626901583906
0.18309241556559164
0.18365013037145894
0.1844087984589613
0.18472521445742626
0.1849761463241642
0.18549817103841126
0.18605865334341265
0.18669602034232297
0.1865089650688284
0.18670613989856316
0.1875679119994071
0.18785066303787776
0.18881570573174994
0.18956911943062643
0.19013824829739037
0.19090216310820118
0.19092216747960167
0.19083746147094025
0.19107561893017908
0.19129652629422095
0.19183347105705095
0.1928914348616717
0.193130514194335
0.19377668620351304
0.1936199033042882
0.19329942034786643
0.1937631057257028
0.194170241531538
0.19445245696352675
0.19571479447498213
0.19677230316468527
0.19735052835397598
0.19787106790037745
0.19871011312693404
0.19956816417607717
0.2005412041147433
0.20132668095530798
0.20160298104088836
0.2024168337578036
0.20356350538247162
0.20455374763299525
0.20578300119596096
0.20645544797730506
0.20808529159565808
0.20839570895292298
0.20868151595322804
0.20993399372745453
0.21049632660787038
0.21163018584352508
0.21260310770344257
0.21331770432846534
0.21425262582253785
0.21551162700533094
0.21553063365754954
0.21555760376466632
0.21712866956968352
0.21798197349772588
0.21802400859923177
0.21839900533996806
0.21855744954757494
0.2187213243597847
0.21918447380290804
0.21917468697130188
0.22050750866496394
0.22114236458208825
0.22243521774268196
0.22259269768918155
0.22299472860958408
0.22375846283926057
0.22458089472087364
0.22549243046456124
0.2262660707776693
0.22748449074713648
0.2281003167669042
0.22842284283019684
0.22955416360046157
0.22980119438577323
0.230162678207106
0.23059050620784277
0.23150922031912763
0.23203466195638328
0.2326380061901101
0.23347958457398058
0.23357113921196845
0.23459700473580944
0.23479917824879665
0.23537095074267103
0.23603564132528837
0.23639738890283768
0.23691043445015084
0.2375659342039852
0.2379701145725448
0.23887821611943766
0.2394022433464052
0.24005982001074613
0.24115352987363947
0.2422843482252765
0.24314319640661666
0.2435127557342029
0.24366986031572024
0.24417705628665531
0.24474940159829278
0.24500250665306555
0.24556599049309866
0.24678347439418338
0.2480178669562716
0.24869160616661656
0.24930322905468016
0.2496664292969215
0.25023655212775897
0.2505626017292281
0.25093831631394464
0.25189423848626896
0.25326181060750946
0.2539773808546196
0.2540737692472436
0.2549949262852066
0.2555913841986134
0.256094299416401
0.25600760761341945
0.25689413333314826
0.25756169291132536
0.25885165187431197
0.25958995108541333
0.26055483869790264
0.2611693769180575
0.26194223669102507
0.2618241494160555
0.2621691966944609
0.26256460625914124
0.2625904661847934
0.26312364020995116
0.26395177249201607
0.26433126722798456
0.2649765551584783
0.26543279454131696
0.26554437837253864
0.2656249039731229
0.26661790871193103
0.2670584231561039
0.267697085309303
0.2685330078832
0.2693284281192978
0.26974606187361083
0.27049382648535236
0.2711212276695496
0.2713223451626217
0.27169056193048874
0.2729020451391357
0.27318495820824673
0.27381268693838395
0.2745960064732509
0.2754512318892913
0.2763398916420587
0.27694361277030005
0.2775365772491568
0.27827242100572214
0.27912906058623005
0.27996429544292245
0.28070291534109454
0.28093506971587917
0.28151630976970476
0.28180358012691775
0.2827655907430048
0.2835908744010448
0.28383184429290126
0.28462948181067727
0.2852396016707395
0.28593805139092937
0.2865949247032021
0.28708602237525116
0.28749934285553397
0.28853134207247694
0.2897108372426025
0.2904769539036031
0.2913843790521983
0.2924649124518603
0.29295703634846365
0.2940074401866354
0.29492374383635606
0.29530506055027855
0.2953453235870563
0.29561388602890204
0.2961142036471045
0.2959914745100683
0.2964725409652263
0.2973753318317979
0.2979892926471116
0.29857615301506996
0.2993311212351318
0.29934520566510076
0.2997127845946745
0.29976832341992316
0.29993296153397364
0.3002564920366747
0.3010015929337068
0.3022580925830681
0.30287042275545295
0.30393951647290524
0.3052237912537368
0.3067006868232899
0.3072208683604846
0.3077094536776477
0.30845760187682264
0.30923347006722934
0.3093388372077706
0.3097012115353608
0.30979435886146783
0.31055044249323194
0.31126633923610547
0.31173375205714504
0.3124093385765375
0.3123030333487229
0.3131390592823149
0.31373254220300384
0.3142290587006528
0.3149637531319075
0.3153527249543043
0.3154405127429057
0.3157837934216789
0.3160757397141091
0.3163017112519506
0.3168374868914293
0.31764367299278895
0.3182894090365332
0.3191484304620373
0.3198398590370276
0.32056042407989455
0.3209744248695014
0.3213092785067416
0.32176201959948997
0.3221531734350383
0.32267795734607324
0.323397186042348
0.3239924907819862
0.32448877632846895
0.32509564808974195
0.3257088247240844
0.3264415910658558
0.3271845630697065
0.3276285384286657
0.32815581597069293
0.32841615803627305
0.3285061892191772
0.328603777102689
0.3292444111356735
0.32922693624656485
0.3297813131856154
0.3303304584693638
0.3307554836929432
0.33093182706869034
0.33121110694001576
0.33160043268210754
0.33163989427852364
0.3320431013433986
0.33267139364806003
0.33319895612802186
0.3338408532512941
0.3343565192646217
0.33526349097682806
0.33614921722839636
0.3370676421340471
0.3376649919189881
0.33827922977350244
0.33887470760577554
0.3391787591552399
0.33915875494112246
0.3398900580267671
0.34033558321319973
0.34055517630541077
0.34078925428730045
0.3417269358911891
0.3419665444805632
0.342223266929348
0.3426889378530615
0.34316135771271317
0.3432048256566758
0.34353218678929254
0.34427295016461446
0.34483047002487366
0.3426570173333099
0.3539637171924867
0.342767019528165
0.34709011025524267
0.3448745004580922
0.34481344541129555
0.3440577192205054
0.3433496878430452
0.3441598371106577
0.34494027696654084
0.34587817210271193
0.3502453680624502
0.34641510921101837
0.3460911852655449
0.34698717821320124
0.3446391351145582
0.3444416465606405
0.34377962983900984
0.34438501702535035
0.34526649095499135
0.34488949023194204
0.3439339321459076
0.3437657734794049
0.34551953354375653
0.34598447137771093
0.34418517304849183
0.3446468489181892
0.34602555057427853
0.3461525927689588
0.34653834397096217
0.3465673234838492
0.3460968337987907
0.34574251218230856
0.3458156230113239
0.34583497742299124
0.3452495808759559
0.3449953973191328
0.34524654883218087
0.3451610628956032
0.3452455718347601
0.34519340489095385
0.34507825635432626
0.3452898365749798
0.3452087627754119
0.3450947285294223
0.34487193342714445
0.3443499405474718
0.344476614325054
0.34403608244183914
0.34368421346527456
0.3435173936314543
0.34377055887675356
0.3438344007698523
0.3439854665602951
0.34395784404603696
0.34387167660193135
0.3439282794849908
0.34417581976191425
0.3442089106156077
0.34411405803487805
0.3446371049479977
0.34473176046727233
0.34493231326673246
0.3446671294764008
0.34437344684502863
0.34430398628213443
0.3439990359787122
0.34439501387426696
0.3446398732396328
0.34394376185223163
0.3431542259199904
0.34291082813926993
0.34300709772894455
0.3437304102862996
0.3441738988654464
0.3448151724535985
0.344918631974982
0.34455588613254184
0.34437011050319905
0.3445000225206276
0.3454826471739556
0.3380345539662869
0.3362223365034948
0.3427466972196402
0.34367046134760615
0.3439422239283122
0.34357875482411665
0.3430270526877958
0.3428941618316376
0.3430656467376926
0.32603480425431447
0.37681455730777036
0.3436680723473678
0.347294577179498
0.3499760771620158
0.3529505276745563
0.3550495407384071
0.3566596743339664
0.3565616015915238
0.3565340894072611
0.35659618940814386
0.3571045601521871
0.3578543137160159
0.35850763794368473
0.35948044188922046
0.36036060780932094
0.36090109677795806
0.36152242562916675
0.3629277134665302
0.36401948840704634
0.36584818346357795
0.36693871493796837
0.3675741261827222
0.36794321668640223
0.3689002032532907
0.36984622489777363
0.37086023653505285
0.37268838967913737
0.3736578340291467
0.3744822817618859
0.3749218486105428
0.3758246919415695
0.3763764243508171
0.3773849529537429
0.37843366311234317
0.3795083503604032
0.3809781012577211
0.38138147036376585
0.38175365088653923
0.38220166543454
0.3825347186318688
0.3828055354125124
0.3838020572779405
0.3850469739313572
0.3859016964283364
0.38664272369465197
0.38757334328124204
0.3888671209785577
0.38961549998925554
0.39052380775979423
0.3913150566431064
0.39244064254848815
0.39383537913507505
0.3945489581974476
0.39578080507145325
0.3973142650772066
0.3985679240957489
0.3996019996942779
0.40055130137004347
0.40116388129063296
0.4024596428560208
0.40327793796573236
0.4040020245347886
0.40503985945182736
0.40597992750030293
0.4065921719224272
0.4074520391885903
0.4087000973735137
0.4102690381830385
0.4119520464418016
0.41252866459342585
0.41307352630020505
0.4135467538226171
0.4139341554344618
0.414624494949518
0.41559704729183417
0.41686345252374357
0.4179469341439613
0.41948037360153423
0.4206273044610977
0.42108916034345445
0.4216848155261827
0.4226192513748073
0.423536217543385
0.42396522545715143
0.42415547760434075
0.42496113678173353
0.4259137863998258
0.42642572668544193
0.42721119407405433
0.42836826384572324
0.4293587974063759
0.4301718723767288
0.4310896826679128
0.4322695721946473
0.43348507265392155
0.4342184552761211
0.43502653671406843
0.43564178937611775
0.4362481583137071
0.4367450837568613
0.4376678450362809
0.4385921445050126
0.43987970184566755
0.44137184195878587
0.44280476964833637
0.44420869187539147
0.4449949259507578
0.445563621834471
0.4467497040773715
0.4480777820568381
0.4491271465092135
0.4501577371927453
0.4508886830348837
0.45201466310443894
0.45252210130853704
0.45332019339652263
0.4539435965679923
0.4545906692944894
0.4554179503935468
0.45583447812855526
0.456603535065343
0.4578525987024685
0.45890932498042875
0.4594941027417522
0.4604060290442565
0.4614711883862383
0.4622893125312765
0.4625128468955157
0.4630927382223511
0.46431912779932516
0.4648277483092737
0.4655408423799227
0.4660808092463483
0.46690491796591216
0.46747943460942043
0.4680313998174406
0.4689529169682478
0.4702687518222308
0.47109780000578166
0.4721320733114304
0.47279736871017297
0.4735882854177191
0.47440284151665785
0.4749280285316538
0.4751789400186697
0.47571883657162195
0.4765735913654818
0.47764134825122445
0.4788648443807498
0.47995762287531846
0.48043871813005196
0.48178297936578013
0.4823801635171353
0.48303750305194193
0.4840550330559942
0.48467573569454603
0.4856301075746132
0.4862607700898801
0.48703188105204265
0.48772084556328266
0.48826052970320055
0.48869423669121215
0.4892444040402106
0.48972672123264793
0.4904912258089571
0.49155512076387586
0.4926364015120688
0.49406990659543215
0.49517436990903946
0.4960408592151442
0.4966148272874661
0.49765835488929844
0.49825941816108665
0.4991491030665789
0.4998018085560166
0.5004733663915438
0.5012033665315268
0.5017069593484009
0.5022303347503599
0.5028309349455381
0.5038917792680291
0.5048260671721523
0.5063211218803156
0.5071903857459532
0.508228042445747
0.5094203490355973
0.5100448572348097
0.5105983711102515
0.5113322354047045
0.5123374747842032
0.5128183733452376
0.5134256770408416
0.514433670966371
0.5154367662720871
0.5166816707725372
0.5177046846460922
0.5182726789286509
0.5189572381095497
0.5195532164907859
0.5204956743443165
0.5210567383389079
0.5215920634863073
0.5228094278510189
0.5237730964164747
0.5243283409681052
0.5249873003037641
0.5254831706580477
0.5259847552416432
0.5258628089573256
0.5266400612590971
0.527657636842532
0.5287221272653159
0.5296230731167585
0.5305736416828519
0.531302397753199
0.5319715077543573
0.5328150456025128
0.5328404270939832
0.5337586640663377
0.5344964828082304
0.5351636533548207
0.5359282137895252
0.5365818580448706
0.5371679485394515
0.5376941768562027
0.5381909676040135
0.5386096810469456
0.5390888014588703
0.5398192301727194
0.5407532255054356
0.5416027534760928
0.5424766479040514
0.5428298211196645
0.5438969302617763
0.5446113165059363
0.545037865259662
0.5456289561132134
0.5467739363604709
0.5478592592293409
0.5480789333625768
0.5488270644331058
0.5497436474781714
0.5503712042027677
0.5510801444796452
0.5516447457378688
0.5523063763932142
0.5530971182666767
0.5539450481248066
0.5549529250272945
0.5556662167153875
0.5563970046063924
0.5570908008371327
0.5576451423116742
0.5580695626445422
0.5586119284012193
0.5592185993603602
0.5600237185019171
0.5603585530550625
0.5607262868232545
0.5610428968783436
0.5616903334723208
0.5619231106498448
0.5624567374569795
0.5629160004453826
0.5632200703767724
0.5639443394548369
0.564350921997295
0.5648906648495424
0.5657993937452689
0.5667746958506017
0.5674650046480012
0.56819589224759
0.5688952274880114
0.5694224371135971
0.570185353877307
0.5711258796832275
0.5718353857404443
0.5724608741475983
0.5727467424342371
0.5729854818495225
0.5733418037562203
0.5738689437473979
0.5744230997354679
0.5748821601578102
0.5758029735602674
0.5771618233816647
0.5777120791396357
0.5784197152854961
0.5787994424111187
0.5797267891350713
0.5805858781371794
0.5812220979409021
0.5819105683929147
0.5824561596274322
0.5829656567418863
0.5837139841920471
0.5844931589786646
0.5850632687315257
0.5856509387049967
0.5862811316657986
0.5834929947436966
0.5948476824967416
0.5811846142357442
0.5848108667959833
0.5848272347620246
0.5841430433784129
0.5828635852049824
0.5820910131741821
0.582284696137912
0.5823370127909988
0.582991541625552
0.5856736415465547
0.5841513564383318
0.5842017930887923
0.5858763138131053
0.5828538080044825
0.5847829387465717
0.5824502272860125
0.581492758359293
0.5824211811432475
0.5810647233039584
0.5784179132833783
0.5800041335806667
0.5849873693347635
0.583430588689078
0.5806199789166342
0.5804628969589805
0.581093883808732
0.580475792442296
0.5800306486286061
0.5794662791298727
0.5791374698928403
0.5798238962414171
0.5798203707421108
0.5796724238457046
0.5799448741560566
0.5796622429434639
0.5789555671755895
0.5790598692252252
0.5789898714509166
0.5784771737546558
0.5777722662054835
0.5776396473634172
0.577004458234398
0.5766035472323661
0.5762981386067799
0.5762893994177254
0.5764155983070816
0.5764554990791877
0.5763653579686377
0.5765570955590982
0.5765629643856836
0.5759599951057244
0.5765673349186374
0.5760783407384608
0.5758882295870577
0.5755472200141182
0.5749289835098024
0.5744886696825395
0.5744654272730426
0.5743226038299206
0.5742545105636678
0.5736398268235572
0.5739286935023297
0.5733030461623588
0.5736591446435262
0.5741042929038249
0.5748375686127929
0.5746507021851139
0.5742651713684979
0.5736901714741011
0.5730320649384684
0.5727793893468475
0.5728930104692899
0.5730506052019075
0.5733543248237367
0.5736080803168498
0.5733917329167441
0.5733090768283975
0.5736312848488294
0.573292269733553
0.562713591675735
0.5633435064037888
0.5711212120679495
0.572429658422049
0.5717763500065008
0.5705581818389968
0.5696721433822636
0.5688515914794197
0.5688937284953987
0.5514258925309673
0.5989988517838072
0.5686296335679206
0.5764955014330314
0.5792934279120688
0.5809003951610523
0.5822818359511085
0.5839103961749601
0.5847161667308546
0.5871961557523041
0.589503519881921
0.5906363321468819
0.5917392462709977
0.5932181889984245
0.5943929151078808
0.5955933627956245
0.5970174642340224
0.5989961171918344
0.6005271748098723
0.6025809002553468
0.6045543590523611
0.606878279752231
0.6085434427966069
0.6099736120100248
0.6107602435890483
0.6120485698628122
0.6136609869507079
0.6154706130659374
0.6169571883330325
0.6184242141796527
0.6196098246710736
0.6214543475464248
0.6230316582765225
0.6243710538220264
0.6257494112630719
0.6269717777579706
0.6281111916723157
0.629388327460012
0.6308910300712641
0.6327300135146776
0.6340237706240035
0.6359210918849677
0.6375894572436706
0.6391510466535171
0.640671674768498
0.6418235215261087
0.6432711400212763
0.6447152246156094
0.6459068917017626
0.6466743094261661
0.6479019371457299
0.6495781128489778
0.651087868119368
0.6529402513020369
0.6542973058727014
0.6558063514453556
0.6573128936296393
0.6589851706037005
0.6606696901663359
0.6622669086600745
0.6638814600426359
0.6658133020693477
0.6671362354890608
0.6683950268255181
0.6697430493403317
0.6713611375185641
0.6727311951112941
0.6744367178425703
0.6761420966693784
0.6774901633977809
0.6790740906428029
0.6798332620540535
0.6804973458147808
0.6814773012689315
0.6823522635146858
0.6836301894504424
0.6848633085292559
0.6866179695565162
0.6883855794039242
0.6896252438909988
0.69069160433037
0.6920948739010662
0.6937656193354653
0.6954598869313787
0.6973809158556903
0.6988217842009548
0.699734317850155
0.7009338662724635
0.7017963309672108
0.7027644059274134
0.7036730298679112
0.7048507624179284
0.7064183627954144
0.7076708364899258
0.7085175177223426
0.7101268611824184
0.7115640693467098
0.7129826536984427
0.7147005752898019
0.7156936545509751
0.7172371688567893
0.7186102788252147
0.7197320717143609
0.720349815427418
0.7219016022616402
0.7235934726546861
0.7251592090934217
0.7264144661551478
0.7276505945173003
0.7285552040431454
0.7291234051735132
0.7299267317071266
0.730729010241447
0.7317359193920466
0.7321110265557599
0.73354533762246
0.7347562893240086
0.7361417826528023
0.7377028609739891
0.7384057112853037
0.7394159878872706
0.7405789668532432
0.7418539475788538
0.742901354558464
0.7442850287503389
0.7459603888658755
0.7467873524442364
0.7478741605338773
0.7490626625269788
0.7498233465171769
0.7506660730023333
0.751989085289106
0.7532370964622621
0.7544623954298856
0.7551863663577101
0.7562389864904362
0.7570941969211337
0.7581748537863915
0.759112041045671
0.7602055125849285
0.7617897857370907
0.7633214466727254
0.7647554933089424
0.7660946474714824
0.7668397608473664
0.7676839247404851
0.7684193355308578
0.769621187423752
0.7705283750177827
0.77151177638186
0.7720444093526672
0.7731408163794239
0.7740760484781317
0.7747552783578463
0.775575209073195
0.7763153011073144
0.7773564260794563
0.7782632220023291
0.7791186860090881
0.7799466740539773
0.7807449091260358
0.781813113036741
0.7827634873400466
0.7839990812464424
0.7853751238636155
0.7864542551324151
0.7879516936717228
0.7887116600722073
0.7899183210380448
0.7910983612828363
0.7916191367695222
0.7924428459911909
0.7933269067929387
0.7939980646039535
0.7949602107349473
0.7955496115857765
0.7966277400783034
0.7972859954221398
0.7979146890535195
0.798795618176768
0.8000357374129048
0.8011380202159968
0.8023070401961558
0.803172205193424
0.8043048714592518
0.8050339137415464
0.8052235212025447
0.8056143496332928
0.8063468480175345
0.8072279429207256
0.808290672578807
0.8089979948629094
0.8095339451649933
0.8104247107776137
0.8117801916695823
0.8128434857509194
0.8133536371906339
0.8144718537316376
0.8157299842517074
0.8165765570329694
0.8172511283183679
0.8180250186077537
0.8186504547363869
0.8190596911640285
0.8197761233465163
0.8208880223040469
0.8211975050675657
0.821669883297623
0.822560993662602
0.8232071749894159
0.8241847244782338
0.8245747755411753
0.8256404560089391
0.8264250406177598
0.8272100194401556
0.8282634129735931
0.8292324337220554
0.830097109129162
0.8308983485684117
0.8316414804795094
0.8324852437987661
0.8329945427643428
0.833805470488696
0.8345284979236252
0.8358137902985991
0.8366500489602992
0.8370041535814057
0.8376864482510491
0.8383091253796386
0.8391251925773366
0.8395150053016844
0.8402465856923648
0.8413996354594544
0.8419326889712759
0.842829819764815
0.8435192364909757
0.844213789615383
0.84454010123454
0.8453210418840229
0.8462632871172009
0.8469779050393736
0.8475389072922728
0.8475800146447793
0.8485055554538454
0.8490101372268765
0.8497187415453549
0.8507327035584641
0.8517014859793545
0.8524587508823547
0.8530619485370369
0.8537871069896619
0.8541729557093749
0.8546932556064252
0.8557895424470051
0.8566355268692718
0.857468125487043
0.8583561414911528
0.8591164619945605
0.860121605037933
0.860118850911821
0.860893148186268
0.86162997621083
0.8620508554929468
0.8629340387771416
0.863252914288387
0.8637508600425876
0.8639260126567031
0.8643697514446822
0.8644628862017661
0.8647195708942657
0.8657136825660249
0.8669141808520551
0.867795965157862
0.8683952692260443
0.8690786390643619
0.8695957404816433
0.8697047957868429
0.8702107900672074
0.8707678834717075
0.871450387453191
0.872277014724251
0.8733235453734284
0.8739283648793894
0.874760579528524
0.8751399917132365
0.8760007342696753
0.8769773053791056
0.8774491955454107
0.8780143046585029
0.8785189084204434
0.878939733197135
0.8791491148573854
0.8794763072981995
0.8796951222642158
0.8799821474116674
0.8800187447769586
0.8803738845085048
0.8810313610786316
0.8815704292572532
0.8822959790059508
0.883106973942845
0.8798081169997378
0.8904267337983616
0.8844099011285327
0.8812408149466595
0.8798070139689136
0.879339760852851
0.8792108408677035
0.8787428662157277
0.8783946912906859
0.877332869290892
0.8767744904327202
0.8797875735578305
0.8782284306987057
0.8770901352449095
0.8773081061906287
0.8758857693199809
0.8760157459886444
0.8747961393782935
0.8749250340295552
0.8759157310052332
0.8727426771810611
0.8690575553977359
0.8734413562261476
0.8743228597198103
0.8725898488877085
0.8692338475562922
0.8699692473469877
0.8708902368714854
0.8703264343164256
0.8700355634343918
0.86888138460705
0.8689635977956177
0.8679902486265826
0.8680962423256683
0.8674767104635875
0.8672038617880018
0.867054682616582
0.8669550939034685
0.8670084873688133
0.8666104447267089
0.8660056729849821
0.865734973957464
0.865166379615226
0.8648121902938254
0.864543334403754
0.8640115295975759
0.8631380960978254
0.8625722921518066
0.8622299035770389
0.8612758790523242
0.8605938086690601
0.8601026579201638
0.860141891039318
0.8595552884639582
0.8589681988723104
0.8587371018277261
0.858872313255687
0.8587338226595022
0.8581404499569567
0.8579344911511099
0.8578329034362868
0.8573152700309153
0.8563523653176177
0.8554946474245249
0.855005876275383
0.8542027829915633
0.8533512604822572
0.8540664080649422
0.8537683342767198
0.8528481507240774
0.8522048956236213
0.8518043903681684
0.8523579325817752
0.8539893088918955
0.8535603215608948
0.8530911966394493
0.8528029192316258
0.8519266175960231
0.8515319771077271
0.8511821427679276
0.8804833948372512
0.9618299927417915
0.9349255153625835
0.8758183165212019
0.8573037205096781
0.8537944127586663
0.8520727046957781
0.8515235631722159
0.8472185150679863
0.7376360528144925
0.7221428544348282
0.8075949948322566
0.8422016948876002
0.848087272412281
0.848405500032435
0.8479849959232579
0.8475137904578528
0.8469314107409556
0.8423067658538811
0.8464380569245284
0.8535541601841773
0.8575929446233022
0.8522378692132866
0.8557675055034535
0.8577973087742037
0.8588010578246523
0.8607110887297256
0.8625055333949293
0.8642992054646886
0.8658205163625692
0.8668538093826218
0.8680203718511034
0.868792812193267
0.8703583130425911
0.8719106135269267
0.8733973244198225
0.8750961507952334
0.8765223996949333
0.8778399031907863
0.8794954994245001
0.8809777953872187
0.881877542098922
0.8826201620153403
0.8837834260891045
0.8851833392363773
0.8867720053416936
0.8886799986193459
0.8903225424423371
0.89147834797761
0.8928692660298185
0.8937030531112209
0.8948344497546292
0.896447383448888
0.8982171999622653
0.8996401918519304
0.901538439029212
0.9028861033899035
0.9041807514859673
0.9053461786553423
0.9069117185712634
0.9085522119958079
0.9097011386514855
0.9108430835525915
0.9120456465447033
0.9130686949392632
0.9134889414150325
0.9144031641093732
0.9153242880650772
0.9169321370176702
0.9184845463834412
0.9197855807119477
0.9208852421708525
0.9219478218102743
0.922828606522788
0.9241216295329864
0.9250753612703122
0.9262821620371481
0.9276676151885099
0.9284580548159967
0.9293325903285657
0.9301510970738636
0.9310198571351539
0.9316473068575655
0.9328400596612082
0.9341357544497597
0.9353951532662852
0.9371131408226953
0.938038534944923
0.9391615830483305
0.9401495274804169
0.9417525505348082
0.9427680206790554
0.9438176904209845
0.9449926965439142
0.9462334076685137
0.9468822278642631
0.9475539693723027
0.947957642034398
0.9489514336142671
0.9496710758014196
0.9505820093491469
0.9517015907708759
0.9529546824399979
0.9542688909023553
0.9557009344380366
0.9563350420051593
0.9569075299638959
0.958197482645721
0.9589572583413469
0.9595066376737629
0.9604018939493582
0.9610903052810257
0.961879468999258
0.9625224833404168
0.9629269284078017
0.9640379817967941
0.9649207043635681
0.9659719058005163
0.9666970089142284
0.9674696904647291
0.9680214579549759
0.9685591574854441
0.9691187439093054
0.9700611268089481
0.9715342872115277
0.9726873168902257
0.9735499873071796
0.9747146448654733
0.9752298765408149
0.9759724331655542
0.9764561749720729
0.9773110686215318
0.9778607647140244
0.9787467976091715
0.9796896387877224
0.9806639361186166
0.9815918309223416
0.9819635815442564
0.9825904437299361
0.9832853839628337
0.9836445205397701
0.9838859151571874
0.984264059766888
0.9844771543271242
0.98496778870602
0.9858085406388397
0.9862908863131282
0.986233214168382
0.986867238662728
0.9879437044638171
0.9881761656775604
0.9884635248100426
0.9900690683352462
0.9909631187104583
0.9917284722389301
0.9924002235198555
0.9933532320377826
0.993731160856835
0.9943843454252481
0.9947941888497378
0.9954788470098509
0.9959458682977074
0.9964897783993012
0.997370661380689
0.9976754317506925
0.997973468500135
0.9990969454966653
0.999787390812805
1.0002347477337217
1.0008053734294347
1.001620734730845
1.0019303204416494
1.0021135858183678
1.0028343443744805
1.0030827428577582
1.003622332294631
1.004715636279967
1.0054453214290457
1.0058102952634866
1.0061274468972377
1.0070278562913495
1.0073671748969109
1.007375925292945
1.0078776893766501
1.0084620578416235
1.0094617121917513
1.00987557671702
1.0108488359359868
1.0118767228189658
1.0121439935201264
1.0126346433866111
1.0127740602136357
1.0133708230442422
1.013812908022303
1.0142166482569306
1.0148015864839905
1.0153874161874483
1.0155044182127146
1.0161399521486536
1.016865622950298
1.0170283486002183
1.017336562990248
1.017893558072529
1.0179585199156367
1.0179558672124653
1.0182906683346784
1.0187441631614937
1.0189037205168723
1.0194457654054603
1.0197710523355994
1.0204705715945273
1.0208676429342534
1.020995589760483
1.0213564380040931
1.022302133899161
1.0230478655857769
1.0235418538036707
1.0239781661183966
1.0248112054505207
1.024989317473615
1.0252948582479287
1.0252887652381033
1.025528524619903
1.0261436298072015
1.0264678066571664
1.026932566990771
1.02711845740573
1.0274607573041101
1.027359030312663
1.0270500372731188
1.0271945705890615
1.0273154657963717
1.0277479317105953
1.0280834354339219
1.0285047150702065
1.0289582287576806
1.029581324871159
1.0299316487947885
1.0301127508674595
1.0305501629098752
1.0306656026255439
1.0311519437205694
1.0319460835771135
1.032635589155273
1.0330865557570663
1.0327878417959213
1.0331741825529863
1.0328502195436493
1.0330213969129614
1.032845285182464
1.0328773385746168
1.033392391742033
1.0336726004991625
1.033947253849409
1.0343567669250646
1.0348634573940323
1.0352476040451233
1.0356516408641407
1.0358569286218355
1.0362068622567604
1.0364020779055967
1.0367891912341654
1.0374048600522765
1.0376376832959673
1.0379413834621538
1.038043109289639
1.0383838327748494
1.0383308778641915
1.0377868095163072
1.0374922883598257
1.0371852680521132
1.0375515341414927
1.03751340051852
1.038110363679308
1.0389760743352785
1.0392503664276074
1.0397086284757497
1.0402217416234512
1.040292035413085
1.0404664151703589
1.040731545064421
1.041186134153529
1.0419864594941788
1.042575453499098
1.0426859010993155
1.0431301295681594
1.042940365121678
1.0427054785285335
1.0424151660569083
1.0422870862477323
1.0422929213698102
1.042585282644101
1.0429219674484311
1.0435334441436885
1.0436956851245258
1.044088121314711
1.044007699122271
1.0442475466964805
1.044813565656678
1.0446141704133685
1.0451058204132004
1.0458241114170854
1.0463436179305712
1.0466858090986617
1.0469721956177307
1.0474651333720193
1.0471683121805428
1.04717319477523
1.0474616559613645
1.0472685577202445
1.0473869975030128
1.0472659549321017
1.047489495363762
1.0481087747713058
1.0485627721197996
1.0489368646193649
1.0490858552459865
1.0495045154271045
1.0495377443237703
1.049950098196194
1.044298680705308
1.0505897825034107
1.0523422904961859
1.0471029061998474
1.0437646672973757
1.0422945378722086
1.0417150379213447
1.0419536755489325
1.041755559703934
1.0413895973466616
1.0413753356404818
1.041245892846109
1.0412663883613864
1.0408903834278713
1.0405159871778227
1.0396168740242129
1.0392886049692143
1.0389312825731685
1.0385644380574
1.0381353746135724
1.037204696531172
1.036208113714435
1.035604331079577
1.0347295359820312
1.03412031592243
1.0339880718325445
1.0334703741847313
1.0331204335136233
1.032373603894964
1.0318917139768353
1.0313438152686567
1.0305459656244658
1.0299233415470244
1.0293858106956395
1.0286388405792233
1.0282733178832102
1.027590383303213
1.0265217744350716
1.025919331687738
1.0248109615736012
1.0241847245105622
1.0242477776615946
1.0237853342314474
1.0236494243587195
1.023682022151343
1.0233478203887156
1.0224369610753004
1.021961437187104
1.0213224457492824
1.020537718980831
1.0196810576508444
1.0190287204465154
1.018407380753978
1.0176803721210512
1.0167865556822522
1.0161341744743009
1.0155009526841343
1.0151160341348766
1.0146241384270525
1.0136320248578836
1.0134667322368938
1.0125955975479075
1.012361602744642
1.0118486258139818
1.0110872191086115
1.0104745538730031
1.0098677966133176
1.0091736376610192
1.008486819830571
1.0081394526509704
1.0072629990040223
1.0067460384180946
1.006588080403775
1.0062420432694055
1.0052828130278557
1.0050618351586327
1.0043624055527938
1.0038604093992671
1.0033265551737502
1.0032651531382653
1.002456693226947
1.0019419653095698
1.0010091848152012
0.9999849275604279
0.9994415635295403
0.9984272416595921
0.9979716070153976
0.9973654954416463
0.9968462104927417
0.9965728369453138
0.9956727298297112
0.9949635784177758
0.9937652924673728
0.9923216418229547
0.9916327214878929
0.9907286578752261
0.990253154016
0.9899294440058357
0.990302915510734
0.990044314466869
0.9897116911801249
0.9887040602703558
0.9877922055514996
0.9868152397860475
0.9858661519314197
0.9854204021722869
0.9852818510596016
0.9851657199499844
0.9849685545866211
0.9846410260721837
0.9840157181114644
0.9835245744365226
0.9827343553073453
0.9820973337243896
0.9815701648166404
0.981158407738674
0.9809435225739896
0.9803641503065624
0.9803619405380001
0.9799153846803139
0.9790789606254318
0.9785971091590675
0.9776430832481305
0.9768802724279143
0.9762415698578043
0.9757969620991453
0.9757745402319206
0.9753323270355722
0.9747697575616177
0.9740375883749012
0.9735533491397173
0.9731532781830718
0.972416156395018
0.9718832734829895
0.9713739020169309
0.9712661018126789
0.9712049674453351
0.970730586090191
0.9702404567763411
0.9697588243328819
0.9693112108053001
0.9687823659034287
0.9680639058856367
0.967289207957432
0.966552397642814
0.9662637839586656
0.9659692660303684
0.9652764127306216
0.9649851790633983
0.9651009356399729
0.965069368630568
0.9645644934327987
0.9636785629002781
0.9628734415967353
0.9622068123207143
0.961144682883774
0.9602300819349568
0.96013225195288
0.960010755867107
0.9592323718369794
0.9589231547222324
0.9582031088893067
0.9577722102446572
0.957377649270565
0.9565910835198881
0.9560828751371471
0.9558066574025919
0.9555828542960982
0.9553600359136659
0.9549577687117526
0.9542249795062141
0.9539331919204314
0.9534926349812549
0.9523179541214885
0.9515216182324939
0.9505400939071006
0.9498359767013164
0.948828431724707
0.9479152051697279
0.9468578592801035
0.9465279944866285
0.9465668310968304
0.9463580819469569
0.9466178710869001
0.9461413355272975
0.9462716503919874
0.9460901551697756
0.9459787615376773
0.9452409456317183
0.9445826532845492
0.9443184981191739
0.9434421685199552
0.9429591300058511
0.9420124734534047
0.9415812588290718
0.9408097948451942
0.9403512871716211
0.9401642483095503
0.9395811913473399
0.9390239259078961
0.9386579381572191
0.9381823801076835
0.9372602041401424
0.9365194839011058
0.9356078836036021
0.9349097376982585
0.9341501374361143
0.9336407410576143
0.9335633235031837
0.9337102272148718
0.9337939379703039
0.9337576540641512
0.9331789208097052
0.932664787496929
0.9321823153378204
0.9313912244362245
0.9305952190875966
0.92969514904455
0.9288516039892621
0.9282404259724285
0.9274592436200141
0.9266141679125289
0.9261477804831995
0.9259313531127259
0.9255677261864058
0.9249167319609823
0.9245432992348964
0.9241940368684991
0.9236611569242622
0.9230959369327387
0.9230744733265448
0.9224451244546007
0.9217034322343061
0.9205537966929971
0.9199384280696046
0.9196167642217682
0.9192476407954344
0.9184177557516253
0.9183198072338177
0.9183615053180664
0.9184855888925205
0.9175295435028386
0.9166491045816492
0.9161471176299036
0.9158749399397113
0.915265014924115
0.9146453042379382
0.9145253882831349
0.9139225656818625
0.9132717151968558
0.9128542427948463
0.9124505048692365
0.911957705431054
0.9115124381375488
0.9112356663933868
0.9105805112549199
0.9100304721661309
0.9098874892463416
0.9095059280335054
0.9087343597512499
0.9081606239620302
0.9073603590553578
0.9069095585174445
0.9064906496748897
0.906276922973475
0.906100704911194
0.9059992188768287
0.9057018780232047
0.9052429949080234
0.9052722727667086
0.9045848195040744
0.9037799393136207
0.9034098136227957
0.9026536404744047
0.9020932982693594
0.9014315985968687
0.9011211403882744
0.9009281805945925
0.9002208165292865
0.8994179427430917
0.8986613321623732
0.8982775313243583
0.8979903573458338
0.8977625339980974
0.897174591943369
0.8968089830585824
0.8963950437697007
0.8960009862704719
0.8957641912403811
0.89520898188807
0.8945919568718623
0.8944382607079984
0.8942082955195858
0.8936509850967099
0.892884851502945
0.8921890409755644
0.8916594244349546
0.891437242385947
0.8907748698249026
0.890339155686052
0.8899090503547751
0.8894852577469539
0.88860436543107
0.8883459506885105
0.8880886526671653
0.8872441360283824
0.8871814868198163
0.8870853844234106
0.8866171131954326
0.8862273267960046
0.8858763255473221
0.8857247661716536
0.8854475310327029
0.8852699393627326
0.8846797927739183
0.8840240527598189
0.8834008156433022
0.8828273783298183
0.8824539094532148
0.882081761309841
0.8816701371197709
0.881112888132529
0.8806488822957308
0.8806279745627454
0.8803376423315772
0.8799629477234093
0.879321850778308
0.8790444227658188
0.8784943026728714
0.8785087298971457
0.8777310514815453
0.8772666487480203
0.8771387769500681
0.8769415956693992
0.8762435996312875
0.8755794811674088
0.874945283024219
0.8742524679808348
0.8734128043026929
0.872898129582563
0.8726406349621676
0.8722140712608824
0.8714638819307646
0.871162941652915
0.8701708052944175
0.8696520164741094
0.8691955614981519
0.8686973759487236
0.8685090108372189
0.8681822858800731
0.8685675593606029
0.8680570887596758
0.8675029517710527
0.8671233099708238
0.8661534092988852
0.8658000788057212
0.8645514359848891
0.8635544998461858
0.8632172938746807
0.8629362040618694
0.8625383934399213
0.8625533881687085
0.8625971319149234
0.862865285617723
0.8622717215142518
0.8619354381933142
0.8612861007004643
0.8608102054880218
0.8603267878137173
0.8599203478031393
0.8595140368578
0.8588640687619746
0.8584673002461956
0.8576582463566156
0.8568251181578573
0.8569941473434902
0.8564240452431459
0.8558793800235595
0.8557391406853877
0.8551110128673073
0.8549218588920187
0.8545734452943562
0.8543446019900103
0.8538997601044505
0.8533785287814548
0.8529186083599626
0.8522186065712506
0.8514992242924756
0.85053976397599
0.8498939507750736
0.8495423250687473
0.8489437776937018
0.8484864941014183
0.8488528393550334
0.8483104134108795
0.8476465035654335
0.8474133347744671
0.8470254358400802
0.8465237254186533
0.8457777142779339
0.8452603184244347
0.8447329768549398
0.8436165881076751
0.8432358646449104
0.8426999456647345
0.8420887053766877
0.8417061087642342
0.8420360536080232
0.8413412221080707
0.8412502229984659
0.8408282294862344
0.8406070459439272
0.8404768574714746
0.8402882806628026
0.8398947661016304
0.8399521148490222
0.8398136005474435
0.8394834511231843
0.8390344618190149
0.8385413299370383
0.8378368013520032
0.8371118061252408
0.8362613564568551
0.8354595492478489
0.8347426232485604
0.8344011559705777
0.8341858144636067
0.8340477505160943
0.8337735780245965
0.8333879818582512
0.8324569160865718
0.8313137928552377
0.8308305819559225
0.830525043333956
0.8297745168126973
0.8292483939238859
0.8289807092529055
0.8285030080246937
0.8277495955512936
0.8268179946653622
0.826193204791341
0.8259474076824941
0.8255453209313434
0.8254239025231059
0.8254751775157869
0.8256421173564304
0.8253912889341004
0.8252629336673434
0.8249722992763162
0.8248568842012456
0.8247707539325355
0.8241044407546304
0.8237461351335551
0.8230760205350585
0.8227458529718025
0.822155810933292
0.8217649373412672
0.8210679233990963
0.8206998086570201
0.82025888987746
0.8200776214310393
0.8197970096148013
0.8193462084389278
0.8190856605451187
0.8190582833435732
0.8184312712038604
0.8177484561126283
0.8169926414819677
0.8165843418028242
0.8160899215264434
0.8153012474794907
0.8148682243164467
0.8143294702447119
0.8140414741765807
0.8135779400678551
0.8135659339563384
0.8133720373588214
0.8128960042622132
0.8122743925663707
0.8120316610398968
0.811504218901514
0.8107833999943224
0.8106100707824604
0.8103541261038418
0.8101757391737135
0.8098015070714597
0.8094481836871792
0.8093261191968316
0.8087312814195375
0.8084640906993823
0.8083077282049091
0.8079254370317559
0.8080744040977424
0.8079478443321956
0.8078186900479633
0.8074194812660834
0.80666600047589
0.8062524922504974
0.8053792480007269
0.8048619793848628
0.8045782198818853
0.8038615664673627
0.803068581974375
0.8023410723699052
0.8019132164468574
0.8012640961697874
0.8009338480687249
0.8008173017170513
0.8007855362649696
0.8005492403742533
0.800219750977392
0.8003543272206317
0.8001247964311078
0.7995876781735872
0.7987412679639002
0.797967672629895
0.7974502047151959
0.7969819511370575
0.795961762963493
0.7957658386578139
0.7954432991437544
0.7955624502872916
0.7953990121309481
0.7950236256919978
0.7947822290444453
0.794768639750186
0.7947656156404637
0.7945248270395612
0.794176758256864
0.79355679858135
0.7931915399198551
0.7929817892958235
0.7920102651753318
0.7915170143289991
0.790625493887432
0.7903268650035609
0.7897549604133761
0.7890412444097641
0.788864640018726
0.788580556317301
0.7878625739929135
0.7877680094491446
0.7871996876488345
0.7869406639823028
0.7867200520862594
0.7866632999837658
0.7860096305864366
0.7858259306030956
0.7858550662370002
0.7858710268800342
0.7849246739499185
0.7842387425958607
0.7838164222890489
0.7830843849716961
0.7823982272597511
0.781371992228237
0.7808461737005532
0.7808266492540564
0.7809358116191171
0.7804994898178553
0.7800648423164952
0.7799057065710753
0.779474227793954
0.7790509810573787
0.7779314900802404
0.7770582414478024
0.7762428035979835
0.7755929331934499
0.7755019869289976
0.7753485159991755
0.7753386329893607
0.775258622345517
0.7754259559396757
0.77530295215038
0.7751952130583082
0.7750586372568421
0.774664431444835
0.7744288401317971
0.7737165046142611
0.773163960307813
0.7725478183545595
0.7720986914382097
0.7711722763623863
0.7706336509444451
0.7704066089916373
0.7700294369518472
0.7701134000689632
0.7697017216703762
0.7693648147702914
0.7694783813720542
0.7695472183579705
0.7696666741924075
0.7692708278017488
0.76902525875631
0.7688017357430365
0.7687986688739232
0.768104609168219
0.7672131270162854
0.7667184348443817
0.7659991999785334
0.7652180606954145
0.7645614264641099
0.7641404314215362
0.7638304222822907
0.7637249772137426
0.7636428839735412
0.7637317038441247
0.7638323963525352
0.7638476349465649
0.763601441207703
0.7632308052667077
0.7628612765004813
0.7621590583829662
0.7613345870748189
0.7604678757797096
0.7600698795951766
0.7599020586988774
0.7593540746166679
0.7592439071557978
0.7592850382908869
0.7592656956492512
0.759403155279832
0.7589312158214634
0.7589070262106634
0.7589364200415514
0.7583090450202276
0.7578925652709707
0.7574374628835157
0.7568233269019697
0.7563686563498051
0.755792896315625
0.7554004084036832
0.7552254495247148
0.7554441865015564
0.7552834674430171
0.7549989452568459
0.7545299794761229
0.7539429133923532
0.7538309654200797
0.7533696076914894
0.7533721203662881
0.7528810498208908
0.7524236753379725
0.752648167284463
0.7520879589023304
0.7511914444309138
0.7506237546559617
0.750292351291395
0.7500008974562731
0.7494050264790816
0.748798129364467
0.7487842590688222
0.7490121769912738
0.7484070491467665
0.7480327180015435
0.7479907559548016
0.7480228555337833
0.7478409344034183
0.7474614753769504
0.7472002348172051
0.7467431591039742
0.7460610609260342
0.7459148939468799
0.7454605480771302
0.7450386404902731
0.7447428605514111
0.744379126324686
0.7444121462266201
0.743680516114776
0.742942942399061
0.7425641273011726
0.7423708478798392
0.7419410085650137
0.7412311694233986
0.7410658999351091
0.7404344022188519
0.7401245009329022
0.7394661045601453
0.7391677597278405
0.7391300165682768
0.7385973838581972
0.7384740734612804
0.7382467701737198
0.7379290885259644
0.7375782951338009
0.7373403955780714
0.7372257868606386
0.7368732485940988
0.7366471730799492
0.7364408655993848
0.7362889302331718
0.735874544432412
0.7355748790669517
0.7354247310773419
0.735145383691474
0.7350217623885009
0.7346484108315747
0.734320123677922
0.7339774729977822
0.7332130776394657
0.7322069723435821
0.7316194789544241
0.7312904844923435
0.7309564178153342
0.7308909715472897
0.7303455866020789
0.7302594972083051
0.7302635949595837
0.7301369106589445
0.7297609645437357
0.7291981627403156
0.729047536851739
0.7284687319292824
0.7280466416422643
0.7277474933476213
0.7271521006651372
0.7266833192210439
0.7264865388757163
0.7263208612585159
0.7262181337374617
0.7261728183386774
0.7259282382108301
0.725461106825377
0.724799797645368
0.7242070820971027
0.7232729873394241
0.7226911122897668
0.7226851529598426
0.7224381544389002
0.7219708801619603
0.721569226016776
0.721603028829905
0.721470742902669
0.7207079641004543
0.7201800596141581
0.7198380562961216
0.7193720602066604
0.7190622319992188
0.7187519590148108
0.7182928277817757
0.7185178326259445
0.7183243087181389
0.7180731993415359
0.7180145523162977
0.7178642423697766
0.7177087866333993
0.7173053783397558
0.717085170038508
0.7164966275977728
0.7160252642132952
0.7155161480142026
0.715343164812651
0.7152667079713388
0.7149318955649724
0.7149419162801502
0.7146948628734568
0.7144362617537892
0.7141842636283146
0.7137873331875498
0.7133169467570802
0.7130948344939732
0.7127534746850727
0.712196863030487
0.7120725579101438
0.7118301619830207
0.7118677523951473
0.711369696798885
0.7109668254797072
0.7106363940504589
0.7103377975948334
0.7098349628770475
0.7091824927299943
0.7087581774466926
0.7087675121043053
0.7083049612325795
0.7081302690623736
0.7079746656152082
0.7078896560206673
0.7072955956633411
0.7071983436621276
0.706531780959718
0.705972486837464
0.7052027881370462
0.7045536739993007
0.7044079270153069
0.7036589194375372
0.7032170320235349
0.7030259139266412
0.702910490741047
0.7023706923347188
0.7015458817821364
0.7009277107764308
0.7003868310211574
0.6997238393628796
0.6992942439034171
0.6990297983658067
0.6989291000333802
0.6989130265565473
0.6989360223595874
0.6983321061227894
0.6981455204423304
0.697984219916929
0.6977335035972319
0.6972897413025825
0.6971806496212463
0.6970376342103932
0.6968514414611757
0.6972289166775586
0.6970696367965166
0.6965218571282608
0.6962565451888927
0.6959941821102119
0.6953606619961654
0.6950425178235708
0.6945890671264826
0.6944668750342909
0.6943163596721186
0.6938921213033389
0.6939295974095082
0.6937596926805049
0.6934533389774736
0.6928818159579732
0.6925006151075277
0.692698470231884
0.6921561754919772
0.6917027219013057
0.6915538761996523
0.6915507590726624
0.6915730916654854
0.6910947673216089
0.6910521335707207
0.6911614543844566
0.6908014611651648
0.6905705868778916
0.6903922284945709
0.6903961783961244
0.6900724423014142
0.6897202167342288
0.6896042890264987
0.6895861591347708
0.6896600036587508
0.6889979268767412
0.6889487683072338
0.6890152057977048
0.6886695174096336
0.6883476613994857
0.6879817971246072
0.6875206883362909
0.6871132601178447
0.6869394499221314
0.6865292386234917
0.6859261706413948
0.6858324320134688
0.6862027705068867
0.6863170271238803
0.6860542149421288
0.685707572887177
0.6856789185788582
0.6850338320285633
0.6843418672586185
0.6840416883549226
0.6839053877305176
0.6835962865691572
0.682912101862157
0.6826524444802411
0.6824344058392449
0.6819092240844152
0.6816625824903043
0.6813852606739621
0.6810018050390798
0.6811302196460391
0.6810783853787508
0.6807251587704922
0.680381291587559
0.6802031638028448
0.6799252377059779
0.6794519782782884
0.6791105155941203
0.6790408480868443
0.6786727168946803
0.6783494205228183
0.6779867321612912
0.6773758935863644
0.6768368174912922
0.6760925657572994
0.6755688639367445
0.6751924922339261
0.6750025613230944
0.6745761882799391
0.6745205666241109
0.6746447397549897
0.6747054061296017
0.6743396135119812
0.674252012569903
0.6738450295103423
0.6736411665437761
0.6734856572531694
0.6734651916043896
0.6734550006727126
0.6737091727825597
0.6730120402714665
