0.007459613983679506
0.007870219063787926
0.008182044327454828
0.008737712257825648
0.009023984166920468
0.008962330327293206
0.008753908407138697
0.008599766060166826
0.008749257713803416
0.009367218606957921
0.009643491073826707
0.00991287546767894
0.009956609807937934
0.009901675214143693
0.010051981116800326
0.010053415696889204
0.010085490222955051
0.01060805621788277
0.01107855878959635
0.011191122290946069
0.011557117441872121
0.011298302551417288
0.011498056324787944
0.011276146630534436
0.011461771944082133
0.011299402124729267
0.011437322397272957
0.011590154329744343
0.011695327547741552
0.0118128946877823
0.012207195369874505
0.012381640760597452
0.012428817859024771
0.012629469403362764
0.012934493080721005
0.013170201731923016
0.013566323537438781
0.013658587721040031
0.01364911894085698
0.013747269495844238
0.01397743528725051
0.013665210306913056
0.013599191207504607
0.014341600626323295
0.014994807819263824
0.015108914467584264
0.01527210844341282
0.015079180036920983
0.014665742314600149
0.014277863920891157
0.013820386564408633
0.01375360475389835
0.013726515618460201
-0.001119079248133318
0.02830380955796272
0.010256902301818045
0.004792321809836952
0.01984106293657525
-0.015341339506330293
0.04800277203717615
0.0016036204763676032
0.02485350206117209
0.021429350064289227
0.020782004879025238
0.020836316004469686
0.02120582669232184
0.021607827392558884
0.022043971238628664
0.022322719496434107
0.022499855417147534
0.022607850868769753
0.022800096636674937
0.02291903806263686
0.02318136442211761
0.023405187264920968
0.024071349304155148
0.024160206754130664
0.02489007931821552
0.025950945120901448
0.02627047481091047
0.02692476022081632
0.02691978585057179
0.026983718775829942
0.026842519813255566
0.02718804683216232
0.027866565511492403
0.028258731254158898
0.028310350967385416
0.028338417761737473
0.028705814232298715
0.029502027498029045
0.029984738164476808
0.03088476333949842
0.031075716091434336
0.03177349261561146
0.0318912594622758
0.03167221326236256
0.03149202151404598
0.031241485811000096
0.03175942769539183
0.032330424895715436
0.032901702894908846
0.03362756355354098
0.034091288894306335
0.034851436207874606
0.03559057376994404
0.03644251369717023
0.03729446428696547
0.03760845120741119
0.03817240471127737
0.03833822336239404
0.03850920895935319
0.03860196485703113
0.038557527425681117
0.03893742345773784
0.03910888739207286
0.03926988117321479
0.03947679514248622
0.03975275560014507
0.04010108844054459
0.04039931758130171
0.04122907130983736
0.04177846885203415
0.04231988860601133
0.04291133437437442
0.043441999692589585
0.04381033617235011
0.04425107234503165
0.044698569795442254
0.04497017000165492
0.04509239098511487
0.0455469805930711
0.0459185323140856
0.046274210500186395
0.04679574156426879
0.04747617461246236
0.047884431266288795
0.04821997583960111
0.04847633947980808
0.048764245732796634
0.048900806419949865
0.04933153339088626
0.04965103732263796
0.050372648507852065
0.05096711910746177
0.051284326208222396
0.05166526336079322
0.05216942051687368
0.05261327734605147
0.05301959232948239
0.05322760167132628
0.053779455598960406
0.05430647967298821
0.05464773116160335
0.05506807490521968
0.05518268824002325
0.0556807712795222
0.05631599273222668
0.05657450527839564
0.05671498988208482
0.05724669649315767
0.057567726933446424
0.05812600019290521
0.058534269574213954
0.0593531232857866
0.059787312856699464
0.06020677963058844
0.060677923744762746
0.061349042294130456
0.061483424777914714
0.061960213988107894
0.06233282951584579
0.06268087254037484
0.06313615818207637
0.06361656408121394
0.06408014553583015
0.06456982507778546
0.0649859297524467
0.06536039595147429
0.06532869598049584
0.06581000931334909
0.06606572970341819
0.06618920857355493
0.06695554717878867
0.06768049137177079
0.06807212844943118
0.06820138266808494
0.0683810903473847
0.06844387284411409
0.06819348095645227
0.06845662079381078
0.0691057279121587
0.06961494374347647
0.07003489825183289
0.07047545098344937
0.07098415927103546
0.07143031827229995
0.07190161371797171
0.07243762884358991
0.07280104016353724
0.07312481939764127
0.0731758135420682
0.07334063538838657
0.07352800528036514
0.07386642219365791
0.07378456979483584
0.07430883801111889
0.07519002714260582
0.07531465053462065
0.07580652951208038
0.07642745433084798
0.07693208558494335
0.07738357696632175
0.07751226278584468
0.07788665612773396
0.07816201697648106
0.07834604505578739
0.07881911785983174
0.07934578090690615
0.07962768172917707
0.0801533012402715
0.08060068042037265
0.0814649568739478
0.08210352043325754
0.08280411089423285
0.08326141341570564
0.08385686308841979
0.08402218870401229
0.08403767660711146
0.08430921060555187
0.08468488578178938
0.08533532495028795
0.08592076002893796
0.08654830894670677
0.08695612316765795
0.08749500989746124
0.08752425451825269
0.08785275833233468
0.08786292139998621
0.08815840832710155
0.08850239452309827
0.0891670673058484
0.08953285654005816
0.08974619673755947
0.08998480179745409
0.09031861186502466
0.09056877804329821
0.09093062489552177
0.09148330625152669
0.09182703345428232
0.09216191799779928
0.09217330470076719
0.09258768171737225
0.09284113257102898
0.09320865632208787
0.0940769206871388
0.0946663168182197
0.09541790115868815
0.09572672267841283
0.0959543877160854
0.09617928489892645
0.0965770685442013
0.09693554821791704
0.09727162249313422
0.09726723060616305
0.09784246802455754
0.09862125581214681
0.09879588204558883
0.09917481836104809
0.09969979837120725
0.1004277350563635
0.10093046956043565
0.10113417593370848
0.1016199289963139
0.10199292419357131
0.10214343736708172
0.10228517328397198
0.10281639330757164
0.10337159903538423
0.10364474360375502
0.10388921791650563
0.10415339282785774
0.10469091834759313
0.10531087385301191
0.1057809355956098
0.10626396421274122
0.1068801331329443
0.1073080006293896
0.1076359526327454
0.10770443540452389
0.10779567753220719
0.10813624398088377
0.10830434935024301
0.10864881082966892
0.10922048338103087
0.10978732757750691
0.11049420837394668
0.11103046344869
0.11149856846018048
0.11188061635531006
0.11216155857015116
0.11251880916495212
0.11275663684684352
0.11328717755974382
0.11373530277568401
0.11432068724042081
0.11478113114280601
0.1148521644911868
0.11543093938036549
0.11513080410684252
0.11517158291787373
0.11538836175599719
0.11559036373690056
0.1159518227087402
0.1162949841424923
0.11675500672239338
0.11704184958293518
0.11709548748204812
0.1176206344998063
0.118156099723433
0.1183448937991139
0.1189980672304335
0.11941648038730109
0.11984785580233859
0.12002461867746154
0.12057064542106327
0.1211633867615019
0.12167536252645834
0.12236618998699957
0.12293675868606639
0.12337073731382008
0.12384027221874912
0.12401574695337558
0.1241369086728128
0.12446719681985481
0.12489777261083627
0.1255081432213172
0.12559762410914707
0.12568777032639114
0.12594057444360282
0.12622761833647697
0.1265275492699827
0.1266311049358225
0.1269920885177015
0.12735752765185512
0.12763619232771622
0.12820559076738294
0.12884511772579596
0.12942899580695774
0.12985740150276062
0.1305731813850616
0.13121562292022262
0.13173352728794419
0.13183094905491513
0.13209071520676152
0.13265951354728397
0.1328423099814671
0.13313833228625038
0.13361549742511764
0.13152948062689573
0.15367950355844343
0.11476910477502579
0.13102965275734035
0.13109981964138465
0.13121866706671476
0.13119622620457996
0.13104912589381823
0.13103564881920973
0.13051883940975473
0.13141164983940892
0.13520817379489153
0.13410594926198677
0.13364422039545493
0.13433762716150846
0.13268380023926654
0.13392317602942952
0.13472424967430177
0.13530024566957508
0.13537256065369566
0.13522177788516423
0.1351452034654204
0.1344941067360274
0.13572309979508967
0.13720180833177334
0.13575430367024224
0.1348123658544346
0.13611629273255044
0.13640676846630634
0.13703146931785193
0.1372096753124664
0.13709892362783693
0.13716892323449162
0.13708329978512837
0.13678837485129317
0.1366983270732852
0.13642245947520412
0.13640153030031055
0.1366449031321376
0.13695279456081424
0.13690140872817416
0.1368044719999652
0.13706979351293144
0.1369831924810958
0.13653368699735274
0.13673259908137173
0.1368850534828117
0.1369107696564536
0.13704523513605432
0.13699037819835588
0.1370400642440843
0.13692209342355358
0.13696935056319964
0.13656439004644602
0.13669029301745386
0.136546169327579
0.1365867391808984
0.13687530189082012
0.13721343270425432
0.13754267277912027
0.13740888251905353
0.1375535263329836
0.13764109969289065
0.1377019410095725
0.13785562890924652
0.13768370421696502
0.13730871119884272
0.13710540926626405
0.13736842089493584
0.13757036620976656
0.13796618441132935
0.1379760675447303
0.13815414197928294
0.13873306132061805
0.13929401223166699
0.13955768289556472
0.1396628252220483
0.13964207905314083
0.13937794047535595
0.13927549181223123
0.1398152532992156
0.13819326383365055
0.13515945991524478
0.13865253155237886
0.13900723086888092
0.13894796850080296
0.13880086846235637
0.1389453278855504
0.13920916009116854
0.13976387764758766
0.12498740625133044
0.16669934361582897
0.1407963807567828
0.14519368443688768
0.1469363249826204
0.14828477882128388
0.14905461098298375
0.14892305676385173
0.14888065676836254
0.1493570789276001
0.14990717798520314
0.15026329251153675
0.15109869364763592
0.15152575275672917
0.1522387003195488
0.15257023592099214
0.1526408784540841
0.15302411167906926
0.15312563679769356
0.15340173889442124
0.15394995543189297
0.15426891982988303
0.15458876103582864
0.15504963878033282
0.15530755469077548
0.155595220640639
0.1559660884979717
0.15652135958070568
0.15701186662723157
0.15719345107542285
0.15752700839937717
0.15806890324080036
0.1584323188717654
0.15923413514453447
0.15972809825284093
0.1603898199825501
0.16102837041918236
0.16125725491970913
0.16132476176167568
0.16159685436094715
0.16187557716739331
0.16235474665556496
0.16311441742778113
0.16336930753986506
0.1638350944182566
0.16401425619216783
0.16412118855702132
0.16476249965001757
0.16517879778495978
0.16551828291756945
0.1664771207866839
0.1674075743458481
0.16787909009288707
0.16831787551514374
0.16903040154575324
0.1696748533806225
0.1704080859664779
0.1710498177865674
0.1714471472041553
0.1721040604237342
0.17293908686422643
0.17374890263595202
0.1745523444982985
0.17507719704081956
0.1760743725403776
0.1764606504175399
0.17683782154161254
0.17768762550850256
0.17818386067351966
0.17913036675643093
0.179821100573197
0.1804400520355897
0.18120311240142675
0.18215666712182976
0.1823866851008441
0.18252249069969903
0.18353568846851243
0.18410839322904596
0.18423985886599456
0.18460275668273116
0.1849795647165421
0.18536198838853502
0.18573263965542874
0.18600000126796476
0.18693658605386756
0.18756491087771457
0.18852260960033565
0.18873855803733564
0.18912407762857683
0.1898017258442096
0.1905557720363302
0.19139735797672786
0.19216841854958644
0.19307298895735558
0.19363458808358955
0.19402247739089296
0.19479422404544564
0.19514080062146044
0.1956473730132039
0.1960355909989341
0.1968291824563511
0.197373190623973
0.19786633088215166
0.1985475423997363
0.19873794889661944
0.19947126869068102
0.19982021596699404
0.2004498816640907
0.20111268522110923
0.20149449948548637
0.2019748119939161
0.2025748383126533
0.20307509478707245
0.2037155592340226
0.2041205287869918
0.20466575353350935
0.20534920002643287
0.20608903845034132
0.2067766019371784
0.2072012458871281
0.2072612568385999
0.20775374874888516
0.2084484628164037
0.20890462318553682
0.20954875904570958
0.2104612496327051
0.21136265429077392
0.2118243077439433
0.2123612572936494
0.21268016302691614
0.2131623318515287
0.21357852148772127
0.2140669400579633
0.21492611298058598
0.21587900930483958
0.21652435289727404
0.21667162036703155
0.2173450537417525
0.21779125018300596
0.21820707995961472
0.21833339334198473
0.21913665316326417
0.21977803731209103
0.22076405870852536
0.22136954796782593
0.22225893071594927
0.22280216105293363
0.2234267720464939
0.22363209260382
0.22388864650604054
0.22425255283245793
0.22448465039462506
0.22503704521301374
0.22576943756588186
0.22626589697508334
0.22688684521257843
0.22730379314191007
0.22754737066185546
0.22783911901130807
0.22861889379922662
0.22915073984681064
0.22963172615105917
0.23044176239028355
0.23111220948105674
0.2315056196108536
0.23208926702378918
0.23271849150378698
0.23288331429762285
0.2330670322350382
0.2338282245060683
0.2341373876286614
0.23460465924814114
0.23527042131418396
0.23609428505013327
0.23698900323326458
0.23759587989228012
0.23821598626764318
0.23886671535216789
0.23953423301716326
0.24019206307679317
0.2407344052993504
0.2410552236638059
0.24162447317989919
0.24195200467454114
0.24273980642841284
0.24339278404312845
0.24377288158107982
0.244453178390695
0.24494451470390907
0.2454549214028906
0.24608576881393343
0.2465102094627434
0.2468857320594573
0.24762084034141982
0.24848677307197378
0.2491831903773897
0.24987125522993703
0.2507055359231023
0.2511538359756798
0.25207869550013945
0.2528393337257292
0.2533308484940106
0.2535111175659273
0.2538808208238799
0.25440875624643283
0.2545229412965513
0.25491358886456666
0.25551908337054924
0.25600003701690516
0.2564363575809206
0.25702706383397883
0.2571879433575633
0.2575050447275225
0.25770406213560176
0.25803423055881386
0.2583470182419573
0.2589929054061355
0.2599080795302993
0.26043093234943665
0.2611963582771995
0.26208657108567895
0.2631057504959637
0.26363986167992826
0.2640424785343715
0.2647563885489777
0.26542150663435915
0.2656102982433
0.26594894559221577
0.266166913104297
0.26683071960574534
0.2672866430683057
0.2677409374554058
0.26832758817636054
0.26832556642401645
0.26887346435702664
0.269315855484479
0.26980707163948536
0.2704252160620046
0.27084073008283854
0.27107944387870486
0.2715796556542163
0.2720059890007237
0.2723619541132102
0.27278615454906946
0.2734413871470827
0.2740896376584339
0.27486073222517865
0.2754124925870336
0.27601372934619084
0.2763916322107836
0.2768407410702697
0.27736631768480663
0.2776936867325744
0.27804623722599914
0.27869298350103094
0.2792739863663258
0.2796435942652789
0.2799818355545261
0.28059829804321673
0.28115076068206424
0.2817817408218256
0.2821735395631517
0.2826247989004141
0.2829331722371024
0.2831930710688145
0.28337274907942545
0.28384909974464007
0.28391955586678114
0.28447285151740176
0.2850078829393641
0.2855131539511213
0.2857369469314688
0.28604613035236787
0.2865639694267916
0.2866275386421225
0.2871065188090121
0.28755366792902326
0.2879688561979244
0.2885338865307374
0.2890145900182763
0.28963465154559614
0.29033152310481264
0.29105112431168895
0.2914520466896437
0.2920551885489188
0.29248727663873914
0.2928306166800599
0.2930237274853095
0.29352465270131417
0.293965460140856
0.29435844078916606
0.2947691347659671
0.29542339838968407
0.29584497939116483
0.29629780057435817
0.2968600414756948
0.29723724429039156
0.29737705316400825
0.297798232864364
0.2983123065144955
0.2986733854908133
0.2963813310162939
0.31059199730391324
0.28931664073953584
0.300133232970154
0.29847828681186955
0.2983272268178629
0.29794512479547713
0.29742430049047186
0.29765780068283326
0.29799335068658284
0.2987059188874302
0.3018697569891436
0.2992688493468403
0.29944119855041756
0.2993462269663039
0.2986842976816591
0.29885468477420485
0.2983563736242467
0.2988364352623998
0.29945389438361364
0.2988194847531414
0.2979349357184831
0.29864007578907753
0.30001647902305034
0.3003659814907999
0.2990574141049869
0.2994833986118897
0.30047469346910655
0.30049105044720154
0.30089498075417037
0.30089274644959113
0.30051688157662765
0.3003768047015177
0.30037318229198934
0.30025588425355
0.29986434213492175
0.29974352513505265
0.2998513069788651
0.2999111697031237
0.3000157099492656
0.29996654309462295
0.2999910566504995
0.3000811069617713
0.2999869193188745
0.2998514212514892
0.2997038501291774
0.29940918340908834
0.29940921596876807
0.2990202187075309
0.2988771875754139
0.2988216291715387
0.2989398368670431
0.2988758086601558
0.29901126285835566
0.2989906136919897
0.29898612680389375
0.2991658807491538
0.2993533450563442
0.2995068754188659
0.29951060237121935
0.29992068496591934
0.2999795500188794
0.2999874695526308
0.29971979775218555
0.29949233387036517
0.2994359309676015
0.29920386673589017
0.2996215974433245
0.29963867684500595
0.29895572962103295
0.2983114520072015
0.29788737121979203
0.29802447134531274
0.2985982222710722
0.2989185058659279
0.2993336696519086
0.2994521324139718
0.2992122459432889
0.29910522150667257
0.29916693818824014
0.2997722199248921
0.29372948217441736
0.2930811878058729
0.2982598147088537
0.29888977056566063
0.29902032067232215
0.2986622401994552
0.2982914071411361
0.2982309602209016
0.2984172909009592
0.2845960518231638
0.3255815632566332
0.30139270952406694
0.30565530071742625
0.3066209039711323
0.30895005257408836
0.31036794484297997
0.31163946067319753
0.3117133133670714
0.3119444100130545
0.3120887884710824
0.31250290130873337
0.31305645351453676
0.31364008076771055
0.3144735252027612
0.31521655595397874
0.31567257495513285
0.31626453490618195
0.31734121828246104
0.3182393282190594
0.31967706465684287
0.32043995202759906
0.3210508270368093
0.3214785200692349
0.3223585115543572
0.32323606892474455
0.3241253811617447
0.3256368951858591
0.32667583797667565
0.32737616417007387
0.32793175231981997
0.32878932933499655
0.329517037760442
0.3304255691306734
0.3313010254132546
0.33213300390592365
0.33324816121766315
0.3337539086527083
0.3341651984779807
0.33467529665968215
0.33508066087524746
0.3356910961562727
0.3366416880478355
0.3376364463557769
0.3383583287077596
0.339055081324596
0.3398011062225372
0.34081581582342363
0.3416744416240273
0.3426096247998573
0.3434571901432364
0.34449171375107274
0.34569564366337535
0.34651114387433274
0.34761436842164484
0.34881242418975483
0.3498093703401357
0.3505832544192868
0.3514739697343878
0.3521039811213927
0.35303754154787653
0.3536198034737903
0.3544146675949456
0.35525836844480296
0.3560445415518236
0.35672460453089405
0.3576095645111592
0.3587250620139159
0.3599028614763961
0.3612081573924401
0.3617548421951638
0.36234193008010124
0.3627703029812712
0.36335541913537606
0.3641638569961037
0.3651230362758504
0.36631014576529797
0.3673056403468609
0.36856839345852177
0.36964904658308795
0.37023540789698756
0.3708067851241323
0.37166545164772763
0.37247486626111975
0.37293795824617765
0.3731922858733812
0.37381175366421227
0.3746430712713069
0.3752682337962323
0.3760367555737408
0.3770517610791914
0.37799872419567365
0.3788183879221676
0.37972468587685065
0.3806676528169226
0.3816831892060641
0.3824406413436683
0.38313241277218607
0.3838277049169834
0.3844625426065662
0.38513602239911254
0.38603083743788896
0.38681878248435586
0.38796203930696666
0.3891796737247885
0.39025311591690154
0.39132908821923373
0.3919638763623456
0.3925912753830419
0.39348010173335984
0.39449541509360514
0.39545501926301824
0.39642646350485716
0.3971696371680506
0.39816001266124523
0.39878848460425814
0.39960292149056653
0.40022893143016575
0.4008186073709752
0.40162527367265666
0.4020620315557748
0.40274864058843307
0.4038314270672711
0.4047389947213085
0.40529432826962203
0.40610756752228866
0.40701870310788674
0.4076537596939433
0.40794411737511166
0.408594253101523
0.4095827172266772
0.4101411091943407
0.41069807945665615
0.41126029656119667
0.41197774381015234
0.4125433464649655
0.41321178879987475
0.41404118657499844
0.41516489736655965
0.4160181213276382
0.4170622386001243
0.4177540997355338
0.418444094524548
0.4192378641958507
0.41980856791039073
0.42010823445195494
0.4206363314351525
0.4213576842400683
0.4223359645059592
0.4234097897760835
0.4244558110248371
0.4250898992748821
0.4262382261076885
0.4268755139097314
0.42744398888542245
0.42812090136773245
0.4287242282538379
0.4294858735578211
0.4301312719625032
0.4309597474189834
0.4316101718354666
0.43224726188702217
0.43271868538592057
0.4331704732919781
0.43367577946796804
0.43436199221889904
0.43535645404954515
0.4362218254678565
0.43740590646906236
0.43847112529342214
0.43922487220231193
0.4399376748799004
0.440785648723415
0.4414124459708648
0.4421557218712135
0.44285258006180456
0.4434828863400216
0.44419917372235557
0.4446977184352306
0.44528198254183476
0.44590080004000404
0.4466495696313775
0.44738469584560625
0.4484860704106137
0.44922024315579884
0.45003945708640863
0.4509285273240266
0.4516870964909283
0.4523863007903599
0.45308387439893955
0.4539122042156087
0.4543247559358177
0.45493184649951585
0.4557254132100728
0.4565390913584952
0.45749538572503146
0.45840788981600883
0.4590242731793564
0.4596598827095079
0.4602149140753795
0.46106917044904283
0.4617531951605977
0.4623378555567171
0.4632567239245118
0.4641424684848409
0.4647449164218362
0.46540105829920625
0.46600722733399264
0.4664971849071622
0.46671707151697356
0.46740836992969853
0.46827780740091884
0.4691567373449584
0.4698694497869595
0.4706395453570073
0.4713067948784881
0.47192440079174763
0.4726280076282389
0.4729071249249901
0.4737147984443588
0.47430373116973606
0.4749575616077686
0.47562667072288495
0.47623627211538583
0.47679975323060525
0.4772854159015308
0.47775819998933056
0.4782874414512204
0.47882699040861576
0.47943314348096516
0.4802517158528597
0.48095113951816243
0.4816433321714874
0.4820713262402379
0.48287702994988485
0.4835839156490551
0.48408863101254185
0.48477534688079754
0.4858094589007084
0.4866677165857653
0.4869726032436837
0.48764016691212714
0.4883889916147119
0.48901646211430944
0.4897144637098722
0.49020123652287717
0.490822107764199
0.4915182530907582
0.4921618701064225
0.4928818047376738
0.4934951306331745
0.49413693765114935
0.4947864270969811
0.4954093886176656
0.4960053677466579
0.4965738643845485
0.4971035494083193
0.4978474343849196
0.4982074943263834
0.4986988152606515
0.49909163181142496
0.49969369363060157
0.500128657864812
0.5008037849897367
0.5012783765064532
0.5017041819272595
0.5022614014545508
0.5027735214024602
0.5032099937195939
0.5039500684911086
0.5046878555463878
0.505310695386689
0.5059266791485019
0.5065550535092569
0.5070703593948206
0.5076610865063795
0.5084531611538592
0.5090682097936626
0.5097743286404421
0.5101206547170944
0.5104261090132433
0.510832096830918
0.5113796406985975
0.5118700136665578
0.5121584871643453
0.5128825837431708
0.5138695844007043
0.5143680930255349
0.5149614685742646
0.5152962290392107
0.5161018271404079
0.5167710922075278
0.5175126038658152
0.5181825177191827
0.5187718558313715
0.5192987954161431
0.5199489679335311
0.520557257132448
0.5210656190265864
0.5215561208018552
0.5222054056122688
0.5199344688652866
0.5342821648862269
0.5108172610296379
0.5207369308546729
0.5204075818051469
0.5201165104238641
0.5192179033678471
0.5183677570280264
0.5182985836731019
0.5183273999664594
0.5187551977176633
0.5205284421624501
0.5192871892896792
0.5196249235546829
0.520323210455777
0.5188225286484184
0.5198557012346152
0.518587901030429
0.5183296182820213
0.5191087184626944
0.5177638314940175
0.5158082295570978
0.5172303125285517
0.5211646204500279
0.5200156583545003
0.5179123111054025
0.517910102467286
0.5183413490496926
0.5178575183602254
0.5176067547027954
0.5172323772478878
0.5169775039254085
0.5173893610546427
0.5174242946011033
0.5173202069645513
0.5174117096179587
0.5171757810487794
0.5167950275441326
0.5167708531589718
0.5167222122365986
0.5163572497798717
0.5158565781962655
0.5157452385076934
0.5153217302514087
0.514976461837804
0.514754554428218
0.5146992587627726
0.5146662954000517
0.5147561380003421
0.5146242970464211
0.5147464157795056
0.5148685297216492
0.5145316545249136
0.5148871796710041
0.5145687620265343
0.5144482312126265
0.514011678588008
0.5135807444154187
0.5132322572903926
0.5132127099197326
0.5130172211865206
0.5130100515338665
0.5125541945829503
0.5127031622637178
0.5122152138002336
0.5124895381999054
0.5127236353097971
0.5133276310523014
0.5130792274514219
0.5125337527196273
0.5118879713451092
0.5112111152990004
0.5109602241380962
0.5113156258339931
0.5114591936113985
0.5115513602230001
0.5117175775031871
0.5115558110439361
0.5113887183664746
0.511675215164918
0.5110319617022907
0.502510643327634
0.5034234345883986
0.5099266450507743
0.5111075659390169
0.5106443881221779
0.5097861535081397
0.5091417182349497
0.5085343170177228
0.5086503449246458
0.4942869867533435
0.5336198284528397
0.5091260887746546
0.515753187348343
0.518042398692565
0.5200641105589958
0.5217420019213391
0.5233131232055068
0.5242501596264703
0.5262674858149473
0.5281156261959236
0.5291748848907494
0.5302411839977278
0.5316077129970602
0.5328852749063938
0.5341989190550828
0.5355224656849138
0.5372745194692049
0.538704305458306
0.5404053364791506
0.5421673536787046
0.5440586723451796
0.5454419074425735
0.5467403267978682
0.5476832046202905
0.5489790346613219
0.5503523848157414
0.5519867406964026
0.5532845178840792
0.554586465589885
0.5558607380862469
0.5575696678019783
0.559072022987592
0.5603462004174603
0.5616654983626826
0.5628743123557031
0.5640484129110105
0.5653265929051874
0.5667612406404093
0.5683421706003354
0.5695424622121191
0.5711399313604718
0.5726441195795454
0.5741086694128902
0.5755999424709112
0.5767054935437929
0.5780053120824512
0.5792922111588191
0.5804418211263087
0.5811788550520628
0.5823012448514082
0.5838680817360151
0.5853054284039897
0.5869711297649525
0.5884373342845478
0.5897852286904143
0.5911363920986045
0.5926555832154241
0.5942171019668546
0.5955656749153885
0.5970402940073964
0.5987267274530227
0.5998619503456494
0.6009854296643858
0.6022181527867633
0.6036293352222798
0.6048456427772225
0.6062675810034777
0.6077604128758524
0.6089542908017682
0.6103056310373174
0.6111216603112795
0.611946403321481
0.612923014947845
0.6139515195977359
0.6152663483143173
0.6165209418192963
0.6180940135293295
0.6197596282392258
0.6211119702793071
0.6221299011324328
0.6233258837276136
0.6247401560448533
0.6262006236827377
0.627790703690619
0.6290189880964909
0.6300158553562475
0.6311897895635019
0.632206750851242
0.6333166751601301
0.6343773830979864
0.6355345351564576
0.6369541285530563
0.6381223429105185
0.6390179282724747
0.6403451859805994
0.6415895950087196
0.6428178276848774
0.6443306240170484
0.6453647301719337
0.6466616705921117
0.6478774411393434
0.6489046699824094
0.6496297657437423
0.6508871925734238
0.6522399562447264
0.6536046863258888
0.654571628892248
0.6556691708651182
0.6567109385955282
0.6573885142489445
0.6581634160695845
0.6590911620786696
0.6600737261295612
0.6605380474987431
0.6617932522226256
0.6628570895493233
0.6640778447781504
0.6653282377513431
0.6660898237910078
0.6670605084642088
0.668069916937811
0.6691902298148897
0.6701710433456337
0.6714800148856913
0.672895583538842
0.6739144996717324
0.6749421349203918
0.6759926382967599
0.6767857296508432
0.6775426249385202
0.6787227384526814
0.6798506857074366
0.6810951137689334
0.6819310318300001
0.6828585197588168
0.6837476501696759
0.6847371759146763
0.6855721865407415
0.6865126122768253
0.6878469383410813
0.6892191407770086
0.6905299690052606
0.6916531795461139
0.6923057270265557
0.6931051977541375
0.6937330768041646
0.6947995846427967
0.6955797860589764
0.6964910104381635
0.6972080830587909
0.6982217682454551
0.6991559789944081
0.6999010105428877
0.7008303158232135
0.7016294552450519
0.7025491723177768
0.7033500111317831
0.704177913868119
0.7050960102170194
0.705880964861998
0.7068102103503465
0.7076154156920275
0.708658777870132
0.7097470786266952
0.7107354850010289
0.7118912213915526
0.7125484174292257
0.7136244084103099
0.7146859326290201
0.7152486376657641
0.7159888737800565
0.7167658696093117
0.7174995626751701
0.7182977628387565
0.718970957044689
0.7199369760565992
0.7206899168104078
0.7213066838946407
0.7221788373709276
0.7232535890840145
0.724249563354201
0.7252163184371231
0.7260766295039202
0.7270738345096669
0.7278334852325038
0.7281849606841316
0.7287760346700658
0.7294901074588881
0.7303365213690105
0.7312478705654227
0.7319647818054381
0.7325017461342193
0.7331608075289884
0.7342580206118403
0.7351358771694173
0.7357430744229144
0.7366682303320209
0.7377142627458481
0.7385335427669646
0.7392963291121962
0.7400550394107094
0.7407524590590627
0.741228461151125
0.741941694197875
0.7428439386126117
0.7433063280223525
0.7437650185298069
0.7445692091782043
0.745208920189565
0.7461007648400408
0.7465673843297443
0.7473321993076016
0.7481157419620059
0.7489330013300265
0.7498105927133372
0.7505497924458177
0.7512566859166587
0.75200509232918
0.7526707494399797
0.7535332516221311
0.7540040794306258
0.7547695838840999
0.7553841832195908
0.7564126150199711
0.7570607688315114
0.757500093180597
0.7580883414489828
0.7587369985901673
0.7594629155474907
0.7599269218123931
0.7606137044628191
0.7616753959609245
0.7622527492559444
0.762979660676431
0.7636390781573082
0.7643573978980877
0.7648760627828012
0.7655536485046452
0.7664421390128554
0.7670816307894258
0.7676323207104175
0.7678508776422331
0.7685024149107167
0.7690218128095457
0.7696710579895383
0.770527327244603
0.7713101030384225
0.7720478627598623
0.7726582362337161
0.773352683599196
0.7738107924804624
0.7743730580438623
0.7752797559986884
0.7759647358527424
0.7766360893443259
0.7774090257788019
0.7779639649137077
0.7788014690199737
0.7791010156327055
0.7798203208924183
0.7804762984698496
0.7809385883698058
0.7816131834508392
0.7819978844226455
0.7823840599566823
0.7825910649702692
0.782983527072988
0.7833075236798647
0.7836212306708988
0.7844329673275782
0.7853640425175136
0.7861168705886765
0.786712055673472
0.7873530517273847
0.7877520375768275
0.7878968943087356
0.7884635266696414
0.789015258107275
0.7896680886249677
0.7902162014836698
0.7910780031207482
0.791711723621373
0.7923913443942157
0.7927427892951302
0.7934204033201646
0.7941636004614079
0.7946276232969168
0.7950912921397554
0.7956310893863164
0.796109063842998
0.7964937439343545
0.7968903176391179
0.7973229977214454
0.7976736642906537
0.7977397012342058
0.7980931508457086
0.7986171097294524
0.7991188542993016
0.7996355676263498
0.8001819890710052
0.7974021776899742
0.8111205099089628
0.7940505137310606
0.7993817106257507
0.7981157352371738
0.7975255699901648
0.7971084670565055
0.7965649539742082
0.7961362017987831
0.7952375018168394
0.7950205272190817
0.7969017080381035
0.7952900605270444
0.7946110116629713
0.7941706673330641
0.7935974613623976
0.7936548944129759
0.7929070137432922
0.7932395287502767
0.794042385796918
0.7918586730793904
0.7897290947573489
0.7933788227594198
0.7938605865364737
0.7923568268012646
0.7898826525075068
0.7905252152150858
0.791108440985253
0.790675735461451
0.7903554268085379
0.7895354297425864
0.7895466110063637
0.7888712521294483
0.7888436416057244
0.7883142197878673
0.7879041085847781
0.7877165872356785
0.7876070077652142
0.7874936128705315
0.7871469322018845
0.7866812955470134
0.7863217212799709
0.7858240299841984
0.7854281492114762
0.7850545163474973
0.7845657029610885
0.7838551256417045
0.7833697634971643
0.7830209981211937
0.7822926581495203
0.7817598686848934
0.7814059999891274
0.7813108495878983
0.7807940042933602
0.7803399783720302
0.780081152981842
0.7800731005325446
0.7798317547271351
0.7793870180754409
0.7790476471880851
0.7789254996679015
0.7784736832987152
0.7776749188247618
0.7769745945084333
0.7766331605422202
0.7759662451478113
0.7754987852005512
0.7759083080021393
0.7755690480359859
0.7747733614816198
0.7743067523719597
0.7741014088535173
0.7745328485971553
0.7755902317708919
0.7752690364161435
0.7748455673576106
0.7745024339566685
0.7738048497615666
0.773403126242464
0.7734613271771028
0.7999802539525523
0.858290270980083
0.8352716827135417
0.7898169962346168
0.7753318338190489
0.7724300097765093
0.7711948214276726
0.7709807458184303
0.7658870427234308
0.6775344537023766
0.6635572147865334
0.7380600016002958
0.7665937614425441
0.7708059419968247
0.770956457188471
0.7704553808214598
0.7700314924901157
0.7696896855072205
0.7655090113066252
0.771002929711401
0.7659309984498655
0.7888480212969585
0.7758533104316344
0.7785783463151522
0.7803498536838184
0.781348046884197
0.782885414447546
0.7843565972926223
0.7861110032720746
0.7874177683340228
0.7885026062161068
0.789588995904189
0.790470983299589
0.7918106684281643
0.793210858625785
0.7944691450114014
0.7958830021600735
0.7970868715807415
0.7981829176968547
0.7995791113961763
0.8008016367478348
0.8017682374844691
0.8025061619753778
0.8035787981006247
0.8048219817408656
0.8061852331090148
0.8078300608530483
0.8092955002383557
0.8104623592092093
0.8118054028493935
0.8127275758955309
0.8138621745911382
0.8153594773402832
0.8168810259133555
0.8181847555239757
0.8197070449733576
0.8208552421705448
0.8219638060170339
0.8230683031620911
0.8244829450874108
0.8257954592949521
0.8269155163908327
0.8279756352497906
0.8290689265292005
0.8300861684522599
0.830753979046837
0.8317042939451627
0.8326118393277011
0.8339894781425259
0.8352195870791443
0.8364390613976487
0.8375558909204989
0.8385605526792864
0.8394909468525964
0.8405248867546319
0.8415152443433143
0.842561882354091
0.8437679823303398
0.8446563683623766
0.8455229287138047
0.8463148988426955
0.8471274286498041
0.8478629650910515
0.848943782931396
0.8501141708048315
0.8512761253615477
0.8527393067976247
0.85376431106473
0.8547062175109579
0.855550351736647
0.856850485837227
0.8577428550009253
0.8586156813820457
0.8595563599042119
0.860622760069243
0.8613540781345419
0.8619972941192026
0.8625221009608666
0.8633839518612092
0.864012012973332
0.8646551030584876
0.8656912009770239
0.8667895641504063
0.8678512972392755
0.8688681368648837
0.8694540728031854
0.8700652144324025
0.8711034904069038
0.8718087543549206
0.8724024104677847
0.8733107418048244
0.8740399217727074
0.8747645556723608
0.8755031863204303
0.8761723769474489
0.8772970849772724
0.878216962569491
0.8792089917339636
0.8799697582502004
0.8806956714148276
0.881315487888711
0.8817164243960295
0.8821719802069309
0.8830577527797967
0.8842880472092639
0.8852012310146118
0.8858922987909761
0.886787347594392
0.8874129498433184
0.8881407484096346
0.8886188709443026
0.8892518540985815
0.8898879430891262
0.8905978839787193
0.8912643634225635
0.8920092506277015
0.8929257759039338
0.8934158199341563
0.894087563944511
0.894685089923939
0.895068578274734
0.8954696481951882
0.8958367505450515
0.8962022899025984
0.8967656465046724
0.8975130141923743
0.898104315411039
0.8983278398539682
0.8989992797984572
0.8999123033761656
0.9001882245556065
0.9005096083964848
0.9016525643243029
0.9023387628797325
0.9030684586263015
0.9036862979773295
0.9043871272272476
0.9047517455163719
0.9053900923953467
0.9058717339331562
0.9063972019306149
0.906823538129984
0.9074317220760175
0.9082369961387711
0.9085765111214962
0.9088345467735227
0.9097597872103661
0.9103816453603987
0.9108186107419333
0.9113568243613868
0.9120166403423288
0.9123014002196602
0.9125903033082358
0.9131357399839111
0.9134821786375559
0.9139066578710812
0.9146813825007117
0.915390004395103
0.9156726551715114
0.9159589826832879
0.916669251602542
0.9171097436306767
0.9172915722379461
0.9177604196212745
0.9183161971601045
0.9192356985600304
0.9195703264330728
0.9202667331918933
0.9209227684256227
0.921185083221474
0.9215356112742364
0.9216419781494433
0.9220842400315826
0.9225178393064929
0.922951622286524
0.9233725562722267
0.9238810992556267
0.9241858789263332
0.9247470295989676
0.9252723028353791
0.9255230285009631
0.9259185869705587
0.9263689241162648
0.9264926474193543
0.9265130740906807
0.9268676488058484
0.9271602327981525
0.9273911831450045
0.9278225561864598
0.9279942254707438
0.9284149692468963
0.9288461915744329
0.9290367457532386
0.929391965505809
0.9300894008581778
0.9307870505650633
0.9313543220969193
0.9317482727985299
0.9323599003953604
0.9324118153706031
0.9326619971623802
0.9327198749872032
0.9329728651314265
0.933544036529728
0.9339118131244764
0.9344748908629169
0.934738592850625
0.9350621372678862
0.9350831996656663
0.9349927245923318
0.9352175884939631
0.9353765148601262
0.9358269348206489
0.9361183132553309
0.9364923558196283
0.9369094841495578
0.9373823916792037
0.9375836800506061
0.9377206328027943
0.938081691585662
0.9381860357799175
0.9386065976120038
0.9392132494593787
0.9397697213389052
0.9402540408749408
0.9400508763953922
0.940374087508756
0.940185596996029
0.9403643027345973
0.9403429046922721
0.9404702373354313
0.9408987339863731
0.9411406806620491
0.9414190276061922
0.9417928521498259
0.9421859405443601
0.9424038645114411
0.9427035545244591
0.9428612595390344
0.9431452567653721
0.9433691912913796
0.9436460177261483
0.9441290815522635
0.94446887123501
0.9447172082025808
0.94482229293384
0.9451238147715478
0.9451478910217471
0.9449359072855562
0.9447081722983791
0.9445780693896224
0.9448318613121294
0.9449411688752969
0.9453242794667998
0.9458534991236927
0.9461728034865003
0.9465662257049788
0.9469169858340805
0.9471082103012137
0.9473247899038514
0.9476346023221224
0.9480070963022472
0.9485677826346434
0.9490677556135214
0.9492663726051148
0.9497236414081702
0.949609367967891
0.9494596535001111
0.9493729870754337
0.949342155027109
0.949314796798299
0.9494572634335858
0.9497385362494497
0.9501064880063989
0.9501815697590522
0.9504838470596596
0.9505073228259011
0.9507454998032627
0.9512260776494283
0.9512283230264361
0.9516490244066712
0.9522082192837834
0.9525612214275748
0.9528784711216639
0.9530903172712964
0.9534330450753478
0.9533450001827157
0.9532752108926023
0.9534732503179918
0.9533835931305513
0.9535026511701515
0.9535636084038047
0.9537217303268272
0.9541262396369996
0.9544755916093107
0.9547440346341606
0.9548748525409203
0.9551575477962225
0.9551453917842349
0.9552527821901454
0.9564632713594391
0.9512018930361701
0.9535163975329923
0.9525929111913191
0.9505182346393809
0.9494723129506569
0.9489979784999294
0.9489877498844405
0.9487841907677383
0.9484046694909588
0.9482187287093513
0.9478733785364749
0.9476740214192191
0.9472813333195558
0.9467532119619108
0.9461046128618662
0.9458427852865124
0.9454418692977337
0.9449997323615217
0.9445383574865298
0.9438124425310401
0.9430654610372281
0.9424671158908553
0.9418518814487365
0.9413973055619387
0.9411851042894895
0.9406976506717634
0.9401960420030068
0.9395624872102787
0.9390108907640546
0.9384513802638592
0.9377856200715148
0.9372161517120996
0.9367879064893039
0.9361914373632617
0.9358720150784773
0.9352792922852755
0.9344852354785234
0.9338985957756448
0.9329862122268112
0.9324435457355417
0.9323295707948066
0.9318858322989724
0.9315624965191778
0.9313197153906886
0.9309650462128349
0.9301791206468565
0.9295598824553467
0.9288072255173696
0.9281133371613045
0.9274021281652248
0.9267782948884461
0.9262444154264147
0.9256268187459017
0.9250458625594035
0.9245848215651854
0.9240563051395366
0.9236512679794009
0.9231736716247294
0.9222501729989404
0.9219412954015699
0.9211727123284076
0.9208791696900304
0.9203761965559151
0.9196011384327029
0.9189802069228629
0.9184299496719898
0.9178363179321383
0.9171546216937267
0.9167919956710668
0.9161934544707352
0.9157372062789709
0.9154788962708199
0.9151689934659165
0.9143834228703153
0.9140116482015782
0.9133237065867537
0.9128272061440187
0.912330965222175
0.9120934919298617
0.9114153250739726
0.9108718202229982
0.9101586854399293
0.9093197028939484
0.9087875541737492
0.9079893378008584
0.9075703479176207
0.9071596843486995
0.9067529075406168
0.9063520355691841
0.9056116347246648
0.9050193474042444
0.9042449462394546
0.903263223036895
0.9026301879150879
0.9019109413745977
0.9014630975291991
0.9011102176775921
0.9010597914562806
0.9005479200648031
0.9001700830724984
0.8993999082921528
0.8986711503842811
0.897901047343839
0.8971661415536891
0.8967635946398348
0.8965374348125242
0.8962462614115217
0.8958305269880326
0.8954538408344086
0.894893996897136
0.8943704377764551
0.8937354561069454
0.8932284502476985
0.892788779981729
0.8923039590713878
0.8920456723201077
0.8916707978009574
0.8915940150134739
0.8912340370576577
0.8905493371330264
0.89006653248437
0.8893594856237046
0.8887054140324689
0.8881003360159011
0.8876579804257294
0.8873782623444034
0.8869334808859081
0.8864003870103286
0.8857643419485656
0.8852311710466961
0.8848016796222543
0.8842272589048307
0.8836660874176453
0.8832173018279025
0.882964216876546
0.8827923023652037
0.8824441004141437
0.882043620879475
0.8816190257396564
0.8811753901722917
0.8807067757438727
0.8800779974793098
0.8793913962892711
0.8787457889321305
0.8784958033934808
0.8781076882258306
0.8775689263552023
0.87709602260029
0.8769054526861596
0.8766551087800863
0.8761441622476284
0.8755342627715853
0.8749524738722796
0.8744200297497778
0.873627315944912
0.8730265924764238
0.872815256187037
0.8725032439419577
0.8718724936364786
0.8715563212439488
0.8708962619036025
0.870372291899634
0.8699828018536776
0.869326579516093
0.8686966753959319
0.8683390793847527
0.8680435841691762
0.8677776284137494
0.8674286330422672
0.8668501760728161
0.8666339608168455
0.8663376509961723
0.8655015085857772
0.8647985605537193
0.8639643636389089
0.8632239086861445
0.8624986520652055
0.8617755119372772
0.8610428912094741
0.8607489367399661
0.8606047447531996
0.8604096400396143
0.8602940281566194
0.8597710594834939
0.8595548219880218
0.8593345715104385
0.85918588945706
0.8584903894616415
0.8579506598672751
0.8577414910281099
0.8571050704404448
0.8566411126453651
0.8558968074631258
0.8555725181260844
0.8549784606494267
0.8545327774408161
0.8542568864410232
0.8536519984574632
0.8532426744268812
0.8529153444289368
0.8525588540281078
0.8518736277845367
0.8512513733016432
0.850592930715253
0.8498813473690022
0.8491363325177254
0.8486428591986757
0.8484593703976997
0.848452522389434
0.8483759817706886
0.8482391141676301
0.8478008487214734
0.847297179215395
0.8469193132168192
0.8462618369458345
0.8455110942408925
0.8447794200169181
0.8440094225218692
0.843302634894663
0.8425817962561505
0.8418725302346092
0.8414144374750533
0.8411982406215742
0.8409782864524047
0.8405812956521687
0.8402644649990613
0.8399834795967832
0.8396149873252358
0.8391620054687282
0.8390352986043244
0.838477308339051
0.8378930123181666
0.8369460291707709
0.8362754586895077
0.8358635580759742
0.8353384582152178
0.8347220571575301
0.8344759057991346
0.8342967107923397
0.8341882374928159
0.8333947433402286
0.8326838533129183
0.8321484813426205
0.8318948599015715
0.8314076532718064
0.8309240946894606
0.83063543867793
0.8300326505734948
0.8293959688466573
0.8289285335824217
0.8284246306102613
0.8279490283680637
0.8275666648836246
0.8272825265130228
0.8268034444382969
0.8263644272561917
0.8262423722582414
0.8259944092247541
0.8253732665988144
0.8250336642145214
0.824400330231668
0.8240074663572932
0.8235753243527743
0.8232198947067754
0.8229224004410538
0.8225631993833828
0.8221506178919848
0.8216373705854233
0.8214615252742083
0.8209040972514886
0.8202572290031412
0.8199318108548512
0.8193695519882996
0.8188503202945282
0.8183020909388049
0.8179030697845041
0.8176770065440424
0.8172301335662446
0.8166330172212813
0.8160193158960368
0.815661152701702
0.8155245113810858
0.8151650258267126
0.8146725459412396
0.8143801777056088
0.8140180746671491
0.8136019944813823
0.8131890777810452
0.8126855962747337
0.8121529595075629
0.8117936833529097
0.811393733978549
0.8108301367881516
0.8104113576627041
0.809933245256938
0.8093778576378193
0.8092238306217144
0.8088318010110042
0.8085138574624011
0.8081298974370498
0.8076149373437055
0.8070354360717092
0.8067179708736675
0.8063448394169593
0.8057519651807666
0.8055115093350467
0.8052791995196095
0.8048567982792753
0.8044545818601058
0.8040226564759636
0.8037921931584359
0.8034866717606294
0.8031862615840967
0.8026246158744982
0.8020514141338545
0.8016353374253752
0.8010593389557307
0.8007618150401506
0.8004145801721868
0.8000167261377896
0.7995248486469646
0.799109060291984
0.7989074449516953
0.79863838382412
0.7983121718350702
0.7977135621660004
0.7974579731566447
0.7969884513698161
0.796915474196988
0.7961898036555892
0.7957803269821252
0.7955577629719613
0.795242719347118
0.7946255276811475
0.7941321556695398
0.7935666820472916
0.7930331830768723
0.7924089202429488
0.7919432304359995
0.7917635443705241
0.791344390700942
0.7908626766713795
0.7905526389372691
0.7898851902546163
0.7894073647651871
0.7889740150791664
0.7884411511787395
0.7879840417722108
0.7875809481533297
0.7875423881316368
0.7870105673620262
0.786629815219405
0.786153485830989
0.7854297918259725
0.7851388789794628
0.7842303072549459
0.7835217223357392
0.7831964803056103
0.7829718103849271
0.7826474062690153
0.7824960279679026
0.7825104915771187
0.7825997222528728
0.7821211711919104
0.7818031181831127
0.7813056893957716
0.7809310052644008
0.7804979407908922
0.7801198164204207
0.7796063729310054
0.7790699720382651
0.778666251210685
0.7780463267295877
0.7774936059039748
0.7774117520920453
0.7769634728486405
0.7764529937852599
0.7762460675687649
0.7757284586829122
0.7754143578661884
0.7750881170893037
0.7748875788963671
0.7744789054010699
0.7740239560304615
0.7735933921626817
0.7730789762841718
0.7725456871094866
0.7718221151907684
0.7712904605339578
0.7709308092839996
0.7704119224177876
0.7699727338664943
0.7701071681725676
0.769644832944674
0.7691305451480872
0.7689105459870955
0.7685367909154454
0.7680207326008003
0.7674096412295762
0.7668181694197362
0.7663358541744693
0.76552590934901
0.7651219715221066
0.7646697880171093
0.7640956483301786
0.7636198966762201
0.7637627203015604
0.7630995194365532
0.7630550517716733
0.7627419151697664
0.7625013628032971
0.7623270840023979
0.7621962568020689
0.7618982887737066
0.761833436961255
0.7616478551530924
0.7612900753467775
0.7609957489191198
0.7604750655871572
0.7598991745093447
0.7592999583714009
0.7586603496129154
0.7580605193470363
0.7575466518836181
0.7572119487796415
0.7569248052484316
0.7567003290262528
0.7564522723649659
0.7561555654613561
0.7554404589286919
0.754555095765853
0.7541946664011226
0.7538394277208728
0.7532404123417485
0.75279104941496
0.7524075004167633
0.7519736134743981
0.7512815724768078
0.7504333807420044
0.7498391342429346
0.7494719181338674
0.7491094071011112
0.7489206865016046
0.7488269939918789
0.7488033330862357
0.7485172702613191
0.7483455770723723
0.74807490692165
0.7477603428303968
0.7475697253094893
0.7470345718794867
0.7467461566604019
0.74622044533587
0.7457432602213482
0.745307449259467
0.7450684520292822
0.7445168421940159
0.7442526683160123
0.7438925681849932
0.7437944262157785
0.7435882471233731
0.7433077585608313
0.7429959677261677
0.7428663364319933
0.7423766734175915
0.7420176458627177
0.7413477066980074
0.7409282440210291
0.7404962656767383
0.73989673998239
0.7395019903418732
0.7389689909160911
0.7385891372623236
0.7381788897248146
0.7380204278639368
0.7378663721655087
0.7374714458108556
0.7368781142041808
0.7366708711651904
0.7362311030552745
0.7356535817852752
0.7355050862485512
0.7351770983713758
0.7349098466181476
0.7345529759686058
0.734152328922575
0.7338435530502223
0.7332719750249955
0.7329595154457061
0.7327252527980991
0.7324706363362353
0.7325215832128854
0.7323202150873134
0.7321919609622393
0.7318347541718496
0.7312541316601221
0.7307366075846226
0.7300518455821243
0.7296047498801278
0.7294171563610067
0.7289200302499866
0.7283294347497963
0.7278453124793521
0.72743271099155
0.7267941591620227
0.7264534721864065
0.7262554828163504
0.7261318464727027
0.7258556894535061
0.7255612253951554
0.7255398105964731
0.725267832070759
0.7248184054524409
0.724084845618184
0.7234834986283659
0.7229620910983109
0.7227392880989035
0.7220264345933926
0.7217903239655404
0.7214601697461752
0.7214194722190012
0.7211638244053269
0.7208184438841733
0.7205498283378088
0.7204793877020902
0.7204649963309723
0.720203044851838
0.719927537792016
0.719433828544989
0.7190624649043428
0.7187029157730146
0.7179360091266983
0.7175156700144979
0.7167849475076792
0.7164532584242013
0.7160357752255733
0.7154017119590201
0.7151956921231681
0.7149032874036686
0.714229754762075
0.7140666713492916
0.7136225020538607
0.7134034070029397
0.713212738420313
0.71299683614416
0.7125294857129022
0.7123969511821389
0.7122833271846641
0.7121440377437804
0.7114438156084496
0.7109486380286155
0.7105523117005461
0.7099428706171943
0.7093067616562109
0.7085959845763458
0.7081016058085002
0.7078945299657486
0.7079692491692287
0.7076201418947464
0.7072069521613469
0.7069522758490522
0.7065881340749646
0.7062407146281694
0.7053713228211164
0.7046239263917672
0.703968543776114
0.7034771266725022
0.703326875235645
0.7031014311210643
0.703030049098213
0.7029238197295555
0.7029321015058839
0.7029586161238921
0.7028190555301174
0.7025639809077798
0.7021712136567121
0.7017986655522014
0.7011552457567097
0.7007653533037265
0.7002548901647732
0.6998750563549678
0.6991385222541681
0.6987733960442978
0.6985691960406291
0.6982163775650237
0.6981866959652071
0.6977927223478378
0.6975566117681925
0.6975221517986835
0.6974447767566957
0.6973675130404127
0.6969823439564983
0.6966706947669175
0.696518337854391
0.6964491777442184
0.6958809004714083
0.6951583051021576
0.694814750634093
0.694128606853686
0.6934666661359543
0.6928756563993755
0.6925083780264546
0.6922939757566696
0.6922286920081211
0.6920793523981842
0.6920411273619583
0.6921066551990024
0.6921422576861973
0.6918079384004695
0.6914295762127929
0.6910902469312687
0.6905557286340501
0.6898341472343811
0.6891747102956295
0.6887862450223668
0.68858897200716
0.6880310265377386
0.6879353542013086
0.6878292383098877
0.6877565738076895
0.687698010711534
0.6872380695685694
0.687161762512198
0.6869771414141708
0.686458002262918
0.6861146381498456
0.6858854992891326
0.6854658225543631
0.6850708732870644
0.6845956360604885
0.6842088632811222
0.6840428999482197
0.684045194273519
0.6838109414378168
0.6834306247535782
0.6831328425787326
0.6827198869089255
0.6824257824209692
0.6819957129343869
0.6818674683573684
0.6815434681611059
0.6810838191844043
0.6811096481287122
0.6806156849062458
0.6798844882583125
0.6794443505054875
0.6790186245942241
0.6786666072671376
0.6781532290034975
0.6776715514871335
0.6775045878114144
0.6776090453734773
0.6771536832572088
0.676810011702703
0.6766740184033435
0.6766190106380625
0.6764991012184277
0.6762216418415751
0.6760348864286237
0.675610943330057
0.6751219541390486
0.6749494744464025
0.6745958450786228
0.6742319707354808
0.6739297642786757
0.6735107740119558
0.6735004561547835
0.6728125768148979
0.6721931166801003
0.6718466610565693
0.6716200398098673
0.6712114905280496
0.6706213361587935
0.6704367223902965
0.669928608669831
0.6695932611248062
0.6689552173776986
0.6687229999313674
0.6685989278532976
0.6681411883686494
0.6679993812941474
0.6677358049632667
0.6674657499382753
0.6670890859279309
0.6667832566281172
0.6665352403677546
0.6662824262026993
0.6660127284334393
0.6658450218436173
0.665650474699309
0.6653211349606288
0.6650304302431285
0.66486533871395
0.6645939105262952
0.6643487834564893
0.6640279761720701
0.6637335299684753
0.6634881219287921
0.6629094686123768
0.6622296030695679
0.6618654960888404
0.6615165053059343
0.6611617532445918
0.6610362439174035
0.6605851470585067
0.6603801843408771
0.6602654525135762
0.6601262869655359
0.659809498803667
0.6593982586591051
0.6591274210142686
0.6585946074264212
0.6582270188442156
0.6579816992367855
0.6574700895752805
0.657046850670575
0.6568399996311903
0.6566907622534038
0.6565970040561298
0.6565375550070432
0.6562885906715412
0.655892887498191
0.6554084408597316
0.6548215474266198
0.6540903186177408
0.6537106082769825
0.6536289541466936
0.6533812246084766
0.6529689302166262
0.6527839383375347
0.6528028075298341
0.652588342667974
0.6520351721619176
0.6514868908950674
0.6511653605439188
0.6507511438633962
0.6503807025328429
0.6502215996998523
0.6498519256071162
0.6500067752704533
0.6498226927560017
0.6495217507221205
0.649435487949425
0.6491795014927461
0.6489078785194903
0.6484876415654804
0.6481600268020009
0.6476480684264239
0.6471838618779916
0.6468820657452409
0.6467175070669188
0.6466391595091417
0.6464246766647949
0.6463454124836613
0.6461396501903895
0.645914448283102
0.6455851377962212
0.6450918417608525
0.6446989464106884
0.6445680431278913
0.644180088049806
0.6437440161060691
0.6436023306988251
0.6433960722522464
0.6433080004584459
0.6429113936566281
0.6424484726335118
0.6421123640691787
0.6417871884073569
0.6414606345004841
0.6408944353413181
0.6404762060453927
0.6404305349925882
0.6399700089184667
0.6399043088686168
0.639685088812195
0.6394995547931911
0.6389846645474996
0.6387985680959374
0.6383095293402883
0.637853459052317
0.6372241586387087
0.6367154274146837
0.6365838203179762
0.6358993509717503
0.63548688362276
0.6353494494317729
0.6351807997533747
0.6346478247351602
0.6339649358820764
0.6335602009474616
0.6330496926445885
0.6324177496627228
0.6320348782753802
0.6317951661645202
0.6317414551516927
0.6316058869091208
0.6315247205876006
0.6310042375247086
0.630785365787744
0.6305298902864317
0.6302821879074052
0.6298657887126692
0.6296971511160906
0.6295439542070856
0.6293600609816172
0.6296787013176469
0.629520011879899
0.6290804080951587
0.6287458624581072
0.6284719003903685
0.6279495249376946
0.6275103884991029
0.6271091779059409
0.6269959143284769
0.6267843341238634
0.6266362017935964
0.6265908826954532
0.6264832913616954
0.6261985441138957
0.6257634542810665
0.6255510284666985
0.6254924488340002
0.6250054664363945
0.6246720133100035
0.6245501886488202
0.6244250681377694
0.6243435810224248
0.6238170610637441
0.6238198935192955
0.623857814132284
0.6234179043733094
0.623057298539167
0.6229393480411225
0.6229154576019018
0.6226004285468983
0.6222196480223471
0.6220658178641244
0.6220271866499617
0.6219784326578964
0.6214718041109364
0.6213508287253308
0.6212834780108039
0.6209139771974368
0.6206153931631856
0.6202556018281293
0.6198917697558961
0.6195259155501381
0.6193811887426391
0.6191988328294838
0.6186263371028285
0.6184672850196803
0.6187253245344718
0.6187501335864031
0.61853529118262
0.6181339878792215
0.6180678574575468
0.6175709359386619
0.6169455564766075
0.6165205608738473
0.6161956683860227
0.6158419993948018
0.6153799711521342
0.6151274946093296
0.6149571555212315
0.6146140940149585
0.614599165344274
0.614381036669238
0.6140495754228491
0.6141387915892623
0.6140033715331971
0.6136480062100027
0.6132525349236805
0.6130040940262517
0.6125924711658353
0.6121901548856549
0.6118864482326974
0.611726903490612
0.6114793717293483
0.6112649363485145
0.6110220140329188
0.6105105200661226
0.6101418044282557
0.609557157033854
0.6091202938155712
0.6088245994354202
0.6085628050900073
0.6082004357914599
0.6080712567592427
0.6080171778084149
0.60802637554064
0.6077070376664794
0.607638598776633
0.6072631545047958
0.6071108281705452
0.6070874960414848
0.6070408896650407
0.6069053093610504
0.6070252470385901
0.6063472251421521
