0.0013174935374295057
0.0012720067752345701
0.0017166187152506474
0.0028365921990271452
0.0034539039167327855
0.0037757615211569135
0.003667294563137557
0.003762417131292225
0.003953670487680344
0.004532693647367548
0.005066346607660005
0.005418514066138825
0.005451230488335336
0.005272114329836851
0.005613050467141302
0.0055306012037764675
0.0054200704867088225
0.005651830368957209
0.006050233858054745
0.006180500590726326
0.006316827010899557
0.006053697045827318
0.006395270012094034
0.0066536347316240784
0.006819624977100878
0.006938216876495142
0.006850098391995603
0.0072990860384699536
0.007140897911151806
0.0073753794534612005
0.007535185176103968
0.0076679279388552745
0.007519445341028299
0.007508360476214111
0.007313885035075617
0.0069670268529831315
0.007178683312097826
0.007131082777114026
0.007284351434812529
0.007268560272098104
0.007494611924881798
0.007596757530018405
0.0077779616472230945
0.00788516419920531
0.007812892956013468
0.007918243613692876
0.008394972675947507
0.008388666537317107
0.008196053684993689
0.008108697695222952
0.00819243938732275
0.008200710705600953
0.008317238710074566
-0.008465590476806902
0.013120995317469776
0.0031047245248093302
-0.004042091785294267
0.0045567445547586415
-0.021306214818808313
0.03423562633243984
-0.005521998461574401
0.008340164142828198
0.01544932912978941
0.014271896577208218
0.013869339836947612
0.013666532790902495
0.013377046692970507
0.013526115223519358
0.013279437272756557
0.013270667193461675
0.013370046772669762
0.013277703568764393
0.013163064129408143
0.012984055360913791
0.013111868215328072
0.012745258185985668
0.01236831820135354
0.012527046865241332
0.012636664954335824
0.01334210258219794
0.013653213128849881
0.014095299506722624
0.014459980874026746
0.014322658077280538
0.014205405968075924
0.014111175145374412
0.01475477034158482
0.014660609053358052
0.014789284812124694
0.015260201308882683
0.015834083721055395
0.016223460542086822
0.01649003428457678
0.016910283377435074
0.01726900355669479
0.017534724675743293
0.017776549321373295
0.017773132865225763
0.017795676885793865
0.018181706391170158
0.018143249347206267
0.018545823811713873
0.01915318017669001
0.019740630025848215
0.020528292218266506
0.02111711448775104
0.021916147658943362
0.022254710132949475
0.02277255674113754
0.022953792555021953
0.023078507024996982
0.02346684693717139
0.023837271796518535
0.024232234884496967
0.0247478733147064
0.025266249809523134
0.025354438473464323
0.025426495234105055
0.02567997534266809
0.025626120635839987
0.0258175249002484
0.02620195293641886
0.026658965149693473
0.02729255547565941
0.027734698695234636
0.028321116084303665
0.02847042587828196
0.028689558738745433
0.02895412648424549
0.029390688957316016
0.02957868926498003
0.029973572042603282
0.03038616387572398
0.030675405652768908
0.031092343302505113
0.031700832582267295
0.03200812521848667
0.03232589406030196
0.032404386343107314
0.0326431890632997
0.03300199457723792
0.033110382212140986
0.03344785769812407
0.03387632012283692
0.03448786526591037
0.03504373294703037
0.03548206301282929
0.03597102089364039
0.035961038467433835
0.03581773438156434
0.03619493992887962
0.03660511116811174
0.037083404373881135
0.03742906022885986
0.037770347018999964
0.03799482472947534
0.03821225885999561
0.03863743736957824
0.039066209663316295
0.03934768020025378
0.03966673994909732
0.040302080108200224
0.040518317959911176
0.04063678226850702
0.040693036465202795
0.04114627927566523
0.04145814821890063
0.04181223918836027
0.042358235589341514
0.04290954035706773
0.043386099231409875
0.04385142244688228
0.044384165184074995
0.04466592421268557
0.04517220366409759
0.04521443531028914
0.04567016075399197
0.045988961277386456
0.046101545184983383
0.04633127758331364
0.04672985706723749
0.04711590445981159
0.04727830782195333
0.04768492319650845
0.048200961343252385
0.048195233038104024
0.04838246362243104
0.048616586645697804
0.04877274876217472
0.04898146819463077
0.04926441658802061
0.04980619470766448
0.05024144137890664
0.05063969578008534
0.050967914420012306
0.051058282579037564
0.051372671704141476
0.051573408005484433
0.05193677012302035
0.05222029666185496
0.05246244435035968
0.05254788071117989
0.052755684497143476
0.052785705569857136
0.053171430048590304
0.05334059076050274
0.05374214702928633
0.054024637808531985
0.05442532974995474
0.055137847889481784
0.05560601694283017
0.056082768265662844
0.056233162102768
0.05653659140343961
0.05685619919743244
0.05717981518929262
0.05748635218168442
0.057931341234544784
0.05830119276398013
0.05859614745111845
0.05893795826993445
0.059254339365862885
0.05977438214674326
0.06026040044889331
0.06083366236376793
0.06097405746936935
0.061425585391748944
0.061935972779583015
0.06225892941294089
0.06262295820561052
0.0631048500758794
0.06364528716208621
0.06414503226375014
0.06466779975807226
0.06502750468807483
0.06515523583100677
0.06570017834477582
0.06596852356616544
0.06591791842942996
0.06589023992993254
0.06612793397249057
0.06669037302521773
0.06689210882096049
0.06716489978794771
0.06753963355528399
0.06798842620289614
0.06836031047500372
0.06845552502441717
0.06881797969486442
0.06905617886732182
0.06916845842531733
0.06928898912116412
0.06957659595291107
0.06969519904135114
0.0699881258027087
0.07022003797111762
0.07059646300778678
0.0710244513909677
0.07150493427425667
0.07199847201084178
0.0722615548609504
0.07266620966059134
0.0730293600412192
0.07340833645753725
0.07350411356559888
0.07380582846027928
0.07440184002597622
0.0748350223906789
0.07510527078548515
0.07523232538504711
0.07569900982009162
0.07616294355322331
0.07635748946414574
0.07668233876535302
0.07685545502642224
0.07703206243733109
0.07710221036161083
0.07722262909200628
0.07763517243633963
0.07802431964877074
0.07828550290368619
0.07833112532347342
0.07847029009920686
0.07901896325686232
0.07936614016034935
0.07967909819742387
0.07998642351396629
0.08047566692937315
0.0809223932201896
0.08109233250455786
0.08115792275509152
0.08158582565280952
0.08197624670099585
0.08216781642363688
0.08279939343073674
0.08311456085630711
0.08332197711067779
0.08401248254928319
0.08445143791554008
0.08495304088822506
0.08519249601082778
0.0857833108054905
0.0861910686269901
0.08642843227387209
0.08673975545867074
0.08727276169132692
0.08781597768800395
0.08820125114781446
0.08842066004423202
0.08848610400401527
0.08864096027336567
0.08858291666874697
0.088832625257561
0.08910520353508268
0.0894576496634249
0.08994850820283191
0.09008840679207394
0.0904451135005841
0.09077876982253551
0.09103398614819806
0.09119726113153073
0.09160000748335113
0.09192828975787526
0.09201011053754504
0.0922289829695915
0.09263366204677763
0.09308950461174723
0.0936315391400174
0.09409207421528333
0.09470955265056455
0.09517773877218519
0.09554376823012387
0.09571232159946842
0.09581019955637787
0.09618428552837012
0.0967310829122458
0.09726373098106711
0.09734145377255204
0.0975368261743084
0.0973932689136652
0.09772799098679837
0.09804948436934015
0.09820841042646825
0.0984422074159636
0.09872025900034254
0.09901663433255514
0.09936028714732313
0.09974624922004424
0.10013530352398414
0.10062038027460223
0.10096229551455962
0.10141853197547498
0.10185283478859458
0.10210408648233554
0.10231896793539937
0.10258729817795006
0.10288159144841588
0.10323209639768052
0.10331851302480027
0.10141424645481063
0.1260010956315326
0.07376074931240079
0.10205202819475677
0.10292611115429379
0.10294509420575598
0.10257509799344196
0.10218223387104551
0.1022367627417195
0.10208967799011621
0.10271785747505188
0.10490657157171152
0.10331126916360547
0.10419607720756964
0.10519109358853929
0.10414261499638969
0.10482266008847801
0.10576186861035183
0.10646359473846631
0.10675812225448103
0.10678924935380789
0.10691586397880198
0.10734993019485443
0.10809299007440114
0.10835011132452099
0.10798821680628236
0.1077082152950424
0.10825515428956846
0.10850492546992917
0.10891470547152937
0.10931436183537854
0.10938026207603121
0.10978092839724467
0.10977411481185097
0.10966212858293573
0.10952013238678704
0.10943452529720883
0.10929075263463577
0.10925327743419908
0.10943741637481612
0.10932974015960917
0.10947647114672174
0.10970878247389662
0.10966287221293952
0.10963736060321895
0.10979610259336851
0.11007767510073065
0.11018233593336599
0.11039842879059152
0.1103297588629076
0.11029727528296977
0.11008413449008342
0.11016379225077556
0.11003225844806801
0.11015162261274644
0.1101973189898785
0.11014170678432955
0.1101976475842215
0.11033259076152178
0.11049422649814772
0.11032429583787828
0.11038059015025554
0.110437416890243
0.11048251663474756
0.11043024442313085
0.1105433231093926
0.110507107156058
0.11065108859036099
0.1106925918326995
0.1108715155063589
0.11102837019618052
0.11125808394476412
0.11131209595199268
0.11161940114311024
0.11194963770771725
0.11216935976929099
0.11223834642158506
0.11201913462697091
0.11192855670736951
0.11182833747138127
0.11236225739390232
0.1111033404848254
0.1082660698518213
0.11103530264055242
0.11147803612514809
0.1114818689793464
0.11118575894865985
0.11126623083789906
0.11133164628648419
0.11164582511038612
0.10050630337975687
0.13335120900595598
0.11491536416959133
0.11889257854365465
0.12011369488195617
0.12113974334719677
0.12149644501646047
0.12177632970910357
0.12195061012011015
0.1223979346014585
0.12283624479633679
0.1229772881131892
0.12320684921268088
0.12328835701519131
0.12331532966617179
0.12331187333103664
0.12351700113752906
0.1238077548237303
0.12427256294887712
0.12472978991169809
0.12494364184794687
0.12544542409417442
0.12552739170019833
0.12569047910170433
0.1258898949241247
0.12621429495711378
0.12643400595753213
0.1269840658179987
0.12732771291214018
0.1278779370820173
0.12834787690019117
0.12856989448219364
0.12901397470565304
0.129652564557319
0.12988707707505542
0.13064139166770986
0.13115457773016354
0.1315923423598166
0.1318120620524111
0.13211808979171522
0.13245462804056568
0.13287602225407896
0.13333739999389055
0.13360810088539513
0.13389350263300018
0.13440860908004748
0.1349429567661762
0.13576189357433235
0.13618735403838156
0.13658410887161215
0.13723944709838565
0.13804284552701093
0.13840765183179815
0.13876468312991003
0.13935068996457245
0.1397815425851678
0.14027496781821253
0.1407729546178268
0.14129131336742223
0.1417912870896648
0.14231466834598125
0.1429440576389088
0.14332168780063606
0.14369894610433406
0.14406345348509714
0.1445255918821568
0.14499412712999704
0.1454412572895506
0.14587139473916894
0.14663054766933678
0.14703909344295144
0.14756239974271404
0.14815359898031566
0.14880170723832858
0.14924273654413867
0.14948737763473174
0.14994270736734133
0.15023481296036603
0.15045570913275735
0.15080650802549425
0.15140167988550923
0.15200265241728533
0.15228080550794945
0.15282531556462764
0.1533656634427712
0.1539874571733409
0.15461000145798934
0.15488441838548972
0.15525342664756958
0.15584498884915862
0.15653064935178676
0.15730228548889447
0.15807076632150358
0.1586614871675747
0.1591688594002749
0.15962211195158907
0.1600342844904297
0.16048040685714765
0.16113206781930178
0.16148067579002545
0.16214914459357455
0.1627117192915627
0.16309465557419323
0.163615500225492
0.16390475858127043
0.1643455326455526
0.16484125368519142
0.16552881258551036
0.16618972911693008
0.16659161006813505
0.16703918953768135
0.1675837424213214
0.1681800750016001
0.16855290234860754
0.1688388142275784
0.16927168705627257
0.16954487017922626
0.16989372867540614
0.17041000746774013
0.1708897360400533
0.17085265336147953
0.17133044121111501
0.1721475240345146
0.17280673971800808
0.1735315275983205
0.17413902487122682
0.17470744162527624
0.17495700932127006
0.17541928553261865
0.17569389675691077
0.17608811157529838
0.17659444124621446
0.17719556380198198
0.177957987474903
0.1784962080021697
0.17907132493992844
0.1792694714868195
0.17969518119829841
0.17999111616739855
0.18031986050282847
0.18065917907054999
0.1813791729933801
0.1819943817128567
0.18267646554273878
0.18314914485023853
0.1839630227339959
0.18443494518780973
0.18491130740196268
0.18544003579158452
0.18560809631762018
0.18594049940577462
0.18637883460445667
0.1869504502160763
0.18758710263974765
0.18820052672218213
0.18879713526667857
0.18917479174250318
0.18955036295117225
0.19005333404949323
0.1906198788865222
0.1912430565375174
0.19156636699281537
0.1923505168973671
0.19289599084281567
0.19326517734809637
0.193684707562226
0.19431575533802434
0.19444428343262402
0.19444350253958764
0.19475440387300094
0.19508981704907608
0.19539663155789835
0.195944836155117
0.19673733821097522
0.1976381148244705
0.1982481470142602
0.19889539528612957
0.1994610096986136
0.19993940544809644
0.20041983071066388
0.20076589525760624
0.20117537761173263
0.20173263659009363
0.20210042922216453
0.2027140221138209
0.20319469368521206
0.20371391886925838
0.20427687497071276
0.20464942773707867
0.20497179141485183
0.20557661292466478
0.20593439655023568
0.20627212126338065
0.20671033861036267
0.20726270890134507
0.20788942685117628
0.20835813140767578
0.2089461593943443
0.20935063560289596
0.2101499508136435
0.2107549236151023
0.21135663643774266
0.21167691154479834
0.21214775561885782
0.21270330884576116
0.21305440808303427
0.213354636763907
0.21366283490930058
0.21401078138669874
0.21429656214677123
0.21472300643282585
0.21503068105002582
0.2152973048603705
0.21563980085128037
0.21613549958365405
0.21643754444723998
0.21698421787856423
0.21755806647753054
0.21799144194342038
0.21845320008149377
0.21894935091762113
0.2195108141686375
0.2200588549993719
0.22037550339109538
0.22105517522113277
0.22160954320148896
0.2218817592788294
0.22219667964907072
0.2225394673471262
0.22311099671825874
0.2233069469005059
0.22374812285366652
0.2242458377761836
0.22434809949931
0.22460786943173838
0.2248991687659542
0.2253850845783179
0.22588667899210166
0.2263287352113728
0.22671837501450404
0.22737551788675375
0.22793623828733828
0.22842219697446975
0.2287348222067096
0.22923910130137648
0.22988986628033464
0.23057303398832002
0.2309851261370396
0.23146703461248713
0.23180883955206583
0.23237220363379774
0.2329706157701233
0.23323420003011044
0.233414517105925
0.23398878095971384
0.23455548195066533
0.23479841220208886
0.23486802301931026
0.23548777136234908
0.23585993029827268
0.23637891857394472
0.23671854069763779
0.23709378183013524
0.23745018643793175
0.2378799529184518
0.23814172105616188
0.23845378835360662
0.23861217548699742
0.23916438984918814
0.2396853074093643
0.2402708242092994
0.2405420667942472
0.24088115376471997
0.24152750617147561
0.24161518300572135
0.2421699362746256
0.2424359422099865
0.24273875626782693
0.24322691981018074
0.2436726607719309
0.24400581211436426
0.24451382898122892
0.2450346064893308
0.2452391014602993
0.24583114732433517
0.2460998456717027
0.24648247420487987
0.2468887000294966
0.24715924737586126
0.24759533706851228
0.24816170527292136
0.24874901524463378
0.24911986088817903
0.24972341430176645
0.25037233421936833
0.2510311450983281
0.25131313086806994
0.2515492806713407
0.2520642789394355
0.2523516628643765
0.2525163009567529
0.2501056446992779
0.26722027741533977
0.23586626195090668
0.2531763556850653
0.2520820731656469
0.25184100822443023
0.2518325303704489
0.2514989131378985
0.25115576425500885
0.25104642440662484
0.25153366567214847
0.25349414591583697
0.2521225894826622
0.25279121183529024
0.2517052757194066
0.25272946024876003
0.2532677229877692
0.2529331174094836
0.2532878534994492
0.25364129781223593
0.25274947927434077
0.2519359392910586
0.25351437809875016
0.25451342450234415
0.2547474916038889
0.2539296551614819
0.25431994830559024
0.25492383636393456
0.25482950812544425
0.2552516175373786
0.25521816941533304
0.2549369293544646
0.2550110972207268
0.2549307415726548
0.25467679108410873
0.2544791033938876
0.2544916529509725
0.2544560651255493
0.2546612765106442
0.254785848063771
0.25473968129829205
0.2549038569466728
0.25487237734856283
0.2547650758623371
0.25460811397355615
0.2545357668312103
0.2544684262707049
0.25434181761248215
0.2540043549732227
0.2540701616855533
0.25412586471162313
0.2541091148573327
0.2539172165504593
0.2540370591564162
0.25402338333794244
0.25410057700585614
0.2544034820133168
0.25453087035077415
0.2548048402221241
0.25490714670756065
0.25520426498384097
0.25522733957048643
0.2550426258385291
0.25477246602797027
0.2546112208957017
0.2545678756530686
0.25440869749306816
0.25484818101238205
0.2546374804503791
0.25396769738983427
0.2534686780944126
0.25286391430031413
0.2530418449616809
0.2534660342558448
0.25366311286640936
0.2538521668502187
0.25398563285296155
0.2538686057540359
0.2538403325101461
0.25383385385585266
0.2540617926758286
0.2494244103825478
0.24994003910825097
0.25377293219806724
0.2541090797837151
0.2540984174163321
0.25374572557479375
0.2535557615944764
0.2535677586101656
0.2537689350642258
0.2431572993920131
0.274348569205496
0.2591173467007661
0.2640160242553545
0.2632657307802488
0.2649495774736204
0.26568634894755283
0.2666192470124287
0.26686502514261906
0.2673547306188479
0.26758138753402094
0.26790124246527963
0.2682585933130576
0.26877252359173637
0.2694666085163019
0.27007250409863653
0.2704440531323076
0.27100664418319714
0.2717547230983919
0.2724591680310725
0.2735059458501078
0.27394118911722976
0.2745275278908964
0.27501382345206754
0.27581681985542367
0.27662591295171546
0.2773905257884366
0.2785854006925808
0.2796938419242046
0.2802700465782618
0.28094165602909715
0.2817539667284236
0.2826576511700669
0.28346618530760387
0.2841683877141661
0.2847576574514441
0.2855182211776052
0.2861263469416508
0.2865767460694222
0.2871489278848243
0.28762660311862615
0.288576656900033
0.28948131881773054
0.2902259187801966
0.29081496098718285
0.29146743895454
0.2920288691638323
0.29276451066828957
0.2937333832587991
0.29469544183992036
0.2955993236433664
0.2965427849536573
0.29755590819167566
0.29847332955121786
0.29944793177183643
0.3003105833023031
0.3010508165845225
0.30156450914429567
0.3023966380987322
0.3030440809521524
0.30361544023973225
0.30396166898184823
0.3048273106551026
0.30547687743777857
0.30610915560334423
0.3068570371393609
0.30776708983372814
0.3087500266543181
0.3095366847697537
0.3104642683430786
0.31098101979690174
0.3116103338599974
0.31199385213992537
0.3127766828362903
0.31370321904268944
0.31464902525986665
0.31575683900685236
0.31666434654976056
0.3176564133155093
0.3186707887050782
0.31938165545052066
0.3199287547220819
0.32071165192064793
0.3214135149788545
0.32191069103520387
0.3222290941424217
0.322662370546691
0.32337235614278803
0.3241107409070227
0.3248623170734272
0.3257352583126596
0.3266386509849714
0.32746490346760637
0.3283596890857885
0.3290657334391979
0.3298813057582066
0.3306628274112155
0.3312382888303037
0.3320136204578491
0.3326769268994253
0.3335269610413638
0.334393829839497
0.3350454204636991
0.33604437676826576
0.33698750549079115
0.3377014621854667
0.338449484563076
0.3389328267739334
0.3396189289316128
0.34021049938934816
0.34091304813037215
0.341782892016823
0.342695189816969
0.34345059130121747
0.3443053622180515
0.34505486789997925
0.34588564958461043
0.34651426629233917
0.347046545447461
0.3478325969517665
0.34828958498299434
0.34889374611152313
0.34981025543207367
0.3505686644621882
0.3510945537974919
0.35180910600032084
0.3525662178295352
0.3530182068566101
0.3533753878547076
0.35409576798069486
0.3548463066540293
0.3554544700794077
0.3558553165333896
0.356439783876045
0.3570505696543925
0.35760725832051055
0.3583921777823089
0.3591294561817491
0.3600610429108885
0.36093844264949476
0.3619924038888182
0.3627108307608946
0.36329990363137693
0.3640728868750435
0.3646891072891277
0.36503752888524016
0.36555382629868305
0.36614177711465484
0.367030580760694
0.36795473517141725
0.36895399917435573
0.36974108041971226
0.3706934728495969
0.37137086430232746
0.371850474718903
0.37218676967947073
0.37277272081312973
0.37334163954102895
0.37400177383512634
0.37488761378592417
0.3754994981076506
0.3762339940708438
0.376743134080629
0.37709654254374564
0.37762483770328814
0.378232758628841
0.37915778733521444
0.3798072494236442
0.38074190634269256
0.3817678806778048
0.3824088851894797
0.38326052247233466
0.3839129425575316
0.384565473780643
0.3851623406758481
0.38590335156759253
0.3864924062884994
0.38719498091318433
0.3876884775220602
0.38833363033330953
0.38897066513447
0.3894073599947258
0.38994332451906016
0.39065101894091175
0.39125010056564447
0.3918508717270702
0.39243670561245597
0.3933293357470469
0.3941742304704683
0.39483551339317463
0.39548693364701415
0.39583113852639784
0.39643801595819006
0.3970171554537746
0.39764141644490325
0.3983091006775257
0.39911109498592545
0.39977586743006194
0.4003625273094661
0.4008766116599731
0.4016426665537691
0.40244965198228755
0.40308364762712695
0.40370401999800465
0.4045118405532071
0.4051614918755672
0.40581481629464844
0.40653128400993754
0.4070096145726812
0.40757133407662144
0.40817667860029994
0.40889797795930577
0.4095913474246009
0.41011582645716044
0.4107054490311627
0.4113111920037772
0.41187729382913796
0.41244096965396504
0.412973822755997
0.41367093282238
0.4141109795312418
0.4147514698607165
0.41532512765624474
0.415890686185901
0.416431557921759
0.4168766549468589
0.4173254323746476
0.4179652018554951
0.4185651793583612
0.4190470567892109
0.4197502062002838
0.42029952556023203
0.42081001643892346
0.42131283136081127
0.4218571296379934
0.42255651479217393
0.4231393967654217
0.4239217376483817
0.424844981440946
0.4254761739421898
0.42586627312479053
0.4264532693911485
0.4270343357512524
0.4276617200258511
0.42834878294009926
0.42875772730788553
0.4293378391351838
0.4299393879148396
0.43037869208803836
0.43081068444805304
0.4313240445509615
0.4318768706959063
0.4324820533568295
0.433173634923657
0.43394117284877354
0.43453580036787764
0.4349884994562784
0.43567115026792197
0.43605643559770424
0.4366713436980485
0.4371403667445063
0.43769705378888235
0.43833420507977916
0.4391508325224938
0.4396407525675239
0.4401882934777467
0.44057846345426466
0.44119612080762544
0.4415293225896453
0.4421007432369482
0.442601015242174
0.4431563861253769
0.4436574660494137
0.4442148795305024
0.44471828167604416
0.4451368191354521
0.4457804426244909
0.4463010338468809
0.44708778313328607
0.4474945669999518
0.44786673617696404
0.4483223899056157
0.44889033764979713
0.44931692759764774
0.4494348141708804
0.44996219392607406
0.45057734541974387
0.45102410691143396
0.45150322186303316
0.4517930156673027
0.4524768651457445
0.45295630627787614
0.45380310979072835
0.4544544670454506
0.4550875520353108
0.4556319340904
0.45618395167501496
0.4566213552862315
0.4570679693216471
0.4574613028987137
0.45812967955873896
0.45637594298687656
0.4737166472757123
0.44044990782353155
0.45666299491336254
0.4559879288482693
0.4560899774693153
0.45557222153071186
0.4546445008818707
0.45431247120829177
0.4543177871419199
0.45451885380977464
0.4553832427783455
0.45442302214102653
0.4550480540205736
0.4547701070984487
0.4547912492923542
0.4549284637226587
0.45472557477484543
0.45516647820474954
0.4557962557821413
0.4544629396840766
0.4531985458308173
0.4544564914764366
0.45734187156529227
0.45660072801992246
0.4552046432941707
0.4553573079755915
0.45558881429065334
0.4552392442781549
0.45518286077698467
0.454998475365903
0.45481753795797675
0.4549548258678684
0.4550282184600958
0.45496799008339794
0.4548785450798608
0.4546893191540949
0.45463448791267574
0.4544818370927183
0.4544545530222807
0.45423732580508774
0.45394089018704753
0.4538508296519695
0.4536390022684193
0.4533493764432419
0.4532109702496562
0.45310911810781973
0.4529169924930219
0.45305677692149654
0.45288323612420445
0.4529357359999131
0.45317409505761486
0.4531033139441028
0.4532070244233707
0.45305918331460787
0.45300823283819536
0.45247613716189783
0.452232505321035
0.4519758448982456
0.4519599925664225
0.4517118385431205
0.45176559250406506
0.45146856234234334
0.45147763102510596
0.4511273814381083
0.4513199317562846
0.4513429777157693
0.4518176934918099
0.4515077527177298
0.45080233407075676
0.4500857712161173
0.44939016565953244
0.44914105892934486
0.4497382411986964
0.4498677820208894
0.44974839562226343
0.44982707468952443
0.44971988917112815
0.4494683599045517
0.44971914548100655
0.44877165367102845
0.44230769497953293
0.4435033627730083
0.4487320780335992
0.44978547345598474
0.44951242623785503
0.4490141251772827
0.4486112930876358
0.44821704255602585
0.4484069613538929
0.4371480809757197
0.46824080512187227
0.44962254398138857
0.45501087326365447
0.4567913694730611
0.45922782595693934
0.46120216789156976
0.4627158502360535
0.46378415252208594
0.4653388158775906
0.46672773250992616
0.4677134376346168
0.46874312172445787
0.469997236995696
0.4713776347049068
0.47280447531454106
0.4740274671358052
0.47555292174657543
0.4768814361067398
0.4782297727029543
0.4797803483050481
0.4812390649381282
0.4823403720885401
0.48350704158571167
0.4846061656515327
0.4859094994598317
0.487043782680775
0.48850286832686785
0.48961184743512587
0.49074871700011735
0.4921116515014202
0.4936849880575317
0.49511238769866134
0.49632134701289427
0.49758158546229336
0.49877684695343555
0.49998563414970526
0.5012648583503627
0.5026314512095545
0.5039543276859932
0.5050611538002348
0.5063587708359759
0.5076987819154203
0.5090662921722633
0.5105282101733244
0.511587465561477
0.5127394841436261
0.5138691977020289
0.5149767505508548
0.5156834006779595
0.5167005525570866
0.5181580506230524
0.5195229886886114
0.521002008227868
0.5225773626963942
0.523764105935473
0.5249598905675696
0.5263259958271477
0.5277645137673733
0.5288644411707024
0.530199127972157
0.5316401528366976
0.532587665202238
0.5335758325032536
0.5346932562331949
0.5358975329259955
0.536960090443151
0.538098444164385
0.5393787290823263
0.5404184182057555
0.5415371714318319
0.5424100585685054
0.5433954608281811
0.5443687286267584
0.5455507756807859
0.5469025071781921
0.5481785751093367
0.5495700575021427
0.5511336770745274
0.5525986966676154
0.5535681979344956
0.5545568935541609
0.5557146927542413
0.5569413604340966
0.5582004915255476
0.5592161919920271
0.5602973928623399
0.5614457128545404
0.5626171707352732
0.5638689443928468
0.5650817363280616
0.5662183078949868
0.5674898943106983
0.5685738493311112
0.5695183388226068
0.5705635107787804
0.5716151206707294
0.5726530016713121
0.573960672744295
0.5750358057928924
0.576086172327434
0.5771446034534722
0.5780772682504578
0.5789097160600666
0.5798727828852073
0.5808864398347667
0.5820501635583558
0.5827287916293481
0.5836877472129361
0.584866673147911
0.5856536233243759
0.5864001004320424
0.5874533139158922
0.5884115328670757
0.5889650684417264
0.5900411668227913
0.590957889774638
0.5920139069034984
0.5929536145286971
0.5937739362967118
0.5947050290411471
0.5955608670223789
0.5965265120509257
0.5974407321328035
0.5986750010210438
0.5998307782118086
0.6010416468992285
0.6020101093069062
0.602922614066541
0.6037481127845095
0.6044191768747071
0.6054563916162568
0.606464274952611
0.6077278321079812
0.6086756973022902
0.6094780530271975
0.6104011034182181
0.6112994980429611
0.612032332035812
0.612819711968722
0.613904090945072
0.6151168348812919
0.6163044447015789
0.6172117116207455
0.617771693205745
0.6185264707677899
0.6190468180774714
0.6199779818618414
0.6206311971001701
0.6214702444944671
0.6223717567649146
0.6233027201114864
0.6242359095106844
0.625046742727929
0.6260854225732321
0.6269436093827895
0.6277419185560973
0.628436800261237
0.62923714172715
0.6302453463800615
0.6310170205979603
0.6318073076639521
0.6324673440440083
0.6333184744938216
0.6341190333897748
0.6350167148696427
0.6358307491113824
0.6363851747862441
0.6373304957825751
0.638273503975204
0.6388781385620059
0.6395349015689221
0.6402048324256846
0.6410010607463867
0.6416353149425656
0.6423923025036016
0.6432462120348951
0.6440938381986758
0.6446986787357619
0.6455620565650871
0.6464714407551242
0.6473611064924052
0.6481255966780903
0.6489810538144163
0.649842797560082
0.6506330567234612
0.6511464001657186
0.6519377197068388
0.6526333669002417
0.6534450998172954
0.6542050685520384
0.6549315687479669
0.6554695471034452
0.6558969042803631
0.6567358495540984
0.6574282685879153
0.6581325116551949
0.6588646069324042
0.6596985412399887
0.6604905285009598
0.6613415299060246
0.6620850602136651
0.6628544633817386
0.6633972311382214
0.6641072650492338
0.6647998549211764
0.6654151509771393
0.6658601537619908
0.6665774246938067
0.6672106653897141
0.6680168052018479
0.6685599931183134
0.6690239426062642
0.669806443306252
0.6706559832198974
0.6713577724530813
0.67186715116958
0.6724162627041554
0.6731118360899483
0.67370001840045
0.6745812594454962
0.6750136160969087
0.6757336972795037
0.6762398685155564
0.6770114397413431
0.6774714887027237
0.6779960327797883
0.6784902346469166
0.679164871800696
0.6798006385176447
0.6803388383231017
0.6809808232332734
0.6819511564623946
0.682572809540613
0.683129501588047
0.6837589198236408
0.6845010061807923
0.6852120243310623
0.6857862551252676
0.6866209909085099
0.687185356539478
0.6877257341285623
0.688121740639687
0.688499274367588
0.689033488392215
0.6896233744337217
0.690321950930742
0.6909187200974906
0.6916369746373698
0.6922545239303953
0.69291826020873
0.6934486292515498
0.6940528604812993
0.6947699695503716
0.695293944836213
0.6958040532016089
0.696461910066451
0.6968114678328549
0.6974813330020144
0.69808318035359
0.6987474935985685
0.6993226207288691
0.6998263212466648
0.7002923281245368
0.700742854556904
0.7010172598707769
0.7012561172838353
0.7015973027012938
0.7021521611579632
0.702522890447532
0.7031522520891315
0.7038139041829721
0.7044377760194911
0.7050288421208998
0.7056274643904075
0.7059083346720118
0.7060889928306282
0.7067162632720754
0.7072626327428425
0.7078857897967444
0.7081553882430885
0.708832460868068
0.7094950823633566
0.7100221092599073
0.7103455868770239
0.7108400723706539
0.7113498955437102
0.711806051048423
0.7121682796210078
0.7127432703521894
0.7132783944888609
0.7138383730113235
0.7143043279800363
0.7149508731786751
0.71536518116964
0.715460657691453
0.7158124171829124
0.7162028583802733
0.7166672793413501
0.7169751562467488
0.7172570041991655
0.7149962383802106
0.731814286019564
0.7036911263335885
0.7175226063048419
0.7164244565054341
0.7157113791274785
0.7150060932453075
0.7143870417326887
0.7138777123068802
0.7131421343427867
0.7132665640054432
0.7140158425183764
0.7123516903553831
0.7121318880810331
0.7110332284754994
0.7113091534048144
0.7112940428373073
0.7110178881082909
0.7115540234709982
0.7121690405886028
0.7109746689777197
0.7104006341169619
0.7133162892926921
0.7133983133531372
0.7121238047148207
0.7105314574587214
0.7110811830831839
0.7113266450990207
0.7110250366064763
0.7106752901826839
0.7101894748781228
0.7101296242171097
0.709752255632314
0.7095910408857805
0.7091517291121471
0.7086043553815544
0.708378491854775
0.7082589216269599
0.7079787383722498
0.70768341967706
0.7073569181090447
0.7069084686024778
0.7064816803531708
0.706044108129127
0.7055656982912407
0.7051198763246012
0.7045721551855835
0.7041672348425219
0.7038120926653486
0.7033094372467165
0.7029259287007268
0.702709342058091
0.7024798081364786
0.7020327201227622
0.70171175787175
0.7014252041359579
0.7012738878094023
0.700929686794768
0.700633586193925
0.7001608032250602
0.7000180958995161
0.6996320965665151
0.6989974723319059
0.6984545415923418
0.6982604448090574
0.6977297073040594
0.6976463099188451
0.6977502079393364
0.697369761795252
0.6966985722391622
0.696408609120298
0.6963984273388663
0.6967077646125355
0.6971911546498883
0.6969777512713923
0.6965999380757718
0.6962019486817113
0.6956830819271101
0.6952742753772009
0.695740511586278
0.7194771130678534
0.7547505492183746
0.7356178500644999
0.7038156759480316
0.6933599471284198
0.6910656067943524
0.6903169381595671
0.6904379284646448
0.6845555703788753
0.6174328545902608
0.6049715751382386
0.6685250083683351
0.690985827997488
0.6935246115813685
0.6935074143445069
0.6929257657196617
0.6925491945223786
0.6924479602734854
0.6887112567593693
0.6955678024982737
0.6783078367155536
0.7201030979706149
0.6994687516499822
0.7013891871268509
0.7029023985934331
0.7038950359437417
0.7050597401653664
0.7062076611903153
0.7079228010794606
0.7090150203054764
0.7101514030495918
0.7111576199572746
0.712149154405911
0.7132630238137374
0.7145111037246433
0.7155409656029803
0.7166698535249135
0.7176513434665498
0.718525932202923
0.7196627233678525
0.7206254781084509
0.7216589328700163
0.7223921619354153
0.7233741701121449
0.724460624245354
0.725598460876336
0.7269801230867508
0.7282684580343743
0.7294463704408085
0.7307415396689685
0.7317520986798409
0.7328898994276472
0.7342715712316785
0.7355448518644457
0.736729319196021
0.7378756509175031
0.7388243809511862
0.7397468605481005
0.74079042766884
0.7420541716035582
0.7430387065940963
0.7441298941301799
0.7451081869469897
0.7460922065136977
0.7471036419652566
0.7480190166786416
0.7490054237809521
0.7498993905903251
0.7510468192673816
0.7519546277748475
0.7530925420833496
0.7542265396701452
0.7551732835482985
0.7561532871824048
0.7569281439762774
0.7579551274163163
0.758841602671034
0.7598683494721696
0.7608546819087564
0.7617132670990437
0.7624787006115274
0.7632350001644542
0.7640786233245376
0.7650475062015839
0.7660925871599034
0.7671570974568103
0.7683654727725541
0.7694900871845372
0.7702508519735852
0.770951175992877
0.7719484211396458
0.7727176893227952
0.7734136723431069
0.7741200232645096
0.7750121124699723
0.7758259284048207
0.7764406188661024
0.7770865598873351
0.7778164701081512
0.7783529501452443
0.7787281967678282
0.7796808111831719
0.7806244458608147
0.7814337035761956
0.7820353392917309
0.7825731036012116
0.783222898900909
0.7840094981680866
0.7846602503684942
0.7852981832618064
0.7862195896602906
0.7869895382643891
0.7876496423454635
0.7884838893004439
0.789417825487096
0.7905561881577507
0.7915132207754139
0.7924460776674109
0.7932425075861724
0.7939216523649262
0.794609517822446
0.7948736913066149
0.7952252165045564
0.7960543787506453
0.7970418072070001
0.7977151451389979
0.7982346102747726
0.7988600503233108
0.7995960231458219
0.8003090636537151
0.8007815669165322
0.8011926395756312
0.801915121464228
0.8024489703482671
0.8028390880574047
0.8033545651367865
0.8042597208855261
0.8048680583240562
0.805584684159086
0.8060847958850443
0.8064926360096978
0.8070533812331889
0.807409441323215
0.8079274254780726
0.8085635043033248
0.8092174877459088
0.8099177445089497
0.8104224655395544
0.8111313209341864
0.8118809022885141
0.8122002834336527
0.8125556919829269
0.8132360603133595
0.8137144070490067
0.8144084450136728
0.8149723724348035
0.8154210224167125
0.8157723301759089
0.8163958393654454
0.8169492790165747
0.8173155568513789
0.8177012079622605
0.8183736657527338
0.8191033308968532
0.8194775904922998
0.8196956250469104
0.8204226289240669
0.8209758999079924
0.8214024737501449
0.8219082752933389
0.8224125459538125
0.822672479997671
0.8230670207981037
0.8234371355933416
0.8238816144173536
0.8241909834475313
0.8246471287214565
0.8253346873611602
0.8255350150795362
0.8257905184693382
0.8263106469137345
0.8268523123644426
0.8272072191829472
0.8276431498658989
0.8281703364785855
0.8290096849283095
0.8292650761491256
0.8296846304477997
0.8299688140322796
0.8302261729228215
0.8304365791618616
0.8305098960852508
0.8307976570189232
0.8312227705906828
0.8316865963161175
0.831943526060463
0.832374782323805
0.8328673396399516
0.8333541070492816
0.8336789827204603
0.8340177084017081
0.8345006109508695
0.8348442901600005
0.835026774923072
0.8350702809688961
0.8354446292770182
0.8355763024348113
0.8358786457731368
0.8361993469674595
0.8362173986058883
0.8363593668992653
0.8368247402146125
0.8370779017459941
0.837427493007525
0.8378766678171947
0.8385262355443497
0.8391667903901677
0.8395183794786631
0.8399085953402001
0.8398343132675912
0.8400291360768318
0.840150984736303
0.8404172056429499
0.8409444432522544
0.8413558195917863
0.842017214735063
0.84235872829552
0.8426635172316622
0.8428073690186696
0.842935411911545
0.8432406063988647
0.8434375639238807
0.8439059379307026
0.8441531910767399
0.84447999656905
0.8448607395414349
0.8451834584872484
0.8452357113064237
0.8453285147381292
0.8456132202614488
0.8457064689342912
0.8460612515034381
0.8464804153416439
0.8469038535225375
0.8474215259928152
0.8473139109948631
0.8475739924645256
0.8475209744484087
0.847707208556233
0.84784052420208
0.8480631360962457
0.8484050762307133
0.8486087608249357
0.8488908013629755
0.8492289373745873
0.8495084236946879
0.8495601249777589
0.8497554681847774
0.8498655904562332
0.8500836512739838
0.8503363046771626
0.8505028442181314
0.8508533030522506
0.8513000591740527
0.8514930329430077
0.8516014765780411
0.8518637967682463
0.8519649041793027
0.8520850050548052
0.8519240562369326
0.8519708707271316
0.8521121884827659
0.8523689372320736
0.8525381952542913
0.8527309239121067
0.8530952405453933
0.8534238229342079
0.8536122300447099
0.8539243851893425
0.8541831646373439
0.8545376595798237
0.8548280584509655
0.8551491057751078
0.8555600577279446
0.8558468441109142
0.856317153248181
0.8562783708141041
0.8562138284716887
0.856330808093959
0.8563972238064856
0.8563366722267879
0.8563292442230706
0.8565551050504684
0.8566795318691091
0.8566674543935787
0.856879572804608
0.8570069465295312
0.857243452910045
0.8576385896421788
0.8578424756395038
0.8581922284001421
0.8585923271504813
0.8587788249245786
0.8590711331446661
0.8592084389248622
0.8594009567786762
0.8595216881848885
0.8593772270099744
0.8594848446746192
0.8594986285408581
0.8596183048372904
0.8598612618755076
0.8599539652898924
0.8601437045026934
0.8603884110988217
0.8605512046489563
0.860663849835854
0.8608105801653405
0.8607530392446994
0.860555466184097
0.86862786201357
0.8518140035689294
0.8546905045697988
0.8580829161827908
0.8572718019813861
0.8566500880291052
0.8562809190785141
0.8560218242199484
0.8558128218315427
0.8554197416352559
0.8550621217782208
0.8545008642268407
0.8540816544770516
0.8536722832112402
0.8529904367459988
0.8525923516995194
0.8523969656038107
0.8519524560222989
0.8514350266656433
0.8509413403594872
0.8504201885309082
0.8499228083600212
0.8493299007021335
0.8489742269154418
0.8486742952014474
0.8483821367464345
0.8479249271587954
0.8472716504923903
0.8467513705255933
0.8461300675512738
0.8455589452590617
0.8450252745185638
0.844508961877175
0.8441900022829683
0.8437440341473001
0.8434707122737444
0.8429682012673382
0.8424486965219751
0.8418778598635517
0.8411614628800212
0.8407023669605211
0.8404113639280186
0.8399863303664975
0.839475568679636
0.8389574086300342
0.8385822720369543
0.8379212802184126
0.8371583277235894
0.8362920052854567
0.835688955341778
0.8351231986796053
0.8345278693303768
0.8340814500988514
0.8335732653707522
0.8333051694365547
0.8330354686560698
0.8326116575949389
0.8321865018239252
0.8317232048224064
0.8308683211399971
0.830415858566246
0.8297498271089077
0.8293967366354186
0.8289037672978483
0.8281150577567942
0.8274858599727227
0.8269921027306618
0.8264989982032573
0.8258224235568825
0.8254445386911633
0.8251239099374482
0.8247283741398473
0.8243697121378649
0.8240959436624274
0.8234840327127749
0.8229614612445237
0.8222850076207135
0.8217940028887702
0.8213353752705999
0.8209218307214581
0.8203739569209983
0.8198016751364265
0.8193081860646573
0.8186544782274688
0.8181335448179582
0.8175514339421248
0.8171690888198438
0.8169538732557527
0.8166596045884918
0.8161312341930543
0.8155505396196183
0.815075116390713
0.8147246000115365
0.8142048042508353
0.8136276543422828
0.8130932248739693
0.8126730410423981
0.8122909913493486
0.8118166674018271
0.8110515256627372
0.8106284749648718
0.8100957563139497
0.8095500952170627
0.8089868549016306
0.8084661311759586
0.8081067871073827
0.8077930185654468
0.8073268028730591
0.806692499389444
0.8062666555966335
0.8057722756828076
0.8052163011163875
0.8047365569065454
0.8043595667710074
0.8040073951468176
0.8034495104041016
0.8031478220662257
0.8029774452953523
0.8028260894889477
0.8025526894350015
0.8020197136406211
0.8015359558096724
0.8010758879992786
0.8005305556370236
0.7999591021739979
0.7995189987523135
0.7989819844568863
0.798534634736244
0.7980310164590396
0.79749109552223
0.796908992953675
0.7964500810614368
0.7960383614146433
0.7954489013523011
0.7950607016388741
0.7946623319404131
0.7943796372850722
0.7941576147380963
0.7938467849826089
0.793479227146431
0.7930395695392833
0.7926311855843167
0.7920920890729829
0.7914935846211102
0.790939180221447
0.7907278228282959
0.7902461104212929
0.7898614399797831
0.7892068661371816
0.7887099697323463
0.7882408489296047
0.787723831062458
0.7873899626428925
0.7870315061478239
0.7866332471788414
0.7861099490060501
0.7858231030178907
0.7854982604211941
0.7849957320168083
0.7845126154359777
0.7841894877656651
0.7835894149178982
0.7829723735546109
0.7825879544367902
0.782062075512298
0.7813104756547167
0.7808715013669136
0.7805043140422541
0.7801952209138329
0.7798994973727819
0.7794753726394181
0.7793347297132597
0.7791826670110897
0.778685063050066
0.7780755028749446
0.7773886333707173
0.7766118406709727
0.776168872405704
0.7756358187048265
0.7752279231388447
0.7749698789933037
0.7746426584095688
0.7744611981322717
0.7739701852263386
0.7734007834396902
0.7728379935840562
0.7725789878511014
0.7723930173764426
0.7717398332915646
0.7713186664500011
0.771164483937046
0.7707679723609344
0.7703230952848792
0.7697811414728469
0.7695637774230969
0.7691471264536592
0.7687142677100112
0.7683495245724961
0.7677228055675865
0.7674614229458663
0.7671727507006545
0.7669353279485321
0.7664870514289309
0.7659832627021806
0.7655779778269038
0.764852957039746
0.7641225275993364
0.763644977339737
0.7633554172922157
0.7631948175639962
0.7629580255710734
0.762720574271109
0.7624227766332417
0.761929570933861
0.7616563110958181
0.7611324494554444
0.7604269693941885
0.7598636909892862
0.7591672410544762
0.7583648438168974
0.7577043488922869
0.7571308925566894
0.7566810944669071
0.7564651281304225
0.7563888467184036
0.756245859343355
0.7559856307632261
0.7557729223250673
0.7555688177262093
0.7552280740047177
0.7549961238821039
0.7545094922235013
0.7540825924020271
0.7533382616485447
0.7526124893094108
0.7521103519301803
0.7514292756350012
0.7510263585634349
0.7506320043644514
0.750231916266613
0.7498908860931113
0.7492599431776186
0.7487186020441874
0.7481498450553374
0.7479147798634318
0.7475502916194978
0.747202885140983
0.7467454890727251
0.7461427354651272
0.7455202224964589
0.7450028243699971
0.744398756351286
0.7439403513050734
0.7436208916297005
0.7433293866326588
0.7430263776216739
0.7426983823462526
0.7425972552701412
0.7424828904160028
0.7420121734463788
0.7419067044670126
0.7414403014079782
0.7411053741971418
0.7406599990306588
0.7401628664400758
0.7397440959709136
0.739127179889937
0.738599357760765
0.7380317462628232
0.7376507777817081
0.7372233749989028
0.7367345186926618
0.7364538080869067
0.7360854635021946
0.735607342319697
0.7351725832807411
0.7346849991807338
0.7344258324934924
0.7342394506032027
0.733848091699471
0.7333772996297004
0.7330447740790458
0.7330586654163379
0.7325675176553278
0.7321704999391102
0.7319513723526352
0.7316411055645976
0.7312030026922927
0.7306139643217093
0.7301622106613974
0.7297139621432636
0.729149105997821
0.7285791724375121
0.7280092884795933
0.7279378638224632
0.7276774495383116
0.7270962908406841
0.7270104188574819
0.7268887321971057
0.7266885592387502
0.7263507445193245
0.7257446169404571
0.7254665067123485
0.7250899910588244
0.7246010261667534
0.7242597943331509
0.723841531850277
0.7234730146158084
0.7230964833631179
0.722681836924207
0.7221689874046051
0.7218596201452181
0.7215258124885559
0.7211025838054608
0.7205694389750781
0.7200787755078901
0.7198698592074482
0.7192912995816431
0.7190697206270865
0.7187473990345327
0.7183633151558083
0.7179368091614002
0.7175692382882373
0.7171869153406452
0.7169391253166628
0.7166613959467311
0.7161052735536928
0.7158715235474705
0.7154826000667608
0.7153222184968304
0.7146485558296332
0.7142940052162301
0.7139767489938545
0.7135438430248368
0.7130074557310074
0.7126848301716707
0.7121880810703642
0.7118138981729099
0.7114050361832048
0.710988331289436
0.7108864537788806
0.7104747101410016
0.7102614714119945
0.7099423362216233
0.7095995752148152
0.7091627130562649
0.7087524686601809
0.7081849264087553
0.7074590727072028
0.7069796104265863
0.7065172169026707
0.7059640459643767
0.7057566786677573
0.7051836616911542
0.7047061743530598
0.7044776791532044
0.7039091785250027
0.7034889448252927
0.7031756667365399
0.7030074167079848
0.7027564190981093
0.7024386677670967
0.7024238512393141
0.7023341588880225
0.701970620869569
0.7016707981729111
0.7013252780910789
0.7010518050407799
0.7006690937680671
0.7003192850377021
0.6996987090042108
0.6992758753145556
0.6988652021751744
0.6984344071025599
0.6981620936500922
0.6978293568406003
0.6975029004541352
0.6970266075469603
0.6967529944521421
0.6963459044985171
0.6959068568403581
0.6956027888842512
0.6954305558027238
0.6950580506976893
0.6946693832794681
0.6942681759654009
0.693939345997093
0.6935921499264975
0.6931044664055468
0.692686970292842
0.6923192934992519
0.6918800671418733
0.6914589736315704
0.6913614969901019
0.6909792524784685
0.6906145867307409
0.6904077571997239
0.6900481459908105
0.6895177397829473
0.6890415681812185
0.6883760204150378
0.6879387314939988
0.6874352305903448
0.6870080783993028
0.686639630369484
0.6861025912836696
0.685533684588206
0.6854893869950976
0.6848578167650357
0.6848598805448808
0.6846556008532985
0.6843956796626669
0.6841773105333212
0.6841042329413353
0.6839018114457828
0.6837147590734879
0.6834821097587414
0.6830966995703707
0.6829570360192248
0.682408801237276
0.6819615476666863
0.6814881106175609
0.6810593427689757
0.6806614894462237
0.6803506805186759
0.6800227415887052
0.6796637960332566
0.6793529075364114
0.6791309667053353
0.6789231490644609
0.6784240017708121
0.6777963986764683
0.6775587508463228
0.6771538121077895
0.6767063078707998
0.6763337049060341
0.6758342915806211
0.6754442189241024
0.6748135494023221
0.6740487668186466
0.6734850636945282
0.6729964285852407
0.672673493270879
0.6724174704801033
0.6721788104679709
0.671964548816041
0.6716432515885378
0.6714282204774011
0.6711775145669838
0.6706638014595481
0.670368696686443
0.6699647030043431
0.6697461781872487
0.6693648701366814
0.6687406674708939
0.668459087585642
0.6683719667172972
0.6679657609889356
0.6678055279750046
0.6675262464925263
0.6675112310005177
0.667379484631945
0.6672693086827348
0.6669062749072168
0.6666743895204134
0.6663220756313226
0.6662868356128071
0.6657027719140471
0.6652721462392339
0.6649026098270332
0.6644922324852893
0.6641357563672998
0.6636085115874704
0.6631368003480664
0.6627798393817741
0.6624749217715353
0.662360706972196
0.6620468873594979
0.6614818358419909
0.661310081290484
0.660957987209035
0.660523763576228
0.6604001017146419
0.6600000706389098
0.6596439540625817
0.6593044448657519
0.6588564741579708
0.658360986903613
0.6578126686304535
0.65745494019203
0.657142777391289
0.6570158356407148
0.6569687623280284
0.6566925858424312
0.6565652318765153
0.6562500270776158
0.6558422628443542
0.6552207229187477
0.6547244431635217
0.6543475203753928
0.6542560928401281
0.6539784940326105
0.6535902875252175
0.6533495525887991
0.6529522055362427
0.652324222154258
0.6519730963040882
0.6516936639156495
0.6514781566804357
0.6511621385327588
0.6509026998129189
0.6507252939723145
0.6504108677104101
0.6500491327312946
0.6494284232724677
0.6489993246268368
0.6484739774814259
0.6484966250607496
0.6480911062232921
0.647814809273267
0.647477040348596
0.6472764941507108
0.6469286366797057
0.6466132620763487
0.6463174276311723
0.6461901356539944
0.6461643770214809
0.6458812626641147
0.6456783173271681
0.6453108585086281
0.6449333898888304
0.6444240422502057
0.6438617530780648
0.6435143256999967
0.6429444011279264
0.6425796518448417
0.6423165900377704
0.6417621795082762
0.6415267442276102
0.6412260184900362
0.6405969355312364
0.6403653332494386
0.6400453164588868
0.6398661500235766
0.6397054247543665
0.6393303723045541
0.6390493408393678
0.6389679717611821
0.6387115881323281
0.6384170486075267
0.6379629572669807
0.6376585334613704
0.6372882011120433
0.6368013562626925
0.6362152960526707
0.6358199769244546
0.6353570379164473
0.6349624106774409
0.6350026867193402
0.6347407939716375
0.6343490620061986
0.6339988451270291
0.6337020403559751
0.6334304481989601
0.6328111555619923
0.6321896113357319
0.6316942839542444
0.6313613201515544
0.6311517635422923
0.630854346242953
0.6307214652070653
0.630589017113594
0.6304382470720922
0.6306142800974042
0.6304428980019265
0.6300693245587176
0.6296779958685892
0.6291684909726056
0.6285939868991584
0.62836674629964
0.6279619619749868
0.6276514212717259
0.6271047681459498
0.6269131411441504
0.6267317830896209
0.6264033181782003
0.626259991861451
0.6258837230252995
0.6257484087660936
0.6255659222253128
0.6253423351554209
0.6250683518884178
0.6246938601112477
0.6243161307775249
0.6242349399657455
0.6240996866145136
0.6236571917745976
0.6231034831880298
0.6229110664238043
0.6222580137288387
0.6217152715764941
0.6211898863346412
0.620876324631373
0.6207575292310485
0.6207324068024996
0.6205158208228272
0.620350550879792
0.6203809140454696
0.6204368804258297
0.620014435593236
0.619628347158878
0.6193192173620562
0.6189523988851341
0.6183337073939432
0.6178815448115493
0.6175026104495571
0.6172758853154425
0.6167079784588093
0.6166268012468193
0.6163734383288886
0.6162474519661278
0.615992866143236
0.6155449233156753
0.6154164988137325
0.6150178627867902
0.6146069595056084
0.6143367110287206
0.6143335356947495
0.6141083182067564
0.6137730902243237
0.613398375805352
0.6130173181585612
0.6128603503717245
0.6126462020454815
0.6123384154326166
0.6118623042503105
0.6117357056813424
0.6114968604254978
0.6110205994218587
0.6106218181772843
0.6103628163484488
0.610205886501321
0.6097439630308361
0.6095711289729614
0.6091434109101612
0.6085775320857112
0.6082649463550133
0.6077448978970532
0.6073323170780021
0.6069014315279134
0.6065449736098001
0.6062249165540067
0.6062059137556809
0.6059003173676512
0.6055873054038626
0.6053572808518854
0.6052151657423417
0.6051572680334372
0.6049818083061997
0.6048695380400424
0.6044787275561398
0.6041828473520631
0.6039840549459251
0.6037311420801154
0.6034253009806885
0.6031166680059402
0.6026424216992257
0.6025887660829469
0.6019446375150198
0.6014432909611396
0.601129194811966
0.6008692317398954
0.6004819724910856
0.6000115028941884
0.5998075448454839
0.59942281512081
0.5990620213167103
0.5984443301952519
0.5982782401348943
0.5980678391383183
0.5976849928791017
0.5975246891270144
0.5972248397528136
0.5970024113505863
0.5965998767220609
0.596226117678163
0.5958446938748706
0.5956916038112998
0.5953782837869294
0.5952491780878497
0.5950120191654463
0.5947677254888457
0.5944859814193052
0.5943059463505582
0.5940424373611165
0.5936758045244777
0.5934075415125655
0.5931469362590287
0.5929987708598021
0.5926058595852878
0.5922522337955537
0.5921115132232566
0.5917425261195252
0.5913670886738495
0.5911815162875173
0.5908247075149344
0.5905008714734491
0.5902673100675686
0.5901156632721273
0.5898580330635983
0.5895983545778946
0.5892073051767982
0.5887204829235599
0.588407396046167
0.5882159051259497
0.5877880784854238
0.5874103821201061
0.5871934603866643
0.5870606632482918
0.5869758743747978
0.5869022916754091
0.5866489431322524
0.5863246681710049
0.5860170840740953
0.5854360127561369
0.5849076498960575
0.5847301042641981
0.5845727553335447
0.5843242947780529
0.583966980271292
0.5839986506582934
0.5840025862297632
0.5837059424332791
0.5833623802233809
0.5827937221759767
0.582492664791716
0.5821302275201319
0.5816991730664669
0.5816912403848937
0.5814110234324568
0.581495717914962
0.5813210767938645
0.5809703021027051
0.5808564235825522
0.5804947606157155
0.5801069704055812
0.5796699047912051
0.5792348835654938
0.578799509255075
0.578342459542688
0.5782479834762791
0.5780918493211865
0.5780116110469447
0.5779174577646173
0.5777489086871723
0.5775844375073222
0.5773926348124148
0.5769860119641278
0.5763963503341553
0.5760809460642965
0.5760412517618094
0.5756067014145393
0.5752911691816512
0.5751321034875064
0.574961982521472
0.5747482485217446
0.5744530905143712
0.5739301197873163
0.5735883340878986
0.5732365792198805
0.5730863061239206
0.5726063779526418
0.5721942346440928
0.572093557880871
0.5716350566043539
0.57167834867486
0.5713955120091818
0.5711094535657149
0.5706737334316581
0.5703987925297471
0.5700872777208585
0.56973443126717
0.5692455291403713
0.5688771808300667
0.5687597136206456
0.5681397825059634
0.567756735221985
0.5676729849369045
0.5674511087657025
0.5669249571356016
0.5663839899820163
0.5661926911184924
0.5657125542680197
0.565111659962566
0.5647755126473433
0.5645605339632338
0.5645538102700052
0.5642987472616943
0.5641134188156137
0.5636763689266278
0.5634252111331577
0.5630755606559343
0.5628308722175785
0.5624418361227559
0.5622136526109349
0.5620502742037781
0.5618686805020587
0.5621284859577352
0.5619703869632815
0.5616389590620567
0.5612351797273216
0.5609496186705251
0.5605383878792238
0.559978259174635
0.5596292886853992
0.5595249536226629
0.5592523085756081
0.5593802822838538
0.5592521679813981
0.559206890042886
0.5589437492503179
0.5586450926041598
0.5586014418258693
0.5582864274361165
0.5578547573808119
0.5576413047187014
0.5575465010979881
0.5572993772028765
0.5571140703793642
0.5565393548058793
0.5565876534678702
0.5565541738801114
0.5560343475814539
0.5555440102004424
0.5554864675876741
0.5554347368076792
0.5551284147923825
0.5547190793104654
0.5545273467017501
0.5544682141651526
0.5542968616570421
0.5539456813451316
0.5537528891434277
0.5535517502239029
0.55315843698524
0.5528831249268855
0.5525294065316515
0.5522628511755013
0.5519385709824316
0.5518229275631469
0.551868427035476
0.5513265035642623
0.5511021380258918
0.5512478785620569
0.5511832400489258
0.5510163674231111
0.550560402871266
0.5504567963362353
0.5501080398487604
0.5495492456945966
0.548999433392772
0.5484859490415278
0.5480877122204464
0.5478478404421113
0.5476025447384181
0.5474799052032182
0.5473189639455017
0.5475357481982436
0.547376812664514
0.5470973458066184
0.5471473635324855
0.5469283576876434
0.5465708536495132
0.546123778259802
0.5458050242496585
0.5452597046256926
0.5449283314930213
0.5446623808712746
0.5444129588943797
0.5442860265640163
0.5441804521742107
0.5440572959045463
0.5436451465458808
0.5434467913652192
0.5430217483104087
0.5426717236943979
0.5424567066369144
0.5421230488569201
0.5418246833029806
0.5416219468943745
0.5413896158618401
0.5413473449516782
0.5410744618209775
0.5410251849833629
0.5406812794992494
0.5405804897973142
0.5406893348298002
0.5406165877256918
0.5403556180493881
0.5403413212946204
0.5396824100128377
