0.004388553760554506
0.004571112919511248
0.004949331521352738
0.005787152228426396
0.006238944041826627
0.00636904592422506
0.006210601485138127
0.006181091595729526
0.0063514641007418795
0.006949956127162735
0.007354918840743356
0.0076656947669088826
0.007703920148136634
0.007586894771990272
0.007832515791970814
0.007792008450332836
0.007752780354831937
0.00812994329341999
0.008564396323825548
0.008685811440836197
0.008936972226385839
0.008675999798622304
0.008946663168440989
0.008964890681079257
0.009140698460591505
0.009118809500612205
0.00914371039463428
0.009444620184107149
0.00941811272944668
0.00959413707062175
0.009871190272989237
0.010024784349726364
0.009974131600026536
0.010068914939788438
0.01012418905789831
0.010068614292453074
0.010372503424768304
0.010394835249077028
0.010466735187834754
0.01050791488397117
0.010736023606066153
0.01063098391846573
0.010688576427363851
0.011113382412764303
0.011403850387638647
0.01151357904063857
0.011833540559680163
0.011733923287119044
0.01143089799979692
0.011193280808057055
0.01100641297586569
0.010977157729749651
0.011021877164267384
-0.00479233486247011
0.02071240243771625
0.006680813413313688
0.00037511501227134245
0.012198903745666945
-0.0183237771625693
0.04111919918480799
-0.0019591889926033994
0.016596833102000143
0.01843933959703932
0.01752695072811673
0.01735282792070865
0.017436179741612167
0.017492437042764694
0.01778504323107401
0.017801078384595333
0.017885261305304604
0.017988948820719757
0.018038900102719666
0.0180410510960225
0.0180827098915157
0.01825852774012452
0.01840830374507041
0.018264262477742103
0.018708563091728424
0.019293805037618635
0.019806288696554205
0.0202889866748331
0.020507542678647208
0.020721849824928345
0.02058258894526805
0.02069672640011912
0.02098887032843341
0.021506750797871857
0.021485480010371732
0.021563851286931085
0.021983007770590698
0.02266805560954222
0.023104099353281813
0.023687398812037602
0.023992999734434705
0.024521248086153122
0.024712992069009544
0.02472438129186793
0.024632577189635872
0.02451858134839698
0.024970567043280992
0.025236837121460853
0.02572376335331136
0.026390371865115496
0.026915959460077275
0.027689864213070556
0.02835384412884754
0.029179330678056795
0.029774587209957473
0.030190503974274367
0.03056309863314966
0.030708365193695512
0.03098802794826229
0.031219618326774834
0.03139488115508904
0.03184264838622212
0.032187568600797994
0.032312159823339556
0.03245164518829564
0.03271636547140658
0.03286360453819229
0.03310842124077506
0.03371551212312811
0.03421871700086381
0.034806222040835375
0.035323016534804526
0.03588155788844662
0.03614038102531604
0.036470315541888544
0.036826348139843874
0.037180429479485466
0.037335540125047445
0.03776027631783719
0.038152348094904795
0.03847480807647765
0.03894404243338695
0.03958850359736483
0.03994627824238774
0.04027293494995153
0.040440362911457695
0.040703717398048164
0.040951400498593894
0.04122095780151362
0.04154944751038102
0.04212448431534449
0.04272749218668607
0.043164029577626384
0.04357366318681125
0.044070220705257034
0.044287157906742654
0.044418663355523365
0.044711270800102954
0.04519228338353607
0.04569494202343467
0.046038395695231604
0.04641921096210982
0.04658875648474929
0.0469465150697589
0.04747671505090246
0.047820357470855966
0.0480313350411693
0.048456718221127494
0.048934903520823324
0.04932215907640819
0.049585525921360486
0.050023079875494696
0.050466796066182346
0.05083246392474453
0.05124508146656151
0.05185363894173599
0.05219648256749122
0.05267315660975888
0.053092125981364036
0.05353251886222492
0.05390104119738097
0.054394383872655765
0.054647290423059644
0.05511999291588871
0.05548744551491658
0.05573097056822884
0.05582998678190474
0.05626993319029329
0.05659081708161489
0.05673375819775413
0.05732023518764856
0.05794072635751159
0.0581336807437676
0.05829192314525799
0.05849883849654125
0.0586083108031444
0.05858747457554152
0.05886051869091569
0.05945596130991159
0.05992819256119156
0.060337297015959114
0.06072168270173084
0.061021220925036514
0.061401494988220714
0.06173751086172807
0.06218719948330513
0.0625106684126961
0.06279363187400047
0.06286184712662404
0.06304815994276503
0.06315685542511114
0.06351892612112411
0.0635625802776693
0.0640254925202026
0.06460733247556891
0.0648699901422877
0.06547218870078109
0.06601673563683907
0.0665074269253031
0.06680836953454487
0.06702442709464215
0.06737142766258321
0.06767091608288685
0.0679161986187359
0.06837522954718826
0.06882348683544315
0.06911191459014776
0.06954562975510298
0.06992750989311777
0.07061966951034553
0.07118196044107543
0.07181888662900039
0.0721177354425375
0.07264122424008436
0.07297908074179765
0.07314830301002617
0.0734660844055812
0.07389486792883439
0.07449030605618708
0.07503289614634405
0.07560805435238951
0.0759918139278664
0.07632512286423401
0.07661221643151425
0.07691064094925006
0.07689041991470807
0.07702432412851704
0.07731516424779442
0.07792872016553307
0.07821248268050933
0.07845554826275358
0.07876221767636904
0.0791535190339604
0.07946454425915098
0.07969307495996947
0.08015064297319556
0.08044160616080206
0.0806651882115583
0.08073114691096565
0.08108213883514166
0.08126816580619006
0.08159839106239829
0.08214847932912821
0.08263138991300324
0.08322117627482792
0.08361582847633474
0.0839764298634636
0.08422041987993842
0.08462163910239633
0.08498245412956812
0.08533997947533573
0.08538567208588096
0.08582414824241841
0.08651154791906152
0.08681545221813387
0.08714004457326663
0.08746606187812718
0.08806337243822757
0.08854670655682949
0.08874583269892711
0.08915113388083346
0.08942418960999678
0.0895877499022064
0.08969369182279141
0.09001951119978896
0.09050338573586193
0.09083453162626287
0.09108736041009591
0.09124225907566558
0.0915806042234
0.09216491855493711
0.09257353787797958
0.09297153120508254
0.09343327832345528
0.09389183377938137
0.09427917292646751
0.09439838395454087
0.09447680014364936
0.09486103481684664
0.09514029802561944
0.09540831362665289
0.0960099384058838
0.09645094421690702
0.09690809274231224
0.09752147299898659
0.09797500318786027
0.09841682862176755
0.09867702729048947
0.09915105998522131
0.0994738527369168
0.09985780491680796
0.10023752911717737
0.10079672446587387
0.10129855441540497
0.10152670781950063
0.10192579971229876
0.1018084540554289
0.1019062715956197
0.10198563921237208
0.10221149449723077
0.10252851312191144
0.10287631690295859
0.10335175746261265
0.10356512818750456
0.10377030049131611
0.1041997021611709
0.10459504293581554
0.10477107746532233
0.10529903735689232
0.10567238507258818
0.10592898316994181
0.10612680082352653
0.10660215373392044
0.10712644568662456
0.10765345083323788
0.10822913210114145
0.10882315566831548
0.10927423804300262
0.1096920202244365
0.10986403427642201
0.10997355411459533
0.11032574117411247
0.11081442776154105
0.11138593710119216
0.11146953894084956
0.11161229825034977
0.11166692167863401
0.11197780466163768
0.11228851681966141
0.11241975768114537
0.11271714796683255
0.11303889332609883
0.11332641333013568
0.11378293895735303
0.1142956834729201
0.11478214966547094
0.11523889088868142
0.11576773844981061
0.1163170774478488
0.11679318103826938
0.11696751776862534
0.11720484157108045
0.11762340586261702
0.11786195071494149
0.11818521434196545
0.11846700522495895
0.11647186354085319
0.13984029959498803
0.09426492704371328
0.11654084047604855
0.11701296539783922
0.11708188063623537
0.11688566209901095
0.11661567988243186
0.11663620578046462
0.11630425869993546
0.1170647536572304
0.12005737268330152
0.11870860921279612
0.11892014880151229
0.11976436037502387
0.11841320761782811
0.11937291805895377
0.1202430591423268
0.12088192020402069
0.12106534145408834
0.12100551361948605
0.12103053372211119
0.12092201846544091
0.1219080449347454
0.12277595982814717
0.12187126023826231
0.1212602905747385
0.12218572351105945
0.12245584696811776
0.12297308739469065
0.12326201857392247
0.12323959285193407
0.12347492581586814
0.12342870729848966
0.12322525171711445
0.12310922973003612
0.12292849238620647
0.12284614146747316
0.12294909028316833
0.12319510546781517
0.12311557444389166
0.12314047157334347
0.12338928799341403
0.12332303234701766
0.12308552380028584
0.12326435083737011
0.12348136429177117
0.1235465527949098
0.12372183196332293
0.12366006853063174
0.12366866976352704
0.1235031139568185
0.1235665714069876
0.12329832424725702
0.12342095781510015
0.12337174415872874
0.12336422298261397
0.12353647473752082
0.12377301173288804
0.124018449638634
0.12386658917846591
0.12396705824161958
0.12403925829156683
0.12409222882216003
0.12414293666618868
0.12411351366317881
0.12390790917745036
0.12387824892831252
0.12403050636381767
0.12422094085806273
0.12449727730375493
0.1246170757447472
0.12473311896563781
0.12517623123186414
0.12562182496969213
0.12586352133242787
0.12595058582181667
0.12583060684005587
0.12565324859136273
0.12555191464180626
0.12608875534655895
0.12464830215923797
0.12171276488353304
0.12484391709646564
0.1252426334970145
0.12521491874007468
0.1249933137055081
0.12510577936172473
0.12527040318882637
0.1257048513789869
0.11274685481554365
0.15002527631089246
0.12785587246318705
0.13204313149027117
0.1335250099322883
0.1347122610842403
0.13527552799972212
0.13534969323647766
0.13541563344423635
0.1358775067645293
0.13637171139076998
0.13662029031236297
0.1371527714301584
0.13740705488596022
0.1377770149928603
0.1379410546260144
0.13807893979580657
0.13841593325139978
0.13869909987328535
0.13906576440305965
0.1394467986399199
0.1398571719620287
0.14005807636801348
0.1403700589410186
0.1405987248074501
0.1409047577988764
0.1412000472277519
0.1417527126993522
0.14216978976968586
0.14253569407872008
0.14293744264978417
0.143319398861497
0.14372314678870923
0.14444334985092672
0.1448075876639482
0.14551560582512998
0.14609147407467293
0.14642479863976288
0.1465684119070434
0.14685747207633118
0.1471651026039795
0.14761538445482195
0.14822590871083585
0.1484887042126301
0.14886429852562838
0.14921143263610767
0.14953207266159876
0.15026219661217496
0.15068307591167066
0.15105119589459082
0.15185828394253476
0.15272520993642952
0.1531433709623426
0.15354127932252687
0.15419054575516283
0.15472819798289517
0.15534152689234523
0.15591138620219708
0.15636923028578875
0.1569476737566995
0.15762687760510383
0.1583464801374304
0.1589370161494673
0.1593880715725768
0.16006891301273737
0.16049312114984834
0.1609159743358048
0.1615644413990266
0.1620276277063443
0.16288045721288386
0.1634300970080742
0.16400122588915186
0.16467835569087122
0.16547918718007917
0.16581471082249138
0.1660049341672154
0.16673919791792688
0.167171603094706
0.16734778399937597
0.1677046323541127
0.16819062230102566
0.16868232040291017
0.16900672258168908
0.1694126584162962
0.17015112474831937
0.17077618402552774
0.1715663055291625
0.17181148821141268
0.17218875213807322
0.1728233573466841
0.17354321069405848
0.17434982173281116
0.175119592435545
0.17586723806246515
0.17640172374193222
0.17682229467124103
0.17741425426793767
0.17781060373930405
0.17838972041625284
0.17875813339447977
0.1794891635249628
0.18004245495776786
0.18048049322817244
0.18108152131261415
0.18132135373894492
0.1819084006681168
0.18233073482609274
0.18298934712480053
0.18365120716901964
0.1840430547768107
0.18450700076579873
0.18507929036698736
0.18562758489433626
0.18613423079131508
0.1864796715072851
0.18696872029489098
0.18744703510282956
0.18799138356287373
0.18859330470245925
0.18904549096359072
0.1890569551000397
0.18954209498000008
0.19029799342545917
0.19085568145177245
0.19154014332201505
0.19230013725196596
0.1930350479580251
0.19339065853260667
0.19389027141313403
0.19418702989191344
0.19462522171341354
0.19508648136696785
0.19563125192997266
0.1964420502277445
0.19718760865350463
0.19779783891860125
0.19797054592692553
0.19852011747002546
0.19889118317520227
0.1992634702312216
0.19949628620626736
0.20025791307832214
0.20088620951247388
0.20172026212563207
0.20225934640903223
0.20311097672497258
0.20361855312037166
0.20416903972422829
0.20453606419770226
0.20474837141183036
0.20509652611911627
0.20543174249954088
0.20599374771454504
0.20667827010281475
0.20723321184863275
0.20784199023962852
0.20823929244220662
0.20854886680651386
0.20894622653040065
0.20961938634287441
0.21019689819216403
0.2105990465719373
0.2113961396438253
0.2120041001619362
0.212385398479475
0.2128869872930076
0.21351712342090567
0.21366379886512343
0.2137552673873129
0.21429131418953462
0.21461360233886875
0.21500064540301975
0.2156076287346505
0.21641581163055423
0.21731355902886754
0.21792201345327014
0.21855569077688636
0.21916386252539075
0.21973681923262986
0.2203059468937285
0.2207501502784783
0.22111530063776927
0.2216785548849964
0.22202621694835284
0.22272691427111685
0.22329373886417025
0.2237434002251691
0.22436502668070388
0.22479697122049389
0.22521335640887122
0.22583119086929912
0.22622230300648954
0.22657892666141896
0.22716558947589124
0.22787474098665944
0.228536308614283
0.2291146933188064
0.2298258476587233
0.23025223578928788
0.23111432315689148
0.23179712867041577
0.23234374246587663
0.23259401455536283
0.23301428822136888
0.233556032546097
0.23378867468979278
0.23413411281423685
0.23459095913992492
0.23500540920180196
0.2353664598638459
0.23587503513340236
0.23610931220379455
0.2364011747939465
0.23667193149344107
0.23708486507123394
0.23739228134459864
0.23798856164234986
0.23873307300391494
0.2392111871464285
0.23982477917934664
0.24051796100165004
0.2413082823323006
0.24184935833965007
0.24220899096273346
0.24290578188505524
0.24351552491792405
0.24374602876106471
0.24407281262064326
0.24435319022571161
0.24497085816200204
0.2452967949844058
0.24574453015453615
0.24628671297627208
0.24633683296166323
0.2467406668943825
0.2471075121252166
0.24759607810890163
0.2481559475270531
0.24858473264710568
0.24889890944660445
0.24947758677048504
0.249971113644031
0.25039207554383996
0.2507604883778895
0.2513402442242296
0.2519897519693843
0.25271688310674933
0.2531988093620366
0.25374038197933896
0.2541002358814247
0.2546064723520337
0.25516846672746496
0.25546394338134243
0.2557303771659621
0.2563408822303724
0.25691473415849553
0.2572210032336839
0.2574249292869182
0.2580430347027829
0.25850534549016846
0.2590803296978852
0.25944604013039474
0.25985929036527466
0.2601916793375171
0.26053651199363315
0.2607572350677937
0.2611514440491233
0.2612658656768893
0.261818620683295
0.2623465951743642
0.2628919890802104
0.263139506862858
0.26346364205854395
0.2640457377991336
0.2641213608239219
0.26463822754181887
0.26499480506950485
0.26535380623287563
0.2658804031704591
0.2663436253951036
0.2668202318299802
0.2674226760430208
0.26804286540050987
0.2683455740749715
0.268943167936627
0.2692935611552209
0.26965654544246986
0.2699562137574031
0.27034195003858774
0.27078039860468417
0.2712600730310437
0.27175907500530044
0.27227162963893153
0.27278419684646565
0.27333506739686325
0.2739455932870114
0.27427518757923075
0.2744631669176745
0.27493125590189976
0.275331984689436
0.27559484322378314
0.27324348785778585
0.2889061373596265
0.26259145134522127
0.27665479432760964
0.2752801799887582
0.27508411752114653
0.274888827582963
0.2744616068141852
0.27440678246892103
0.27451988754660384
0.27511979227978933
0.2776819514524903
0.27569571941475124
0.2761162051928539
0.27552575134285523
0.27570687896520957
0.276061203880987
0.27564474551686513
0.2760621443809245
0.2765475960979248
0.2757844820137411
0.27493543750477084
0.27607722694391384
0.2772649517626972
0.27755673654734436
0.2764935346332344
0.27690167345874
0.2776992649165206
0.2776602792863229
0.2780732991457745
0.2780554579324621
0.2777269054655461
0.27769395096112226
0.27765196193232206
0.27746633766882933
0.27717172276440466
0.27711758904301254
0.2771536860522072
0.27728622310688394
0.27740077900651827
0.27735311219645753
0.2774474567985861
0.27747674215516704
0.2773759975906058
0.2772297676125227
0.27711980848019385
0.27693880483989664
0.2768755167906251
0.2765122868403768
0.2764736746304836
0.27647374694158094
0.2765244758621879
0.27639651260530756
0.27652416100738597
0.2765069985149661
0.27654335190487495
0.2767846813812353
0.27694210770355915
0.277155857820495
0.27720887453938997
0.2775624749748802
0.2776034447946829
0.27751504769557994
0.2772461318900779
0.27705177738303344
0.2770019033103351
0.27680628211447916
0.2772348892278533
0.2771380786476925
0.2764617135054336
0.27589006505080704
0.2753756427600531
0.2755331581534968
0.2760321282634585
0.2762908093661686
0.2765929182510637
0.27671888263346667
0.2765404258486624
0.27647277700840933
0.2765003960220464
0.27691700630036037
0.2715769462784826
0.27151061345706196
0.2760163734534605
0.27649942517468784
0.2765593690443271
0.2762039828871245
0.2759235843678063
0.2758993594155336
0.27609311298259254
0.26387667560758843
0.29996506623106456
0.28025502811241654
0.28483566248639036
0.2849433173756905
0.28694981502385436
0.28802714689526643
0.28912935384281313
0.28928916925484527
0.2896495703159512
0.2898350880025517
0.2902020718870065
0.2906575234137972
0.2912063021797235
0.29197006685953153
0.29264453002630764
0.29305831404372024
0.29363558954468955
0.29454797069042643
0.29534924812506597
0.29659150525347533
0.29719057057241444
0.29778917746385286
0.2982461717606512
0.2990876657048904
0.29993099093823
0.30075795347509066
0.30211114793921995
0.3031848399504401
0.30382310537416785
0.30443670417445856
0.3052716480317101
0.30608734446525443
0.30694587721913863
0.3077347065637103
0.3084453306786839
0.3093831911976342
0.30994012779717955
0.3103709722737015
0.31091211227225324
0.3113536319969368
0.31213387652815283
0.31306150343278305
0.31393118256798674
0.31458664484747123
0.315261260139568
0.3159149876931847
0.3167901632458566
0.3177039124414132
0.31865253331988885
0.3195282568933014
0.32051724935236503
0.3216257759275255
0.3224922367127753
0.3235311500967406
0.32456150374602893
0.3254300934623291
0.3260738817817912
0.32693530391656
0.3275740310367726
0.3283264908938044
0.32879073622781924
0.32962098912502413
0.3303676229412908
0.3310768485775839
0.3317908208351275
0.3326883271724437
0.333737544334117
0.3347197731230749
0.3358362128677594
0.33636793099603274
0.33697613197004933
0.3373820775605983
0.3380660509858332
0.3389335380193966
0.3398860307678585
0.34103349238607517
0.34198499344831074
0.34311240338701554
0.34415991764408305
0.34480853167375414
0.3453677699231071
0.3461885517841878
0.34694419061998716
0.3474243246406908
0.34771069000790145
0.34823706210545163
0.3490077137070475
0.3496894873516275
0.350449536323584
0.35139350969592553
0.35231868759032253
0.353141645694887
0.3540421874813196
0.35486669312806024
0.3557822474821354
0.35655173437744186
0.35718535080124486
0.3579206626874163
0.35856973475299575
0.35933149172023815
0.360212333638693
0.3609321014740275
0.3620032080376162
0.3630835896077898
0.36397728905118415
0.36488928639115487
0.3654483515681395
0.36610510215732733
0.366845300561354
0.3677042316119886
0.3686189556399206
0.3695608266609131
0.37031011423463406
0.3712326874396484
0.3719216762521187
0.3727442855375885
0.37337159886125243
0.3739325764092181
0.3747289353122116
0.37517580826938457
0.3758211933499781
0.3768208412496724
0.37765382959174837
0.3781944410335569
0.37895833676130475
0.37979246046871096
0.3803359832752767
0.38065975261490964
0.3813450105411089
0.3822145119403533
0.3827977896368742
0.3832766979950229
0.38385004021862085
0.38451415673227246
0.385075302392738
0.38580198329109183
0.38658532137837376
0.38761297013872403
0.3884782819885665
0.38952732124447126
0.3902324652482142
0.3908719990779625
0.3916553755354471
0.3922488375997592
0.39257288166859755
0.39309507886691775
0.3937497306773616
0.3946832726333266
0.3956822624737504
0.3967049050995964
0.3974154898472972
0.3984658494786427
0.3991231891060294
0.3996472318021627
0.4001538355236016
0.4007484745334838
0.401413756549425
0.4020665228988148
0.40292368060245376
0.40355483497155864
0.40424062797893295
0.40473090973327475
0.40513350791786185
0.4056503085856281
0.40629737542387
0.4072571206923798
0.40801453744575034
0.40907390640587743
0.4101195029856135
0.41081687869589584
0.4115990986761175
0.4123492956404733
0.4129889598757539
0.41365903127353076
0.41437796581469855
0.4149876463142605
0.41569707731776995
0.4161930979786454
0.41680780643757215
0.417435732587237
0.41802846481305167
0.41866401018233323
0.41956854467576277
0.4202351718607217
0.4209451644067394
0.4216826164682413
0.4225082161189876
0.4232802656304141
0.4239596938960571
0.4246995689313114
0.42507794723110776
0.4256849312288529
0.42637128433192373
0.4270902539016992
0.42790224320127856
0.4287594924009671
0.42940007030470917
0.430011205009487
0.4305457628676763
0.431355918501406
0.43210142357144266
0.432710751591922
0.4334803719612582
0.434327154519024
0.4349532041487017
0.4356079372969273
0.43626925567196506
0.43675339973992167
0.4371442027967975
0.4377925242649992
0.4385878926801123
0.4393740423847796
0.43999263812205996
0.440672497194085
0.44130899344113267
0.44190084731044277
0.442534488641102
0.44294047384049356
0.4436928656333694
0.44420735535048894
0.4448545157342425
0.4454758991895649
0.4460634791506434
0.4466156555761821
0.44708103542419486
0.44754181618198907
0.44812632165335775
0.4486960848834885
0.449240100135088
0.4500009610265717
0.45062533253919723
0.45122667430520547
0.4516920788005246
0.4523670797939391
0.4530702152206145
0.45361401388898176
0.45434854226458965
0.4553272201708272
0.45607194526397754
0.45641943818423714
0.45704671815163783
0.4577116636829821
0.4583390910700803
0.4590316233249857
0.45947948191538135
0.46007997344969137
0.4607288205027989
0.46127028109723045
0.46184624459286344
0.462409587592068
0.46300690417352786
0.4636342402269053
0.4642915117706613
0.4649732702977157
0.4655548323762131
0.4660460244322988
0.46675929232642077
0.4671319649620438
0.46768507947935
0.4681159992779656
0.46869537370974196
0.46923143147229557
0.4699773087561152
0.47045956453698856
0.4709462377025031
0.4714199324544077
0.47198482110504286
0.47236965815461956
0.4730254058640284
0.4736444353942809
0.47423354075603297
0.4747920725989578
0.47538496651987966
0.47589432053543235
0.4763989528209158
0.47711680188917505
0.47768462182027177
0.4784310558868641
0.47880761085852314
0.47914642259510365
0.47957724336826685
0.48013498917419734
0.4805934706321028
0.48079665066761285
0.4814223888346224
0.4822234649102241
0.4826960999684844
0.4832323452186489
0.4835446223532567
0.48428934614307617
0.484863699242702
0.4856578568282718
0.4863184923823166
0.4869297039333412
0.4874653647532715
0.488066459804273
0.48858930620933977
0.4890667941741168
0.48950871185028444
0.4901675425855039
0.4881552059260816
0.5039994060809696
0.4756335844265847
0.48869996288401774
0.48819775532670806
0.48810324394658966
0.4873950624492795
0.48650612895494855
0.4863055274406968
0.4863225935541896
0.486637025763719
0.4879558424703978
0.48685510571535284
0.48733648878762825
0.48754665877711284
0.4868068889703863
0.48739208247863697
0.4866567379026372
0.4867480482433854
0.4874524871224178
0.48611338558904704
0.48450338769395757
0.4858434020024941
0.48925324600766007
0.48830819318721136
0.4865584771997866
0.48663370522143873
0.486965081670173
0.48654838131919015
0.48639480773989
0.4861154263068954
0.48589752094169264
0.48617209346125556
0.48622625653059953
0.4861440985239746
0.48614512734890974
0.4859325501014371
0.4857147577284042
0.485626345125845
0.48558838262943965
0.4852972877924797
0.4848987341916565
0.48479803407983146
0.48448036625991403
0.48416291914052295
0.4839827623389371
0.48390418843529615
0.4837916439465368
0.48390645746091937
0.48375376658531277
0.48384107588970937
0.48402131238963203
0.4838174842345082
0.48404710204718737
0.48381397267057114
0.48372823202541093
0.4832439078749529
0.48290662486822683
0.4826040510943191
0.4825863512430775
0.4823645298648206
0.4823878220189658
0.4820113784626468
0.4820903966444119
0.481671297619171
0.481904734978095
0.48203330651278326
0.48257266227205564
0.48229349008457584
0.48166804339519204
0.4809868712806133
0.48030064047926646
0.4800506415337205
0.4805269335163448
0.48066348781614393
0.48064987792263175
0.4807723260963558
0.4806378501075321
0.48042853913551314
0.48069718032296227
0.4799018076866596
0.47240916915358344
0.4734633986807034
0.47932936154218675
0.4804465196975008
0.4800784071800165
0.4794001393427112
0.47887650566129275
0.47837567978687434
0.47852865313926934
0.4657175338645316
0.500930316787356
0.4793743163780216
0.48538203030599875
0.48741688408281303
0.4896459682579676
0.49147208490645444
0.4930144867207802
0.4940171560742781
0.4958031508462689
0.49742167935292486
0.4984441612626831
0.49949215286109283
0.5008024749963781
0.5021314548056504
0.5035016971848119
0.5047749664103595
0.5064137206078901
0.5077928707825229
0.5093175545910524
0.5109738509918763
0.5126488686416538
0.5138911397655568
0.5151236841917899
0.5161446851359116
0.5174442670605768
0.5186980837482582
0.5202448045116352
0.5214481826596025
0.5226675912950012
0.5239861947938336
0.525627327929755
0.5270922053431266
0.5283337737151773
0.5296235419124881
0.5308255796545693
0.5320170235303578
0.533295725627775
0.5346963459249819
0.5361482491431643
0.5373018080061769
0.5387493510982239
0.5401714507474829
0.5415874807925768
0.5430640763221177
0.544146479552635
0.5453723981130387
0.546580704430424
0.5477092858385817
0.5484311278650111
0.5495008987042475
0.5510130661795337
0.5524142085463005
0.5539865689964103
0.555507348490471
0.5567746673129436
0.558048141333087
0.5594907895212858
0.560990807867114
0.5622150580430454
0.5636197109897767
0.5651834401448601
0.5662248077739437
0.5672806310838198
0.5684557045099791
0.5697634340741377
0.5709028666101867
0.5721830125839313
0.5735695709790893
0.5746863545037619
0.5759214012345746
0.5767658594398924
0.5776709320748311
0.5786458717873018
0.5797511476392609
0.5810844277462547
0.5823497584643165
0.583832035515736
0.5854466526568766
0.5868553334734612
0.5878490495334643
0.5889413886408873
0.5902274243995473
0.5915709920584171
0.5929955976080833
0.594117590044259
0.5951566241092937
0.5963177512090212
0.5974119607932575
0.5985928097764885
0.599729559713024
0.6008764215257223
0.6022220114318773
0.6033480961208149
0.6042681335475407
0.6054543483796899
0.6066023578397245
0.6077354146780948
0.6091456483806716
0.6102002679824131
0.6113739214597729
0.6125110222964079
0.6134909691164336
0.6142697409019044
0.6153799877293156
0.6165631980397466
0.6178274249421223
0.618650210260798
0.6196784590390272
0.6207888058717196
0.6215210687866601
0.6222817582508134
0.6232722379972808
0.6242426294983184
0.6247515579702347
0.6259172095227085
0.6269074896619806
0.6280458758408244
0.62914092614002
0.6299318800438598
0.6308827687526779
0.631815391980095
0.6328583709329078
0.6338058877392185
0.6350775079533676
0.6363631808753253
0.6374780732854805
0.638476122113649
0.6394576261816505
0.6402669212176764
0.6409809009066136
0.6420895650344691
0.6431574803300237
0.6444114729384574
0.6453033645661451
0.6461682863930072
0.647074376793947
0.6480183369788187
0.6488022592882767
0.6496661621227736
0.6508755146430767
0.6521679878291503
0.6534172068534198
0.6544324455834297
0.6550387101161503
0.6558158342609637
0.656389947440818
0.657388783252319
0.6581054915795732
0.6589806274663152
0.6597899199118528
0.6607622441784707
0.6616959442525462
0.6624738766354084
0.6634578691982228
0.6642865323139207
0.665145545436937
0.66589340569651
0.6667075277976344
0.6676706782985404
0.6684489927299792
0.6693087590071494
0.6700413798680179
0.6709886261819767
0.671933056008235
0.6728760999353358
0.6738609852514675
0.6744667961077349
0.6754774520964425
0.6764797183021121
0.677063388113885
0.6777618876744893
0.6784853510174981
0.6792503117107784
0.679966538890661
0.6806816297741453
0.6815915940457471
0.6823918775045419
0.6830026813152013
0.6838704469680074
0.6848625149195694
0.6858053349233031
0.6866709575576068
0.6875288416591682
0.6884583160348744
0.6892332709779825
0.689665680424925
0.6903568771884523
0.6910617371795649
0.6918908105931529
0.6927264695587306
0.6934481752767024
0.6939856466188322
0.6945288559046757
0.6954969350829694
0.6962820728786663
0.6969377930390547
0.6977664186322126
0.6987064019929184
0.6995120356339622
0.7003189295091103
0.7010700498121872
0.7018034612204006
0.7023128461446732
0.7030244796235544
0.703821896766894
0.704360739499746
0.7048125861458988
0.7055733169360054
0.7062097927896396
0.7070587850209444
0.7075636887240289
0.7081780709569329
0.708961092634129
0.7097944922749619
0.7105841825832092
0.7112084718076989
0.7118364743104071
0.7125584642095641
0.7131853839202148
0.7140572555338137
0.7145088477637672
0.7152516405818018
0.7158120258675736
0.7167120273806572
0.7172661287671176
0.7177480629801926
0.7182892880479497
0.7189509351954316
0.7196317770325676
0.7201328800677473
0.7207972638480462
0.7218132762116595
0.7224127793982787
0.723054581132239
0.7236989989904745
0.7244292020394401
0.7250440435569317
0.7256699518149564
0.7265315649606827
0.7271334936644519
0.72767902741949
0.7279863091409601
0.7285008446391523
0.7290276506008804
0.72964721621163
0.7304246390876725
0.7311144115679565
0.7318424186986161
0.7324563800820557
0.733135471903963
0.7336297108660061
0.7342129592625808
0.7350248627745299
0.7356293403444777
0.7362200712729674
0.7369354679226264
0.7373877163732813
0.738141401010994
0.7385920979931477
0.7392839072454933
0.7398994595993593
0.7403824548082353
0.740952755787688
0.7413703694897747
0.7417006599137296
0.7419235911270523
0.7422904148871409
0.7427298424189139
0.7430720605592155
0.7437926097083548
0.7445889733502428
0.7452773233040838
0.7458704488971859
0.746490258058896
0.7468301861244196
0.7469929435696818
0.7475898949708584
0.7481389454250588
0.7487769392108561
0.7491857948633792
0.7499552319944081
0.7506034029923648
0.7512067268270615
0.751544188086077
0.7521302378454092
0.752756748002559
0.75321683717267
0.7536297858803817
0.754187179869253
0.7546937291659294
0.755166058472839
0.7555973228095771
0.7561369354500602
0.7565194227301468
0.7566001794628293
0.7569527840143105
0.7574099840548628
0.7578930668203259
0.7583053619365493
0.7587194966350853
0.7561992080350924
0.7714673979642634
0.7488708200323245
0.7584521584652963
0.757270095871304
0.7566184745588216
0.7560572801509066
0.7554759978534484
0.7550069570528317
0.7541898180798131
0.7541435456122625
0.7554587752782399
0.7538208754412138
0.7533714498720022
0.7526019479042818
0.752453307383606
0.7524744686251417
0.7519624509257915
0.7523967761106374
0.7531057131927603
0.751416671028555
0.7500648644371554
0.753347556026056
0.7536294499448055
0.7522403157580427
0.750207054983114
0.7508031991491348
0.7512175430421368
0.7508503860339636
0.7505153584956109
0.7498624523103546
0.7498381176117367
0.7493117538808811
0.7492173412457525
0.7487329744500072
0.7482542319831663
0.7480475395452267
0.747932964696087
0.7477361756213907
0.7474151759394723
0.747019106828029
0.7466150949412244
0.7461528551686846
0.7457361286703016
0.7453101073193691
0.7448427896428449
0.744213640413644
0.7437684991698431
0.7434165453932712
0.7428010476981184
0.7423428986928101
0.7420576710236092
0.7418953288621885
0.7414133622080612
0.7410258681218901
0.7407531785588999
0.7406734941709735
0.7403807207609515
0.740010302134683
0.7396042252065727
0.7394717977837089
0.7390528899326152
0.7383361955783339
0.7377145680503876
0.7374468026756388
0.7368479762259353
0.7365725475596981
0.7368292579707378
0.736469404915619
0.735735966860391
0.7353576807461288
0.7352499180961918
0.7356203066048453
0.7363906932103902
0.7361233938437679
0.7357227527166912
0.7353521913191899
0.7347439658443384
0.7343387008098324
0.7346009193816905
0.7597286835102028
0.8065204100992288
0.7854447663890208
0.7468163360913241
0.7343458904737343
0.7317478082854308
0.7307558797936198
0.7307093371415376
0.725221306551153
0.6474836541463187
0.6342643949623861
0.7032925049843155
0.728789794720016
0.7321652767890966
0.7322319357664889
0.7316905732705608
0.7312903435062471
0.731068822890353
0.7271101340329973
0.7332853661048374
0.7221194175827095
0.7544755596337867
0.7376610310408083
0.7399837667210015
0.7416261261386258
0.7426215414139694
0.7439725773064563
0.7452821292414687
0.7470169021757677
0.7482163943197496
0.7493270046328493
0.7503733079307318
0.75131006885275
0.7525368461209508
0.7538609811752142
0.7550050553071909
0.7562764278424935
0.7573691075236457
0.7583544249498889
0.7596209173820144
0.7607135574281428
0.7617135851772426
0.7624491619553966
0.7634764841063848
0.7646413029931098
0.7658918469926754
0.7674050919698995
0.768781979136365
0.7699543648250089
0.771273471259181
0.7722398372876859
0.7733760370093926
0.7748155242859809
0.7762129388889006
0.7774570373599984
0.7787913479454304
0.7798398115608655
0.7808553332825672
0.7819293654154655
0.7832685583454846
0.7844170829445242
0.7855227052605063
0.7865419110983901
0.7875805665214491
0.7885949052087583
0.7893864978627393
0.7903548588630573
0.7912556149590131
0.7925181487049537
0.7935871074269959
0.7947658017404992
0.795891215295322
0.7968669181137924
0.7978221170175006
0.7987265153654546
0.7997351858798153
0.8007017425125624
0.8018181659012547
0.8027555251355665
0.8036180979064242
0.8043967997271115
0.8051812144071291
0.8059707942077945
0.80699564456649
0.8081033789823675
0.809216611409179
0.8105523897850894
0.8116271991246335
0.8124785347422716
0.8132507638647619
0.8143994534884365
0.8152302721618602
0.8160146768625763
0.8168381915843608
0.8178174362696077
0.8185900032696812
0.8192189564926524
0.8198043304241008
0.8206002109846802
0.8211824815592882
0.8216916499131579
0.8226860060800979
0.8237070050056106
0.8246425004077355
0.8254517380783073
0.8260135882021985
0.8266440566666557
0.8275564942874952
0.8282345023617074
0.8288502968647956
0.8297651657325575
0.8305147300185483
0.8312070990089122
0.8319935378104371
0.8327951012172725
0.8339266365675116
0.8348650916724525
0.8358275347006873
0.8366061329181864
0.837308661889877
0.8379625028555785
0.8382950578513222
0.8386985983557437
0.839556065765221
0.840664927208132
0.8414581880768048
0.8420634545328743
0.8428236989588513
0.8435044864945701
0.8442249060316749
0.8447002189304174
0.8452222468371065
0.8459015322766772
0.8465234271634933
0.8470517257399841
0.847681907882244
0.84859274839473
0.8491419391291062
0.8498361240517985
0.8503849429044917
0.8507806071422159
0.8512615147141885
0.8516230959341332
0.8520648576903355
0.8526645754039986
0.8533652509691416
0.8540110299599943
0.8543751526967613
0.8550653003663218
0.8558966028323398
0.8561942539946297
0.8565326501897058
0.8574443123188312
0.8580265849643696
0.8587384518199871
0.8593293352060665
0.8599040748219801
0.8602620378461404
0.8608929658803961
0.8614105064748655
0.8618563793909969
0.8622623730461222
0.8629026939143757
0.8636701635178121
0.864027050806898
0.8642650859102166
0.8650912080672165
0.8656787726341955
0.866110542246039
0.8666325498273628
0.8672145931480706
0.8674869401086656
0.8678286620531698
0.8682864377886264
0.8686818965274548
0.8690488206593062
0.8696642556110841
0.8703623458781315
0.8706038351255238
0.870874750576313
0.8714899492581382
0.8719810279975596
0.8722493957104466
0.8727017847435867
0.873243266819345
0.8741226917441699
0.8744177012910992
0.8749756818198465
0.8754457912289512
0.8757056280721478
0.875986095218049
0.876075937117347
0.8764409485252529
0.8768703049485879
0.8773191093013207
0.8776580411663448
0.8781279407897159
0.8785266092831424
0.8790505683241246
0.8794756427779197
0.8797703684513356
0.8802095989607142
0.8806066071381327
0.8807597111712131
0.8807916775297884
0.8811561390414333
0.8813682676164819
0.8816349144590706
0.8820109515769596
0.8821058120383161
0.8823871680730807
0.8828354658945227
0.8830573237496163
0.883409729256667
0.8839830343376863
0.8846566430547065
0.8852605562435435
0.8856333261385966
0.8861342478677803
0.8861230643190972
0.886345566619606
0.8864354298617532
0.8866950353871882
0.8872442398909912
0.8876338163581313
0.8882460527989899
0.8885486605730726
0.8888628272497743
0.888945284342168
0.8889640682519384
0.8892290974464139
0.8894070393920035
0.8898664363756758
0.8901357521660354
0.8904861761943392
0.8908851118454963
0.891282925083226
0.8914096956785149
0.8915245737704617
0.8918474559235554
0.8919462523571043
0.892333924557721
0.8928468324005112
0.8933367874307214
0.893837783433878
0.8936823936951277
0.8939740399866407
0.8938532857222189
0.8940357556454152
0.8940917144471761
0.8942666867158385
0.8946519051085432
0.8948747207434925
0.8951549144845838
0.8955108947622066
0.895847182119524
0.8959819947445999
0.8962295113546183
0.8963634249976339
0.896614454019678
0.8968527479842711
0.8970744309721398
0.897491192302257
0.8978844652045314
0.8981051205727942
0.8982118847559405
0.8984938057698971
0.8985563976005249
0.8985104561701808
0.8983161142676559
0.898274470058377
0.8984720248974477
0.8986550530536853
0.8989312373605456
0.8992922115178997
0.8996340220159468
0.8999950243195933
0.9002646079393951
0.9005162977452782
0.9007539772705976
0.9010861309509731
0.9014175773766064
0.9018584442048756
0.9023139066707331
0.9025566083580145
0.9030203973281756
0.9029438693909975
0.9028367409858998
0.9028518975846964
0.9028696894167972
0.9028257345125434
0.9028932538283282
0.903146820649959
0.903393009937754
0.9034245120763155
0.9036817099321338
0.9037571346777161
0.9039944763566539
0.9044323336458036
0.90453539933297
0.9049206264034066
0.9054002732171323
0.9056700231760767
0.9059748021331651
0.9061493780980793
0.906417000927012
0.9064333441838022
0.9063262189512883
0.9064790474963055
0.9064411108357048
0.906560478003721
0.9067124351396562
0.9068378478083597
0.9071349720698465
0.9074320013540662
0.9076476196415584
0.9077693511883872
0.9079840639807815
0.9079492155144671
0.9079041241871212
0.9125455666865046
0.9015079483025498
0.9041034510513956
0.905337913687055
0.9038950183103835
0.903061200489881
0.9026394487892218
0.9025047870521945
0.9022985062996405
0.9019122055631074
0.9016404252437861
0.9011871213816578
0.9008778379481354
0.900476808265398
0.8998718243539547
0.8993484822806929
0.8991198754451616
0.8986971626600162
0.8982173795135825
0.8977398489230085
0.8971163155309742
0.8964941346986246
0.8958985082964944
0.8954130541820892
0.8950358003816931
0.894783620517962
0.8943112889152793
0.8937338462476986
0.8931569288679361
0.8925704791576643
0.8920051627614605
0.8914054472950392
0.8908625567946372
0.8904889543861361
0.8899677357552809
0.8896713636761108
0.8891237467763068
0.8884669660002492
0.8878882278195983
0.8870738375534162
0.8865729563480315
0.8863704673614127
0.8859360813327349
0.8855190325994069
0.8851385620103613
0.8847736591248946
0.8840502004326345
0.883359105089468
0.8825496154014132
0.8819011462515413
0.8812626634224151
0.8806530821094114
0.880162932762633
0.879600042058327
0.879175515997979
0.8788101451106276
0.8783339813672377
0.877918884901663
0.8774484382235679
0.8765592470694687
0.876178576983908
0.8754612697186576
0.8751379531627245
0.8746399819268817
0.8738580980947485
0.8732330334477928
0.8727110262013258
0.8721676580676978
0.8714885226253046
0.8711182671811151
0.8706586822040917
0.8702327902094091
0.8699243042043424
0.869632468564172
0.8689337277915451
0.8684865547230509
0.8678043571037336
0.8673106045163945
0.8668331702463874
0.8665076613256598
0.8658946409974855
0.8653367476797124
0.8647334357522933
0.8639870905607085
0.8634605494958537
0.8627703858714917
0.8623697183687323
0.8620567788022261
0.8617062560645543
0.8612416348811193
0.8605810871721415
0.8600472318974787
0.8594847731254955
0.8587340136438651
0.8581289211286853
0.8575020831242836
0.8570680692857986
0.8567006045134704
0.8564382294290539
0.8557997228637702
0.8553992790186851
0.8547478323030513
0.8541106228006718
0.8534439511227349
0.8528161363648238
0.8524351908736088
0.8521652266889855
0.8517865321422905
0.8512615131887383
0.8508602482155211
0.8503331362899718
0.8497933694464214
0.8492360065067454
0.8487940085093529
0.8483980875642734
0.8478767347377447
0.8475967471931667
0.8473241215481548
0.8472100522512108
0.8468933632463296
0.8462845253868237
0.8458012441470212
0.8452176868114916
0.8446179848347463
0.8440297190949495
0.8435884895890214
0.8431801234006449
0.842734057811076
0.8422157017346841
0.8416277187353978
0.8410700820001855
0.8406258803418456
0.8401328101597371
0.8395574943849732
0.8391390017333883
0.8388132744084795
0.838585969825138
0.8383008575761199
0.8379452029310419
0.8375491264430437
0.8371074798557876
0.8366689806640947
0.8360850432761464
0.8354424904551907
0.8348424845767888
0.8346118131108884
0.8341768993235618
0.8337151831674927
0.8331514443687358
0.8328077112092529
0.8324479788548456
0.8319339966550432
0.8314621127072389
0.8309919900100518
0.8305266384643096
0.8298686324754811
0.8294248477471572
0.8291567583041156
0.828749487979383
0.8281925545362281
0.827872904504807
0.8272428384107503
0.8266723327271225
0.8262853781452338
0.8256943275141955
0.8250035755253242
0.8246052903758332
0.824273949105715
0.8239864246637911
0.8236640652075246
0.8231627743561171
0.8229843452650526
0.8227601590036311
0.8220932858179216
0.821437031714332
0.8206764985048131
0.8199178746785586
0.8193337622354547
0.8187056653210518
0.8181354071741594
0.8178594078666349
0.8176237015813842
0.817435419085943
0.8171321066914791
0.816585921461592
0.816196407786039
0.81595677968077
0.8157894534167514
0.8151151113766031
0.8146346631586381
0.8144529874825779
0.8139365214006896
0.8134821039651222
0.8128389744679864
0.8125681477745906
0.812062793551543
0.8116235225754136
0.8113032055067596
0.8106874020125249
0.8103520486863737
0.8100440475647956
0.80974709098832
0.8091803396067337
0.8086173180019119
0.8080854542710785
0.8073671522043742
0.8066294300585309
0.8061439182692063
0.8059073938449577
0.8058236699767152
0.8056670036708811
0.8054798442193695
0.8051118126773575
0.804613375074628
0.8042878121563186
0.8036971432006395
0.8029690318175405
0.8023215555031021
0.8015883317881727
0.8008337393557802
0.8001430725742187
0.7995017113956493
0.7990477659709803
0.7988316843759984
0.7986835665854041
0.7984135774977619
0.7981250478811437
0.7978782009609252
0.7975919025257225
0.797195039736723
0.7970157112432141
0.7964934002812761
0.7959878023600969
0.7951421454096578
0.7944439739994593
0.7939869550030773
0.7933838669251094
0.7928742078604826
0.7925539550817929
0.7922643135294763
0.7920395617929636
0.7913273432589235
0.7907012276785528
0.790149163198979
0.7899048198825016
0.7894789724456521
0.7890634899152218
0.7886904638753276
0.788087693019311
0.7874580956715581
0.7869656789762094
0.7864116934807737
0.7859446898365685
0.7855937782566625
0.7853059565728407
0.7849149110299853
0.7845314048012222
0.7844198137641913
0.7842386498203784
0.7836927200225966
0.783470184340767
0.7829203158198231
0.7825564202772175
0.7821176616917166
0.7816913805734256
0.7813332482059837
0.7808451896366599
0.7803749878263749
0.7798345584241233
0.7795561515279582
0.7790637361251956
0.7784958738479015
0.778192809470879
0.7777275077452471
0.7772288313071126
0.776737337109773
0.7762940344826189
0.7760514195187674
0.7757347920847237
0.7752405544603761
0.7746983077628686
0.7743529633903738
0.7742915883987118
0.7738662717410202
0.773421522940175
0.773165775029122
0.7728295901158734
0.7724024985868375
0.7719015210513772
0.7714239034680656
0.7709334608254133
0.7704713946753653
0.7699864532080306
0.7694197126338724
0.7691746107425836
0.7688053473976247
0.7682370742392517
0.7681171247395981
0.7678602666040549
0.7676012083505757
0.7672403209781871
0.7666797771420812
0.7662509713920288
0.765903980966246
0.7654729327918564
0.7650058797569588
0.7646765205926618
0.7643761070677089
0.7639766408211967
0.7635682093921564
0.7630958219402844
0.762825906651827
0.7625062421245926
0.7621444226947787
0.7615970274247881
0.7610650948208724
0.7607525983164116
0.7601753192686869
0.7599157678336186
0.7595809896033597
0.759190020646799
0.7587308289041824
0.7583391492901106
0.7580471801461702
0.7577887545703914
0.7574867838909006
0.7569094178598466
0.7566647483520577
0.7562355257182884
0.7561188463469092
0.7554191797426112
0.7550371660991777
0.754767255982908
0.7543932811859774
0.7538164917060775
0.7534084929206052
0.7528773815588279
0.752423540624891
0.7519069782130768
0.7514657808627178
0.7513249990747023
0.7509095504209717
0.750562074041687
0.7502474875794461
0.7497423827347157
0.749285038910726
0.7488632418696737
0.7483130387937474
0.7477215572397068
0.747280279289958
0.7470298025171537
0.7464873066632014
0.7461932469435811
0.7456685737610715
0.7450679830895162
0.7448082790663336
0.7440697428899743
0.743505333580516
0.7431860735210751
0.742989613546456
0.7427019126835623
0.7424673478674997
0.7424671714082164
0.7424669405704476
0.7420458960307397
0.7417369581780119
0.7413154837434253
0.7409914051525904
0.7405835172794796
0.7402195507290614
0.7396525409676081
0.7391729236764104
0.7387657266929297
0.7382403669160739
0.7378278497770334
0.7376205544663228
0.7372331866513878
0.7367398006661101
0.7364995310104535
0.7360371815907146
0.7356606073532732
0.7353454529867774
0.7351590673495454
0.7347684780493796
0.7343466696549648
0.7339307840640413
0.7335091611406324
0.733068918517992
0.7324632907981575
0.7319887154133999
0.7316250513916257
0.7311459947798304
0.7307158537490324
0.7307343325813347
0.7303120427115712
0.7298725659394141
0.7296591515934097
0.729292468453128
0.7287692361918738
0.7282256047053974
0.727597094917387
0.727137292834234
0.7264805699696775
0.7260650249607047
0.7256547091932967
0.7250991198069241
0.724576790632213
0.724626053648329
0.7239786681007944
0.723957466158277
0.7236987580115325
0.723448521232982
0.7232521972678595
0.7231502448717021
0.7229000501097447
0.7227740980173715
0.7225649824559168
0.7221933874585741
0.7219763924691722
0.7214419334122166
0.7209303610880154
0.7203940344944808
0.7198598461909456
0.7193610043966301
0.7189486662011471
0.7186173451841734
0.7182943006408441
0.7180266182813321
0.7177916195351506
0.7175393572629085
0.7169322303497521
0.7161757472211607
0.7158767086237228
0.7154966199143311
0.7149733601062741
0.7145623771604971
0.7141208959986922
0.7137089161992503
0.7130475609395649
0.7122410737803255
0.7116620989687313
0.711234173359554
0.7108914501859951
0.7106690784908539
0.710502902229925
0.7103839409511383
0.7100802609249284
0.7098868987748868
0.709626210744317
0.7092120721449724
0.7089692109979662
0.7084996374419149
0.7082461674238253
0.7077926577362756
0.707241963846121
0.7068832684225546
0.7067202093732896
0.7062413015914757
0.7060290981455084
0.7057094073387598
0.705652828608148
0.7054838658776591
0.705288533621783
0.7049511213166922
0.7047703629762033
0.704349374524457
0.7041522407377624
0.7035252393060273
0.7031001951301314
0.7026994377518857
0.7021944862338397
0.7018188733545866
0.7012887512517808
0.7008629688051949
0.7004793645532943
0.7002476748177361
0.7001135395688523
0.6997591665851767
0.6991799750230859
0.6989904762278372
0.6985945451321547
0.6980886726807516
0.6979525939815965
0.6975885845051428
0.6972769003403647
0.6969287104171789
0.6965044015402729
0.6961022699769176
0.6955423218277245
0.6952072278188681
0.6949340150946941
0.694743235988475
0.6947451727704569
0.6945064004648722
0.6943785964193773
0.6940423906247327
0.6935481972522382
0.692978665251685
0.692388144372823
0.6919761351277604
0.6918366246005674
0.6914492621412986
0.690959861137507
0.6905974325340757
0.6901924582638963
0.6895591906581403
0.6892132842452473
0.688974573366
0.6888050015765692
0.6885089139931325
0.6882319626040372
0.6881325522843937
0.6878393498905845
0.6874337690918677
0.6867566344453259
0.6862414116276014
0.6857180342898683
0.6856179565798266
0.6850587704083424
0.6848025666194038
0.6844686050473856
0.684347983184856
0.6840462305425163
0.683715852980261
0.6834336279844906
0.6833347616780423
0.6833146866762265
0.6830421537579763
0.682802927559592
0.6823723435268086
0.6819979273965866
0.6815634790116102
0.6808988811023815
0.6805149978572473
0.6798646743178027
0.6795164551345215
0.6791761826316718
0.6785819457336482
0.6783612181753892
0.6780646529468525
0.6774133451466556
0.6772160022993651
0.6768339092563738
0.6766347785132582
0.6764590815873397
0.6761636042243571
0.6757894132761351
0.6756824614716606
0.6754974576584961
0.6752805431756536
0.6747033864377152
0.6743035857449929
0.6739202564062947
0.6733721134399434
0.6727610288544408
0.6722079807504002
0.6717293218624737
0.6714284703215948
0.6714859679442844
0.671180467933192
0.6707780070837728
0.6704755604880406
0.6701450872154698
0.6698355814135648
0.6690912391915543
0.6684067688637496
0.6678314138651792
0.6674192234120283
0.6672393193889686
0.6669778886820086
0.6668757571526391
0.6667564184215748
0.666685174288988
0.6667864481106481
0.6666309767660219
0.6663166527332487
0.6659246047626507
0.6654835782624035
0.6648746163279341
0.6645660498016832
0.66410842606988
0.6637632388133469
0.6631216452000589
0.6628432685942242
0.662650489565125
0.6623098478716121
0.662223343913329
0.6618382226865687
0.6616525102671431
0.6615440370119982
0.6613935559560583
0.6612179324644152
0.660838102033873
0.6604934127722212
0.6603766389100683
0.660274432179366
0.6597690461230029
0.6591308941450936
0.6588629085289487
0.6581933102912624
0.6575909688562243
0.6570327713670084
0.6566923513289138
0.6565257524938591
0.6564805494053103
0.6562975866105056
0.6561958391208751
0.656243784622236
0.6562895690560134
0.6559111869968527
0.6555289616858355
0.6552047321466625
0.6547540637595921
0.6540839273141621
0.6535281275535894
0.6531444277359619
0.6529324286613013
0.652369502498274
0.652281077724064
0.6521013383193881
0.6520020128869086
0.651845438427385
0.6513914964421224
0.6512891306629652
0.6509975021004805
0.6505324808842632
0.650225674589283
0.650109517491941
0.6497870703805597
0.649421981755694
0.6489970059329202
0.6486130907198417
0.6484516251599721
0.6483456981595002
0.6480746784352167
0.6476464645019444
0.6474342741300375
0.6471083736672116
0.646723190921414
0.6463087655558356
0.6461151423529086
0.6458746773312134
0.6454138911076203
0.6453403885508369
0.6448795479082035
0.6442310101720118
0.6438546484302504
0.6433817612456386
0.6429994621725698
0.6425273302657055
0.6421082625484668
0.6418647521827106
0.6419074795645792
0.6415270003124299
0.6411986585532828
0.6410156496276145
0.6409170881902021
0.6408281846259325
0.6406017250738874
0.640452212234333
0.6400448354430984
0.6396524007455558
0.6394667646961638
0.6391634935793691
0.6388286358580847
0.6385232161423079
0.6380765978555907
0.6380446111188652
0.6373786071649589
0.6368182038206199
0.6364879279342677
0.6362446357748813
0.6358467315095676
0.6353164195264909
0.6351221336178902
0.6346757118953205
0.6343276412207582
0.6336997737864752
0.6335006200331308
0.6333333834958079
0.6329130906238756
0.6327620352105808
0.6324803223580402
0.6322340806444309
0.6318444813249959
0.6315046871531401
0.6311899671213126
0.6309870150069996
0.6306955061101843
0.6305470999657335
0.6303312469323776
0.6300444302247373
0.6297582058312168
0.6295856425322541
0.6293181739437059
0.6290122939904835
0.6287177588423178
0.6284402331137521
0.6282434463942972
0.6277576640988323
0.6272409184325608
0.6269885046560485
0.6266295157127297
0.6262644209592206
0.6261088801024604
0.6257049272867206
0.6254405279071631
0.6252663812905724
0.6251209751188316
0.6248337659336327
0.6244983066184998
0.6241673630955334
0.6236575451749906
0.6233172074451913
0.6230988021813676
0.6226290840303521
0.6222286163953406
0.6220167300089273
0.6218757127508479
0.6217864392154638
0.6217199233412262
0.6214687669018968
0.621108777834598
0.6207127624669134
0.6201287800913784
0.6194989842568992
0.6192203562705904
0.6191008547401192
0.6188527596932648
0.6184679552439591
0.618391294497914
0.6184026968797987
0.6181471425506266
0.6176987761926493
0.6171403065355221
0.6168290126678174
0.616440685691764
0.6160399377996549
0.615956420042373
0.6156314745197865
0.6157512465927076
0.6155718847749331
0.6152460264124128
0.6151459557659886
0.6148371310542308
0.6145074244625357
0.6140787731783427
0.6136974551837473
0.6132237888407495
0.6127631607103398
0.61256502461076
0.6124046781940526
0.6123253852780433
0.6121710672147062
0.6120471605854167
0.6118620438488559
0.6116535415477583
0.6112855748801744
0.6107440960475039
0.6103899462374924
0.6103046474448504
0.6098933947321726
0.6095175926438602
0.6093672170931658
0.6091790273868593
0.6090281244900952
0.6086822420854996
0.6081892962104141
0.6078503490785386
0.6075118838136188
0.6072734703122024
0.6067504066469799
0.6063352203447427
0.6062620464367297
0.6058025327614103
0.6057913287717385
0.6055403004106884
0.605304504179453
0.6048291989895789
0.6045986803128423
0.6041984035305734
0.6037939451597436
0.6032348438895401
0.6027963041223752
0.6026717669693109
0.6020195667388569
0.6016218094223724
0.6015112171843388
0.6013159542595387
0.600786390935381
0.6001744629320463
0.599876446032977
0.5993811234563041
0.5987647048126444
0.5984051954613617
0.598177850063877
0.5981476327108489
0.5979523170854075
0.5978190697016071
0.5973403032256681
0.5971052884604509
0.5968027254711831
0.5965565300624919
0.5961538124177126
0.5959554018635128
0.5957971142054319
0.595614370741838
0.5959035936376911
0.5957451994215902
0.5953596835786077
0.5949905210927143
0.5947107595304468
0.5942439564084593
0.5937443238368689
0.59336923329567
0.5932604339755698
0.5930183213497358
0.593008242038725
0.5929215253384257
0.5928450907022907
0.5925711466821069
0.5922042734426132
0.5920762351462839
0.5918894381350583
0.5914301119086033
0.5911566590143525
0.5910483448734041
0.590862222670323
0.5907288257008945
0.5901782079348118
0.5902037734935828
0.5902059940061977
0.5897261259773816
0.5893006543698047
0.5892129078143983
0.5891750972047904
0.5888644216696404
0.5884693636664062
0.5882965822829372
0.5882477004075571
0.5881376471574692
0.587708742728034
0.5875518589343792
0.5874176141173534
0.5870362070913384
0.5867492590450355
0.5863925041798904
0.5860773104656988
0.5857322432662849
0.585602058152893
0.5855336299324799
0.5849764203335454
0.584784711522786
0.5849866015482643
0.5849666868176645
0.5847758293028655
0.5843471953752437
0.5842623268968911
0.5838394878937111
0.583247401085602
0.5827599971333097
0.5823408087137752
0.5819648558076241
0.5816139057971228
0.5813650196738739
0.5812185303622248
0.58096652898023
0.5810674567712588
0.580878924666876
0.5805734606147337
0.5806430775608739
0.5804658646104202
0.5801094299297579
0.5796881565917412
0.5794045591379551
0.5789260878957639
0.5785592431893382
0.578274414551986
0.5780699311924958
0.5778826991466823
0.5777226942613626
0.5775396549687326
0.5770778333060017
0.5767942978967375
0.5762894526721314
0.5758960087549846
0.5756406530361673
0.5753429269734637
0.5750125595472202
0.5748466018268086
0.5747033968351275
0.5746868602461591
0.5743907497437284
0.5743318918799979
0.5739722170020226
0.5738456589839297
0.5738884154356425
0.5738287386953662
0.5736304637052192
0.5736832841666053
0.573014817577495
