-0.0337237
-0.0184282
-0.0081376
0.00317216
0.01107015
0.0189055
0.0215941
0.0196486
0.0157011
0.03186785
0.0490905
0.0504285
0.0491408
0.0386886
0.04423815
0.03854365
0.03725725
0.03675835
0.0498687
0.0533295
0.072667
0.0790865
0.089229
0.093942
0.09962
0.095157
0.0836715
0.0890425
0.0811385
0.0848585
0.093147
0.0997955
0.1087845
0.1093355
0.115059
0.11678
0.131523
0.1303755
0.1295045
0.126259
0.1225295
0.1261015
0.126335
0.132318
0.141414
0.1494905
0.159462
0.1553985
0.149356
0.145627
0.1543275
0.1677065
0.182297
0.0505545
0.61442
0.306663
0.220449
0.435441
-0.348955
0.741025
-0.0553885
0.68875
0.241226
0.2208225
0.2068285
0.194902
0.1891435
0.187976
0.195389
0.203021
0.205745
0.202365
0.206459
0.197273
0.2030975
0.2054245
0.2166395
0.2185545
0.2291165
0.237419
0.248883
0.2597565
0.2711455
0.2786085
0.2710875
0.277719
0.2872235
0.2913785
0.2986175
0.308426
0.3157135
0.3210645
0.3203335
0.3178145
0.3239625
0.3343995
0.3476255
0.3583325
0.3677365
0.3675215
0.36087
0.369931
0.390457
0.4042695
0.4173185
0.4204865
0.4317015
0.433583
0.432898
0.4414215
0.4449005
0.458777
0.47424
0.4891845
0.50118
0.507965
0.512085
0.515325
0.51641
0.524
0.52794
0.542005
0.548865
0.563035
0.579335
0.595595
0.59681
0.602535
0.61161
0.61755
0.61689
0.63538
0.63919
0.653445
0.658215
0.678945
0.69927
0.71391
0.723015
0.737025
0.75391
0.761095
0.767575
0.776975
0.786535
0.783515
0.788455
0.80724
0.813755
0.81919
0.82928
0.83919
0.845545
0.856185
0.857615
0.863655
0.872245
0.8818
0.892
0.897175
0.898625
0.903495
0.910235
0.910545
0.911405
0.92259
0.92926
0.933015
0.94114
0.94174
0.95267
0.960265
0.968305
0.98052
0.99613
1.000765
1.00782
1.014805
1.033525
1.03581
1.043455
1.052315
1.05383
1.057745
1.06681
1.074705
1.07783
1.079305
1.08102
1.08727
1.08903
1.10492
1.12045
1.13169
1.14334
1.148275
1.14987
1.153
1.162965
1.173585
1.18463
1.197895
1.203765
1.206895
1.210535
1.21462
1.222135
1.23062
1.23564
1.24184
1.255225
1.265625
1.26826
1.279345
1.289395
1.30349
1.30138
1.3048
1.3146
1.32192
1.3296
1.337705
1.36022
1.377335
1.389345
1.398775
1.41739
1.424985
1.441
1.456875
1.466265
1.473635
1.47391
1.4834
1.480405
1.47781
1.485645
1.48926
1.490325
1.495745
1.49931
1.51061
1.512555
1.52569
1.534735
1.55001
1.563065
1.569625
1.57992
1.59033
1.59238
1.599965
1.61048
1.61851
1.62172
1.628625
1.635585
1.64155
1.644705
1.653875
1.66488
1.67315
1.67419
1.675605
1.67595
1.68326
1.69008
1.7005
1.70767
1.728835
1.735935
1.746465
1.75679
1.7613
1.76168
1.76171
1.76983
1.769705
1.772265
1.779825
1.78941
1.7919
1.79732
1.80581
1.82031
1.830845
1.83826
1.8392
1.849615
1.852865
1.842215
1.850955
1.86134
1.86553
1.87594
1.88596
1.900585
1.914545
1.926625
1.939195
1.934375
1.958705
1.96083
1.970725
1.97476
1.982835
2.00037
2.01777
2.01803
2.01482
2.021155
2.02458
2.025945
2.024725
2.02617
2.039215
2.04083
2.04347
2.046845
2.054995
2.053335
2.064
2.061295
2.07124
2.08533
2.10079
2.11134
2.126115
2.13451
2.14551
2.143195
2.162945
2.166795
2.179275
2.1816
2.193
2.20372
2.199805
2.200975
2.20035
2.215055
2.22481
2.23815
2.2492
2.260765
2.26466
2.26888
2.26984
2.27129
2.276365
2.28552
2.30036
2.31145
2.323765
2.33108
2.34078
2.346485
2.350925
2.350825
2.31657
3.06237
1.658335
2.30987
2.32531
2.33321
2.33606
2.34769
2.339395
2.34378
2.343455
2.385075
2.383095
2.392875
2.385785
2.393835
2.38008
2.372315
2.39484
2.40866
2.410535
2.410525
2.42671
2.452945
2.463035
2.44236
2.426215
2.421735
2.418915
2.423615
2.422795
2.41935
2.42056
2.417705
2.411265
2.40277
2.40964
2.410965
2.411305
2.417565
2.421675
2.41548
2.416825
2.41371
2.4108
2.42129
2.43088
2.4305
2.44864
2.45169
2.43503
2.423855
2.424885
2.424395
2.42575
2.43509
2.43486
2.43753
2.435635
2.43913
2.42935
2.43376
2.434595
2.430635
2.433235
2.426565
2.421185
2.4279
2.42828
2.429415
2.4261
2.424585
2.420605
2.4268
2.430235
2.431975
2.440645
2.443075
2.439695
2.434875
2.43023
2.39509
2.342435
2.423335
2.437655
2.42996
2.42829
2.43724
2.44856
2.462705
2.255385
2.909855
2.524155
2.649655
2.5653
2.57185
2.56786
2.570905
2.581725
2.582875
2.588215
2.591755
2.59031
2.589205
2.591
2.5998
2.618325
2.627075
2.64486
2.663935
2.67677
2.692815
2.690815
2.697345
2.698815
2.70189
2.704865
2.716375
2.719625
2.734165
2.742775
2.753845
2.77131
2.782345
2.78439
2.800415
2.81191
2.82083
2.83535
2.85344
2.87279
2.88338
2.88539
2.88572
2.8828
2.88677
2.891975
2.911685
2.934715
2.95234
2.96506
2.99029
3.0012
3.007195
3.01661
3.03001
3.04314
3.05878
3.067515
3.072385
3.082005
3.092965
3.10563
3.10823
3.11433
3.11881
3.131925
3.14482
3.16745
3.193825
3.198215
3.203795
3.212935
3.222845
3.236855
3.239845
3.257525
3.264485
3.265095
3.26744
3.278355
3.287745
3.28772
3.29393
3.313705
3.33088
3.34841
3.354675
3.36963
3.385505
3.39434
3.397905
3.40737
3.41435
3.42288
3.431325
3.439485
3.45786
3.47269
3.479765
3.496565
3.512425
3.528795
3.537735
3.54412
3.553755
3.56477
3.5844
3.599835
3.60827
3.61775
3.63501
3.649745
3.66856
3.66772
3.6781
3.68908
3.695415
3.70644
3.71873
3.73265
3.745295
3.7644
3.77618
3.798525
3.805475
3.822605
3.82581
3.83926
3.840925
3.84314
3.84646
3.85403
3.86425
3.87025
3.880705
3.88548
3.885555
3.889115
3.894545
3.908405
3.92477
3.939885
3.963555
3.97559
3.99434
3.99923
4.00729
4.01403
4.015225
4.0164
4.02572
4.04724
4.05662
4.07966
4.099675
4.11001
4.120125
4.12699
4.13604
4.139765
4.14532
4.159315
4.174975
4.185305
4.191155
4.20737
4.209895
4.213335
4.231225
4.240605
4.247025
4.25837
4.279865
4.299315
4.30043
4.3058
4.31621
4.320325
4.335285
4.343145
4.35063
4.370415
4.38418
4.395365
4.403955
4.414395
4.41974
4.422235
4.43981
4.45415
4.46068
4.47328
4.49079
4.50532
4.51873
4.53049
4.541025
4.553215
4.564475
4.571095
4.57859
4.57618
4.58736
4.58699
4.590925
4.59977
4.609215
4.615165
4.620135
4.62865
4.636735
4.646455
4.656245
4.66929
4.667075
4.67853
4.69974
4.706835
4.711875
4.722425
4.74291
4.75703
4.765935
4.77868
4.78419
4.787035
4.79911
4.800545
4.80923
4.80987
4.82193
4.834375
4.839985
4.844935
4.85326
4.860565
4.869665
4.86998
4.88451
4.894685
4.906435
4.920815
4.927705
4.935645
4.93708
4.942465
4.94868
4.955295
4.9699
4.97658
4.98946
4.997725
5.00065
5.0142
5.0223
5.03515
5.03625
5.0506
5.06905
5.07555
5.0851
5.09
5.09585
5.10135
5.10645
5.1206
5.1258
5.1367
5.14565
5.159
5.16155
5.1717
5.18375
5.17825
5.2002
5.21505
5.2259
5.23495
5.2512
5.2634
5.26405
5.2654
5.2705
5.2837
5.29085
5.2964
5.31955
5.33455
5.3412
5.3548
5.3564
5.3719
5.38265
5.3919
5.40655
5.41775
5.42595
5.4366
5.443
5.4495
5.4117
5.9242
5.03735
5.44605
5.4324
5.4367
5.43885
5.43325
5.4277
5.4391
5.45105
5.499
5.45805
5.4518
5.4242
5.4608
5.47265
5.4453
5.43305
5.4459
5.4395
5.41665
5.44135
5.4607
5.45475
5.44125
5.45195
5.4733
5.47575
5.48645
5.4779
5.45835
5.45225
5.4385
5.4286
5.42685
5.4267
5.42015
5.42085
5.412
5.3966
5.394
5.3952
5.3873
5.3868
5.39725
5.39995
5.40375
5.39835
5.3992
5.3926
5.3957
5.39705
5.3998
5.40095
5.3978
5.3991
5.4009
5.3974
5.3995
5.39905
5.3971
5.39535
5.3955
5.40055
5.4021
5.40115
5.4075
5.3986
5.3926
5.38715
5.37935
5.3876
5.40085
5.40175
5.40025
5.39725
5.395
5.3824
5.38565
5.4054
5.28845
5.2856
5.3815
5.39605
5.39055
5.37985
5.3786
5.3742
5.3592
5.14905
5.75915
5.43975
5.70555
5.4832
5.4992
5.5032
5.5161
5.5384
5.56375
5.57005
5.5801
5.5902
5.59835
5.61775
5.62895
5.63785
5.65075
5.66625
5.68535
5.70815
5.71575
5.73255
5.74695
5.76095
5.7737
5.78625
5.8081
5.831
5.84765
5.86835
5.88845
5.8985
5.91045
5.9283
5.93845
5.966
5.97765
5.98465
6.00245
6.01465
6.0283
6.0509
6.06505
6.08425
6.09905
6.1067
6.12805
6.14695
6.1622
6.177
6.1889
6.21045
6.23785
6.25955
6.2789
6.2905
6.29855
6.3212
6.34445
6.3588
6.376
6.39875
6.42195
6.43725
6.4532
6.4708
6.4897
6.4975
6.51485
6.5351
6.54065
6.5416
6.55645
6.58495
6.6038
6.62135
6.6322
6.64705
6.66775
6.6821
6.69175
6.70625
6.72085
6.7225
6.72445
6.7397
6.75785
6.77975
6.8033
6.83055
6.8561
6.86445
6.87665
6.87815
6.8895
6.9018
6.91805
6.93725
6.9484
6.96775
6.99375
7.01305
7.02585
7.03805
7.0631
7.0783
7.0891
7.1113
7.12925
7.14685
7.15425
7.1715
7.1838
7.207
7.216
7.2433
7.26655
7.27455
7.2883
7.2886
7.29145
7.29775
7.30865
7.312
7.3282
7.3507
7.3584
7.3698
7.3915
7.40775
7.41065
7.41965
7.43335
7.4461
7.45605
7.4701
7.49405
7.52075
7.5433
7.5597
7.57445
7.5889
7.596
7.6182
7.627
7.6446
7.6578
7.67675
7.6905
7.71445
7.7339
7.74945
7.76845
7.7754
7.7886
7.79635
7.8099
7.83045
7.84935
7.8708
7.8792
7.8874
7.89075
7.8916
7.89905
7.9077
7.91385
7.92955
7.94895
7.96995
7.98995
8.01095
8.03455
8.05125
8.07455
8.08675
8.1022
8.11455
8.1244
8.13495
8.1449
8.1561
8.1661
8.17595
8.1873
8.20055
8.22
8.23845
8.24825
8.2648
8.27045
8.2762
8.28125
8.2992
8.31495
8.33335
8.34675
8.3689
8.39085
8.4083
8.41485
8.43145
8.45325
8.4642
8.4666
8.47905
8.4868
8.49985
8.50995
8.52305
8.53435
8.54645
8.55565
8.56875
8.57695
8.5902
8.6097
8.62045
8.63555
8.6465
8.66745
8.674
8.6789
8.6903
8.7003
8.70685
8.71675
8.7241
8.73015
8.7443
8.7585
8.77015
8.7683
8.7884
8.79735
8.80045
8.8118
8.8306
8.8547
8.86475
8.87675
8.88895
8.8999
8.9168
8.92985
8.94615
8.96435
8.974
8.9836
8.9939
9.0019
9.01155
9.0255
9.0433
9.05175
9.0574
9.0687
9.0812
9.0867
9.0869
9.0965
9.1107
9.12615
9.1418
9.16065
9.17055
9.18915
9.20015
9.20665
9.2132
9.22055
9.23565
9.24215
9.25615
9.2664
9.28125
9.29135
9.3042
9.3097
9.31855
9.3253
9.331
9.3439
9.35255
9.3714
9.3864
9.39605
9.4123
9.43085
9.4501
9.46095
9.4743
9.48455
9.49725
9.49895
9.50065
9.5093
9.5156
9.5264
9.5344
9.4974
10.08065
8.98945
9.5128
9.5378
9.54575
9.5344
9.52515
9.52355
9.53015
9.52125
9.5437
9.5443
9.5593
9.576
9.54735
9.545
9.4942
9.4858
9.51065
9.4965
9.46705
9.51165
9.5178
9.4904
9.4566
9.46285
9.46695
9.4701
9.4727
9.46405
9.4576
9.45085
9.44705
9.4414
9.44155
9.4455
9.42915
9.428
9.4316
9.4238
9.4262
9.43065
9.42895
9.423
9.41785
9.4096
9.40245
9.3994
9.3959
9.3977
9.39575
9.3944
9.3915
9.3796
9.37385
9.3683
9.3713
9.3675
9.3723
9.37715
9.3846
9.3767
9.3782
9.37615
9.377
9.37755
9.3883
9.3836
9.3668
9.3566
9.348
9.33835
9.3423
9.3438
9.3331
9.33575
9.32125
9.32485
9.33735
9.31595
9.17325
9.208
9.3255
9.33255
9.321
9.3077
9.2933
9.2781
9.26285
9.0463
9.702
9.3437
9.4826
9.39145
9.42695
9.45915
9.49035
9.50775
9.53905
9.56505
9.58705
9.61495
9.6439
9.66015
9.68295
9.70585
9.74255
9.77375
9.8016
9.83985
9.87175
9.89725
9.91755
9.93585
9.9527
9.9811
9.99925
10.02405
10.05875
10.09355
10.1173
10.14295
10.16755
10.1944
10.225
10.26135
10.30875
10.3489
10.3885
10.41475
10.4486
10.46825
10.4884
10.5119
10.5316
10.556
10.5821
10.60895
10.63085
10.64345
10.6701
10.6859
10.716
10.74575
10.7681
10.79925
10.83195
10.8576
10.8857
10.91655
10.9429
10.9562
10.9778
11.00715
11.0234
11.0414
11.06205
11.08545
11.0974
11.1207
11.148
11.17305
11.20275
11.22725
11.2601
11.2908
11.3195
11.3516
11.3894
11.4177
11.4416
11.45675
11.47245
11.4875
11.5028
11.52375
11.5522
11.57965
11.61695
11.6403
11.66065
11.689
11.7128
11.73045
11.7482
11.772
11.78905
11.8161
11.8329
11.8498
11.8775
11.89325
11.9099
11.9315
11.9545
11.9787
11.9894
12.0049
12.02865
12.04885
12.0636
12.07915
12.10895
12.12455
12.14455
12.16315
12.1862
12.20175
12.20945
12.224
12.2362
12.2572
12.2692
12.2989
12.32695
12.354
12.37895
12.3951
12.40205
12.4127
12.43475
12.4486
12.47445
12.4939
12.51995
12.5468
12.5637
12.5821
12.5971
12.6136
12.6332
12.65525
12.6748
12.689
12.70495
12.7258
12.7543
12.7751
12.7959
12.81905
12.8427
12.8551
12.8685
12.88825
12.90515
12.9202
12.9338
12.9545
12.99235
13.0067
13.0291
13.0493
13.0637
13.0736
13.0786
13.1021
13.1092
13.12895
13.14315
13.1514
13.1652
13.1741
13.1797
13.1839
13.19515
13.2093
13.22415
13.24135
13.25685
13.27475
13.298
13.314
13.33405
13.3549
13.37725
13.3958
13.41035
13.4256
13.4389
13.44635
13.45685
13.4683
13.48145
13.5052
13.5105
13.5189
13.52945
13.54065
13.5492
13.56975
13.59805
13.6128
13.6293
13.64255
13.65605
13.6651
13.66485
13.6724
13.6838
13.6895
13.70365
13.7234
13.7306
13.7457
13.76105
13.7703
13.7805
13.7902
13.8132
13.8283
13.8399
13.8559
13.87905
13.9045
13.91525
13.9202
13.929
13.93765
13.93945
13.94365
13.951
13.97305
13.98065
13.99545
14.0189
14.03845
14.04675
14.06405
14.08045
14.09885
14.1091
14.1219
14.13035
14.1369
14.151
14.1596
14.1709
14.19065
14.20465
14.21925
14.23395
14.24605
14.25565
14.2615
14.27325
14.2863
14.29295
14.3099
14.3305
14.35015
14.36885
14.3783
14.38315
14.39405
14.39215
14.3946
14.40275
14.41635
14.43865
14.45705
14.4791
14.49465
14.50015
14.5096
14.51885
14.51985
14.52735
14.54035
14.5447
14.54665
14.56405
14.57635
14.59435
14.60405
14.6263
14.6501
14.6691
14.66575
14.66645
14.667
14.66905
14.6691
14.67505
14.6893
14.70035
14.71015
14.71955
14.7223
14.73395
14.7353
14.6863
15.22645
14.3401
14.71315
14.70025
14.69955
14.71135
14.69105
14.67385
14.6658
14.6586
14.6688
14.6298
14.61565
14.598
14.6141
14.62375
14.58685
14.5939
14.61945
14.59125
14.56205
14.6023
14.6076
14.5761
14.54635
14.56795
14.5706
14.5501
14.5402
14.52245
14.5312
14.52745
14.52235
14.50245
14.483
14.48145
14.4688
14.4723
14.4736
14.4736
14.4669
14.45465
14.452
14.4376
14.4224
14.39985
14.38955
14.3836
14.37465
14.36745
14.3535
14.3523
14.33755
14.32825
14.31915
14.3119
14.3014
14.2982
14.2888
14.28685
14.2807
14.2664
14.2647
14.25605
14.24915
14.24945
14.26035
14.25445
14.2325
14.21695
14.21175
14.2104
14.21735
14.20815
14.1963
14.19105
14.19065
14.20055
14.2301
14.5507
15.47985
15.13485
14.50265
14.2742
14.2513
14.23925
14.2413
14.1436
12.79325
12.6525
13.73325
14.0809
14.1402
14.1467
14.12855
14.1081
14.0849
14.01955
14.1747
13.8619
14.75525
14.214
14.24155
14.2425
14.25455
14.2869
14.3258
14.36265
14.3912
14.42175
14.4358
14.45975
14.47515
14.503
14.5171
14.545
14.57365
14.60645
14.64415
14.6593
14.66775
14.68075
14.69105
14.7156
14.7364
14.7666
14.7929
14.8165
14.84465
14.86085
14.89825
14.9375
14.95355
14.9842
15.01065
15.0274
15.04465
15.06515
15.0896
15.1061
15.12245
15.1565
15.1804
15.2058
15.2311
15.2554
15.27165
15.2824
15.29395
15.3137
15.34645
15.374
15.3885
15.4148
15.43695
15.45405
15.46235
15.47265
15.4783
15.49585
15.51775
15.53325
15.54235
15.5671
15.5806
15.6075
15.62425
15.6453
15.6552
15.6682
15.6761
15.6893
15.71195
15.72545
15.7396
15.75295
15.7676
15.7835
15.802
15.821
15.84185
15.8538
15.86985
15.87955
15.89925
15.9105
15.93905
15.9535
15.9699
15.98945
15.99995
16.0041
16.01555
16.0311
16.04865
16.064
16.0829
16.09945
16.1087
16.12245
16.12995
16.1458
16.16505
16.1867
16.2006
16.21195
16.22995
16.25
16.2634
16.27855
16.2957
16.30745
16.32395
16.3302
16.34395
16.35655
16.37065
16.3921
16.4005
16.4108
16.4283
16.4331
16.44105
16.4535
16.464
16.47055
16.47505
16.48455
16.48775
16.48075
16.48075
16.49545
16.51515
16.51905
16.5347
16.54505
16.5573
16.57455
16.587
16.602
16.6162
16.6261
16.6398
16.64625
16.64925
16.6636
16.6795
16.69045
16.70605
16.7161
16.7215
16.73085
16.7488
16.7551
16.75405
16.765
16.76885
16.7664
16.77225
16.7894
16.80095
16.8156
16.83265
16.8541
16.8713
16.8773
16.8935
16.9037
16.9056
16.9057
16.9103
16.9235
16.9215
16.92985
16.93945
16.95335
16.95945
16.9709
16.9857
16.9965
16.99965
16.9967
16.9926
16.9952
17.0041
17.00895
17.009
17.0148
17.0164
17.0216
17.02795
17.03045
17.04025
17.046
17.0632
17.0701
17.0765
17.08525
17.0733
17.07445
17.0789
17.0768
17.08765
17.09575
17.115
17.12125
17.12625
17.1308
17.13475
17.1365
17.1316
17.14015
17.1381
17.1455
17.1513
17.1603
17.16585
17.175
17.1933
17.20055
17.2111
17.21925
17.22065
17.2215
17.2226
17.229
17.22555
17.2307
17.2365
17.2502
17.2552
17.26005
17.26625
17.2738
17.2827
17.28025
17.2883
17.29005
17.2962
17.3156
17.31735
17.3263
17.3369
17.3499
17.33995
17.34065
17.34405
17.34045
17.34005
17.34425
17.35385
17.35715
17.36085
17.3613
17.3564
17.35625
17.36225
17.36155
17.35645
17.36495
17.3714
17.37985
17.38095
17.3908
17.39875
17.40115
17.403
17.41625
17.40995
17.40585
17.40485
17.4072
17.4152
17.408
17.4062
17.4074
17.4211
17.4382
17.44545
17.45115
17.46895
17.46695
17.47495
17.4658
17.46675
17.47085
17.4676
17.47415
17.4699
17.47575
17.4828
17.4765
17.48455
17.4839
17.4958
17.49785
17.49725
17.5021
17.5096
17.52605
17.5074
17.31025
17.42755
17.4055
17.39755
17.3944
17.38235
17.36835
17.3612
17.35415
17.34425
17.33905
17.3381
17.3275
17.3211
17.3116
17.29475
17.2837
17.2722
17.26165
17.25415
17.24775
17.2389
17.23725
17.22895
17.2144
17.2035
17.1872
17.17165
17.16175
17.15215
17.14995
17.14585
17.1432
17.13995
17.1269
17.1144
17.09745
17.0834
17.06715
17.04525
17.02805
17.01855
17.01655
17.0019
16.9936
16.98615
16.9757
16.9625
16.95235
16.9496
16.9416
16.939
16.9339
16.924
16.91505
16.90655
16.8961
16.8812
16.87365
16.86405
16.85755
16.8564
16.83765
16.8285
16.8105
16.7968
16.7902
16.77455
16.75975
16.74765
16.741
16.7265
16.70765
16.69725
16.68155
16.6668
16.6607
16.6521
16.6447
16.63915
16.62675
16.6212
16.6111
16.5963
16.5844
16.5758
16.56885
16.5555
16.54025
16.53155
16.5221
16.51205
16.50195
16.48805
16.48245
16.47515
16.4642
16.4453
16.4339
16.4215
16.4226
16.416
16.4072
16.40465
16.39585
16.3903
16.38145
16.36715
16.35965
16.3479
16.3466
16.34585
16.34095
16.33265
16.3322
16.3254
16.32395
16.3148
16.2967
16.28975
16.276
16.26495
16.2599
16.25445
16.2521
16.24715
16.2489
16.23535
16.21985
16.20905
16.19495
16.1712
16.15705
16.1476
16.1359
16.1269
16.1216
16.12015
16.1058
16.09965
16.08735
16.06035
16.04105
16.03225
16.03145
16.0249
16.01975
16.0191
16.01535
16.005
15.9959
15.9812
15.96985
15.96075
15.95175
15.9416
15.9324
15.91695
15.90545
15.8798
15.85565
15.84995
15.83935
15.82715
15.8263
15.8273
15.8263
15.81875
15.8123
15.8132
15.8066
15.79505
15.78545
15.7633
15.74705
15.7293
15.72595
15.71635
15.72045
15.7209
15.73295
15.72235
15.71075
15.70505
15.69435
15.6841
15.6668
15.6613
15.6594
15.64505
15.63245
15.62615
15.6278
15.62745
15.61815
15.6162
15.60725
15.60015
15.5859
15.5754
15.56485
15.5701
15.57655
15.57245
15.5656
15.5511
15.5469
15.5388
15.52525
15.5199
15.515
15.50095
15.4806
15.4705
15.44605
15.43065
15.415
15.4004
15.3906
15.3758
15.3625
15.3573
15.35045
15.3457
15.34905
15.34935
15.34995
15.3393
15.33535
15.33255
15.3316
15.3173
15.30235
15.29115
15.28105
15.26635
15.2607
15.25505
15.25455
15.2442
15.22745
15.2166
15.2109
15.198
15.1854
15.17515
15.1685
15.1561
15.14095
15.1307
15.11145
15.09915
15.0869
15.082
15.0829
15.08095
15.0871
15.082
15.07385
15.0716
15.06075
15.05485
15.0443
15.03595
15.02495
15.0191
15.00155
14.9904
14.98145
14.9709
14.9613
14.9562
14.94625
14.9386
14.92545
14.91865
14.9242
14.9135
14.9032
14.906
14.9066
14.89725
14.8818
14.8828
14.8802
14.8687
14.8517
14.8398
14.831
14.81215
14.8009
14.7844
14.78065
14.77165
14.7588
14.76435
14.75325
14.7459
14.7347
14.72655
14.7256
14.71225
14.7029
14.69235
14.6883
14.6877
14.68685
14.6836
14.66945
14.66525
14.6587
14.64375
14.62925
14.6107
14.60795
14.5965
14.59995
14.5916
14.5804
14.57595
14.57225
14.5675
14.55155
14.532
14.52225
14.51675
14.5058
14.4981
14.49855
14.4953
14.49175
14.4865
14.4767
14.46365
14.44975
14.4363
14.42495
14.41715
14.4113
14.40235
14.3993
14.3924
14.3898
14.3767
14.37515
14.36145
14.3561
14.34525
14.33615
14.32655
14.31575
14.3068
14.29115
14.28205
14.27165
14.25855
14.2554
14.24805
14.2521
14.2523
14.2611
14.26395
14.25585
14.25175
14.2412
14.2365
14.2305
14.22205
14.21635
14.2053
14.1995
14.1811
14.1691
14.1665
14.15525
14.1512
14.1457
14.14
14.1338
14.13615
14.12785
14.1162
14.1158
14.11065
14.1004
14.08685
14.07535
14.0658
14.05745
14.0464
14.0412
14.03635
14.029
14.0215
14.0164
13.99795
13.99045
13.98485
13.9731
13.97105
13.9629
13.9611
13.9617
13.9554
13.9502
13.95265
13.94435
13.939
13.9341
13.9199
13.9059
13.8983
13.88655
13.88165
13.8799
13.87125
13.8654
13.8605
13.8504
13.8363
13.826
13.8117
13.80505
13.80345
13.80095
13.8
13.7953
13.79605
13.79
13.77225
13.76665
13.7562
13.75015
13.73715
13.7261
13.71755
13.6969
13.6915
13.6865
13.67655
13.6699
13.67045
13.6714
13.6658
13.6572
13.64435
13.6388
13.625
13.61035
13.5998
13.5869
13.5812
13.57125
13.5658
13.5646
13.5556
13.5492
13.54605
13.54765
13.5402
13.5353
13.5223
13.51635
13.51365
13.5166
13.5068
13.50605
13.50425
13.49625
13.4904
13.47555
13.46095
13.4652
13.4561
13.45385
13.45055
13.44235
13.44155
13.4243
13.4049
13.3973
13.39505
13.3875
13.3882
13.38575
13.37925
13.37765
13.35935
13.3405
13.32865
13.31775
13.3006
13.29535
13.29445
13.2935
13.28495
13.27865
13.27085
13.2707
13.2599
13.24495
13.2404
13.22655
13.22495
13.2256
13.22105
13.2158
13.206
13.201
13.18725
13.17675
13.1621
13.1554
13.1432
13.13685
13.13185
13.11565
13.12555
13.12555
13.12145
13.12305
13.1345
13.1341
13.1235
13.12555
13.1187
13.10955
13.09195
13.0953
13.0861
13.073
13.07145
13.0697
13.0665
13.0561
13.05345
13.04685
13.04525
13.04185
13.0435
13.0298
13.0238
13.0197
13.0068
12.9972
13.00095
12.9928
12.98745
12.9783
12.97345
12.96435
12.9471
12.9367
12.9359
12.9357
12.93165
12.9261
12.9227
12.91555
12.9064
12.8955
12.8853
12.8794
12.86695
12.85725
12.84845
12.84425
12.83595
12.83155
12.8368
12.83565
12.84155
12.84525
12.8398
12.826
12.81395
12.79245
12.78775
12.7768
12.7666
12.766
12.76355
12.75975
12.742
12.7353
12.723
12.715
12.7155
12.7157
12.7151
12.71035
12.7144
12.7183
12.7111
12.7132
12.7057
12.69645
12.6826
12.672
12.6611
12.6473
12.64115
12.6408
12.639
12.63515
12.64425
12.6439
12.6334
12.6343
12.6277
12.6219
12.6066
12.59745
12.58515
12.5762
12.56075
12.5583
12.5549
12.55935
12.564
12.55505
12.55505
12.5459
12.5382
12.5244
12.51205
12.50115
12.4935
12.48535
12.4699
12.4611
12.4531
12.4497
12.44265
12.43605
12.4307
12.43235
12.4274
12.41555
12.40445
12.3922
12.391
12.38355
12.382
12.37695
12.37145
12.37125
12.36145
12.35315
12.341
12.3353
12.32615
12.3164
12.3073
12.3103
12.31155
12.305
12.29605
12.28205
12.27905
12.2707
12.2562
12.25115
12.23665
12.22815
12.23015
12.2217
12.22595
12.2275
12.23635
12.24385
12.23145
12.22655
12.22335
12.21175
12.19795
12.18225
12.17495
12.1658
12.15635
12.1471
12.1326
12.1348
12.13705
12.13105
12.1271
12.12685
12.1298
12.12615
12.12045
12.10725
12.1027
12.10075
12.0973
12.091
12.08185
12.0806
12.07125
12.0648
12.0576
12.05585
12.05575
12.0674
12.0666
12.06595
12.0705
12.0568
12.05105
12.03595
12.0353
12.03125
12.02995
12.0268
12.0199
12.0119
12.0077
11.99475
11.97855
11.96925
11.96095
11.9587
11.9554
11.94515
11.9396
11.93085
11.9289
11.9144
11.9059
11.8957
11.8941
11.88655
11.88335
11.86505
11.85405
11.84
11.83455
11.83515
11.83125
11.83455
11.8312
11.83225
11.82535
11.8263
11.8197
11.8157
11.80955
11.79685
11.7871
11.78805
11.78475
11.78635
11.7857
11.77555
11.765
11.75995
11.74705
11.73225
11.72515
11.72085
11.7158
11.708
11.71295
11.71195
11.715
11.70975
11.7021
11.69935
11.69205
11.6898
11.6818
11.67535
11.66915
11.6607
11.65955
11.65555
11.6494
11.63655
11.6269
11.6212
11.61505
11.6012
11.59015
11.58985
11.5812
11.57945
11.5726
11.5738
11.5705
11.5746
11.5754
11.57245
11.56585
11.5659
11.54845
11.5421
11.53215
11.5252
11.51975
11.5099
11.5018
11.49855
11.4992
11.4996
11.49625
11.49155
11.49885
11.4904
11.4757
11.45995
11.4461
11.4363
11.4233
11.42515
11.41735
11.4203
11.42865
11.43165
11.43015
11.42245
11.42185
11.41665
11.41455
11.40525
11.3983
11.40905
11.39905
11.39605
11.3908
11.3933
11.3843
11.3769
11.3719
11.3664
11.3631
11.3576
11.356
11.35155
11.3495
11.34565
11.332
11.3271
11.32095
11.3156
11.31405
11.31075
11.3085
11.3037
11.29365
11.28925
11.27865
11.2705
11.26725
11.27025
11.2715
11.27185
11.27575
11.2666
11.25505
11.2531
11.23445
11.2236
11.20975
11.2035
11.19235
11.1906
11.1955
11.19585
11.1906
11.1831
11.16975
11.1609
11.15235
11.1558
11.1513
11.13815
11.1318
11.12615
11.12105
11.11225
11.1154
11.1156
11.1164
11.12145
11.11955
11.11035
11.1
11.0871
11.08045
11.0739
11.07045
11.07045
11.07435
11.0811
11.082
11.08985
11.0936
11.08855
11.08825
11.05795
