0.154379
0.12882
0.113321
0.143118
0.183239
0.194864
0.202405
0.214004
0.217978
0.233847
0.227508
0.237051
0.239068
0.245007
0.256018
0.260852
0.255115
0.280954
0.29798
0.31307
0.309082
0.276733
0.292117
0.321365
0.324774
0.342352
0.362274
0.381128
0.387945
0.401093
0.420502
0.398941
0.382263
0.371954
0.346213
0.303766
0.303949
0.300308
0.317337
0.33956
0.370477
0.390543
0.417206
0.429535
0.419952
0.424942
0.443353
0.450461
0.427475
0.427429
0.420025
0.3991
0.378509
-0.0284456
0.734119
0.447854
0.291512
0.816003
-0.40105
1.41042
0.372581
0.823251
0.711591
0.617749
0.614691
0.652603
0.692346
0.718686
0.711554
0.687323
0.699621
0.729004
0.731686
0.744522
0.75946
0.765249
0.745382
0.76473
0.784567
0.79097
0.793838
0.793143
0.801211
0.799707
0.838208
0.858328
0.882736
0.883346
0.87673
0.880859
0.894171
0.91177
0.963687
1.00329
1.04079
1.06171
1.06881
1.04963
1.03379
1.04272
1.04777
1.07842
1.1183
1.12978
1.15524
1.17032
1.19733
1.21171
1.23035
1.25024
1.26723
1.28796
1.31346
1.3369
1.35674
1.38041
1.38564
1.40261
1.41338
1.40606
1.41254
1.41944
1.42759
1.43878
1.46584
1.48885
1.48067
1.49231
1.50371
1.52847
1.55167
1.58058
1.61775
1.63236
1.66408
1.66817
1.66313
1.66526
1.6618
1.66191
1.67858
1.701
1.73428
1.7737
1.81483
1.85158
1.87849
1.8904
1.8786
1.85447
1.86574
1.87196
1.88993
1.90253
1.92008
1.91675
1.93362
1.95133
1.96943
1.99003
2.01368
2.03964
2.06696
2.07625
2.08705
2.10335
2.10555
2.11549
2.14472
2.16727
2.1737
2.20368
2.23308
2.2398
2.23577
2.24721
2.27602
2.29282
2.30416
2.32433
2.34243
2.36174
2.36205
2.38011
2.40023
2.39561
2.39854
2.42118
2.43477
2.45082
2.48842
2.52503
2.53896
2.55274
2.57016
2.58518
2.60235
2.60851
2.6183
2.63438
2.65276
2.65485
2.67559
2.67744
2.71313
2.71769
2.74186
2.74959
2.74601
2.77425
2.78152
2.79214
2.79561
2.82087
2.84573
2.87461
2.915
2.95061
2.97028
2.9779
2.99281
2.98768
2.99214
3.00346
3.0331
3.04842
3.07384
3.10045
3.11289
3.12549
3.13144
3.15298
3.18298
3.20375
3.22182
3.21861
3.22629
3.24046
3.23088
3.2307
3.24082
3.26202
3.28524
3.28369
3.3147
3.34303
3.35487
3.36355
3.3826
3.40102
3.4094
3.41266
3.43351
3.43403
3.45047
3.47414
3.49271
3.51682
3.53309
3.55808
3.56595
3.59268
3.59429
3.61423
3.63344
3.65463
3.69795
3.71346
3.73234
3.74299
3.76586
3.78315
3.77238
3.80047
3.81963
3.81361
3.80154
3.81407
3.82825
3.85245
3.87202
3.87626
3.87683
3.91631
3.93442
3.95492
3.97515
4.01071
4.02369
4.04878
4.06595
4.08101
4.09224
4.09597
4.12517
4.14104
4.15391
4.17432
4.19425
4.21768
4.24173
4.23807
4.25601
4.26578
4.28963
4.30685
4.33331
4.33384
4.35036
4.35699
4.37166
4.35684
4.36703
4.3654
4.38573
4.40091
4.41622
4.43483
4.46706
4.49346
4.53351
4.56216
4.58261
4.58097
4.59335
4.60892
4.61511
4.63531
4.646
4.67474
4.70202
4.715
4.715
4.71632
4.74353
4.76321
4.77688
4.8001
4.80484
4.80135
4.79462
4.81429
4.82445
4.83093
4.8347
4.86421
4.89558
4.92321
4.96425
4.98995
5.00638
5.03043
5.03307
5.02704
5.02722
5.03885
5.04829
5.05547
5.04307
4.96116
5.02007
5.0761
5.05199
5.08532
5.16249
5.1713
5.1229
5.13953
5.17178
5.17691
5.25651
5.21618
5.21842
5.24523
5.14468
5.21556
5.22846
5.2489
5.26543
5.28081
5.26294
5.25151
5.28412
5.29154
5.2932
5.29612
5.32045
5.33979
5.35674
5.38445
5.39177
5.40393
5.40289
5.40332
5.40288
5.39142
5.39353
5.38893
5.39503
5.38854
5.39706
5.41377
5.41824
5.41463
5.41824
5.43525
5.42799
5.43584
5.42519
5.42671
5.42159
5.4252
5.41031
5.40689
5.40417
5.40783
5.40624
5.41449
5.42486
5.43336
5.43793
5.4477
5.46133
5.45564
5.4579
5.44205
5.43713
5.42261
5.42572
5.42532
5.44445
5.45122
5.46687
5.50284
5.52787
5.53549
5.52342
5.52899
5.5227
5.53477
5.48483
5.35106
5.50165
5.54383
5.5439
5.51671
5.49907
5.50245
5.49389
5.04678
6.36818
5.1665
5.69806
5.78793
5.82717
5.84875
5.85679
5.87297
5.88771
5.92909
5.94104
5.95715
5.97005
6.01339
6.02512
6.04595
6.07039
6.10716
6.11937
6.13643
6.15226
6.17285
6.18646
6.22171
6.21327
6.19438
6.21772
6.23464
6.24621
6.27413
6.3023
6.3166
6.34715
6.3736
6.40362
6.43781
6.44773
6.46369
6.46585
6.4551
6.45768
6.4843
6.51479
6.53612
6.55782
6.59838
6.63566
6.63515
6.66011
6.70311
6.73526
6.75414
6.77233
6.78632
6.79702
6.8255
6.86556
6.89086
6.93355
6.95723
6.99697
7.01698
7.02086
7.04731
7.08008
7.10455
7.11114
7.1479
7.18476
7.20134
7.24373
7.27235
7.30946
7.33844
7.34004
7.35509
7.38273
7.39082
7.39276
7.41863
7.45309
7.48672
7.53483
7.56665
7.58387
7.61476
7.61862
7.62579
7.6435
7.67625
7.71355
7.75449
7.79362
7.83165
7.8619
7.88917
7.89906
7.9201
7.93177
7.95808
7.97287
7.98121
8.00143
8.00201
8.01639
8.05021
8.08579
8.11057
8.12322
8.15089
8.17048
8.19142
8.2118
8.23461
8.26273
8.29026
8.30524
8.34233
8.36798
8.34435
8.35532
8.38627
8.42772
8.45467
8.49611
8.53493
8.5545
8.56402
8.57285
8.58423
8.61254
8.65134
8.69237
8.74316
8.77233
8.77668
8.80456
8.8158
8.82427
8.83371
8.85861
8.8849
8.9012
8.91077
8.94514
8.96673
8.97538
8.99735
9.0155
9.03345
9.05979
9.08266
9.12204
9.14479
9.16456
9.1923
9.20432
9.23174
9.26336
9.30173
9.32053
9.35123
9.38501
9.4221
9.44224
9.48075
9.49885
9.50214
9.50111
9.50567
9.5094
9.5237
9.54651
9.59967
9.64069
9.6827
9.71511
9.73459
9.76602
9.78995
9.81007
9.83122
9.82918
9.86444
9.8925
9.89493
9.9143
9.93385
9.96143
9.98339
10.0138
10.035
10.0564
10.0832
10.1037
10.1394
10.1626
10.1881
10.2252
10.2475
10.2745
10.2865
10.2979
10.3231
10.3424
10.3544
10.3902
10.3997
10.4177
10.4315
10.4352
10.4428
10.4534
10.4837
10.4897
10.5244
10.5432
10.5618
10.5731
10.5936
10.6253
10.6693
10.6926
10.7148
10.743
10.7557
10.7622
10.7559
10.7923
10.8068
10.8554
10.8886
10.8862
10.9062
10.9342
10.9586
10.9732
11.0026
11.0145
11.0439
11.0581
11.0909
11.104
11.1261
11.1585
11.2024
11.2271
11.2348
11.2479
11.2743
11.3115
11.3323
11.3619
11.3935
11.433
11.4504
11.4418
11.4657
11.4767
11.4927
11.5122
11.5381
11.5717
11.6012
11.6148
11.6198
11.6151
11.6362
11.6542
11.6947
11.7302
11.7604
11.7918
11.8049
11.8224
11.8235
11.8276
11.8251
11.849
11.8623
11.8809
11.919
11.933
11.9717
11.9846
12.0024
12.0192
12.0281
12.0357
12.0536
12.0677
12.0893
12.1282
12.1681
12.2154
12.2177
12.2232
12.2361
12.2553
12.2303
12.1594
12.3352
12.323
12.3322
12.2708
12.2606
12.2791
12.2838
12.2962
12.3249
12.3933
12.4373
12.3522
12.3852
12.3363
12.4029
12.4049
12.4202
12.4483
12.4674
12.4358
12.3632
12.441
12.4626
12.4374
12.4294
12.4453
12.4684
12.4457
12.4497
12.4413
12.4479
12.4517
12.4644
12.4631
12.4493
12.4635
12.4691
12.4631
12.4698
12.4877
12.4931
12.4883
12.496
12.5031
12.4909
12.4685
12.465
12.4441
12.4327
12.4306
12.4398
12.4204
12.416
12.4295
12.4236
12.4101
12.4068
12.4073
12.4157
12.4206
12.4268
12.4401
12.4614
12.4699
12.4728
12.4603
12.4618
12.4611
12.4194
12.4053
12.3668
12.3405
12.3798
12.3939
12.3904
12.4025
12.4112
12.4081
12.4131
12.4701
12.2658
12.2719
12.4218
12.4383
12.421
12.4094
12.4204
12.4108
12.4111
12.0188
13.2665
12.3626
12.6042
12.7131
12.7789
12.8121
12.8425
12.8586
12.8831
12.9005
12.9115
12.9449
12.9584
12.9943
13.017
13.043
13.0534
13.0929
13.1184
13.1634
13.1734
13.2018
13.2182
13.2627
13.3099
13.3576
13.403
13.4573
13.5049
13.5376
13.5705
13.6146
13.663
13.7053
13.7607
13.7939
13.8441
13.8654
13.9016
13.9187
13.9426
13.9598
13.9957
14.0371
14.0656
14.086
14.1145
14.1594
14.1995
14.262
14.3079
14.3549
14.3977
14.439
14.4862
14.5268
14.5575
14.6078
14.6274
14.6599
14.6877
14.7253
14.74
14.7745
14.8149
14.8635
14.8907
14.9208
14.9724
15.01
15.0493
15.0832
15.1102
15.1427
15.1639
15.2046
15.2496
15.2949
15.3509
15.4008
15.4397
15.4791
15.5283
15.5607
15.591
15.6102
15.648
15.6939
15.7396
15.7618
15.7835
15.8294
15.8721
15.9111
15.9501
15.981
16.0098
16.0099
16.0261
16.0516
16.0823
16.1125
16.1526
16.1981
16.2382
16.2717
16.3256
16.3404
16.3632
16.4182
16.4383
16.4831
16.5256
16.572
16.6054
16.63
16.6588
16.69
16.7196
16.7516
16.7955
16.8578
16.901
16.9405
16.9992
17.0236
17.0513
17.0692
17.0844
17.1216
17.1543
17.189
17.2095
17.2437
17.2746
17.3131
17.3338
17.3673
17.4052
17.4537
17.4825
17.4992
17.5402
17.5493
17.5574
17.5708
17.594
17.6429
17.6997
17.753
17.7959
17.8614
17.8849
17.9191
17.923
17.9314
17.9518
17.9745
18.0058
18.0237
18.0615
18.0938
18.1078
18.1251
18.1467
18.1927
18.2345
18.2545
18.2904
18.3358
18.354
18.3848
18.411
18.4339
18.4601
18.4758
18.5204
18.5502
18.5866
18.6298
18.6686
18.6993
18.7361
18.7441
18.7542
18.7717
18.796
18.8227
18.857
18.9111
18.9486
18.9732
19.0146
19.0569
19.0827
19.0876
19.1131
19.1216
19.1331
19.1732
19.2022
19.2592
19.2852
19.328
19.3685
19.3979
19.4325
19.4599
19.4741
19.4962
19.5355
19.5735
19.5861
19.6236
19.6451
19.6891
19.7163
19.733
19.7727
19.7932
19.8072
19.8446
19.8714
19.8896
19.9025
19.9198
19.9579
19.9956
20.0292
20.0522
20.0843
20.1224
20.1589
20.184
20.2002
20.2244
20.2557
20.2888
20.3077
20.3331
20.3646
20.4001
20.4096
20.4442
20.4845
20.5057
20.535
20.581
20.6187
20.6432
20.6743
20.7033
20.7251
20.7549
20.772
20.7818
20.803
20.833
20.8443
20.8673
20.8931
20.9181
20.9536
20.9744
20.983
21.0104
21.0439
21.065
21.1045
21.1435
21.176
21.1942
21.2154
21.233
21.2541
21.276
21.3052
21.3345
21.3505
21.375
21.4
21.4221
21.4517
21.4628
21.4837
21.5038
21.5244
21.5528
21.5752
21.6221
21.6565
21.6894
21.7135
21.7372
21.7545
21.7642
21.7791
21.8248
21.8576
21.8787
21.8712
21.9503
21.9057
21.8006
21.8377
21.8696
21.8538
21.8615
21.8161
21.7751
21.8185
21.8864
21.7927
21.819
21.8679
21.8397
21.8581
21.8294
21.8046
21.8152
21.7897
21.7581
21.8367
21.8414
21.7865
21.8123
21.8662
21.8527
21.7883
21.7564
21.7318
21.7307
21.7637
21.786
21.7889
21.7908
21.79
21.7845
21.7889
21.7864
21.771
21.7505
21.7503
21.7479
21.7283
21.71
21.7141
21.7093
21.7027
21.6998
21.7285
21.747
21.7405
21.7465
21.7287
21.7101
21.6883
21.6648
21.649
21.6477
21.6361
21.6222
21.5952
21.5821
21.5581
21.5699
21.5913
21.6275
21.6171
21.613
21.6132
21.5517
21.5373
21.5258
21.5137
21.5412
21.5424
21.5549
21.5536
21.5428
21.5634
21.2917
21.3905
21.5756
21.5798
21.5807
21.566
21.5374
21.5391
21.5368
21.1267
22.3569
21.2663
21.5349
21.776
21.8607
21.9158
21.9667
22.0246
22.1135
22.1999
22.2537
22.303
22.3659
22.4287
22.4825
22.5342
22.5836
22.6416
22.7084
22.7639
22.8391
22.8866
22.9423
22.9877
23.0302
23.0647
23.1336
23.1829
23.2318
23.296
23.3532
23.4191
23.4741
23.5325
23.5877
23.6428
23.6892
23.7384
23.7935
23.8439
23.8897
23.9426
23.9995
24.0749
24.1351
24.1963
24.2441
24.294
24.3294
24.3804
24.4488
24.5102
24.5719
24.633
24.7053
24.7446
24.7802
24.8309
24.8952
24.94
24.9855
25.021
25.0713
25.1144
25.1689
25.2311
25.2887
25.3398
25.3949
25.4295
25.4506
25.4731
25.5198
25.5522
25.5977
25.6683
25.7278
25.78
25.8306
25.8814
25.9264
25.9677
26.012
26.0708
26.1249
26.1613
26.1847
26.2208
26.2641
26.3124
26.3505
26.3964
26.4617
26.5029
26.5514
26.5798
26.6285
26.6812
26.7166
26.757
26.8117
26.8671
26.9226
26.9526
26.9963
27.0625
27.1102
27.1444
27.1907
27.2275
27.2525
27.2965
27.3431
27.3719
27.4306
27.4614
27.5028
27.5408
27.5714
27.5935
27.6334
27.6737
27.7223
27.7835
27.8311
27.8801
27.9237
27.9697
27.9962
28.0219
28.0641
28.1185
28.1614
28.1979
28.2279
28.2639
28.3098
28.3439
28.373
28.42
28.4827
28.5322
28.5597
28.5839
28.6247
28.6503
28.6759
28.7213
28.7643
28.803
28.8249
28.8589
28.8726
28.8998
28.9272
28.966
28.9975
29.0276
29.0652
29.0923
29.1229
29.1541
29.1969
29.2418
29.2839
29.3209
29.3493
29.3835
29.4377
29.4546
29.4571
29.4746
29.4808
29.5086
29.5138
29.5612
29.6045
29.6649
29.7229
29.7709
29.8066
29.8511
29.8913
29.914
29.9293
29.9468
29.9739
30.0009
30.022
30.0619
30.1077
30.1337
30.1447
30.1652
30.1887
30.2197
30.2444
30.292
30.333
30.3544
30.3755
30.3965
30.4272
30.4467
30.4656
30.4962
30.5154
30.5452
30.5827
30.6109
30.6412
30.6548
30.6976
30.7334
30.757
30.7931
30.8043
30.825
30.8538
30.8626
30.8846
30.9029
30.9241
30.9521
30.9845
31.008
31.0325
31.0568
31.0927
31.1251
31.1678
31.1953
31.2234
31.2525
31.2702
31.2935
31.3132
31.3525
31.372
31.3927
31.4248
31.4448
31.47
31.4896
31.5087
31.5307
31.5665
31.5877
31.6045
31.6331
31.6479
31.6762
31.7084
31.7364
31.7652
31.7888
31.8049
31.8244
31.8419
31.8721
31.8935
31.9123
31.9228
31.9438
31.9627
31.9472
31.946
31.9287
31.934
31.9517
31.9537
31.9828
32.0035
32.0249
32.0314
32.0389
32.0748
32.093
32.1134
32.1255
32.1533
32.1743
32.1971
32.2343
32.2444
32.2634
32.2741
32.3045
32.3317
32.3532
32.3752
32.3834
32.405
32.4119
32.4073
32.4174
32.4372
32.4556
32.4752
32.4975
32.4656
32.5511
32.6403
32.527
32.5061
32.4568
32.4404
32.4268
32.4085
32.3878
32.4152
32.4487
32.3936
32.3886
32.2565
32.3985
32.3852
32.2758
32.2595
32.2682
32.2058
32.1596
32.3149
32.3363
32.266
32.1545
32.1637
32.1922
32.1843
32.1732
32.1491
32.1672
32.1477
32.1555
32.145
32.1268
32.1277
32.1279
32.1151
32.0979
32.0767
32.0583
32.0452
32.0079
31.9871
31.9676
31.9472
31.9398
31.9364
31.9103
31.8924
31.8795
31.8696
31.8518
31.8486
31.8482
31.8338
31.8352
31.8065
31.7794
31.7789
31.7673
31.76
31.7479
31.7673
31.7512
31.7561
31.7594
31.7302
31.69
31.6654
31.657
31.6414
31.6534
31.6395
31.6448
31.6426
31.6331
31.6341
31.6318
32.4669
34.189
33.4782
32.0868
31.6601
31.6062
31.5971
31.6099
31.3997
28.568
28.2872
30.6521
31.4355
31.5513
31.5729
31.5578
31.5427
31.5343
31.3903
31.6962
31.355
31.7779
31.8148
31.8777
31.9066
31.9429
31.9755
32.0193
32.0797
32.1186
32.1409
32.1829
32.2165
32.2538
32.2994
32.3413
32.4036
32.4565
32.4893
32.5448
32.5924
32.6249
32.6602
32.7118
32.762
32.801
32.8624
32.9134
32.939
32.9844
33.0373
33.0817
33.1437
33.2044
33.2584
33.3076
33.338
33.3806
33.4162
33.4517
33.5046
33.5655
33.5897
33.6148
33.6483
33.6884
33.7074
33.7316
33.7859
33.8389
33.8865
33.9528
34.0069
34.0369
34.0611
34.0979
34.14
34.1937
34.2448
34.2877
34.3086
34.3332
34.3745
34.4127
34.4401
34.4833
34.5318
34.5575
34.5734
34.6001
34.6308
34.6493
34.664
34.6922
34.7295
34.7625
34.8105
34.841
34.8651
34.8953
34.9119
34.9426
34.9857
35.0103
35.0479
35.053
35.0714
35.0936
35.1
35.1052
35.1275
35.1634
35.2189
35.2432
35.2904
35.3427
35.374
35.4288
35.4598
35.4856
35.5011
35.5182
35.531
35.5347
35.5709
35.5983
35.6217
35.6317
35.6593
35.6692
35.6797
35.6765
35.6939
35.7131
35.7126
35.7359
35.7828
35.8135
35.8518
35.8896
35.9053
35.9224
35.9302
35.9518
35.9728
35.9924
36.0155
36.044
36.0797
36.1123
36.1184
36.1327
36.1474
36.1447
36.1656
36.1944
36.2116
36.2134
36.2326
36.2506
36.2607
36.2526
36.2857
36.3199
36.3149
36.342
36.3831
36.4078
36.4351
36.4639
36.4931
36.4991
36.5137
36.5139
36.526
36.5534
36.5653
36.5859
36.6059
36.6217
36.6416
36.6627
36.6775
36.6774
36.6842
36.6924
36.7003
36.7082
36.703
36.7151
36.7396
36.7348
36.7443
36.7616
36.7704
36.7818
36.7913
36.7998
36.8139
36.8322
36.8368
36.872
36.8784
36.9009
36.8942
36.9131
36.9325
36.9437
36.9551
36.9529
36.9537
36.963
36.9634
36.9843
36.9949
37.0241
37.0533
37.0654
37.0926
37.0955
37.1089
37.121
37.1249
37.1435
37.1561
37.1631
37.1662
37.1724
37.1743
37.2021
37.2118
37.2343
37.2466
37.274
37.2772
37.2923
37.3033
37.2852
37.2853
37.3029
37.3079
37.3231
37.3339
37.3678
37.4029
37.4025
37.4017
37.4072
37.4026
37.4268
37.4304
37.4556
37.4616
37.4701
37.4716
37.4782
37.4709
37.4536
37.4331
37.4338
37.4143
37.4128
37.4274
37.461
37.4909
37.499
37.5317
37.5488
37.5696
37.5558
37.5649
37.5801
37.5796
37.5862
37.5862
37.593
37.6021
37.5943
37.5877
37.6123
37.6155
37.6312
37.6464
37.6637
37.6937
37.7125
37.7271
37.6951
37.6834
37.6736
37.661
37.6545
37.6643
37.6823
37.6842
37.7005
37.7098
37.6932
37.7002
37.6939
37.7095
37.7045
37.7138
37.733
37.7463
37.7545
37.7482
37.745
37.7525
37.7459
37.7529
37.7529
37.7787
37.7839
37.7924
37.7955
37.8059
37.8077
37.7739
37.7327
37.7117
37.7845
37.6249
37.6697
37.6729
37.6739
37.6586
37.6428
37.6419
37.6271
37.6182
37.5976
37.5722
37.54
37.5091
37.4994
37.5083
37.506
37.4941
37.475
37.4604
37.4434
37.4193
37.4206
37.4102
37.408
37.3975
37.3866
37.3642
37.3345
37.2983
37.2645
37.2267
37.1986
37.1731
37.1593
37.1457
37.1418
37.1258
37.1089
37.0982
37.1011
37.0962
37.0862
37.0486
37.0403
37.0122
36.9728
36.922
36.8882
36.882
36.8588
36.8374
36.8163
36.7974
36.7867
36.7614
36.7346
36.7099
36.6658
36.651
36.6236
36.622
36.6001
36.5757
36.5537
36.5263
36.5158
36.48
36.4869
36.4934
36.4881
36.4915
36.467
36.4635
36.4587
36.4237
36.4033
36.3818
36.3619
36.3207
36.285
36.2822
36.2736
36.2525
36.2548
36.2549
36.2447
36.2229
36.1941
36.1724
36.146
36.1186
36.1079
36.0857
36.0686
36.0483
36.029
36.011
35.9744
35.9553
35.9439
35.9392
35.9146
35.8944
35.8919
35.885
35.8721
35.8341
35.8149
35.7974
35.7915
35.7626
35.746
35.7451
35.7345
35.7237
35.7141
35.7025
35.6959
35.6917
35.6795
35.6663
35.6512
35.6126
35.594
35.5653
35.5532
35.5263
35.5111
35.5041
35.4845
35.4635
35.4274
35.4157
35.3885
35.3774
35.3723
35.3655
35.3711
35.3377
35.3146
35.297
35.2815
35.2629
35.2447
35.2249
35.2142
35.1922
35.159
35.1496
35.1168
35.096
35.0947
35.093
35.0749
35.0669
35.0716
35.0728
35.0552
35.0569
35.0369
35.034
35.0138
34.9923
34.9651
34.9377
34.9242
34.897
34.8955
34.8806
34.8802
34.8799
34.8619
34.8244
34.7981
34.7609
34.7482
34.7307
34.7271
34.727
34.715
34.6825
34.6626
34.6346
34.6038
34.5865
34.5879
34.5639
34.5448
34.5435
34.5239
34.513
34.4913
34.4866
34.4642
34.4521
34.4182
34.4127
34.4056
34.415
34.3884
34.3821
34.3654
34.3353
34.3029
34.2757
34.2565
34.2561
34.2549
34.2554
34.2343
34.213
34.2136
34.2037
34.1907
34.1526
34.1354
34.1216
34.0776
34.0634
34.0373
34.0394
34.0341
34.0252
34.0183
34.0026
33.9948
33.985
33.956
33.9439
33.9306
33.8858
33.854
33.8279
33.8162
33.7869
33.7752
33.766
33.7545
33.7415
33.717
33.7053
33.6845
33.6776
33.6744
33.6643
33.6414
33.6039
33.5768
33.57
33.5405
33.5374
33.525
33.5275
33.5126
33.5041
33.5032
33.5091
33.4842
33.4749
33.461
33.4652
33.4521
33.4165
33.4033
33.3815
33.3489
33.318
33.3121
33.2971
33.2776
33.2829
33.2935
33.2903
33.2623
33.233
33.2311
33.2135
33.194
33.1875
33.1675
33.1614
33.1476
33.124
33.1021
33.0784
33.0696
33.0513
33.0351
33.0294
33.0305
33.0054
32.9889
32.9853
32.9703
32.9436
32.9329
32.9358
32.9387
32.9276
32.9423
32.926
32.9194
32.8967
32.8772
32.8638
32.8537
32.8373
32.8099
32.8017
32.7935
32.7838
32.7743
32.7557
32.7447
32.7245
32.7017
32.6658
32.6564
32.6463
32.635
32.6157
32.6155
32.6029
32.606
32.5864
32.558
32.5405
32.516
32.4978
32.4865
32.4853
32.4732
32.4752
32.465
32.4357
32.426
32.4033
32.3788
32.3724
32.3603
32.3526
32.3431
32.3361
32.3248
32.3189
32.3151
32.285
32.2659
32.2513
32.2337
32.2252
32.2036
32.1908
32.1923
32.1694
32.1363
32.117
32.1318
32.1155
32.0947
32.0846
32.0745
32.0521
32.0338
32.0142
32.0208
31.9983
32.0028
31.9798
31.965
31.9585
31.9463
31.9443
31.9427
31.918
31.9075
31.9048
31.8817
31.8667
31.8662
31.8739
31.8654
31.8377
31.8149
31.7964
31.774
31.7545
31.7314
31.723
31.7142
31.7204
31.7276
31.7232
31.7204
31.6972
31.6796
31.6456
31.6201
31.5959
31.5839
31.5537
31.5427
31.5275
31.5286
31.5044
31.4845
31.4787
31.4732
31.4439
31.4077
31.403
31.404
31.3912
31.3932
31.4098
31.4143
31.4032
31.385
31.3572
31.3459
31.3248
31.3088
31.2857
31.274
31.2638
31.2447
31.2449
31.2281
31.2387
31.2261
31.2158
31.2022
31.1698
31.167
31.1563
31.1366
31.1224
31.1024
31.0936
31.0748
31.0634
31.0454
31.0174
31.0048
30.9881
30.9888
30.9832
30.9835
30.9934
30.9983
31.0032
30.9807
30.9553
30.9456
30.9524
30.9357
30.9244
30.9046
30.9114
30.8967
30.8831
30.8662
30.8561
30.8479
30.8381
30.8235
30.8166
30.8049
30.7752
30.7459
30.7284
30.7255
30.7171
30.7063
30.7158
30.7135
30.7037
30.7021
30.6867
30.6716
30.663
30.6634
30.665
30.6649
30.6584
30.6564
30.6382
30.6174
30.6076
30.5762
30.5729
30.5667
30.5635
30.5524
30.5325
30.5198
30.4862
30.4821
30.4575
30.4211
30.4098
30.3726
30.3809
30.3667
30.3545
30.3561
30.345
30.343
30.3263
30.3061
30.2821
30.2553
30.2463
30.2443
30.2284
30.2287
30.2266
30.1986
30.1675
30.1556
30.1448
30.119
30.1032
30.1028
30.0819
30.0513
30.0302
30.0188
30.0022
29.9827
29.972
29.9716
29.9553
29.9478
29.9458
29.9338
29.9077
29.8872
29.8768
29.8456
29.8427
29.8264
29.8232
29.8129
29.8088
29.815
29.8052
29.7932
29.774
29.7456
29.7197
29.7005
29.6928
29.6878
29.675
29.6776
29.6861
29.6841
29.6701
29.6748
29.6666
29.6666
29.6453
29.6088
29.5927
29.576
29.5724
29.5442
29.5468
29.5435
29.5407
29.5244
29.5243
29.5139
29.4947
29.483
29.4537
29.4432
29.4322
29.4188
29.3941
29.374
29.3834
29.3753
29.3642
29.3561
29.3564
29.3626
29.3557
29.3325
29.298
29.2861
29.274
29.2724
29.2463
29.2281
29.236
29.2529
29.2365
29.2265
29.2321
29.2321
29.2245
29.1939
29.1919
29.1646
29.1544
29.1447
29.133
29.1167
29.1126
29.094
29.0912
29.0736
29.071
29.0423
29.0221
29.0025
28.9771
28.97
28.9471
28.9341
28.9337
28.9143
28.9012
28.8931
28.8849
28.8764
28.856
28.8475
28.8413
28.8367
28.8179
28.8036
28.7889
28.7821
28.7522
28.7281
28.7403
28.7288
28.734
28.732
28.7349
28.7161
28.7111
28.6724
28.6444
28.6243
28.624
28.6135
28.608
28.6227
28.617
28.622
28.6028
28.5976
28.5918
28.5839
28.5846
28.5686
28.5674
28.5739
28.5702
28.5774
28.5849
28.5701
28.5712
28.547
28.5385
28.5138
28.481
28.4533
28.4191
28.3918
28.3807
28.3603
28.3449
28.3543
28.36
28.3607
28.3562
28.3561
28.3632
28.3521
28.3276
28.31
28.3138
28.2987
28.2959
28.304
28.299
28.3036
28.2788
28.276
28.2681
28.2576
28.2447
28.2327
28.2076
28.2139
28.2044
28.1939
28.1807
28.1747
28.1709
28.1611
28.1626
28.1506
28.1369
28.1314
28.1138
28.1093
28.0963
28.0735
28.0612
28.0502
28.0521
28.054
28.0634
28.067
28.0763
28.0482
28.0389
28.0354
28.0244
28.0103
27.9899
27.9745
27.967
27.9645
27.967
27.949
27.9299
27.9162
27.8947
27.883
27.8575
27.8525
27.8506
27.8398
27.8438
27.8624
27.8704
27.8623
27.8544
27.8525
27.8358
27.815
27.7876
27.7935
27.7857
27.7857
27.7955
27.8053
27.8098
27.7906
27.7778
27.7697
27.7642
27.754
27.7346
27.7252
27.7416
27.7411
27.7264
27.7333
27.7248
27.7072
27.6952
27.6825
27.6616
27.6399
27.6233
27.6205
27.6024
27.5757
27.5474
27.5389
27.5174
27.5028
27.4764
27.4653
27.4599
27.4432
27.4325
27.4273
27.4228
27.4045
27.3689
27.358
27.3456
27.331
27.3232
27.3331
27.331
27.331
27.3212
27.3131
27.2951
27.2854
27.276
27.2542
27.2516
27.2444
27.2369
27.2288
27.2356
27.2454
27.2479
27.2385
27.2373
27.2438
27.23
27.2157
27.1959
27.1763
27.161
27.1167
27.1018
27.0735
27.0556
27.0549
27.0634
27.0654
27.0786
27.0761
27.0829
27.0669
27.0653
27.0584
27.0532
27.0288
27.0174
26.9928
26.9651
26.9528
26.9541
26.9525
26.9716
26.9739
26.9862
26.9813
26.9582
26.9426
26.9175
26.8967
26.8772
26.8759
26.8553
26.8358
26.8248
26.8227
26.8315
26.8475
26.8427
26.844
26.8448
26.8368
26.8368
26.8443
26.8212
26.8045
26.7935
26.7919
26.7768
26.7626
26.7557
26.7466
26.7447
26.7467
26.7408
26.7247
26.7014
26.6807
26.6483
26.6341
26.6256
26.5881
26.5865
26.5747
26.5744
26.5548
26.5338
26.5261
26.5224
26.5016
26.4781
26.4853
26.4922
26.4849
26.4761
26.4822
26.4911
26.4724
26.4537
26.4405
26.4254
26.4303
26.3899
