0.900085
0.936951
0.887817
0.780334
0.654541
0.611969
0.260803
0.437042
0.618225
0.0125122
0.713287
-0.0950623
0.593445
-0.332489
0.0591431
-0.679199
-0.226257
0.383209
0.409607
0
-0.617035
-0.659515
-0.387482
-0.669373
1.95493
3.91742
3.05774
1.34711
0.335785
-3.48959
-18.6822
-6.39148
-1.27826
1.85187
3.39993
4.16595
4.5257
4.78391
4.99454
5.15619
5.32452
5.48312
5.6629
5.84766
6.0257
6.19727
6.39337
6.56174
6.72345
6.90164
7.06015
7.21524
7.3461
7.50275
7.67307
7.80859
7.98016
8.11572
8.27618
8.41492
8.56531
8.73367
8.90195
9.02939
9.04523
9.04056
9.24197
9.5694
9.77478
9.86563
9.95242
10.0473
10.1423
10.2203
10.2875
10.3591
9.87885
6.40375
5.17999
4.83478
4.94516
8.52954
6.10773
12.5963
13.4385
13.1941
13.1916
13.2783
13.3534
13.4252
13.4627
13.5036
13.5457
13.552
13.5569
13.5746
13.5863
13.5879
13.6137
13.6367
13.6484
13.6203
13.6109
13.6171
13.6367
13.6547
13.6664
13.6859
13.6879
13.707
13.7253
13.7465
13.7559
13.7594
13.7711
13.7675
13.7887
13.8086
13.8085
13.8148
13.8199
13.8082
13.7972
13.7871
13.7856
13.8055
13.784
13.7875
13.7656
13.743
13.7352
13.7414
13.7629
13.8051
13.8066
13.8199
13.8203
13.8344
13.8544
13.8563
13.8723
13.8856
13.8852
13.8984
13.9085
13.9457
14.0129
14.0946
14.1844
13.8023
5.85587
4.83282
4.5914
4.46213
4.4133
4.38367
4.35471
4.32501
4.31525
4.30548
4.31369
4.31369
4.31369
4.32312
4.32346
4.32501
4.31174
4.30353
4.29572
4.26602
4.22852
4.21564
4.23007
4.24805
4.25946
4.28751
4.2547
4.25281
4.22385
4.17307
4.15976
4.16962
4.16171
4.16135
4.13516
4.13361
4.13205
4.13828
4.14032
4.1293
4.129
4.12109
4.1207
4.08954
4.08789
4.08133
4.0668
4.04688
4.02899
4.01913
4.01132
3.99969
3.99023
3.99969
3.99844
3.98016
3.96875
3.96875
3.97
4.01993
4.07001
4.14688
4.19922
4.23642
4.2168
4.17938
4.06836
1.54892
-0.523041
-1.06866
-1.83203
1.00977
5.76923
4.6207
0.359467
0.367584
0.220398
-0.269531
0.137115
-0.931549
-0.833496
-0.751556
-0.720612
-1.89218
-4.88232
-7.26172
-8.08194
-1.19296
1.76767
6.61093
3.01962
-7.85782
-7.1293
-5.15851
0.56369
2.21884
2.4086
2.44736
2.45743
2.49814
2.70743
2.94736
2.53751
3.71533
3.42627
3.33829
3.34619
4.31885
4.02618
3.81845
4.034
4.0079
4.23682
4.39844
4.49649
4.55869
4.45557
4.27463
4.09814
3.94736
3.78595
3.60947
3.43634
3.28564
3.02774
2.81689
2.79541
3.01453
2.54922
1.88876
-15.0148
-229.031
-209.845
-197.453
-196.175
-199.444
-203.124
-206.222
-209.126
-211.525
-213.392
-214.662
-215.4
-215.678
-215.755
-215.665
-215.392
-214.956
-214.455
-213.763
-213.034
-212.245
-211.366
-210.392
-209.345
-208.293
-207.235
-206.125
-205.027
-203.882
-202.722
-201.593
-200.351
-199.195
-197.953
-196.653
-195.405
-194.139
-192.816
-191.595
-190.335
-189.044
-187.704
-186.405
-185.075
-183.759
-182.487
-181.214
-179.866
-178.555
-177.235
-175.945
-174.693
-173.414
-172.113
-170.804
-169.464
-168.154
-166.825
-165.536
-164.245
-162.995
-161.653
-160.327
-159.079
-157.807
-156.546
-155.263
-154.005
-152.778
-151.5
-150.216
-149.017
-147.827
-146.575
-145.364
-144.172
-142.927
-141.694
-140.503
-139.245
-138.046
-136.829
-135.605
-134.358
-133.217
-132.034
-130.829
-129.636
-128.466
-127.296
-126.126
-124.995
-123.825
-122.685
-121.585
-120.436
-119.305
-118.157
-117.036
-115.915
-114.735
-113.613
-112.762
-111.971
-110.699
-108.919
-107.81
-106.867
-106.005
-105.089
-104.125
-103.537
-102.977
-101.442
-100.209
-98.9101
-97.7462
-97.1668
-95.5691
-94.2274
-93.0338
-93.9059
-91.3163
-90.524
-88.7139
-89.1823
-87.1588
-86.2298
-84.4242
-83.3804
-82.3986
-81.3182
-80.2658
-79.2545
-78.2545
-77.2694
-76.3202
-75.3187
-74.358
-73.3936
-72.4651
-71.5342
-70.5159
-69.5846
-68.6843
-67.7467
-66.7874
-65.7893
-64.8772
-63.9409
-62.9721
-62.0569
-61.0991
-60.2287
-59.3283
-58.4182
-57.4507
-56.5865
-55.6877
-54.7464
-53.8561
-52.9065
-52.0323
-51.1401
-50.1823
-49.2838
-48.3756
-47.4639
-46.5783
-45.8073
-45.1113
-44.2877
-43.1127
-42.0169
-41.1468
-40.2631
-39.4441
-38.6123
-37.8331
-37.0144
-36.2174
-35.4424
-34.4906
-33.4809
-32.6779
-31.8889
-31.1046
-30.2549
-29.4624
-28.7124
-27.9608
-27.8366
-29.3737
-24.3859
-22.5711
-21.7662
-20.9669
-20.1873
-19.3936
-18.6353
-17.8705
-17.1323
-16.3874
-15.6504
-14.9039
-14.2734
-13.6
-12.8942
-12.2047
-11.5527
-10.832
-10.1637
-9.47226
-8.81561
-8.18475
-7.48553
-6.81561
-6.12109
-5.4953
-4.82693
-4.14569
-3.49881
-2.8367
-2.13586
-1.46405
-0.756622
-0.108185
0.520721
1.17148
1.79376
2.47501
3.13361
3.75314
4.41141
5.03906
5.69296
6.3446
6.95392
7.56525
8.20392
8.87265
9.46875
10.1306
10.7809
11.4016
12.0032
12.6324
13.252
13.8688
14.5145
15.1208
15.7238
16.3152
16.8773
17.4559
18.0293
18.6501
19.2891
19.8985
20.5488
21.15
21.7579
22.3578
22.9556
23.5785
24.2009
24.7535
25.3215
25.8934
26.4704
27.0504
27.6438
28.2105
28.8083
29.3824
29.9688
30.4997
31.1078
31.6536
32.1699
32.75
33.2595
33.8266
34.397
34.9785
35.5489
36.1078
36.6481
37.207
37.7614
38.309
38.838
39.3363
39.8509
40.4086
41.0078
41.5095
42.0438
42.5782
43.1173
43.6078
44.129
44.6797
45.1957
45.7271
46.2091
46.7156
47.2892
47.807
48.3067
48.8594
49.3575
49.8641
50.3695
50.897
51.4168
51.9278
52.4004
52.8708
53.3563
53.879
54.3563
54.8302
55.3872
55.8973
56.4067
56.8872
57.407
57.938
58.4871
58.9001
59.3578
59.8677
60.3481
60.7957
61.2938
61.7876
62.2649
62.7466
63.2059
63.6551
64.1532
64.6454
65.1079
65.5457
66.0196
66.5457
67.0181
67.4673
67.8856
68.3462
68.8302
69.3152
69.7856
70.2469
70.686
71.1274
71.5359
71.9864
72.4066
72.8267
73.2727
73.722
74.1747
74.6125
75.104
75.5848
76.0344
76.4767
76.9067
77.3254
77.7548
78.1958
78.5965
79.0259
79.472
79.9165
80.3352
80.7938
81.2056
81.6043
82.0161
82.438
82.8383
83.2368
83.6356
84.0829
84.5013
84.9344
85.3856
85.7727
86.1519
86.5813
87.0028
87.3919
87.745
88.1926
88.5927
88.9559
89.3153
89.7356
90.1763
90.593
91.0052
91.4247
91.8528
92.2453
92.6028
92.9755
93.3743
93.7532
94.1634
94.5559
94.9524
95.3755
95.7742
96.147
96.5243
96.9067
97.3039
97.6829
98.0454
98.402
98.8005
99.1927
99.5422
99.9114
100.294
100.665
101.025
101.404
101.745
102.085
102.452
102.802
103.165
103.575
103.943
104.324
104.685
105.034
105.405
105.753
106.103
106.425
106.765
107.133
107.507
107.874
108.216
108.593
108.944
109.275
109.622
110.003
110.341
110.675
111.015
111.365
111.693
112.002
112.366
112.706
113.036
113.374
113.706
114.085
114.443
114.8
115.149
115.48
115.804
116.14
116.495
116.816
117.106
117.433
117.763
118.085
118.423
118.761
119.109
119.431
119.772
120.083
120.395
120.702
121.022
121.333
121.606
121.933
122.255
122.534
122.54
122.467
123.038
124.081
124.34
124.479
124.585
124.719
124.914
124.485
124.664
125.335
125.723
126.381
126.551
126.743
127.51
128.071
128.41
126.931
128.815
128.736
129.869
128.36
129.968
130.212
131.172
131.574
131.915
132.234
132.564
132.916
133.224
133.533
133.83
134.133
134.431
134.722
135.023
135.319
135.613
135.894
136.172
136.458
136.755
137.085
137.375
137.691
138.01
138.331
138.639
138.963
139.272
139.579
139.89
140.19
140.489
140.811
141.101
141.402
141.691
142.002
142.311
142.61
142.945
143.272
143.6
143.842
143.987
144.188
144.786
145.2
145.536
145.833
146.126
146.407
146.66
146.93
147.16
147.392
147.794
148.251
148.508
148.731
148.927
149.167
149.399
149.67
149.912
149.489
147.609
151.943
153.033
153.265
153.541
153.83
154.123
154.411
154.662
154.938
155.163
155.395
155.562
155.772
156.021
156.254
156.475
156.656
156.856
157.045
157.235
157.433
157.652
157.843
158.054
158.273
158.533
158.741
158.97
159.196
159.413
159.593
159.786
160.011
160.202
160.402
160.585
160.792
160.987
161.182
161.392
161.598
161.802
162.02
162.218
162.413
162.604
162.792
163.021
163.248
163.452
163.662
163.89
164.122
164.302
164.488
164.718
164.92
165.15
165.392
165.605
165.8
165.988
166.191
166.408
166.621
166.823
167.021
167.22
167.449
167.668
167.89
168.118
168.343
168.531
168.714
168.913
169.14
169.353
169.559
169.76
169.959
170.149
170.348
170.579
170.796
170.986
171.207
171.439
171.66
171.83
172.01
172.237
172.467
172.652
172.869
173.086
173.292
173.479
173.67
173.899
174.121
174.327
174.528
174.698
174.877
175.086
175.296
175.497
175.706
175.9
176.096
176.286
176.495
176.696
176.917
177.134
177.337
177.508
177.707
177.895
178.086
178.276
178.465
178.668
178.874
179.086
179.278
179.477
179.665
179.848
180.055
180.219
180.405
180.606
180.817
181.036
181.216
181.415
181.588
181.758
181.938
182.108
182.299
182.495
182.716
182.907
183.088
183.273
183.474
183.684
183.866
184.036
184.198
184.358
184.537
184.737
184.917
185.116
185.309
185.515
185.708
185.905
186.105
186.294
186.462
186.634
186.797
186.995
187.185
187.366
187.577
187.755
187.946
188.104
188.264
188.474
188.653
188.837
189.007
189.204
189.374
189.528
189.663
189.825
190.003
190.194
190.386
190.563
190.755
190.927
191.087
191.234
191.431
191.634
191.815
191.975
192.165
192.337
192.505
192.675
192.827
193.005
193.183
193.364
193.518
193.693
193.874
194.046
194.196
194.374
194.554
194.733
194.907
195.075
195.245
195.395
195.575
195.766
195.914
196.095
196.255
196.413
196.574
196.743
196.933
197.095
197.275
197.446
197.595
197.743
197.932
198.104
198.274
198.421
198.614
198.794
198.954
199.103
199.273
199.415
199.582
199.714
199.883
200.064
200.222
200.392
200.552
200.732
200.923
201.103
201.263
201.415
201.554
201.712
201.874
202.023
202.185
202.322
202.474
202.622
202.784
202.982
203.132
203.291
203.443
203.591
203.743
203.881
204.052
204.238
204.411
204.564
204.742
204.9
205.07
205.24
205.381
205.549
205.711
205.872
206.052
206.204
206.371
206.521
206.683
206.822
206.969
207.119
207.277
207.42
207.599
207.753
207.879
208.026
208.194
208.324
208.482
208.647
208.809
208.846
208.805
208.66
209.036
209.827
209.968
209.988
209.971
209.971
210.006
209.71
209.4
209.887
210.262
210.67
210.82
210.667
211.251
211.592
211.892
210.256
212.079
212.012
212.698
211.372
212.768
212.703
213.428
213.67
213.819
214.01
214.182
214.344
214.526
214.673
214.804
214.951
215.083
215.232
215.361
215.523
215.683
215.868
216.041
216.203
216.392
216.574
216.713
216.863
216.999
217.162
217.332
217.499
217.664
217.809
217.963
218.111
218.244
218.404
218.554
218.701
218.853
219.01
219.204
219.396
219.592
219.821
219.99
220.101
220.084
220.208
220.635
220.944
221.102
221.234
221.392
221.554
221.706
221.825
221.958
222.059
222.354
222.66
222.777
222.87
222.982
223.124
223.248
223.371
223.533
223.066
220.87
225.119
226.189
226.36
226.484
226.654
226.824
226.973
227.11
227.209
227.305
227.385
227.439
227.54
227.639
227.738
227.82
227.88
227.941
227.992
228.083
228.212
228.3
228.42
228.515
228.604
228.684
228.753
228.869
228.959
229.047
229.14
229.246
229.333
229.392
229.482
229.58
229.691
229.782
229.89
229.992
230.111
230.214
230.302
230.39
230.493
230.554
230.639
230.758
230.858
230.959
231.068
231.15
231.241
231.351
231.469
231.572
231.66
231.752
231.843
231.938
232.019
232.129
232.246
232.34
232.438
232.531
232.649
232.738
232.871
232.996
233.108
233.217
233.31
233.398
233.49
233.58
233.69
233.829
233.939
234.049
234.14
234.24
234.34
234.43
234.519
234.629
234.73
234.82
234.918
235.027
235.137
235.237
235.328
235.427
235.527
235.629
235.747
235.827
235.936
236.049
236.168
236.268
236.39
236.487
236.586
236.668
236.758
236.864
236.965
237.086
237.188
237.286
237.395
237.516
237.619
237.739
237.848
237.941
238.016
238.095
238.196
238.297
238.417
238.498
238.598
238.717
238.827
238.945
239.057
239.149
239.239
239.318
239.405
239.487
239.575
239.676
239.794
239.936
240.079
240.149
240.247
240.364
240.459
240.576
240.686
240.794
240.887
240.977
241.034
241.109
241.196
241.296
241.418
241.538
241.657
241.748
241.836
241.916
242.006
242.106
242.235
242.325
242.426
242.557
242.654
242.724
242.833
242.964
243.054
243.155
243.266
243.346
243.456
243.557
243.665
243.786
243.907
243.993
244.086
244.188
244.286
244.395
244.475
244.575
244.677
244.783
244.874
244.985
245.085
245.194
245.286
245.386
245.474
245.573
245.676
245.784
245.866
245.992
246.095
246.195
246.314
246.425
246.533
246.634
246.735
246.855
246.917
247.005
247.104
247.186
247.284
247.384
247.475
247.585
247.686
247.768
247.846
247.952
248.052
248.14
248.23
248.353
248.454
248.574
248.906
335.527
485.575
493.168
496.614
499.176
501.188
502.835
504.173
505.382
506.423
507.394
508.243
509.072
509.794
510.472
511.044
511.632
512.193
512.693
513.163
513.64
514.101
514.484
514.863
515.235
515.564
515.894
516.224
516.531
516.83
517.132
517.433
517.693
517.933
518.173
518.433
518.681
518.912
519.134
519.345
519.544
519.742
519.922
520.075
520.243
520.417
520.593
520.753
520.904
521.06
521.232
521.402
521.552
521.691
521.851
522.002
522.142
522.274
522.402
522.583
522.882
523.201
523.383
523.481
523.574
523.683
523.743
522.021
519.522
519.725
518.392
518.856
523.583
526.744
524.356
521.283
520.892
520.521
520.885
521.396
520.237
520.092
520.013
519.96
517.183
513.916
512.072
513.775
522.009
524.825
528.546
517.441
513.715
513.32
516.987
523.717
524.235
525.395
520.825
524.441
519.081
518.261
518.338
518.039
519.243
519.134
519.21
519.316
519.76
521.349
519.933
520.624
520.263
520.223
520.337
520.463
520.614
520.767
520.906
521.059
521.187
521.352
521.506
521.666
521.806
521.92
522.043
522.143
522.27
522.355
522.456
522.563
522.685
522.778
522.867
522.974
523.086
523.194
523.295
523.422
523.545
523.605
523.621
523.578
523.656
523.939
524.145
524.234
524.289
524.34
524.393
524.445
524.476
524.481
524.475
522.729
521.213
520.859
521.01
520.863
520.281
523.319
519.704
517.654
520.436
521.068
521.033
521.004
521.007
521.086
521.207
521.307
521.46
519.213
520.501
523.122
523.521
523.658
523.811
523.95
524.102
524.231
524.379
524.481
524.521
524.575
524.654
524.768
524.891
525.017
525.111
525.167
525.209
525.265
525.347
525.42
525.5
525.543
525.584
525.637
525.718
525.784
525.838
525.897
525.949
526.018
526.064
526.111
526.165
526.216
526.25
526.315
526.345
526.366
526.392
526.417
526.446
526.502
526.564
526.605
526.659
526.722
526.744
526.793
526.841
526.876
526.908
526.94
526.966
527.005
527.035
527.074
527.113
527.157
527.154
527.181
527.217
527.266
527.319
527.332
527.358
527.381
527.407
527.445
527.472
527.533
527.564
527.6
527.602
527.631
527.66
527.668
527.713
527.747
527.768
527.799
527.83
527.85
527.897
527.917
527.913
527.935
527.931
527.932
527.956
527.984
528.024
528.049
528.093
528.126
528.175
528.206
528.227
528.25
528.261
528.289
528.284
528.3
528.33
528.365
528.389
528.417
528.44
528.477
528.5
528.508
528.528
528.551
528.57
528.586
528.583
528.618
528.66
528.704
528.736
528.773
528.789
528.817
528.822
528.856
528.869
528.897
528.912
528.92
528.921
528.931
528.93
528.943
528.959
528.975
528.998
529.018
529.031
529.041
529.061
529.079
529.117
529.149
529.17
529.183
529.201
529.204
529.229
529.252
529.25
529.273
529.291
529.318
529.324
529.33
529.358
529.379
529.391
529.397
529.415
529.407
529.427
529.425
529.438
529.449
529.453
529.451
529.472
529.479
529.498
529.502
529.5
529.538
529.557
529.585
529.618
529.636
529.67
529.654
529.644
529.641
529.66
529.69
529.719
529.73
529.748
529.735
529.724
529.721
529.729
529.738
529.758
529.797
529.82
529.83
529.849
529.863
529.871
529.889
529.917
529.94
529.946
529.987
529.992
530
529.99
529.983
529.967
529.954
529.966
529.981
530.011
530.041
530.045
530.067
530.088
530.091
530.091
530.109
530.119
530.14
530.17
530.183
530.201
530.211
530.238
530.252
530.242
530.242
530.25
530.251
530.26
530.261
530.261
530.281
530.289
530.317
530.35
530.363
530.397
530.402
530.42
530.423
530.394
530.391
530.4
530.399
530.407
530.411
530.42
530.414
530.42
530.44
530.443
530.443
530.451
530.458
530.495
530.498
530.51
530.536
530.542
530.55
530.552
530.582
530.611
530.639
530.668
530.68
530.671
530.66
530.641
530.624
530.641
530.649
530.67
530.689
530.711
530.729
530.738
530.75
530.742
530.744
530.77
530.771
530.779
530.806
530.846
530.866
530.876
530.881
530.88
530.88
530.872
530.883
530.891
530.9
530.9
530.884
530.584
530.485
530.51
530.624
530.638
530.663
530.683
530.706
530.722
530.742
530.771
530.793
530.819
530.84
530.841
530.859
530.863
530.864
530.871
530.874
530.894
530.894
530.904
530.913
530.931
530.94
530.959
530.982
531.007
531.028
531.064
531.088
531.1
531.129
531.152
531.177
531.221
531.25
531.262
531.273
531.283
531.284
531.266
531.253
531.261
531.268
531.271
531.314
531.627
531.635
531.393
531.313
531.323
531.33
531.338
531.33
531.313
531.304
531.293
531.27
531.266
531.249
531.247
531.249
531.266
531.288
531.309
531.309
531.317
531.306
531.32
531.302
531.302
531.304
531.304
531.291
531.291
531.301
531.293
531.3
531.317
531.302
531.31
531.284
531.265
531.263
531.261
531.273
531.293
531.302
531.32
531.311
531.32
531.33
531.33
531.33
531.31
531.32
531.302
531.31
531.31
531.318
531.33
531.356
531.377
531.364
531.383
531.381
531.387
531.385
531.392
531.374
531.399
531.392
531.402
531.402
531.412
531.413
531.424
531.446
531.464
531.456
531.474
531.487
531.504
531.539
531.541
531.562
531.58
531.564
531.582
531.565
531.562
531.564
531.562
531.572
531.565
531.584
531.585
531.602
531.611
531.614
531.634
531.637
531.652
531.655
531.655
531.663
531.644
531.644
531.644
531.661
531.673
531.683
531.701
531.712
531.702
531.701
531.688
531.693
531.702
531.722
531.734
531.735
531.752
531.752
531.759
531.771
531.777
531.787
531.771
531.799
531.771
531.774
531.768
531.763
531.781
531.791
531.81
531.831
531.84
531.865
531.881
531.9
531.895
531.892
531.9
531.894
531.894
531.883
531.874
531.891
531.884
531.899
531.918
531.93
531.948
531.961
531.963
531.971
531.997
532.008
532.01
531.998
532.01
532.02
532.005
531.985
531.982
531.963
531.961
531.961
531.948
531.987
531.989
531.999
532.017
532.012
532.038
532.047
532.067
532.078
532.09
532.108
532.118
532.129
532.139
532.16
532.144
531.538
532.002
531.86
531.216
531.143
531.285
531.35
531.529
532.643
534.227
535.93
538.573
537.862
534.392
534.132
534.2
534.26
534.309
534.182
529.047
528.73
529.191
529.293
527.984
521.967
515.625
511.798
513.753
516.551
533.889
539.676
516.357
512.702
514.733
518.607
519.98
520.173
520.235
521.879
529.721
532.15
532.658
532.849
533.036
533.192
533.225
526.03
522.748
