1.07907
1.13046
1.04251
0.865936
0.782806
0.760101
0.606659
0.371185
0.851013
0.0589905
0.775177
-0.0273438
0.979919
-0.189453
0.277679
-0.069519
-0.824219
0.0460205
-0.0267944
2.4869E-14
-1.56662
-0.714905
-1.13602
-1.17148
-1.39545
-1.45123
-1.46561
-2.44727
-2.56998
-12.5981
11.6406
18.5214
26.2207
30.5801
32.6375
33.6344
34.1031
34.4024
34.6508
34.85
35.0411
35.2109
35.381
35.5363
35.6966
35.8731
36.0302
36.1705
36.3212
36.476
36.5809
36.6688
36.7587
36.8599
36.9614
37.0825
37.2278
37.3568
37.5056
37.6333
37.7623
37.8681
37.9974
38.1283
38.1489
38.023
38.0842
38.3562
38.539
38.5938
38.6474
38.7376
38.8063
38.8584
38.8895
38.9287
38.9517
37.4709
34.81
34.0131
33.7826
34.8514
36.6544
36.6189
41.0868
41.4414
41.2048
41.1349
41.1237
41.1041
41.1037
41.0772
41.0435
40.9888
40.9513
40.9044
40.8551
40.824
40.7735
40.7344
40.6653
40.6161
40.5396
40.4957
40.4825
40.4904
40.4551
40.4251
40.4075
40.3583
40.3224
40.3013
40.2833
40.2438
40.1852
40.1462
40.1067
40.0821
40.0708
40.0821
40.0559
40.0168
39.979
39.9301
39.8958
39.8731
39.8599
39.8321
39.8239
39.7962
39.7751
39.7653
39.7591
39.7681
39.7622
39.7798
39.7833
39.7766
39.7931
39.811
39.8063
39.8028
39.8228
39.8255
39.8157
39.8161
39.8618
39.9106
40.0103
38.6509
3.3208
1.85321
1.74384
1.73096
1.77002
1.80093
1.81454
1.84851
1.87976
1.92828
1.95166
1.99384
2.01025
2.01962
2.02164
2.02002
2.00049
2.01843
2.03796
2.05093
2.06921
2.07431
2.08057
2.08875
2.07242
2.05945
2.06766
2.06921
2.05093
2.03992
2.03015
2.01843
2.02829
2.01688
1.99072
1.99899
1.98953
1.99899
1.98602
1.99588
1.99579
1.99548
1.9993
1.98923
1.98953
1.98758
2.01071
1.99774
1.97751
1.9993
2.01501
1.99384
1.97791
1.98602
1.97595
1.95828
1.92859
1.89743
1.91101
1.93845
1.98602
2.04471
2.10516
2.15564
2.13486
2.0986
2.01727
-0.314667
-2.0925
-2.50607
-3.21515
-0.644745
3.42712
1.87469
-1.38498
-1.47491
-1.51233
-1.82452
-1.04202
-2.38312
-2.37561
-2.37686
-2.36194
-3.25616
-5.65295
-7.57297
-7.9389
-1.5632
0.567749
4.27353
-1.54514
-7.73468
-7.26233
-4.93585
-0.473267
0.615021
0.773529
0.757202
0.785248
0.825562
0.94696
1.14938
0.853607
1.8732
1.49429
1.42712
1.43213
1.47281
3.45486
1.39307
2.55289
1.91422
2.05447
2.17392
2.29626
2.32587
2.26697
2.14267
1.97595
1.83572
1.68719
1.53494
1.39462
1.23416
1.07242
0.804779
0.683746
0.933746
1.04666
0.166107
-0.0385132
-55.8654
-276.133
-257.074
-248.744
-249.944
-253.883
-257.713
-260.746
-263.195
-265.115
-266.547
-267.387
-267.756
-267.897
-267.785
-267.417
-266.98
-266.405
-265.656
-264.927
-264.135
-263.254
-262.359
-261.306
-260.275
-259.238
-258.117
-256.93
-255.848
-254.715
-253.466
-252.148
-250.898
-249.658
-248.376
-247.115
-245.846
-244.545
-243.267
-241.957
-240.662
-239.316
-237.988
-236.678
-235.336
-234.068
-232.738
-231.434
-230.107
-228.749
-227.398
-226.066
-224.744
-223.417
-222.146
-220.759
-219.419
-218.155
-216.788
-215.46
-214.107
-212.847
-211.538
-210.198
-208.899
-207.599
-206.316
-205.007
-203.758
-202.429
-201.155
-199.945
-198.658
-197.387
-196.146
-194.91
-193.659
-192.398
-191.109
-189.898
-188.713
-187.467
-186.177
-185.008
-183.767
-182.558
-181.337
-180.126
-178.931
-177.806
-176.599
-175.351
-174.158
-173.017
-171.816
-170.648
-169.506
-168.363
-167.177
-166.016
-164.883
-163.726
-162.721
-161.673
-160.817
-159.488
-157.684
-156.595
-155.644
-154.668
-153.698
-152.67
-152.374
-151.149
-149.846
-148.589
-147.193
-146.57
-145.265
-143.836
-142.608
-141.343
-142.01
-139.612
-138.618
-136.941
-137.37
-135.37
-134.398
-132.71
-131.627
-130.656
-129.579
-128.505
-127.504
-126.492
-125.45
-124.438
-123.447
-122.468
-121.433
-120.434
-119.452
-118.525
-117.605
-116.596
-115.626
-114.726
-113.7
-112.741
-111.792
-110.811
-109.858
-108.919
-107.999
-107.056
-106.079
-105.158
-104.228
-103.3
-102.38
-101.411
-100.491
-99.579
-98.672
-97.7638
-96.7865
-95.8353
-94.9481
-93.9939
-93.1002
-92.3847
-91.5533
-90.3913
-89.2745
-88.3306
-87.437
-86.6018
-85.7345
-84.8748
-83.9631
-83.133
-82.3241
-81.5052
-80.3978
-79.5657
-78.7111
-77.8862
-77.0677
-76.2475
-75.4455
-74.5366
-75.2201
-74.4548
-70.602
-69.3064
-68.5595
-67.7669
-66.9857
-66.1443
-65.3013
-64.5861
-63.8076
-63.0351
-62.3033
-61.5483
-60.8312
-60.1089
-59.3964
-58.6464
-57.9245
-57.2628
-56.5355
-55.8378
-55.078
-54.3788
-53.6273
-52.9441
-52.2757
-51.555
-50.8769
-50.1269
-49.4569
-48.764
-48.0371
-47.3264
-46.6772
-45.9995
-45.3276
-44.5991
-43.8671
-43.2269
-42.555
-41.8394
-41.2265
-40.5209
-39.8195
-39.1382
-38.4589
-37.8085
-37.1171
-36.4831
-35.8705
-35.1726
-34.4717
-33.8589
-33.2038
-32.5386
-31.8217
-31.1234
-30.4718
-29.8182
-29.1772
-28.5581
-27.8784
-27.2706
-26.6201
-25.9616
-25.2917
-24.6319
-23.9929
-23.3819
-22.7151
-22.0713
-21.4632
-20.8101
-20.228
-19.6303
-19.0124
-18.4127
-17.7542
-17.1041
-16.2624
-15.3816
-14.6893
-14.012
-13.442
-12.9257
-12.6647
-12.2132
-11.6237
-11.03
-10.4522
-9.83273
-9.23312
-8.68576
-8.08459
-7.48624
-6.90295
-6.31625
-5.67413
-5.15451
-4.55811
-3.97678
-3.39319
-2.81476
-2.26233
-1.69366
-1.10413
-0.503815
0.067749
0.624786
1.18915
1.72791
2.30322
2.84705
3.44156
4.02704
4.57401
5.10516
5.69666
6.2247
6.83377
7.35172
7.87515
8.46338
9.02518
9.57401
10.1056
10.6658
11.2049
11.772
12.2849
12.8244
13.3849
13.9318
14.5076
14.9943
15.5399
16.0232
16.5416
17.0431
17.5431
18.1017
18.6248
19.1642
19.6736
20.1869
20.754
21.2556
21.7541
22.272
22.8439
23.365
23.8521
24.3404
24.8338
25.3537
25.8849
26.3931
26.8748
27.3748
27.8438
28.3439
28.8244
29.2935
29.7916
30.2638
30.7146
31.2345
31.7313
32.2232
32.6822
33.1591
33.6494
34.1494
34.6232
35.0709
35.5529
36.0497
36.5314
37.0216
37.463
37.9126
38.3732
38.8244
39.2931
39.7248
40.1919
40.6607
41.1248
41.5806
42.0103
42.4712
42.9728
43.4127
43.8341
44.2622
44.731
45.1884
45.6299
46.0806
46.558
46.9795
47.4205
47.8732
48.3326
48.774
49.215
49.6743
50.1115
50.5037
50.9224
51.3619
51.7603
52.1802
52.6197
53.0615
53.5123
53.9142
54.3309
54.7638
55.1607
55.5611
55.9845
56.442
56.8638
57.2607
57.7001
58.1607
58.5607
58.9744
59.3849
59.8013
60.249
60.6509
61.0709
61.5092
61.9302
62.3228
62.772
63.1431
63.5381
63.9794
64.3732
64.7834
65.1955
65.5939
65.9927
66.3927
66.7916
67.1705
67.5334
67.8993
68.2978
68.6884
69.0611
69.4892
69.9107
70.2931
70.6427
71.0122
71.4581
71.8818
72.2627
72.622
72.9814
73.3622
73.7326
74.1017
74.4404
74.8291
75.231
75.6314
76.0009
76.372
76.792
77.1529
77.483
77.833
78.2134
78.5826
78.9322
79.29
79.6529
80.0123
80.4111
80.7525
81.1021
81.4618
81.8291
82.249
82.6295
82.9892
83.3341
83.6724
84.0138
84.3619
84.7017
85.0412
85.4009
85.7603
86.1002
86.2613
86.6792
86.7432
87.3794
88.2427
88.5699
88.8055
89.0065
89.2269
89.5504
88.8345
89.6299
90.1191
90.2792
91.3827
91.0477
91.7434
92.3661
92.8434
93.238
91.7388
93.789
93.7925
94.7531
93.431
95.0469
95.3301
96.3178
96.6623
97.0011
97.4163
97.8034
98.1678
98.5306
98.8424
99.1646
99.5022
99.831
100.132
100.452
100.77
101.092
101.384
101.721
102.081
102.426
102.774
103.119
103.462
103.803
104.158
104.486
104.81
105.109
105.451
105.812
106.132
106.47
106.794
107.13
107.444
107.784
108.113
108.478
108.814
109.164
109.511
109.831
110.072
110.233
110.539
111.158
111.654
112.017
112.324
112.658
112.985
113.285
113.574
113.868
114.117
114.403
115.081
115.401
115.698
115.944
116.179
116.447
116.748
117.079
115.94
115.99
119.274
120.176
120.444
120.71
121.034
121.313
121.602
121.877
122.171
122.434
122.699
122.922
123.161
123.419
123.651
123.899
124.152
124.381
124.592
124.811
125.068
125.311
125.524
125.754
125.965
126.175
126.434
126.72
126.94
127.143
127.36
127.623
127.893
128.128
128.38
128.629
128.86
129.11
129.319
129.53
129.767
130.029
130.269
130.499
130.744
130.983
131.211
131.479
131.734
131.978
132.216
132.442
132.684
132.932
133.17
133.421
133.661
133.893
134.104
134.336
134.553
134.78
135.027
135.293
135.566
135.826
136.058
136.298
136.517
136.747
136.986
137.249
137.488
137.708
137.979
138.239
138.478
138.708
138.948
139.179
139.399
139.628
139.867
140.099
140.335
140.585
140.797
141.025
141.263
141.515
141.755
141.992
142.236
142.466
142.685
142.904
143.169
143.425
143.654
143.875
144.087
144.324
144.55
144.757
144.995
145.215
145.445
145.694
145.932
146.174
146.398
146.625
146.855
147.068
147.298
147.515
147.737
147.955
148.156
148.393
148.633
148.844
149.043
149.265
149.524
149.746
149.947
150.143
150.379
150.582
150.793
151.022
151.274
151.504
151.736
151.961
152.201
152.444
152.674
152.903
153.133
153.314
153.524
153.744
153.984
154.213
154.412
154.625
154.824
155.025
155.246
155.445
155.667
155.902
156.162
156.385
156.584
156.801
157.002
157.213
157.424
157.615
157.852
158.063
158.261
158.473
158.669
158.873
159.102
159.323
159.543
159.752
159.951
160.143
160.372
160.573
160.792
161.009
161.231
161.452
161.654
161.862
162.072
162.28
162.491
162.718
162.902
163.09
163.301
163.551
163.762
163.934
164.11
164.293
164.503
164.713
164.903
165.124
165.293
165.532
165.721
165.912
166.11
166.311
166.524
166.713
166.934
167.153
167.383
167.56
167.751
167.95
168.149
168.344
168.534
168.715
168.911
169.122
169.342
169.543
169.733
169.924
170.094
170.292
170.511
170.733
170.921
171.11
171.283
171.463
171.644
171.813
172.014
172.202
172.393
172.597
172.808
173.038
173.241
173.44
173.648
173.842
173.992
174.162
174.341
174.54
174.723
174.922
175.108
175.301
175.463
175.651
175.829
176.002
176.192
176.373
176.592
176.79
177.001
177.218
177.431
177.628
177.837
177.999
178.192
178.352
178.55
178.74
178.942
179.081
179.262
179.432
179.639
179.831
180.04
180.239
180.421
180.601
180.8
180.991
181.172
181.372
181.542
181.702
181.882
182.081
182.27
182.458
182.651
182.81
182.999
183.141
183.331
183.512
183.692
183.891
184.071
184.253
184.44
184.405
184.632
184.424
184.916
185.635
185.804
185.926
185.933
185.953
186.013
185.358
185.696
186.129
186.218
187.09
186.667
187.146
187.567
187.945
188.087
186.478
188.326
188.194
189.068
187.572
188.984
189.041
189.901
190.108
190.253
190.47
190.673
190.838
191.019
191.202
191.419
191.602
191.751
191.923
192.092
192.271
192.463
192.632
192.831
193.06
193.262
193.434
193.61
193.801
193.981
194.16
194.347
194.512
194.699
194.861
195.05
195.251
195.449
195.632
195.823
196.04
196.221
196.421
196.617
196.807
197.042
197.279
197.47
197.572
197.613
197.743
198.179
198.522
198.699
198.867
199.012
199.185
199.383
199.553
199.715
199.815
200.014
200.509
200.666
200.811
200.934
201.084
201.254
201.424
201.627
200.402
200.463
203.412
204.124
204.271
204.416
204.588
204.769
204.944
205.11
205.241
205.378
205.491
205.59
205.684
205.801
205.93
206.089
206.192
206.298
206.392
206.491
206.592
206.7
206.79
206.912
207.043
207.181
207.311
207.448
207.59
207.692
207.782
207.909
208.012
208.13
208.277
208.379
208.504
208.64
208.739
208.858
208.997
209.136
209.278
209.381
209.512
209.62
209.737
209.874
210.015
210.156
210.277
210.37
210.489
210.589
210.7
210.819
210.917
211.067
211.199
211.319
211.44
211.57
211.687
211.8
211.939
212.048
212.179
212.329
212.437
212.568
212.677
212.797
212.931
213.078
213.208
213.336
213.458
213.586
213.716
213.858
213.978
214.13
214.293
214.425
214.547
214.697
214.814
214.948
215.086
215.197
215.316
215.427
215.574
215.699
215.847
215.966
216.118
216.267
216.386
216.527
216.646
216.749
216.867
216.975
217.115
217.254
217.381
217.514
217.636
217.764
217.896
218.016
218.154
218.236
218.344
218.474
218.615
218.782
218.942
219.074
219.225
219.344
219.455
219.565
219.695
219.828
219.981
220.143
220.254
220.424
220.551
220.664
220.773
220.913
221.045
221.184
221.315
221.404
221.535
221.672
221.805
221.963
222.076
222.21
222.316
222.453
222.582
222.723
222.834
222.945
223.084
223.194
223.321
223.452
223.572
223.715
223.842
223.937
224.035
224.154
224.292
224.442
224.565
224.722
224.872
224.984
225.107
225.223
225.344
225.473
225.613
225.731
225.836
225.944
226.043
226.161
226.26
226.381
226.532
226.67
226.795
226.914
227.025
227.145
227.272
227.385
227.512
227.635
227.784
227.903
228.022
228.152
228.274
228.391
228.491
228.631
228.749
228.85
228.952
229.081
229.194
229.311
229.422
229.555
229.682
229.795
229.922
230.034
230.151
230.272
230.401
230.542
230.672
230.803
230.913
231.05
231.151
231.28
231.373
231.509
231.622
231.734
231.862
232.032
232.483
336.631
515.794
522.682
526.022
528.502
530.463
532.076
533.422
534.561
535.599
536.489
537.341
538.101
538.823
539.46
540.053
540.649
541.141
541.679
542.161
542.572
542.971
543.349
543.719
544.09
544.43
544.749
545.063
545.354
545.651
545.921
546.212
546.481
546.751
547.001
547.243
547.454
547.7
547.942
548.132
548.321
548.503
548.682
548.85
549.04
549.212
549.38
549.56
549.738
549.9
550.042
550.2
550.37
550.53
550.662
550.792
550.932
551.083
551.261
551.434
551.7
551.989
552.188
552.278
552.362
552.452
552.491
550.506
548.81
548.917
547.215
547.824
552.779
554.615
551.246
550.193
549.865
549.955
550.419
550.732
549.649
549.643
549.631
549.551
546.513
544.44
543.423
545.347
551.904
554.142
557.229
546.077
545.323
547.189
547.67
553.047
553.555
554.502
550.953
553.484
549.13
548.764
549.244
548.745
549.866
549.613
549.728
549.812
551.003
551.894
550.779
551.096
550.774
550.753
550.9
551.083
551.224
551.341
551.451
551.575
551.729
551.857
551.996
552.132
552.257
552.366
552.466
552.559
552.675
552.776
552.887
552.987
553.098
553.193
553.279
553.353
553.447
553.555
553.665
553.768
553.864
553.944
553.929
553.805
553.819
554.217
554.492
554.588
554.638
554.712
554.773
554.823
554.847
554.876
554.869
554.099
552.462
552.067
552.059
551.463
552.704
552.17
548.831
547.923
550.613
551.899
552.113
552.16
552.171
552.162
552.205
552.265
552.194
549.861
552.809
554.102
554.254
554.35
554.472
554.586
554.722
554.826
554.946
555.025
555.115
555.208
555.289
555.395
555.498
555.587
555.646
555.697
555.736
555.757
555.795
555.864
555.906
555.962
556.011
556.065
556.125
556.199
556.264
556.3
556.357
556.429
556.471
556.513
556.53
556.574
556.606
556.636
556.676
556.699
556.753
556.813
556.874
556.898
556.901
556.874
556.9
556.934
556.983
557.042
557.076
557.117
557.138
557.14
557.166
557.203
557.246
557.29
557.344
557.362
557.401
557.437
557.484
557.526
557.548
557.578
557.581
557.592
557.617
557.63
557.676
557.717
557.738
557.776
557.81
557.856
557.888
557.908
557.93
557.959
557.967
557.961
557.978
557.999
558.017
558.056
558.091
558.115
558.166
558.189
558.219
558.249
558.276
558.293
558.29
558.344
558.369
558.388
558.417
558.431
558.44
558.432
558.442
558.453
558.478
558.497
558.526
558.558
558.588
558.61
558.627
558.631
558.651
558.697
558.72
558.728
558.762
558.82
558.859
558.9
558.927
558.966
558.968
558.971
558.962
558.986
559.007
559.026
559.027
559.048
559.078
559.107
559.102
559.128
559.156
559.19
559.2
559.203
559.228
559.239
559.259
559.279
559.281
559.272
559.298
559.31
559.324
559.327
559.347
559.378
559.391
559.39
559.408
559.437
559.448
559.466
559.499
559.531
559.533
559.55
559.569
559.581
559.591
559.62
559.622
559.614
559.623
559.642
559.668
559.69
559.702
559.718
559.738
559.742
559.761
559.762
559.787
559.816
559.831
559.859
559.872
559.89
559.898
559.901
559.919
559.931
559.958
559.979
559.994
560.001
560.03
560.04
560.03
560.022
560.038
560.078
560.089
560.109
560.146
560.177
560.171
560.182
560.19
560.182
560.19
560.192
560.218
560.231
560.239
560.279
560.282
560.293
560.308
560.331
560.34
560.367
560.391
560.4
560.419
560.419
560.429
560.458
560.462
560.491
560.501
560.531
560.549
560.524
560.522
560.54
560.542
560.542
560.57
560.581
560.599
560.628
560.63
560.659
560.661
560.672
560.707
560.71
560.72
560.712
560.718
560.741
560.759
560.772
560.788
560.808
560.801
560.81
560.81
560.819
560.815
560.823
560.831
560.841
560.842
560.841
560.867
560.895
560.917
560.931
560.957
560.997
561.03
561.033
561.071
561.091
561.092
561.091
561.089
561.089
561.097
561.097
561.125
561.153
561.171
561.172
561.182
561.193
561.204
561.192
561.202
561.192
561.2
561.218
561.22
561.23
561.231
561.233
561.213
561.205
561.193
561.198
561.198
561.244
561.282
561.3
561.237
560.78
561.032
561.001
561.004
561.018
561.029
561.054
561.079
561.11
561.131
561.151
561.189
561.202
561.212
561.241
561.251
561.242
561.264
561.282
561.294
561.276
561.264
561.272
561.282
561.282
561.29
561.318
561.332
561.349
561.369
561.363
561.377
561.416
561.445
561.432
561.45
561.452
561.445
561.452
561.452
561.478
561.517
561.524
561.553
561.543
561.553
561.801
561.894
561.945
561.943
561.928
561.936
561.959
561.956
561.977
561.958
561.965
561.97
561.965
561.973
561.994
562.004
562.014
562.016
562.053
562.074
562.086
562.087
562.078
562.086
562.084
562.087
562.086
562.104
562.112
562.129
562.13
562.142
562.151
562.168
562.171
562.171
562.153
562.161
562.161
562.163
562.189
562.201
562.18
562.199
562.215
562.22
562.228
562.229
562.259
562.261
562.264
562.269
562.288
562.306
562.298
562.314
562.318
562.316
562.31
562.3
562.308
562.311
562.31
562.321
562.338
562.359
562.352
562.342
562.351
562.36
562.372
562.38
562.409
562.411
562.411
562.427
562.43
562.431
562.437
562.448
562.46
562.453
562.471
562.479
562.483
562.483
562.484
562.493
562.501
562.511
562.512
562.53
562.542
562.55
562.533
562.54
562.538
562.551
562.558
562.572
562.599
562.612
562.623
562.625
562.651
562.674
562.672
562.682
562.693
562.674
562.692
562.692
562.702
562.705
562.71
562.723
562.723
562.704
562.712
562.71
562.72
562.712
562.693
562.69
562.702
562.712
562.713
562.734
562.754
562.762
562.761
562.762
562.778
562.777
562.798
562.79
562.808
562.828
562.831
562.849
562.841
562.857
562.851
562.829
562.839
562.839
562.831
562.839
562.851
562.852
562.841
562.847
562.859
562.839
562.829
562.829
562.856
562.851
562.865
562.885
562.878
562.885
562.888
562.914
562.927
562.931
562.921
562.926
562.929
562.932
562.919
562.927
562.935
562.937
562.948
562.957
562.967
562.994
562.999
563.047
563.088
562.646
562.606
563.431
562.151
561.939
561.997
562.06
562.237
562.735
563.932
565.185
567.717
567.628
565.098
563.891
563.912
564.011
564.058
564.086
561.421
559.495
559.783
560.03
559.667
556.338
551.146
547.122
546.345
550.247
558.248
567.658
556.141
548.411
548.259
550.387
552.243
553.213
553.265
553.342
559.542
562.394
563.024
563.251
563.384
563.495
563.656
560.538
555.954
