0.835312
0.864456
0.830154
0.785934
0.736801
0.675003
0.627426
0.563675
0.498047
0.429688
0.396561
0.339447
0.307419
0.274216
0.238281
0.864136
1.46414
1.03593
0.537506
-3.73035E-14
-0.542572
-1.07375
-1.57539
-1.99219
-2.41048
-2.76289
-3.04414
-3.51672
-4.26477
-1.41171
46.7023
44.0665
44.7484
46.3852
47.8875
48.9559
49.7617
50.3497
50.8286
51.2485
51.5833
51.8563
52.0871
52.3419
52.618
52.8743
53.0834
53.2747
53.4642
53.636
53.8219
53.9969
54.1752
54.343
54.4462
54.5869
54.7223
54.863
54.9755
55.0899
55.224
55.352
55.4349
55.5395
55.6244
55.6915
55.7794
55.8551
55.9348
56.0213
56.1227
56.2337
56.3274
56.3923
56.4645
56.502
56.533
55.6647
53.4262
52.9226
52.8414
54.0738
55.602
55.1269
57.3332
59.313
60.0962
60.3794
60.5504
60.6969
60.8277
60.9191
60.9482
60.956
60.961
60.9572
60.9302
60.9399
60.9399
60.9364
60.9266
60.9282
60.9395
60.9087
60.8759
60.8645
60.8646
60.8548
60.8333
60.8365
60.8286
60.8368
60.827
60.8286
60.827
60.8368
60.8369
60.8274
60.827
60.8153
60.7813
60.7696
60.7618
60.7762
60.7942
60.8431
60.8665
60.8743
60.8677
60.8477
60.8579
60.8759
60.9052
60.9348
60.9641
60.9969
61.0274
61.0376
61.0669
61.1177
61.1555
61.1684
61.211
61.229
61.2634
61.3419
61.4149
61.4954
61.5653
61.6145
20.0966
9.17821
8.0282
7.45593
7.12585
6.90672
6.73875
6.60945
6.49031
6.41649
6.34813
6.27625
6.24507
6.20946
6.15868
6.1114
6.08055
6.03601
6.01492
6.01297
5.99664
5.96101
5.93985
5.92633
5.92703
5.93327
5.94624
5.94499
5.93327
5.93492
5.90868
5.91531
5.89391
5.87781
5.85632
5.83679
5.81726
5.78445
5.78413
5.77977
5.75328
5.75008
5.72554
5.70438
5.66649
5.65398
5.64391
5.63445
5.62273
5.61266
5.59538
5.55757
5.54265
5.53133
5.52126
5.50359
5.49507
5.4821
5.46414
5.40367
5.33211
5.24039
5.1657
5.1736
5.19148
5.25523
5.39383
4.16374
2.56227
2.68484
2.38414
4.08171
7.57547
3.95445
5.20476
5.52477
5.62273
5.76843
4.68484
2.45601
2.24344
1.90054
1.85985
1.77945
1.51805
0.972427
0.362961
1.62242
2.68172
10.9529
12.4395
1.63414
-2.77766
-3.42445
0.563751
3.19148
3.5818
3.80086
3.99977
4.2028
4.40367
4.62273
4.79274
4.91063
4.94156
4.93961
4.92
4.93336
4.97273
4.96227
5.37312
5.97234
6.40993
6.20476
5.47398
4.77312
4.19313
3.7618
3.46071
3.2489
3.06227
2.87946
2.69774
2.52321
2.35164
2.14391
1.96297
1.79234
1.50203
0.818512
0.839996
-203.48
-246.949
-230.261
-217.681
-212.217
-209.63
-207.791
-206.599
-206.24
-206.617
-207.416
-208.25
-208.918
-209.4
-209.564
-209.56
-209.371
-208.93
-208.307
-207.559
-206.632
-205.639
-204.542
-203.43
-202.209
-200.88
-199.569
-198.18
-196.749
-195.318
-193.89
-192.439
-190.89
-189.349
-187.76
-186.22
-184.573
-183.003
-181.41
-179.799
-178.199
-176.578
-174.949
-173.328
-171.73
-170.173
-168.532
-166.871
-165.277
-163.632
-161.943
-160.331
-158.728
-157.07
-155.513
-153.849
-152.222
-150.601
-148.935
-147.302
-145.683
-144.03
-142.392
-140.743
-139.134
-137.503
-135.892
-134.281
-132.692
-131.081
-129.501
-127.91
-126.351
-124.693
-123.101
-121.552
-119.992
-118.392
-116.774
-115.223
-113.72
-112.222
-110.68
-109.177
-107.658
-106.15
-104.65
-103.142
-101.66
-100.231
-98.7429
-97.2842
-95.8627
-94.4229
-93.0112
-91.5635
-90.1023
-88.6713
-87.2627
-85.8217
-84.4116
-83.008
-81.8233
-80.3841
-79.3647
-78.2615
-77.0754
-75.8173
-74.5116
-73.1648
-71.7807
-70.4311
-69.1023
-67.7252
-66.3463
-65.0092
-63.6841
-62.2705
-60.8767
-59.5028
-58.1853
-56.7395
-55.3387
-53.963
-52.6541
-51.3243
-50.0236
-48.6821
-47.3963
-46.1694
-44.8982
-43.6188
-42.4174
-41.1189
-39.8689
-38.6287
-37.4162
-36.2443
-35.0435
-33.8264
-32.663
-31.4505
-30.2639
-29.1224
-27.9241
-26.7252
-25.5451
-24.3525
-23.1741
-22.0162
-20.89
-19.7233
-18.5712
-17.4162
-16.2919
-15.2252
-14.0826
-12.9358
-11.8134
-10.6724
-9.55492
-8.44859
-7.36546
-6.27399
-5.18257
-4.10219
-3.02399
-1.90289
-0.832657
0.224457
1.27641
2.40765
3.39742
4.48109
5.50406
6.49274
7.51195
8.64117
9.68219
10.6998
11.692
12.7146
13.7548
14.8251
15.9088
16.9579
17.8939
18.853
19.883
20.8373
21.7962
22.6997
22.4845
23.1465
25.8778
28.3273
29.9176
31.1455
32.2739
33.3328
34.4026
35.4222
36.3487
37.2849
38.2407
39.1489
40.0688
41.0181
41.9185
42.8059
43.6473
44.5114
45.4021
46.2423
47.149
48.0197
48.8497
49.7435
50.6048
51.4216
52.2255
53.1079
53.9377
54.7584
55.6329
56.5052
57.3204
58.1552
58.9528
59.7926
60.5931
61.3809
62.1962
63.0411
63.863
64.6521
65.4118
66.2158
67.0426
67.861
68.6927
69.4317
70.242
71.0314
71.8321
72.5818
73.3356
74.1227
74.9021
75.6637
76.4545
77.2161
78.0071
78.7762
79.5865
80.2473
80.9923
81.7423
82.5232
83.3208
84.056
84.7751
85.4759
86.1552
86.9645
87.6864
88.4153
89.1162
89.847
90.6063
91.3141
92.0541
92.7516
93.4545
94.1555
94.8712
95.5755
96.2814
96.9727
97.6736
98.3942
99.1227
99.8158
100.513
101.193
101.863
102.566
103.313
104.035
104.683
105.304
105.964
106.641
107.314
107.994
108.654
109.291
109.972
110.641
111.329
111.992
112.649
113.314
113.961
114.603
115.28
115.941
116.569
117.199
117.834
118.484
119.092
119.713
120.389
121
121.594
122.232
122.912
123.481
124.07
124.721
125.381
126.041
126.672
127.252
127.861
128.49
129.092
129.691
130.301
130.911
131.531
132.102
132.674
133.299
133.92
134.488
135.03
135.698
136.33
136.899
137.538
138.062
138.678
139.211
139.811
140.371
140.971
141.569
142.141
142.733
143.279
143.851
144.45
145.021
145.62
146.121
146.69
147.272
147.804
148.36
148.889
149.438
150.017
150.558
151.128
151.662
152.209
152.762
153.27
153.848
154.34
154.82
155.395
155.951
156.501
157.04
157.526
158.096
158.603
159.131
159.61
160.138
160.68
161.168
161.688
162.22
162.729
163.198
163.719
164.277
164.75
165.25
165.79
166.328
166.799
167.286
167.786
168.296
168.808
169.301
169.827
170.34
170.848
171.33
171.807
172.317
172.776
173.28
173.731
174.208
174.729
175.27
175.751
176.209
176.698
177.178
177.667
178.128
178.598
179.057
179.518
179.94
180.399
180.868
181.329
181.778
182.278
182.71
183.17
183.637
184.137
184.558
185.026
185.476
185.936
186.378
186.868
187.338
187.775
188.216
188.677
189.108
189.538
189.978
190.41
190.856
191.278
191.729
192.167
192.577
193.085
193.517
193.927
194.367
194.806
195.237
195.663
196.106
196.566
196.96
197.378
197.806
198.22
198.659
199.082
199.499
199.896
200.345
200.807
201.204
201.597
202.028
202.448
202.904
203.325
203.736
204.146
204.554
204.966
205.396
205.816
206.226
206.645
207.026
207.417
207.829
208.198
208.577
208.977
209.407
209.817
210.239
210.64
210.644
210.847
210.981
211.268
211.55
211.863
212.236
212.647
213.038
213.461
213.889
214.29
214.695
215.192
215.659
216.135
216.596
217.064
217.503
217.957
218.405
218.834
219.293
219.746
220.16
220.542
220.952
221.334
221.728
222.151
222.528
222.883
223.282
223.67
224.053
224.407
224.755
225.117
225.525
225.898
226.256
226.644
227.027
227.396
227.775
228.159
228.523
228.896
229.286
229.683
230.035
230.392
230.755
231.144
231.514
231.873
232.239
232.635
233.014
233.368
233.708
234.068
234.417
234.786
235.165
235.517
235.885
236.267
236.649
236.989
237.344
237.692
238.051
238.432
238.781
239.129
239.461
239.824
240.156
240.515
240.866
241.251
241.606
241.927
242.263
242.566
242.866
243.185
243.5
242.588
242.542
244.612
246.428
247.441
248.033
248.534
249.042
249.465
249.864
250.208
250.551
250.891
251.154
251.422
251.719
252.044
252.309
252.636
252.966
253.245
253.533
253.822
254.131
254.42
254.693
254.961
255.214
255.522
255.822
256.092
256.365
256.646
256.925
257.193
257.472
257.763
258.045
258.324
258.606
258.858
259.095
259.381
259.668
259.961
260.25
260.531
260.794
261.064
261.363
261.631
261.899
262.191
262.473
262.763
263.023
263.283
263.554
263.834
264.095
264.356
264.587
264.845
265.115
265.404
265.673
265.925
266.193
266.453
266.736
267.02
267.309
267.594
267.843
268.121
268.394
268.655
268.886
269.154
269.412
269.642
269.864
270.164
270.453
270.693
270.981
271.261
271.561
271.833
272.113
272.374
272.634
272.892
273.154
273.412
273.68
273.941
274.183
274.431
274.688
274.961
275.231
275.463
275.734
275.984
276.224
276.472
276.742
277.013
277.29
277.528
277.771
278.01
278.272
278.538
278.762
278.981
279.232
279.54
279.804
280.031
280.27
280.557
280.812
281.07
281.313
281.562
281.791
282.043
282.309
282.543
282.772
282.992
283.252
283.5
283.762
283.997
284.258
284.512
284.772
284.992
285.242
285.502
285.78
285.984
286.221
286.453
286.693
286.943
287.188
287.451
287.688
287.918
288.159
288.389
288.641
288.899
289.151
289.401
289.639
289.871
290.082
290.309
290.541
290.798
291.02
291.25
291.489
291.71
291.929
292.167
292.377
292.608
292.838
293.079
293.312
293.551
293.778
293.999
294.231
294.45
294.718
294.938
295.2
295.42
295.636
295.858
296.07
296.303
296.512
296.751
296.971
297.208
297.418
297.668
297.909
298.111
298.309
298.53
298.747
298.967
299.208
299.46
299.667
299.879
300.118
300.313
300.54
300.739
300.94
301.141
301.339
301.567
301.781
302.009
302.229
302.447
302.677
302.879
303.099
303.329
303.549
303.766
303.969
304.18
304.401
304.658
304.889
305.088
305.294
305.502
305.72
305.909
306.11
306.298
306.509
306.706
306.899
307.128
307.34
307.571
307.798
308.059
308.26
308.448
308.647
308.845
309.048
309.227
309.436
309.646
309.867
310.067
310.245
310.458
310.675
310.896
311.117
311.337
311.546
311.745
311.936
312.128
312.317
312.536
312.727
312.94
313.108
313.327
313.51
313.701
313.917
314.156
314.357
314.546
314.765
314.993
315.216
315.418
315.6
315.788
315.999
316.208
316.418
316.587
316.767
316.946
317.124
317.345
317.558
317.755
317.976
318.177
318.348
318.52
318.698
318.889
319.077
319.257
319.466
319.665
319.852
319.662
319.796
319.791
319.772
319.839
319.987
320.162
320.377
320.556
320.736
320.93
321.139
321.386
321.644
321.901
322.184
322.455
322.738
322.999
323.27
323.517
323.747
323.996
324.226
324.457
324.677
324.901
325.138
325.388
325.618
325.793
325.981
326.192
326.384
326.564
326.754
326.945
327.098
327.267
327.494
327.706
327.908
328.104
328.314
328.505
328.69
328.857
329.048
329.236
329.408
329.623
329.827
330.046
330.246
330.429
330.597
330.788
330.984
331.167
331.353
331.605
331.835
332.038
332.237
332.417
332.585
332.775
332.935
333.115
333.306
333.489
333.672
333.891
334.072
334.254
334.432
334.59
334.791
334.963
335.156
335.375
335.576
335.768
335.966
336.118
336.265
336.429
336.577
336.726
335.701
335.529
337.368
338.985
339.836
340.311
340.663
340.945
341.187
341.426
341.654
341.861
342.038
342.214
342.376
342.557
342.727
342.847
342.974
343.134
343.283
343.44
343.6
343.74
343.87
343.988
344.11
344.26
344.424
344.6
344.734
344.871
345.015
345.152
345.265
345.393
345.515
345.651
345.804
345.961
346.126
346.264
346.412
346.559
346.713
346.835
346.931
347.045
347.146
347.291
347.45
347.592
347.742
347.874
347.994
348.142
348.273
348.43
348.581
348.714
348.845
348.966
349.098
349.224
349.363
349.513
349.632
349.755
349.881
350.002
350.162
350.332
350.472
350.574
350.685
350.802
350.925
351.044
351.172
351.314
351.471
351.64
351.773
351.922
352.093
352.223
352.355
352.471
352.613
352.752
352.865
352.982
353.152
353.314
353.453
353.562
353.683
353.814
353.943
354.064
354.209
354.381
354.533
354.664
354.801
354.902
355.053
355.174
355.289
355.432
355.561
355.729
355.901
356.069
356.227
356.407
356.52
356.668
356.811
356.892
357.008
357.14
357.252
357.392
357.522
357.621
357.752
357.889
358.02
358.159
358.272
358.418
358.57
358.682
358.799
358.94
359.087
359.218
359.35
359.471
359.579
359.748
359.861
359.992
360.113
360.239
360.402
360.541
360.672
360.801
360.93
361.031
361.172
361.293
361.448
361.581
361.711
361.87
362.028
362.16
362.291
362.402
362.504
362.641
362.762
362.901
363.038
363.162
363.293
363.415
363.556
363.68
363.779
363.929
364.059
364.191
364.332
364.471
364.59
364.719
364.848
364.976
365.108
365.226
365.354
365.479
365.618
365.749
365.888
366.018
366.157
366.296
366.428
366.551
366.668
366.762
366.888
367.008
367.134
367.276
367.405
367.538
367.659
367.78
367.929
368.047
368.178
368.29
368.402
368.531
368.647
368.76
368.908
369.038
369.17
369.278
369.401
369.531
369.659
369.798
369.929
370.046
370.168
370.29
370.331
371.561
513.79
632.497
641.397
644.797
647.458
649.599
651.327
652.726
653.968
655.038
655.978
656.817
657.61
658.249
658.868
659.44
659.968
660.509
660.999
661.417
661.896
662.309
662.661
663.028
663.37
663.698
663.987
664.298
664.558
664.809
665.059
665.329
665.59
665.831
666.036
666.228
666.435
666.656
666.855
667.058
667.247
667.407
667.587
667.749
667.917
668.097
668.228
668.376
668.525
668.675
668.853
668.995
669.124
669.231
669.347
669.479
669.597
669.745
669.868
669.974
670.036
670.116
670.206
670.298
670.406
670.538
670.667
670.688
667.048
667.778
667.339
667.458
670.509
673.239
669.708
670.775
671.07
671.369
671.427
669.963
667.518
667.181
666.884
666.856
666.78
666.463
665.965
665.5
667.859
670.721
678.585
675.843
664.326
662.251
662.772
669.112
670.331
671.095
671.574
671.759
668.642
666.635
666.504
666.667
666.8
666.914
667.026
667.11
667.219
667.339
667.448
667.538
667.631
667.702
667.787
667.852
667.931
668.012
668.099
668.195
668.287
668.351
668.43
668.527
668.6
668.669
668.767
668.857
668.927
668.999
669.104
669.169
669.23
669.298
669.367
669.429
669.487
669.563
669.624
669.662
669.685
669.741
669.799
669.844
669.862
669.906
669.945
670.007
670.027
670.067
670.122
670.158
670.19
670.213
670.213
670.185
669.065
667.685
667.349
667.236
667.588
666.583
669.216
665.471
665.599
667.93
667.901
667.596
667.412
667.242
667.125
667.041
667
666.787
664.83
666.093
667.717
668.56
668.918
669.125
669.311
669.488
669.624
669.72
669.791
669.802
669.864
669.918
670.033
670.131
670.172
670.195
670.183
670.199
670.208
670.257
670.308
670.365
670.406
670.437
670.514
670.578
670.638
670.7
670.741
670.78
670.824
670.885
670.942
671.004
671.056
671.107
671.133
671.151
671.172
671.192
671.248
671.332
671.374
671.384
671.399
671.409
671.432
671.479
671.489
671.528
671.561
671.603
671.641
671.682
671.728
671.78
671.821
671.835
671.872
671.896
671.894
671.932
671.963
671.984
672.012
672.033
672.056
672.076
672.092
672.123
672.144
672.199
672.213
672.244
672.28
672.314
672.342
672.355
672.366
672.356
672.356
672.358
672.371
672.41
672.443
672.465
672.482
672.484
672.513
672.543
672.581
672.63
672.682
672.696
672.703
672.705
672.714
672.732
672.77
672.788
672.815
672.808
672.832
672.863
672.881
672.911
672.951
672.971
672.99
672.994
673.012
673.041
673.043
673.043
673.043
673.056
673.072
673.1
673.142
673.164
673.197
673.216
673.201
673.216
673.242
673.272
673.298
673.34
673.363
673.381
673.402
673.407
673.442
673.469
673.502
673.499
673.515
673.513
673.531
673.537
673.57
673.577
673.576
673.575
673.579
673.586
673.613
673.651
673.656
673.662
673.654
673.673
673.675
673.695
673.723
673.752
673.785
673.789
673.811
673.824
673.854
673.865
673.889
673.884
673.884
673.902
673.914
673.914
673.932
673.945
673.961
673.984
673.987
674.014
674.025
674.043
674.071
674.076
674.079
674.075
674.083
674.075
674.084
674.064
674.084
674.103
674.118
674.133
674.162
674.222
674.244
674.254
674.245
674.252
674.237
674.246
674.244
674.236
674.242
674.245
674.264
674.274
674.303
674.335
674.334
674.353
674.358
674.374
674.368
674.383
674.391
674.401
674.422
674.415
674.412
674.425
674.442
674.481
674.503
674.533
674.552
674.566
674.576
674.585
674.597
674.595
674.607
674.615
674.618
674.617
674.613
674.613
674.613
674.625
674.643
674.662
674.656
674.665
674.674
674.675
674.655
674.665
674.685
674.696
674.703
674.713
674.732
674.752
674.745
674.745
674.774
674.803
674.806
674.813
674.834
674.833
674.835
674.842
674.88
674.901
674.922
674.933
674.969
674.982
674.986
675.004
674.987
675.004
675.007
675.007
675.007
675.016
675.025
675.045
675.056
675.066
675.082
675.067
675.076
675.067
675.066
675.09
675.103
675.121
675.121
675.132
675.154
675.152
675.152
675.144
675.144
675.136
675.129
675.126
675.126
675.135
675.156
675.175
675.121
675.11
674.738
674.643
674.437
674.31
674.214
674.167
674.118
674.105
674.102
674.117
674.103
674.107
674.11
674.108
674.106
674.108
674.126
674.119
674.098
674.1
674.118
674.118
674.117
674.133
674.126
674.134
674.136
674.144
674.177
674.177
674.185
674.203
674.216
674.244
674.252
674.275
674.283
674.286
674.286
674.29
674.273
674.244
674.249
674.222
674.232
674.516
674.546
674.199
674.841
675.004
675.112
675.203
675.241
675.281
675.307
675.357
675.372
675.391
675.401
675.416
675.425
675.437
675.474
675.479
675.491
675.53
675.522
675.548
675.532
675.52
675.522
675.542
675.55
675.545
675.545
675.543
675.535
675.523
675.544
675.569
675.581
675.594
675.6
675.61
675.601
675.603
675.617
675.636
675.664
675.672
675.696
675.705
675.705
675.719
675.724
675.706
675.724
675.724
675.736
675.736
675.736
675.736
675.746
675.756
675.769
675.769
675.777
675.803
675.834
675.827
675.835
675.863
675.86
675.855
675.865
675.856
675.845
675.837
675.834
675.819
675.826
675.826
675.854
675.856
675.866
675.884
675.881
675.916
675.917
675.901
675.915
675.917
675.925
675.927
675.933
675.925
675.953
675.968
675.969
675.968
675.994
676.008
676.017
676.015
675.989
675.986
675.979
675.971
675.961
675.943
675.942
675.93
675.938
675.925
675.943
675.964
675.974
675.966
675.964
675.976
675.986
675.987
675.997
675.999
676.017
676.029
676.038
676.056
676.085
676.105
676.1
676.12
676.133
676.144
676.146
676.154
676.144
676.162
676.155
676.154
676.176
676.184
676.187
676.185
676.195
676.187
676.175
676.187
676.177
676.175
676.185
676.195
676.179
676.167
676.165
676.157
676.162
676.183
676.183
676.201
676.204
676.214
676.203
676.216
676.206
676.195
676.215
676.219
676.231
676.242
676.236
676.224
676.232
676.244
676.246
676.264
676.285
676.313
676.316
676.334
676.316
676.313
676.322
676.316
676.321
676.342
676.355
676.365
676.438
675.866
675.923
675.981
675.972
676.007
675.751
676.433
676.72
676.93
676.054
679.396
681.497
681.843
681.8
681.665
681.55
678.996
676.907
676.154
675.498
674.864
674.492
673.759
672.455
671.751
671.691
682.129
695.778
683.452
665.428
660.838
661.743
667.171
668.545
668.937
669.196
672.434
675.301
676.403
676.841
677.159
677.448
677.658
675.276
670.253
