1.26709
1.247681
1.254321
1.253174
1.242578
1.260858
1.281109
1.3034240000000001
1.3036860000000001
1.310083
1.32265
1.345825
1.381463
1.398236
1.405126
1.409173
1.397937
1.40957
1.4058350000000002
1.4125420000000002
1.4158810000000002
1.436639
1.4417900000000001
1.450012
1.465295
1.477154
1.478472
1.490569
1.4849670000000001
1.478674
1.458612
1.4467340000000002
1.443078
1.443109
1.4495660000000001
1.4433280000000002
1.457769
1.4644590000000002
1.4653070000000001
1.481506
1.508825
1.514135
1.4990290000000002
1.4991880000000002
1.489251
1.4765130000000002
1.4793450000000001
1.500817
1.507312
1.493066
1.5156
1.533514
1.522198
0.849461
1.811581
1.4027260000000001
1.23838
1.9255520000000002
-0.29091999999999985
1.9255140000000002
0.4596800000000001
0.32782
0.49292
0.5220800000000001
0.4993700000000001
0.44247000000000014
0.42383000000000015
0.39385000000000003
0.33602
0.29813
0.27046000000000014
0.24256999999999995
0.22596000000000016
0.20286000000000004
0.18908999999999998
0.18013999999999997
0.15993000000000013
0.14732999999999996
0.13417000000000012
0.11586000000000007
0.09164000000000017
0.08055000000000012
0.07502000000000009
0.07888000000000006
0.07719000000000009
0.06298000000000004
0.028900000000000148
0.0
-0.012179999999999858
0.003449999999999953
0.027140000000000164
0.049919999999999964
0.049940000000000095
0.015310000000000157
-0.0010900000000000354
-0.014950000000000019
-0.019419999999999993
-0.008599999999999941
-0.007879999999999887
-0.012809999999999988
0.00275000000000003
-0.00038999999999989043
0.006010000000000071
0.011340000000000128
0.014150000000000107
0.01658000000000004
0.005940000000000056
0.01689000000000007
0.018830000000000124
0.02751999999999999
0.026680000000000037
0.027340000000000142
0.02844000000000002
0.022809999999999997
0.027810000000000112
0.027649999999999952
0.03571000000000013
0.05657000000000001
0.06164999999999998
0.05554999999999999
0.047190000000000065
0.04734000000000016
0.03744999999999998
0.011220000000000008
-0.00370999999999988
0.0034400000000001096
-0.01140999999999992
-0.017349999999999977
-0.005959999999999965
0.015040000000000164
0.003170000000000117
-0.0008799999999999919
-0.01678999999999986
-0.015939999999999843
-0.018429999999999946
-0.021529999999999827
-0.01751999999999998
-0.003530000000000033
-0.013199999999999878
-0.024680000000000035
-0.03303999999999996
-0.034419999999999895
-0.030819999999999848
-0.032810000000000006
-0.01635999999999993
-0.003609999999999891
0.018159999999999954
0.03241000000000005
0.053590000000000027
0.05967000000000011
0.06495000000000006
0.056150000000000144
0.062470000000000026
0.06630000000000003
0.053139999999999965
0.05520999999999998
0.07355
0.07078000000000007
0.06831000000000009
0.07560000000000011
0.09262999999999999
0.08708000000000005
0.0924100000000001
0.09919000000000011
0.11241000000000012
0.10879000000000016
0.11240000000000006
0.12441000000000013
0.12621000000000016
0.11851999999999996
0.10347000000000017
0.09864000000000006
0.10611999999999999
0.10741
0.11247000000000007
0.12087000000000003
0.1282700000000001
0.13458000000000014
0.14849
0.1458600000000001
0.12978
0.12200000000000011
0.12336000000000014
0.09606000000000003
0.09396000000000004
0.10261000000000009
0.11499999999999999
0.12356999999999996
0.12941000000000003
0.14443000000000006
0.14495999999999998
0.12724000000000002
0.14268999999999998
0.14990000000000014
0.1630100000000001
0.16881999999999997
0.1783300000000001
0.17222000000000004
0.1600600000000001
0.16075000000000017
0.15278000000000014
0.14425
0.14599000000000006
0.1614500000000001
0.17990000000000017
0.19333
0.20306000000000002
0.2120200000000001
0.2269000000000001
0.2185600000000001
0.23692000000000002
0.24168999999999996
0.24619999999999997
0.26226000000000016
0.25517999999999996
0.24660000000000015
0.24424
0.24272000000000005
0.24138000000000015
0.23487000000000013
0.23818000000000006
0.25597000000000003
0.25556
0.25073999999999996
0.26324000000000014
0.2835000000000001
0.28815999999999997
0.27613
0.27902000000000005
0.26089000000000007
0.24318000000000017
0.20981000000000005
0.21381000000000006
0.23489000000000004
0.24346
0.25246000000000013
0.26224000000000003
0.27556
0.28859999999999997
0.2888200000000001
0.29214000000000007
0.2966900000000001
0.2991600000000001
0.30486000000000013
0.29476000000000013
0.29252999999999996
0.28961000000000015
0.29936000000000007
0.30685000000000007
0.30252999999999997
0.31318
0.31008000000000013
0.31731
0.33150999999999997
0.35023000000000004
0.36477000000000004
0.36883
0.3788100000000001
0.38997000000000015
0.3936600000000001
0.38887000000000005
0.3723700000000001
0.36185
0.34794000000000014
0.34997999999999996
0.34636
0.36063
0.37457000000000007
0.38058000000000014
0.3805400000000001
0.38372000000000006
0.38292000000000015
0.3611
0.35560000000000014
0.3517000000000001
0.33315000000000006
0.32664000000000004
0.33862000000000014
0.3567
0.3568
0.37788
0.39251000000000014
0.41175000000000006
0.4063700000000001
0.40780000000000016
0.42474999999999996
0.41515000000000013
0.3957600000000001
0.38841000000000014
0.37642
0.3744700000000001
0.3784400000000001
0.3835000000000002
0.3688800000000001
0.39741000000000004
0.41796999999999995
0.43061000000000016
0.43657999999999997
0.4420900000000001
0.46342000000000017
0.46316
0.4466100000000002
0.4452100000000001
0.45328999999999997
0.48235000000000006
0.47242000000000006
0.46465
0.4852700000000001
0.5060200000000001
0.50115
0.49890999999999996
0.5198100000000001
0.5450300000000001
0.56186
0.56342
0.5672700000000002
0.5645900000000001
0.5589300000000001
0.57454
0.5592900000000001
0.54888
0.53708
0.5147000000000002
0.5054000000000001
0.5136000000000001
0.52071
0.53834
0.5485500000000001
0.55813
0.55132
0.5561800000000001
0.5434400000000001
0.5379400000000001
0.53627
0.53766
0.55108
0.5663400000000001
0.5806900000000002
0.6022500000000002
0.6181100000000002
0.6379400000000002
0.6466000000000001
0.65032
0.6603150000000001
0.665216
0.6832880000000001
0.6952210000000001
0.6927850000000001
0.6886770000000001
0.686413
0.6925840000000001
0.6764770000000001
0.6808170000000001
0.6833130000000001
0.6952630000000001
0.7095330000000001
0.701617
0.7048150000000001
0.6866390000000001
0.5386
0.6426000000000001
0.5470600000000001
0.44727000000000006
0.5182100000000001
0.5789200000000001
0.6115900000000001
0.6330100000000001
0.6537600000000001
0.6258700000000001
0.57555
0.7306910000000001
1.107855
1.4223400000000002
1.6299033
1.757814
1.854335
1.87566
1.888393
1.911958
1.957344
2.029541
2.10888
2.095724
2.061967
2.0607990000000003
2.1005220000000002
2.136101
2.142089
2.159191
2.146167
2.152819
2.161248
2.183166
2.209326
2.2121880000000003
2.228106
2.226355
2.237298
2.237683
2.251055
2.2510000000000003
2.256365
2.27138
2.29121
2.2932490000000003
2.321056
2.321752
2.308532
2.2978750000000003
2.291119
2.269634
2.267858
2.263707
2.274651
2.2669420000000002
2.269237
2.2845690000000003
2.3083910000000003
2.30941
2.308074
2.318486
2.3243210000000003
2.325084
2.332963
2.346568
2.361619
2.362688
2.355022
2.332634
2.324352
2.329704
2.336948
2.372948
2.382378
2.401695
2.427886
2.418462
2.426532
2.426288
2.4136290000000002
2.361746
2.3276760000000003
2.357475
2.407782
2.413751
2.4185790000000003
2.411823
2.426563
2.453666
2.117525
2.7926900000000003
2.249587
1.5957473
1.7199236
1.7134707
1.66370532
1.6082925000000001
1.5719958
1.534661
1.501172
1.488696
1.468737
1.422491
1.385059
1.34458
1.307166
1.279188
1.272859
1.2733530000000002
1.263228
1.2584790000000001
1.244313
1.226374
1.218482
1.2246350000000001
1.2449050000000002
1.250172
1.2570260000000002
1.255976
1.2679330000000002
1.274512
1.268812
1.267841
1.270435
1.272974
1.259473
1.2614750000000001
1.259889
1.262623
1.2788460000000001
1.292664
1.3202280000000002
1.338068
1.3145820000000001
1.3061770000000001
1.306819
1.285364
1.292487
1.3095530000000002
1.2991270000000001
1.30871
1.317725
1.335962
1.347248
1.351953
1.36778
1.3919130000000002
1.4133
1.410828
1.411048
1.403138
1.3958080000000002
1.374811
1.383734
1.380579
1.406396
1.407618
1.408496
1.394929
1.3830870000000002
1.4041990000000002
1.409296
1.404016
1.4149850000000002
1.419402
1.431855
1.4137520000000001
1.3969850000000001
1.39115
1.394342
1.408258
1.4219600000000001
1.4423030000000001
1.4724240000000002
1.483343
1.493084
1.485559
1.479743
1.480902
1.470429
1.4554930000000001
1.4614630000000002
1.455731
1.4599060000000001
1.440747
1.459009
1.4589720000000002
1.4786320000000002
1.481775
1.475659
1.489826
1.499719
1.5188840000000001
1.530969
1.54389
1.5691584
1.5671993
1.5555236000000001
1.5573785
1.5663571
1.5831788
1.5846365
1.6155514
1.6365599
1.6564447500000001
1.6636661000000001
1.6688045
1.6916804
1.7211787
1.7219298
1.7279291
1.7543817000000002
1.7783330000000002
1.7727600000000001
1.7733640000000002
1.768787
1.7754940000000001
1.7795290000000001
1.7852350000000001
1.8036370000000002
1.806049
1.791449
1.7786980000000001
1.7705570000000002
1.756305
1.7536436
1.7393732000000002
1.7475824
1.7601200000000001
1.761438
1.756982
1.766772
1.781903
1.779822
1.771619
1.775879
1.7870110000000001
1.808465
1.823004
1.827038
1.840557
1.845923
1.843652
1.850182
1.867065
1.859863
1.865917
1.86568
1.8685420000000001
1.88103
1.8869500000000001
1.89801
1.924981
1.9327640000000001
1.9295280000000001
1.931677
1.935083
1.936792
1.9212280000000002
1.914612
1.912951
1.919122
1.926904
1.925909
1.942444
1.950085
1.962488
1.9837580000000001
1.985241
1.9793450000000001
1.979254
1.9757630000000002
1.976099
1.985217
1.98902
1.987811
2.010687
2.015521
1.9963680000000001
2.005706
2.0242180000000003
2.0261780000000003
2.031323
2.046929
2.070428
2.0808720000000003
2.0779900000000002
2.0744380000000002
2.08324
2.087005
2.082586
2.077484
2.091162
2.112255
2.106933
2.108489
2.129064
2.144848
2.159045
2.170288
2.183129
2.207586
2.220001
2.214606
2.202538
2.214165
2.224145
2.219219
2.224938
2.233038
2.236968
2.240478
2.229609
2.229382
2.225769
2.220977
2.23626
2.254205
2.275323
2.2827390000000003
2.3062370000000003
2.321802
2.316839
2.311425
2.314373
2.32633
2.327264
2.337146
2.349011
2.357116
2.378582
2.373602
2.370233
2.3686760000000002
2.38009
2.39837
2.409033
2.41582
2.411578
2.427667
2.425915
2.420527
2.399164
2.390094
2.402252
2.394806
2.401867
2.4129750000000003
2.429846
2.448132
2.466729
2.466729
2.464471
2.4693050000000003
2.471893
2.4617
2.468469
2.484533
2.488751
2.5011840000000003
2.4956300000000002
2.504773
2.508367
2.516888
2.523334
2.522137
2.528283
2.523907
2.543524
2.546014
2.5483640000000003
2.555249
2.566735
2.587823
2.5943050000000003
2.598125
2.608911
2.611712
2.618951
2.618463
2.628826
2.634302
2.631653
2.626422
2.612512
2.602032
2.613574
2.606915
2.620679
2.616003
2.52714
2.7666000000000004
2.367858
2.287414
2.37318
2.452205
2.470109
2.453818
2.474905
2.515286
2.587079
2.8757900000000003
3.24954
3.4456800000000003
3.5231700000000004
3.5507
3.65186
3.6875400000000003
3.7138299999999997
3.73367
3.73517
3.75293
3.86606
3.8685600000000004
3.8550000000000004
3.83713
3.88387
3.91441
3.9403500000000005
3.97961
3.99069
4.02226
4.0497
4.05516
4.0621
4.07059
4.05987
4.04918
4.04525
4.05761
4.06841
4.06514
4.07067
4.0911800000000005
4.10785
4.11175
4.13795
4.15738
4.16194
4.17745
4.18258
4.19673
4.19325
4.19495
4.18643
4.17163
4.17486
4.17817
4.17512
4.18024
4.18015
4.18605
4.18862
4.19914
4.2161800000000005
4.23949
4.24563
4.2530600000000005
4.24139
4.22603
4.22383
4.20639
4.18675
4.1979
4.22255
4.24238
4.24936
4.26829
4.2683
4.30026
4.24551
4.14254
4.13081
4.17671
4.23292
4.2626
4.26757
4.25515
4.27559
4.28213
3.9400000000000004
4.45489
4.2909
3.53695
3.58538
3.5785
3.52661
3.49406
3.4700800000000003
3.4288
3.4042700000000004
3.35837
3.3330200000000003
3.30958
3.29962
3.2777000000000003
3.26323
3.24512
3.23132
3.21273
3.19152
3.2106700000000004
3.20045
3.20197
3.2158100000000003
3.2329600000000003
3.26394
3.27714
3.29679
3.3081500000000004
3.2935800000000004
3.25916
3.2407399999999997
3.2231899999999998
3.1924400000000004
3.19236
3.19952
3.2108
3.2183900000000003
3.23775
3.2554100000000004
3.26424
3.26394
3.2574
3.26211
3.25723
3.25623
3.2447600000000003
3.2374400000000003
3.24913
3.2606
3.29006
3.3213
3.3496
3.37452
3.37472
3.37582
3.39284
3.3677099999999998
3.3575
3.33244
3.31474
3.30594
3.3057600000000003
3.3128
3.33528
3.36877
3.39482
3.417
3.42795
3.4117100000000002
3.40152
3.3963799999999997
3.38395
3.37006
3.37161
3.39663
3.41707
3.4013600000000004
3.40471
3.42209
3.4301500000000003
3.42378
3.4169400000000003
3.41746
3.41475
3.43215
3.44233
3.44152
3.43712
3.4508400000000004
3.4600400000000002
3.4687200000000002
3.48574
3.4973400000000003
3.52734
3.547
3.53848
3.53381
3.55099
3.5569300000000004
3.5431600000000003
3.54866
3.5624700000000002
3.58317
3.5822000000000003
3.5686400000000003
3.57682
3.59272
3.6023
3.60403
3.58917
3.59458
3.61885
3.62881
3.6343
3.6579300000000003
3.6840900000000003
3.6988200000000004
3.70402
3.71363
3.73993
3.7689900000000005
3.7713799999999997
3.8038800000000004
3.7996600000000003
3.8155799999999997
3.82944
3.8381
3.8463000000000003
3.8546000000000005
3.8573199999999996
3.84488
3.83561
3.8386899999999997
3.8383599999999998
3.8521799999999997
3.8703700000000003
3.89874
3.9176900000000003
3.9333799999999997
3.9617899999999997
3.9764
3.99435
4.00933
4.0086
4.01779
4.03199
4.03048
4.02928
4.04113
4.05002
4.05093
4.06985
4.07779
4.07615
4.0769
4.08054
4.08277
4.0868
4.10032
4.1236
4.1263
4.1345
4.11345
4.12501
4.12192
4.12418
4.12944
4.14059
4.15057
4.14377
4.14672
4.13931
4.15904
4.16612
4.17165
4.17531
4.17139
4.1745
4.16515
4.15211
4.14953
4.15397
4.1458200000000005
4.14851
4.16657
4.18319
4.20643
4.22339
4.25851
4.27733
4.28569
4.29485
4.31008
4.31747
4.32551
4.33898
4.36258
4.38
4.3997
4.4215
4.44233
4.44465
4.44445
4.45617
4.47821
4.4907
4.49959
4.51707
4.52085
4.51165
4.49923
4.50016
4.51189
4.49163
4.51279
4.5359300000000005
4.55853
4.56829
4.56439
4.56532
4.57523
4.58091
4.57065
4.55477
4.54579
4.56744
4.5714
4.5714
4.57899
4.58845
4.60239
4.62432
4.64251
4.64384
4.65954
4.69064
4.68508
4.67767
4.67922
4.69485
4.70131
4.69565
4.69578
4.7122
4.73142
4.72961
4.74869
4.76032
4.76381
4.76385
4.77391
4.78376
4.79383
4.7886
4.80356
4.79815
4.79406
4.8072
4.80875
4.8361
4.85907
4.87156
4.87618
4.88461
4.90273
4.90459
4.9213700000000005
4.92243
4.92665
4.9322
4.93664
4.91844
4.92017
4.91728
4.9211
4.92523
4.93415
4.93837
4.93895
4.9465900000000005
4.95031
4.94813
4.96345
4.9698400000000005
4.96922
4.9804
5.00096
5.00743
5.02375
5.0225800000000005
5.03569
5.04232
5.0476600000000005
5.0417
5.0377600000000005
5.0286100000000005
5.03497
5.0363
5.02999
4.94567
5.07012
4.71371
4.71324
4.80467
4.87443
4.8857800000000005
4.88855
4.92353
4.91035
4.91006
5.10818
5.44198
5.70421
5.89044
5.96938
6.034619999999999
6.08979
6.19665
6.25766
6.27299
6.25255
6.33179
6.31304
6.2973799999999995
6.28306
6.31006
6.32466
6.33644
6.34694
6.36937
6.37413
6.39039
6.388669999999999
6.40049
6.40351
6.4048099999999994
6.42017
6.428599999999999
6.43973
6.45582
6.45469
6.46146
6.46823
6.47614
6.4761999999999995
6.5068
6.52372
6.54232
6.5706299999999995
6.58507
6.58409
6.5706999999999995
6.56176
6.55622
6.5516
6.53505
6.52438
6.52489
6.5131499999999996
6.5269699999999995
6.538349999999999
6.55636
6.57229
6.6136
6.61406
6.6216
6.632639999999999
6.6141499999999995
6.60595
6.6198
6.63481
6.6465
6.6647099999999995
6.66434
6.66413
6.6385499999999995
6.63108
6.618539999999999
6.63189
6.58536
6.52016
6.59379
6.66577
6.67594
6.6758299999999995
6.6517599999999995
6.6573199999999995
6.66944
6.70484
6.35815
7.0570699999999995
6.69365
5.8585199999999995
5.9634599999999995
6.00143
6.00495
5.97569
5.92538
5.87723
5.81456
5.76506
5.7396899999999995
5.7113
5.6777
5.67005
5.6545
5.65154
5.66143
5.66881
5.6812499999999995
5.6851199999999995
5.6851899999999995
5.69098
5.70168
5.72319
5.74276
5.75685
5.75469
5.77532
5.79082
5.79584
5.80917
5.84513
5.85143
5.86789
5.86299
5.85448
5.87505
5.87906
5.90041
5.90907
5.91684
5.93652
5.94253
5.95005
5.9711099999999995
5.9688799999999995
5.98139
5.99555
6.02635
6.04092
6.05058
6.04178
6.04931
6.04296
6.0617399999999995
6.070209999999999
6.08945
6.08763
6.08756
6.0998
6.11944
6.1313699999999995
6.1501399999999995
6.17537
6.20577
6.22677
6.23998
6.25464
6.25692
6.25268
6.242929999999999
6.2569099999999995
6.24857
6.26161
6.2562299999999995
6.26171
6.28044
6.28414
6.30366
6.32872
6.35443
6.36102
6.36988
6.3746599999999995
6.39958
6.40188
6.41968
6.43442
6.43388
6.43235
6.43096
6.42012
6.41427
6.44004
6.4489399999999995
6.47228
6.48818
6.499569999999999
6.521809999999999
6.52809
6.54542
6.56693
6.58503
6.60434
6.62035
6.64516
6.67615
6.6834
6.68544
6.67715
6.66922
6.66684
6.6595699999999995
6.65737
6.66763
6.69473
6.69419
6.69138
6.68595
6.6993
6.6922299999999995
6.6944
6.71938
6.72215
6.7318299999999995
6.74506
6.77978
6.80819
6.83686
6.87139
6.88647
6.92122
6.9381699999999995
6.95491
6.96276
6.98052
7.01642
7.0112499999999995
7.03545
7.06185
7.0678399999999995
7.06955
7.05932
7.06732
7.06536
7.05932
7.06039
7.08763
7.08592
7.10084
7.1268899999999995
7.13605
7.14822
7.14565
7.1483
7.16442
7.15989
7.15148
7.15383
7.17668
7.1954199999999995
7.20735
7.20617
7.21269
7.22035
7.23064
7.2270199999999996
7.22582
7.24007
7.25152
7.25458
7.2593
7.27115
7.2901299999999996
7.2980599999999995
7.29446
7.32061
7.3368
7.3364899999999995
7.3652299999999995
7.37767
7.40381
7.40559
7.42085
7.43243
7.44163
7.4581
7.47385
7.48877
7.50209
7.51021
7.52266
7.52375
7.5243
7.5265699999999995
7.53899
7.55032
7.56337
7.5780199999999995
7.58605
7.60311
7.61126
7.62298
7.6409199999999995
7.6552999999999995
7.661919999999999
7.67822
7.71546
7.72087
7.73307
7.7449699999999995
7.74512
7.747739999999999
7.7530399999999995
7.75209
7.74543
7.753439999999999
7.75673
7.77282
7.78305
7.80333
7.80207
7.81727
7.83587
7.84391
7.84256
7.8395
7.83508
7.81492
7.80586
7.79477
7.80439
7.8153999999999995
7.81305
7.8123499999999995
7.81274
7.82411
7.83113
7.83516
7.8345899999999995
7.86424
7.8922
7.89407
7.89407
7.90344
7.92687
7.9089
7.91045
7.91238
7.9204799999999995
7.92532
7.9325399999999995
7.95847
7.97454
7.9964699999999995
8.016490000000001
8.02946
8.04618
8.06204
8.07673
8.07922
8.09439
8.101180000000001
8.10532
8.09942
8.107140000000001
8.11126
8.10782
8.09165
8.09914
8.1059
8.10652
8.11868
8.132390000000001
8.162840000000001
8.16534
8.18806
8.19609
8.19538
8.20133
8.20257
8.21127
8.224540000000001
8.22845
8.23821
8.23649
8.23484
8.24368
8.24954
8.25344
8.273390000000001
8.27551
8.283760000000001
8.27453
8.285630000000001
8.30267
8.30578
8.311110000000001
8.321010000000001
8.27982
8.4153
8.05423
7.86346
7.89548
7.96484
7.96751
7.965879999999999
7.96812
7.941339999999999
7.88964
8.04704
8.56711
8.9013
9.08172
9.18864
9.27058
9.28642
9.27602
9.267710000000001
9.287700000000001
9.33227
9.46244
9.50826
9.52189
9.5695
9.62782
9.6775
9.719050000000001
9.76063
9.790550000000001
9.802890000000001
9.80461
9.815940000000001
9.83322
9.828650000000001
9.8406
9.858910000000002
9.8574
9.852440000000001
9.8459
9.86855
9.868400000000001
9.88549
9.892610000000001
9.904100000000001
9.91543
9.902700000000001
9.89954
9.911000000000001
9.9013
9.91047
9.93309
9.941840000000001
9.95358
9.96583
9.97865
9.98258
9.99505
9.9931
9.99126
9.974530000000001
9.956710000000001
9.954220000000001
9.94914
9.9395
9.945670000000002
9.93553
9.914470000000001
9.86664
9.83186
9.811760000000001
9.83904
9.885990000000001
9.91388
9.92847
9.946050000000001
9.962430000000001
9.977360000000001
9.96709
11.17158
12.06667
11.07745
10.09303
9.7551
9.659270000000001
9.62345
9.6511
9.05915
6.57281
7.44486
9.45068
9.838220000000002
9.897170000000001
9.908180000000002
9.890310000000001
9.89213
9.888520000000002
9.775250000000002
10.337000000000002
9.32389
9.65431
9.41505
9.46278
9.46857
9.455910000000001
9.470790000000001
9.49329
9.49444
9.51126
9.50235
9.4852
9.46424
9.466190000000001
9.45658
9.44533
9.44092
9.42671
9.44593
9.46665
9.476840000000001
9.49036
9.49766
9.5076
9.50869
9.53346
9.55402
9.57058
9.580300000000001
9.60815
9.65358
9.66268
9.67326
9.66946
9.65666
9.65408
9.675500000000001
9.679770000000001
9.709950000000001
9.72535
9.74366
9.75402
9.76965
9.779380000000002
9.79705
9.809880000000001
9.80071
9.80152
9.818000000000001
9.812930000000001
9.82029
9.84576
9.87082
9.899970000000001
9.928460000000001
9.95101
9.967500000000001
9.967690000000001
9.99076
9.9772
9.967780000000001
9.959670000000001
9.96723
9.97091
9.97442
9.97427
10.000430000000001
10.02693
10.048490000000001
10.05521
10.06746
10.09257
10.100660000000001
10.11393
10.133640000000002
10.132610000000001
10.12583
10.141990000000002
10.14419
10.1645
10.17974
10.2085
10.226600000000001
10.22145
10.22418
10.245790000000001
10.24473
10.23738
10.26186
10.27067
10.26575
10.26182
10.271590000000002
10.28022
10.275730000000001
10.261220000000002
10.264410000000002
10.25516
10.26397
10.274180000000001
10.28279
10.30105
10.32385
10.35185
10.36481
10.36477
10.37397
10.37729
10.36669
10.34604
10.36039
10.38434
10.38385
10.38475
10.40553
10.434330000000001
10.45132
10.46081
10.45583
10.474440000000001
10.47809
10.47104
10.47685
10.4776
10.500300000000001
10.51717
10.520370000000002
10.525490000000001
10.527180000000001
10.520800000000001
10.5309
10.52215
10.53733
10.53625
10.537030000000001
10.55944
10.552710000000001
10.56173
10.56366
10.586120000000001
10.59758
10.59173
10.59313
10.604360000000002
10.618020000000001
10.610230000000001
10.61421
10.619050000000001
10.6163
10.61907
10.63118
10.642800000000001
10.67178
10.6973
10.70902
10.715330000000002
10.697940000000001
10.708480000000002
10.70617
10.71663
10.71335
10.701450000000001
10.71929
10.71218
10.71386
10.71142
10.733630000000002
10.75262
10.76548
10.77102
10.7643
10.78087
10.760610000000002
10.760200000000001
10.749870000000001
10.7653
10.77405
10.77923
10.809600000000001
10.83533
10.854130000000001
10.85538
10.868250000000002
10.86672
10.86344
10.86678
10.861600000000001
10.876090000000001
10.88368
10.881020000000001
10.87485
10.877510000000001
10.887580000000002
10.88108
10.87043
10.876800000000001
10.892980000000001
10.909070000000002
10.91952
10.934460000000001
10.94759
10.96382
10.96982
10.97446
10.97
10.97672
10.97051
10.96629
10.97165
10.987260000000001
10.988840000000001
10.993680000000001
11.00211
10.98835
10.978280000000002
10.97598
10.99057
10.97804
10.98742
10.99891
11.00052
11.006200000000002
11.006950000000002
11.00539
11.020000000000001
11.036800000000001
11.05912
11.061530000000001
11.05516
11.04899
11.04852
11.03664
11.030130000000002
11.033320000000002
11.04452
11.05462
11.05227
11.051340000000001
11.04734
11.035680000000001
11.02839
11.0279
11.028830000000001
11.034690000000001
11.024930000000001
11.03602
11.04899
11.050320000000001
11.03631
11.05185
11.06789
11.08337
11.10571
11.137960000000001
11.16688
11.167860000000001
11.16473
11.172030000000001
11.154770000000001
11.141720000000001
11.124450000000001
11.128530000000001
11.124540000000001
11.121960000000001
11.13244
11.14353
11.13559
11.131910000000001
11.136650000000001
11.120230000000001
11.125160000000001
11.09835
11.090940000000002
11.10829
11.112820000000001
11.123600000000001
11.12547
11.148140000000001
11.170570000000001
11.17594
11.17101
11.17469
11.164620000000001
11.153410000000001
11.14028
11.135940000000002
11.140870000000001
11.15188
11.16985
11.18533
11.198820000000001
11.21438
11.217270000000001
11.213840000000001
11.220640000000001
11.21962
11.2301
11.236260000000001
11.23196
11.18889
11.41117
10.898520000000001
11.09941
11.408980000000001
11.403300000000002
11.40051
11.395480000000001
11.39408
11.393
11.401150000000001
11.41763
11.399560000000001
11.393410000000001
11.40123
11.395380000000001
11.414340000000001
11.40184
11.406730000000001
11.41234
11.42256
11.42755
11.428650000000001
11.42022
11.41765
11.43406
11.455620000000001
11.45575
11.453000000000001
11.47108
11.479610000000001
11.4785
11.460220000000001
11.459060000000001
11.460700000000001
11.468290000000001
11.47372
11.4688
11.46868
11.46789
11.467740000000001
11.46452
11.469840000000001
11.48196
11.500070000000001
11.5007
11.504760000000001
11.489600000000001
11.46124
11.43797
11.41116
11.416490000000001
11.44274
11.45719
11.46039
11.48954
11.520480000000001
11.54095
11.55165
11.549650000000002
11.55662
11.55873
11.55292
11.551480000000002
11.53843
11.53461
11.54836
11.54601
11.53687
11.542900000000001
11.535590000000001
11.517520000000001
11.505930000000001
11.501710000000001
11.49679
11.478190000000001
11.47269
11.478810000000001
11.490210000000001
11.485470000000001
11.47938
11.49056
11.502510000000001
11.514230000000001
11.50615
11.515360000000001
11.508510000000001
11.49577
11.48094
11.47516
11.46789
11.4532
11.446760000000001
11.44463
11.438820000000002
11.44046
11.450930000000001
11.46274
11.477120000000001
11.47414
11.47978
11.491190000000001
11.486260000000001
11.48196
11.489460000000001
11.488750000000001
11.475700000000002
11.46438
11.4602
11.470030000000001
11.469840000000001
11.45453
11.470320000000001
11.48023
11.480540000000001
11.477120000000001
11.47321
11.46578
11.46075
11.46301
11.447030000000002
11.437270000000002
11.414670000000001
11.398010000000001
11.369850000000001
11.35647
11.35965
11.35696
11.35696
11.362820000000001
11.36288
11.36852
11.36998
11.359110000000001
11.35368
11.359530000000001
11.34327
11.33965
11.367930000000001
11.383280000000001
11.39756
11.416630000000001
11.41493
11.400860000000002
11.3853
11.36692
11.336630000000001
11.32188
11.31334
11.313790000000001
11.32126
11.31259
11.317530000000001
11.319270000000001
11.33249
11.32489
11.3118
11.33587
11.34397
11.34031
11.34266
11.34819
11.327850000000002
11.305380000000001
11.29601
11.27974
11.280050000000001
11.27322
11.285400000000001
11.29743
11.29015
11.28794
11.28776
11.29626
11.29406
11.29664
11.2878
11.289530000000001
11.29171
11.28523
11.29681
11.30657
11.31282
11.31516
11.305950000000001
11.30986
11.307070000000001
11.30333
11.29818
11.29251
11.29899
11.30813
11.297740000000001
11.2886
11.2771
11.280790000000001
11.28524
11.278830000000001
11.28109
11.30143
11.30156
11.288820000000001
11.278440000000002
11.27945
11.27351
11.270480000000001
11.26609
11.265070000000001
11.26632
11.245180000000001
11.25018
11.25778
11.25868
11.24792
11.249020000000002
11.26247
11.256960000000001
11.26063
11.2443
11.24172
11.259300000000001
11.263810000000001
11.275360000000001
11.261790000000001
11.266100000000002
11.27227
11.27111
11.26378
11.25956
11.255360000000001
11.24019
11.23977
11.23508
11.22086
11.1964
11.18072
11.18313
11.174520000000001
11.152420000000001
11.16712
11.17243
11.16515
11.15539
11.150640000000001
11.15938
11.149830000000001
11.14893
11.14879
11.16064
11.180240000000001
11.188590000000001
11.19448
11.199570000000001
11.20892
11.21868
11.22907
11.226
11.219840000000001
11.23586
11.214550000000001
11.1982
11.17619
11.1636
11.14953
11.144060000000001
11.12906
11.12531
11.132140000000001
11.1531
11.15921
11.16478
11.17492
11.1736
11.17336
11.16258
11.17305
11.162180000000001
11.153830000000001
11.14344
11.12613
11.126370000000001
11.12134
11.129240000000001
11.13962
11.15032
11.16165
11.16422
11.15774
11.153830000000001
11.15445
11.15539
11.15712
11.15836
11.137410000000001
11.133280000000001
11.12414
11.123520000000001
11.14056
11.14642
11.13461
11.139270000000002
11.15662
11.149890000000001
11.152600000000001
11.1593
11.17008
11.15788
11.15867
11.1584
11.132750000000001
11.129560000000001
11.132390000000001
11.13686
11.157200000000001
11.1636
11.184460000000001
11.177890000000001
11.16422
11.1446
11.11725
11.100230000000002
11.096260000000001
11.10008
11.101500000000001
11.114550000000001
11.11344
11.13509
11.130790000000001
11.14118
11.13976
11.13821
11.152270000000001
11.13164
11.11664
11.11578
11.10438
11.094840000000001
11.098130000000001
11.116190000000001
11.11438
11.100700000000002
11.106340000000001
11.102120000000001
11.09
11.07367
11.076730000000001
11.077660000000002
11.082590000000001
11.082500000000001
11.091330000000001
11.09781
11.12134
11.11477
11.11344
11.09328
11.07511
11.076920000000001
11.052890000000001
11.06243
11.06985
11.080150000000001
11.094930000000002
11.100700000000002
11.12391
11.118640000000001
11.117840000000001
11.138050000000002
11.13781
11.13969
11.13235
11.143170000000001
11.139980000000001
11.133140000000001
11.12391
11.134390000000002
11.12242
11.121640000000001
11.099590000000001
11.08207
11.08819
11.09412
11.07469
11.076410000000001
11.07773
11.08704
11.08486
11.07385
11.09275
11.078990000000001
11.07164
11.05578
11.05587
11.06478
11.06212
11.0647
11.07126
11.058150000000001
11.0484
11.02773
11.021560000000001
11.007570000000001
11.00121
11.01436
11.0144
11.018270000000001
11.01303
11.011650000000001
11.00641
11.00735
11.00735
11.002510000000001
11.006730000000001
11.01711
11.01321
11.01556
11.01711
11.026480000000001
11.005220000000001
10.994610000000002
10.999540000000001
10.99563
10.98977
10.987200000000001
11.006810000000002
11.02626
11.051340000000001
11.07587
11.098830000000001
11.08858
11.0821
11.06968
11.06058
11.04424
11.03031
11.018040000000001
11.01852
11.029770000000001
11.010860000000001
11.009300000000001
11.001090000000001
10.996400000000001
10.987820000000001
10.97743
10.97321
10.96832
10.96948
10.95616
10.96561
10.97752
10.986880000000001
10.97907
10.98915
10.985470000000001
10.988750000000001
11.002510000000001
11.021640000000001
11.02515
11.019070000000001
11.026340000000001
11.02555
11.00961
10.99625
10.98742
10.97508
10.965
10.95382
10.95031
10.97343
10.967350000000001
10.953510000000001
10.945780000000001
10.93406
10.92786
10.90652
10.89789
10.914660000000001
10.919270000000001
10.932590000000001
10.94072
10.95377
10.945870000000001
10.941880000000001
10.93375
10.926250000000001
10.922970000000001
10.905750000000001
10.885330000000002
10.862810000000001
10.864170000000001
10.88161
10.867740000000001
10.877130000000001
10.89689
10.91235
10.91383
10.90914
10.91413
10.904
10.900860000000002
10.896640000000001
10.904770000000001
10.895980000000002
10.90309
10.89602
10.87249
10.85187
10.83507
10.829220000000001
10.82202
10.8057
10.81696
10.818520000000001
10.80906
10.800310000000001
10.787980000000001
10.792000000000002
10.78585
10.78611
10.7886
10.78336
10.77447
10.795240000000002
10.802100000000001
10.8032
10.81696
10.819450000000002
10.822740000000001
10.827660000000002
10.83094
10.849540000000001
10.87494
10.88821
10.900720000000002
10.890780000000001
10.88976
10.886830000000002
10.88068
10.88235
10.892900000000001
10.890120000000001
10.89816
10.89624
10.88311
10.86726
10.86477
10.8559
10.848310000000001
10.8511
10.87493
10.872620000000001
10.876700000000001
10.872580000000001
10.886650000000001
10.88235
10.87906
10.878440000000001
10.866950000000001
10.865310000000001
10.87086
10.86921
10.88541
10.89376
10.911420000000001
10.904850000000001
10.899700000000001
10.895480000000001
10.893130000000001
10.881950000000002
10.86632
10.85922
10.867740000000001
10.860470000000001
10.857890000000001
10.863840000000001
10.855630000000001
10.845780000000001
10.849770000000001
10.84014
10.83117
10.83117
10.82398
10.826730000000001
10.83689
10.83782
10.835640000000001
10.84197
10.8261
10.817
10.821390000000001
10.82384
10.82469
10.800260000000002
10.792900000000001
10.80072
10.78453
10.77688
10.76383
10.76945
10.78687
10.777420000000001
10.800320000000001
10.804540000000001
10.81243
10.81071
10.80227
10.789530000000001
10.769070000000001
10.77142
10.7779
10.79033
10.801730000000001
10.802890000000001
10.81399
10.8032
10.817580000000001
10.81657
10.79859
10.79024
10.776480000000001
10.783050000000001
10.783760000000001
10.774920000000002
10.77555
10.77914
10.79095
10.78922
10.79446
10.79015
10.7886
10.78274
10.78531
10.778210000000001
10.77555
10.75047
10.741330000000001
10.73915
10.743680000000001
10.73649
10.72024
10.72415
10.740390000000001
10.741330000000001
10.74891
10.749540000000001
10.751090000000001
10.75633
10.76298
10.758920000000002
10.7544
10.755790000000001
10.7597
10.75956
10.754280000000001
10.741330000000001
10.738180000000002
10.73236
10.71039
10.70368
10.710080000000001
10.70555
10.70524
10.69969
10.707590000000001
10.70288
10.681090000000001
10.66942
10.67262
10.68415
10.67523
10.68614
10.708730000000001
10.69968
10.712430000000001
10.72375
10.724770000000001
10.68913
10.69134
10.68899
10.684460000000001
10.664620000000001
10.67181
10.68743
10.69875
10.69485
10.68961
10.69321
10.697740000000001
10.708210000000001
10.69969
10.706570000000001
10.73196
10.74993
10.75641
10.76126
10.77595
10.79094
10.76335
10.742970000000001
10.733600000000001
10.747200000000001
10.73844
10.737820000000001
10.73719
10.74665
10.746160000000001
10.732180000000001
10.71358
10.7071
10.69969
10.69813
10.70768
10.716330000000001
10.703990000000001
10.70306
10.70541
10.695160000000001
10.685
10.68899
10.69875
10.69374
10.67514
10.69759
10.70578
10.69172
10.702660000000002
10.7119
10.7047
10.69618
10.684700000000001
10.673760000000001
10.665550000000001
10.673720000000001
10.66671
10.6738
10.67101
10.667670000000001
10.675320000000001
10.67181
10.67032
10.65375
10.65196
10.65055
10.623090000000001
10.615350000000001
10.60101
10.60407
10.603990000000001
10.612820000000001
10.621960000000001
10.622580000000001
10.61837
10.617040000000001
10.633370000000001
10.62906
10.630930000000001
10.62218
10.608910000000002
10.610470000000001
10.604610000000001
10.59843
10.596260000000001
10.59289
10.606330000000002
10.61712
10.617740000000001
10.619140000000002
10.630830000000001
10.647250000000001
10.631950000000002
10.62649
10.62063
10.61086
10.61083
10.610650000000001
10.615480000000002
10.62329
10.623520000000001
10.625860000000001
10.640780000000001
10.623740000000002
10.607180000000001
10.588500000000002
10.57571
10.574150000000001
10.56438
10.556170000000002
10.56689
10.56305
10.55094
10.531680000000001
10.508460000000001
10.51364
10.52772
10.520620000000001
10.52079
10.54486
10.56039
10.54199
10.53761
10.54836
10.5564
10.5378
10.52968
10.55072
10.552660000000001
10.55227
10.55813
10.55657
10.5654
10.55344
10.53805
10.531320000000001
10.509300000000001
10.512590000000001
10.51739
10.50974
10.50539
10.48156
10.49442
10.501280000000001
10.488040000000002
10.47921
10.4868
10.48094
10.477110000000001
10.460780000000002
10.43532
10.43743
10.45189
10.447420000000001
10.44965
10.46456
10.474060000000001
10.486880000000001
10.46988
10.45208
10.444460000000001
10.44134
10.44626
10.44227
10.44454
10.45109
10.45555
10.447420000000001
10.443430000000001
10.44641
10.45071
10.440320000000002
10.439290000000002
10.45111
10.449380000000001
10.44875
10.43899
10.43899
10.42922
10.41632
10.402660000000001
10.412980000000001
10.418520000000001
10.42767
10.44072
10.45768
10.44602
10.4486
10.44734
10.45071
10.46438
10.47415
10.47991
10.487910000000001
10.498600000000001
10.50047
10.47499
10.462340000000001
10.45719
10.432640000000001
10.41844
10.41356
10.41347
10.428600000000001
10.42962
10.43548
10.44524
10.440320000000002
10.43458
10.41013
10.399930000000001
10.399930000000001
10.403210000000001
10.414620000000001
10.41946
10.43313
10.443290000000001
10.4318
10.428560000000001
10.41862
10.41986
10.42736
10.421410000000002
10.42463
10.42021
10.439910000000001
