1.08884
1.0914
0.99173
0.834686
0.75351
0.721039
0.454315
0.539154
0.831482
0.0882874
0.765411
-0.0664063
0.917419
-0.208984
0.217133
-0.069519
-0.833984
0.0772705
-0.00726318
-5.32907E-15
-1.60568
-0.802795
-1.23563
-1.28085
-1.53412
-1.57233
-1.616
-2.55859
-2.73013
-12.6098
0.560547
6.20111
12.959
16.6914
18.4774
19.2633
19.732
20.0216
20.2699
20.5102
20.7501
20.9512
21.1212
21.3274
21.5266
21.6817
21.87
22.0591
22.2509
22.3959
22.5184
22.6591
22.8192
22.9576
23.1118
23.2524
23.4075
23.515
23.6443
23.7837
23.9205
24.0498
24.2064
24.3568
24.4087
24.3335
24.4338
24.7331
24.9374
25.0157
25.0595
25.1282
25.1852
25.2373
25.2684
25.3193
25.3911
23.9612
21.3198
20.5619
20.3607
21.4315
23.2736
23.2888
27.7958
28.2012
27.9938
27.9748
27.9831
28.0045
28.0353
28.046
28.061
28.0591
28.0626
28.0724
28.0738
28.074
28.0626
28.0645
28.0364
27.9969
27.9712
27.9644
27.9708
28.0002
27.9941
27.9856
27.9641
27.9384
27.9142
27.9224
27.9122
27.902
27.8942
27.8942
27.9075
27.9239
27.9419
27.9532
27.9446
27.9172
27.8892
27.8402
27.8157
27.8224
27.811
27.8009
27.7731
27.7454
27.7243
27.7126
27.7278
27.7388
27.7524
27.77
27.7638
27.7376
27.7423
27.7407
27.7263
27.713
27.7524
27.7669
27.7669
27.7751
27.7915
27.8423
27.9399
27.231
5.26221
4.2829
4.18329
4.20166
4.26025
4.3107
4.33408
4.37781
4.39929
4.44977
4.47119
4.51532
4.5415
4.55087
4.56265
4.5708
4.56299
4.56921
4.59851
4.61148
4.63953
4.62509
4.62158
4.64929
4.64078
4.62195
4.6282
4.63953
4.63101
4.61023
4.59851
4.60632
4.60837
4.59695
4.57861
4.60837
4.6282
4.6279
4.63446
4.64432
4.64423
4.63611
4.60867
4.5986
4.59891
4.58524
4.58688
4.57587
4.57712
4.56766
4.57556
4.57587
4.55798
4.55634
4.5658
4.56766
4.53796
4.52829
4.53992
4.56735
4.61688
4.68533
4.73602
4.81775
4.81454
4.80954
4.69696
1.90408
0.41922
-0.496307
-1.26398
1.79471
5.63611
3.65594
0.685333
0.66571
0.766968
0.38446
1.0654
-0.164368
-0.0338135
0.0039978
-0.0845947
-1.27374
-3.94397
-5.86203
-5.73187
1.16531
3.75525
7.01376
-0.693573
-6.0257
-4.69397
-3.04523
2.11658
3.15604
3.26376
3.30798
3.34384
3.40759
3.52704
3.94821
3.18369
4.50406
4.04312
3.97791
4.02197
4.14273
5.62479
4.11377
5.01187
4.52554
4.64627
4.77548
4.89587
4.92743
4.84705
4.69345
4.5072
4.33572
4.17548
4.00369
3.82431
3.67361
3.49234
3.28525
3.24234
3.41422
3.38651
2.61533
2.37164
-96.9768
-273.145
-253.344
-246.955
-249.793
-254.563
-258.944
-262.578
-265.297
-267.605
-269.186
-270.139
-270.756
-271.004
-270.994
-270.828
-270.49
-269.987
-269.377
-268.787
-268.084
-267.285
-266.449
-265.527
-264.586
-263.539
-262.537
-261.457
-260.428
-259.365
-258.189
-257.046
-255.937
-254.777
-253.556
-252.346
-251.115
-249.905
-248.756
-247.525
-246.324
-245.058
-243.818
-242.586
-241.385
-240.107
-238.857
-237.615
-236.328
-235.04
-233.779
-232.488
-231.225
-229.958
-228.656
-227.388
-226.128
-224.885
-223.579
-222.298
-221.037
-219.779
-218.53
-217.28
-216.071
-214.816
-213.568
-212.279
-211.029
-209.81
-208.572
-207.365
-206.177
-204.947
-203.736
-202.548
-201.319
-200.029
-198.828
-197.658
-196.514
-195.326
-194.138
-192.988
-191.777
-190.638
-189.497
-188.316
-187.101
-185.928
-184.781
-183.603
-182.476
-181.287
-180.156
-178.958
-177.867
-176.735
-175.617
-174.496
-173.413
-172.277
-171.291
-170.185
-169.428
-168.097
-166.363
-165.265
-164.294
-163.36
-162.368
-161.371
-161.114
-159.938
-158.645
-157.449
-156.123
-155.55
-154.226
-152.867
-151.659
-150.365
-151.09
-148.813
-147.798
-146.084
-146.512
-144.569
-143.648
-141.97
-140.935
-139.955
-138.89
-137.867
-136.855
-135.803
-134.84
-133.81
-132.808
-131.818
-130.824
-129.856
-128.901
-127.904
-126.974
-126.004
-125.076
-124.117
-123.161
-122.2
-121.19
-120.19
-119.259
-118.339
-117.37
-116.447
-115.532
-114.611
-113.659
-112.73
-111.831
-110.901
-110.001
-109.079
-108.143
-107.213
-106.306
-105.318
-104.39
-103.484
-102.631
-101.828
-101.014
-99.8523
-98.7335
-97.8209
-96.9662
-96.0725
-95.2052
-94.3748
-93.5139
-92.6447
-91.8651
-91.0169
-89.9681
-89.0755
-88.2228
-87.437
-86.6185
-85.7787
-84.9044
-84.0366
-84.7318
-84.0349
-80.2426
-78.8767
-78.0888
-77.3255
-76.5658
-75.7849
-74.9517
-74.1642
-73.3897
-72.6444
-71.8131
-71.0581
-70.4015
-69.6401
-68.9179
-68.1796
-67.487
-66.7433
-66.055
-65.3671
-64.6288
-63.9472
-63.2464
-62.5534
-61.8968
-61.1644
-60.4081
-59.7167
-59.0175
-58.2444
-57.5664
-56.9455
-56.228
-55.4897
-54.8179
-54.1694
-53.496
-52.8069
-52.1448
-51.439
-50.8065
-50.06
-49.3898
-48.6987
-47.996
-47.3085
-46.6874
-46.0144
-45.3686
-44.7019
-43.9912
-43.3081
-42.6433
-41.9702
-41.2807
-40.6038
-39.9113
-39.2479
-38.6187
-37.978
-37.3491
-36.7023
-36.0205
-35.3718
-34.7409
-34.0518
-33.403
-32.7823
-32.0745
-31.4326
-30.8148
-30.23
-29.6499
-29.0112
-28.364
-27.7916
-27.1839
-26.5533
-25.9323
-25.362
-24.7498
-24.0941
-23.483
-22.8866
-22.2643
-21.6546
-20.985
-20.403
-19.8506
-19.1921
-18.5925
-18.0256
-17.3932
-16.8163
-16.194
-15.5877
-14.9944
-14.4045
-13.8179
-13.2268
-12.6334
-12.0452
-11.4537
-10.8753
-10.2858
-9.746
-9.15491
-8.55685
-7.97296
-7.56311
-7.0874
-6.51428
-5.9686
-5.39484
-4.84592
-4.28546
-3.69397
-3.13663
-2.54709
-1.97836
-1.43539
-0.878418
-0.297089
0.294708
0.82431
1.39432
1.93533
2.48096
3.02518
3.5939
4.10361
4.66226
5.20486
5.72476
6.29187
6.77518
7.36188
7.92398
8.43369
8.92203
9.45486
10.0138
10.5037
11.015
11.6056
12.0857
12.5841
13.1021
13.6623
14.1951
14.7524
15.2291
15.7322
16.2755
16.7755
17.3032
17.7928
18.3045
18.8028
19.3029
19.8029
20.3032
20.8111
21.3127
21.7947
22.3224
22.8094
23.272
23.7818
24.2802
24.7588
25.2588
25.7638
26.233
26.715
27.1805
27.672
28.1837
28.6525
29.1431
29.5919
30.0627
30.5431
30.9923
31.4517
31.9205
32.3748
32.8716
33.3404
33.8228
34.2931
34.733
35.1642
35.6528
36.1119
36.5595
37.0498
37.481
37.9584
38.4287
38.9107
39.3439
39.7916
40.233
40.6837
41.1431
41.5939
42.0349
42.4517
42.8912
43.3306
43.7213
44.1607
44.6416
45.0533
45.4845
45.952
46.4025
46.8111
47.2623
47.6837
48.1119
48.5025
48.9404
49.4208
49.8384
50.2521
50.6658
51.1036
51.5591
51.9892
52.4107
52.8013
53.2181
53.6412
54.0338
54.4322
54.8521
55.3174
55.7509
56.1642
56.5627
56.9845
57.4044
57.813
58.2443
58.6607
59.0416
59.422
59.8094
60.2177
60.6279
60.9908
61.3779
61.8209
62.2423
62.633
63.0024
63.3975
63.8115
64.2314
64.622
64.999
65.4012
65.7834
66.1935
66.6006
66.9697
67.3599
67.7408
68.1299
68.54
68.9111
69.2525
69.6236
70.042
70.4126
70.8013
71.1822
71.5498
71.942
72.3013
72.6709
73.0025
73.3638
73.8309
74.2295
74.5888
74.9498
75.3291
75.713
76.0728
76.4337
76.7838
77.1528
77.4923
77.8502
78.2408
78.6197
78.771
79.1675
79.253
79.8696
80.7525
81.1011
81.3758
81.5768
81.7972
82.1519
81.4752
82.2999
82.8085
82.9785
84.0741
83.7488
84.4641
85.1239
85.6129
85.9977
84.4791
86.5703
86.6538
87.6144
86.2435
87.8848
88.2188
89.1772
89.5216
89.8702
90.2854
90.6823
91.0272
91.3802
91.7213
92.0338
92.3713
92.7216
93.0514
93.3717
93.7119
94.0417
94.3525
94.7116
95.0909
95.4044
95.7741
96.1478
96.4909
96.8346
97.1795
97.5467
97.9194
98.308
98.6694
98.9913
99.3115
99.6514
99.9831
100.29
100.612
100.971
101.3
101.637
101.976
102.346
102.722
103.03
103.274
103.492
103.83
104.488
105.013
105.406
105.735
106.039
106.367
106.685
106.974
107.278
107.537
107.823
108.521
108.88
109.179
109.434
109.716
110.015
110.295
110.629
109.52
109.602
112.875
113.737
114.004
114.292
114.61
114.911
115.231
115.547
115.849
116.121
116.378
116.602
116.842
117.128
117.381
117.608
117.852
118.1
118.352
118.6
118.866
119.131
119.383
119.635
119.865
120.076
120.324
120.591
120.819
121.063
121.34
121.621
121.881
122.118
122.37
122.62
122.862
123.11
123.35
123.61
123.886
124.158
124.419
124.659
124.883
125.113
125.35
125.597
125.854
126.117
126.384
126.611
126.833
127.061
127.309
127.559
127.819
128.043
128.303
128.547
128.762
129.009
129.245
129.502
129.777
130.064
130.337
130.616
130.866
131.097
131.365
131.647
131.916
132.165
132.407
132.669
132.937
133.177
133.436
133.718
133.958
134.187
134.447
134.679
134.937
135.175
135.427
135.695
135.935
136.187
136.417
136.654
136.898
137.128
137.357
137.586
137.839
138.076
138.314
138.566
138.827
139.086
139.319
139.558
139.796
140.035
140.256
140.494
140.75
141.012
141.247
141.475
141.724
141.957
142.177
142.416
142.647
142.895
143.117
143.344
143.584
143.825
144.035
144.265
144.502
144.765
145.015
145.254
145.481
145.701
145.912
146.131
146.373
146.623
146.875
147.102
147.342
147.572
147.803
148.022
148.273
148.504
148.733
148.955
149.195
149.424
149.643
149.875
150.104
150.316
150.556
150.766
150.997
151.225
151.485
151.695
151.885
152.102
152.311
152.553
152.774
152.984
153.192
153.424
153.651
153.873
154.089
154.322
154.561
154.813
155.022
155.252
155.473
155.703
155.932
156.153
156.372
156.569
156.792
157.003
157.213
157.432
157.625
157.853
158.081
158.298
158.504
158.702
158.913
159.139
159.352
159.543
159.759
159.953
160.192
160.393
160.612
160.801
161.002
161.21
161.42
161.623
161.85
162.061
162.274
162.483
162.684
162.901
163.092
163.298
163.491
163.7
163.909
164.123
164.333
164.555
164.761
164.973
165.163
165.363
165.582
165.776
165.973
166.161
166.38
166.581
166.8
167.022
167.242
167.463
167.654
167.861
168.045
168.212
168.393
168.589
168.828
169.04
169.26
169.46
169.687
169.891
170.063
170.242
170.44
170.659
170.863
171.051
171.228
171.411
171.602
171.811
172.03
172.221
172.401
172.604
172.782
172.991
173.19
173.378
173.579
173.769
173.988
174.19
174.391
174.551
174.77
174.97
175.163
175.333
175.501
175.711
175.909
176.12
176.351
176.55
176.761
176.94
177.14
177.331
177.501
177.702
177.891
178.061
178.261
178.45
178.63
178.808
178.991
179.188
179.39
179.561
179.751
179.94
180.129
180.292
180.471
180.661
180.849
180.845
181.071
180.915
181.418
182.144
182.314
182.405
182.402
182.412
182.503
181.887
182.267
182.68
182.757
183.641
183.198
183.697
184.126
184.503
184.647
183.019
184.887
184.726
185.58
184.06
185.455
185.521
186.382
186.618
186.772
186.989
187.223
187.418
187.619
187.782
187.972
188.153
188.331
188.51
188.692
188.88
189.082
189.27
189.46
189.681
189.881
190.073
190.229
190.411
190.59
190.751
190.958
191.143
191.349
191.56
191.769
191.97
192.169
192.34
192.52
192.73
192.921
193.13
193.338
193.508
193.724
193.951
194.151
194.293
194.344
194.473
194.909
195.274
195.499
195.678
195.823
195.996
196.176
196.356
196.527
196.674
196.884
197.378
197.545
197.661
197.803
197.963
198.113
198.313
198.535
197.329
197.414
200.353
201.044
201.181
201.356
201.547
201.738
201.913
202.079
202.243
202.399
202.512
202.641
202.754
202.891
203.01
203.138
203.241
203.368
203.472
203.571
203.67
203.798
203.92
204.043
204.174
204.311
204.461
204.599
204.721
204.813
204.92
205.048
205.17
205.28
205.427
205.52
205.645
205.77
205.899
206.018
206.138
206.286
206.417
206.551
206.682
206.792
206.909
207.027
207.187
207.347
207.476
207.59
207.72
207.849
207.979
208.089
208.187
208.308
208.468
208.608
208.749
208.9
209.027
209.157
209.306
209.436
209.568
209.698
209.835
209.966
210.105
210.234
210.388
210.525
210.667
210.765
210.899
211.045
211.165
211.308
211.447
211.599
211.734
211.874
212.015
212.136
212.265
212.397
212.554
212.687
212.806
212.937
213.082
213.23
213.337
213.476
213.638
213.775
213.916
214.056
214.206
214.329
214.457
214.576
214.693
214.822
214.971
215.143
215.277
215.414
215.525
215.676
215.804
215.924
216.053
216.174
216.316
216.442
216.582
216.705
216.856
216.992
217.105
217.234
217.365
217.488
217.651
217.793
217.926
218.094
218.243
218.345
218.474
218.614
218.736
218.854
218.975
219.103
219.244
219.403
219.553
219.692
219.834
219.981
220.105
220.244
220.383
220.524
220.643
220.763
220.883
220.993
221.139
221.29
221.422
221.565
221.692
221.806
221.906
222.023
222.17
222.323
222.455
222.622
222.762
222.875
222.996
223.123
223.274
223.424
223.533
223.661
223.775
223.904
224.014
224.151
224.292
224.432
224.571
224.692
224.824
224.936
225.066
225.194
225.323
225.433
225.569
225.703
225.842
225.971
226.102
226.221
226.354
226.511
226.641
226.79
226.919
227.042
227.17
227.301
227.422
227.551
227.692
227.813
227.942
228.063
228.211
228.323
228.45
228.561
228.692
228.841
228.954
229.092
229.221
229.368
229.491
229.62
229.733
229.878
230.02
230.135
230.272
230.452
231.491
464.663
523.852
528.571
531.544
533.862
535.733
537.226
538.561
539.71
540.729
541.64
542.489
543.269
543.952
544.612
545.213
545.759
546.372
546.87
547.321
547.762
548.192
548.618
549.02
549.38
549.69
550.038
550.381
550.664
550.972
551.27
551.551
551.811
552.09
552.35
552.612
552.842
553.06
553.282
553.521
553.731
553.931
554.102
554.282
554.46
554.631
554.812
554.989
555.176
555.357
555.51
555.64
555.8
555.95
556.082
556.241
556.36
556.51
556.651
556.865
557.14
557.409
557.599
557.749
557.872
557.97
557.973
555.045
554.128
554.255
551.994
553.172
558.769
559.896
555.444
555.293
554.934
554.992
555.989
555.162
554.877
554.835
554.779
554.488
550.763
548.681
547.765
552.097
556.841
562.132
562.54
547.977
549.784
552.099
554.109
558.716
559.055
560.062
558.553
557.58
553.665
553.743
553.974
554.069
555.01
554.833
554.883
554.901
556.952
556.249
556.383
555.934
555.834
555.948
556.108
556.287
556.443
556.58
556.726
556.89
557.031
557.15
557.289
557.413
557.56
557.665
557.774
557.892
558.003
558.114
558.235
558.336
558.439
558.531
558.637
558.722
558.827
558.924
559.053
559.165
559.273
559.344
559.339
559.215
559.212
559.599
559.863
559.958
560.008
560.068
560.132
560.182
560.205
560.238
560.246
559.49
557.905
557.603
557.401
556.764
559.467
556.275
553.503
553.209
555.88
557.123
557.304
557.349
557.39
557.46
557.525
557.624
557.559
555.195
558.128
559.429
559.572
559.679
559.82
559.977
560.119
560.221
560.311
560.37
560.414
560.504
560.671
560.825
560.947
561.012
561.049
561.078
561.127
561.181
561.266
561.359
561.411
561.464
561.511
561.56
561.623
561.681
561.738
561.761
561.801
561.87
561.947
562.027
562.086
562.15
562.184
562.215
562.234
562.239
562.275
562.334
562.373
562.413
562.453
562.478
562.526
562.555
562.595
562.636
562.692
562.718
562.738
562.757
562.792
562.824
562.866
562.914
562.945
562.979
563.002
563.065
563.112
563.164
563.187
563.217
563.23
563.231
563.249
563.265
563.305
563.354
563.383
563.432
563.457
563.503
563.517
563.512
563.538
563.578
563.597
563.636
563.666
563.695
563.708
563.745
563.785
563.798
563.837
563.859
563.888
563.909
563.929
563.96
563.97
564.035
564.068
564.124
564.164
564.199
564.192
564.192
564.202
564.21
564.234
564.246
564.276
564.295
564.297
564.3
564.342
564.345
564.367
564.413
564.443
564.465
564.499
564.557
564.607
564.638
564.658
564.69
564.682
564.672
564.659
564.684
564.716
564.742
564.757
564.767
564.8
564.828
564.839
564.849
564.857
564.888
564.909
564.921
564.927
564.948
564.978
564.999
565.009
565.01
565.04
565.058
565.069
565.081
565.104
565.146
565.171
565.187
565.226
565.267
565.27
565.306
565.321
565.32
565.331
565.369
565.396
565.411
565.421
565.46
565.479
565.49
565.501
565.519
565.557
565.578
565.564
565.579
565.591
565.599
565.628
565.648
565.658
565.683
565.7
565.702
565.69
565.716
565.744
565.767
565.797
565.808
565.818
565.818
565.829
565.846
565.857
565.869
565.87
565.88
565.89
565.891
565.908
565.929
565.945
565.966
565.96
565.978
566.009
566.002
566.011
566.032
566.068
566.079
566.076
566.117
566.128
566.149
566.159
566.171
566.169
566.197
566.228
566.229
566.24
566.256
566.269
566.29
566.31
566.328
566.331
566.359
566.37
566.351
566.351
566.38
566.382
566.392
566.408
566.419
566.447
566.468
566.471
566.489
566.499
566.512
566.548
566.568
566.578
566.581
566.588
566.615
566.636
566.659
566.677
566.705
566.729
566.747
566.759
566.778
566.781
566.792
566.788
566.8
566.79
566.797
566.798
566.818
566.857
566.869
566.898
566.929
566.956
566.96
566.962
566.979
566.991
566.993
567.003
567.003
567.008
566.999
567.015
567.021
567.021
567.029
567.042
567.061
567.061
567.061
567.079
567.089
567.12
567.138
567.16
567.169
567.19
567.19
567.174
567.154
567.151
567.157
567.167
567.216
567.253
567.261
567.19
566.731
566.967
566.941
566.937
566.948
566.967
566.994
567.019
567.04
567.063
567.091
567.11
567.13
567.151
567.188
567.198
567.213
567.241
567.271
567.3
567.285
567.291
567.31
567.315
567.312
567.318
567.346
567.369
567.377
567.396
567.417
567.427
567.468
567.478
567.489
567.499
567.501
567.503
567.509
567.511
567.53
567.563
567.573
567.574
567.573
567.519
567.847
567.78
567.856
567.826
567.807
567.81
567.817
567.818
567.819
567.815
567.821
567.823
567.834
567.836
567.852
567.854
567.883
567.886
567.896
567.896
567.881
567.87
567.849
567.86
567.857
567.858
567.875
567.896
567.903
567.927
567.921
567.939
567.95
567.94
567.957
567.958
567.94
567.967
567.96
567.962
567.978
567.981
567.971
567.97
567.968
567.978
567.988
567.989
568.009
568.019
568.024
568.03
568.047
568.05
568.065
568.095
568.115
568.125
568.12
568.108
568.1
568.082
568.069
568.089
568.087
568.107
568.12
568.13
568.14
568.138
568.141
568.151
568.161
568.151
568.169
568.188
568.18
568.187
568.197
568.216
568.202
568.202
568.213
568.215
568.205
568.221
568.223
568.259
568.279
568.298
568.28
568.301
568.295
568.311
568.313
568.329
568.34
568.36
568.388
568.385
568.401
568.395
568.385
568.383
568.393
568.413
568.422
568.432
568.462
568.445
568.453
568.445
568.47
568.473
568.491
568.502
568.515
568.502
568.494
568.492
568.491
568.481
568.489
568.479
568.489
568.489
568.499
568.503
568.509
568.529
568.548
568.569
568.561
568.556
568.577
568.569
568.587
568.597
568.618
568.656
568.658
568.676
568.667
568.648
568.659
568.668
568.661
568.649
568.672
568.674
568.669
568.679
568.696
568.68
568.667
568.667
568.677
568.679
568.685
568.705
568.699
568.687
568.679
568.697
568.707
568.712
568.704
568.725
568.72
568.74
568.736
568.736
568.733
568.754
568.767
568.766
568.785
568.811
568.827
568.875
568.86
568.203
568.726
568.636
567.764
567.593
567.661
567.756
567.951
568.765
570.178
571.609
574.259
573.518
570.231
569.96
570.039
570.134
570.148
570.321
565.701
565.124
565.528
565.607
564.804
559.929
554.48
550.839
552.033
554.248
569.729
575.659
554.221
551.378
553.108
556.329
557.786
558.277
558.317
559.791
566.65
568.751
569.151
569.281
569.366
569.471
569.642
565.585
561.355
