-0.315381
-0.329071
-0.331702
-0.34668
-0.344009
-0.34035
-0.331815
-0.3241
-0.31871
-0.317221
-0.314819
-0.323318
-0.31723
-0.305603
-0.276093
-0.265945
-0.255557
-0.271664
-0.286179
-0.298389
-0.31044
-0.313278
-0.295746
-0.286102
-0.272015
-0.272327
-0.251386
-0.250262
-0.232266
-0.249146
-0.246527
-0.249033
-0.24303
-0.241608
-0.23598
-0.210965
-0.187424
-0.170486
-0.151166
-0.169949
-0.156729
-0.160443
-0.161734
-0.17645
-0.187396
-0.186615
-0.182282
-0.188312
-0.202286
-0.2035
-0.185947
-0.201312
-0.21022
-0.572127
0.420449
-0.0504222
-0.192707
0.517239
-1.05879
0.966782
-0.973156
-0.648447
-0.29142
-0.175363
-0.155664
-0.108596
-0.0748076
-0.066443
-0.0553589
-0.0310946
-0.0311279
-0.0302949
-0.0162201
0.00120544
0.0288086
0.0496492
0.0591125
0.062326
0.0556488
0.0356565
0.0288911
0.0163026
0.0116544
0.0185089
0.0249481
0.0368042
0.0627136
0.0993652
0.123654
0.134692
0.163064
0.180234
0.187909
0.193179
0.211423
0.212741
0.212491
0.231412
0.230786
0.225647
0.20506
0.198105
0.201645
0.199899
0.212485
0.221735
0.252133
0.27739
0.31005
0.320691
0.343445
0.345868
0.340347
0.327249
0.335251
0.341354
0.348184
0.353336
0.369076
0.387173
0.417911
0.440463
0.464554
0.484097
0.49855
0.504776
0.522562
0.54166
0.553769
0.584821
0.604767
0.610107
0.587064
0.571591
0.56102
0.548679
0.563577
0.569901
0.591724
0.60751
0.623575
0.631302
0.632107
0.627994
0.623856
0.646716
0.67001
0.692337
0.68992
0.697421
0.714691
0.705933
0.702954
0.711017
0.727063
0.740552
0.753052
0.769803
0.781863
0.787964
0.797571
0.805145
0.815491
0.822372
0.861407
0.880933
0.887512
0.889032
0.899722
0.899475
0.88945
0.904401
0.920273
0.923187
0.941266
0.951584
0.9789
0.998535
1.02549
1.03891
1.04251
1.03715
1.03941
1.04182
1.04779
1.0637
1.09309
1.12097
1.12643
1.14209
1.16342
1.1797
1.17211
1.18053
1.19184
1.20137
1.20277
1.20517
1.20475
1.19509
1.19595
1.2135
1.21048
1.22981
1.25806
1.28453
1.31468
1.34059
1.35646
1.37513
1.40694
1.42549
1.42091
1.42928
1.42046
1.42298
1.43672
1.44316
1.45954
1.47544
1.48404
1.49064
1.50974
1.5299
1.54669
1.56287
1.59721
1.6073
1.60733
1.62788
1.63307
1.63825
1.64392
1.65553
1.67979
1.68858
1.71136
1.72155
1.72093
1.70279
1.70747
1.72136
1.73109
1.73073
1.73214
1.74925
1.74436
1.7424
1.73803
1.75683
1.77945
1.79716
1.8214
1.85138
1.86246
1.87224
1.8685
1.87259
1.86605
1.8698
1.86865
1.87581
1.89578
1.88803
1.91534
1.92317
1.92819
1.92075
1.93954
1.95593
1.95247
1.96513
1.97484
1.98341
1.99571
2.01022
2.01175
2.03679
2.05737
2.05841
2.06216
2.08531
2.10176
2.10553
2.13516
2.16622
2.18887
2.18341
2.17393
2.17093
2.15779
2.16027
2.15455
2.16409
2.18279
2.22752
2.25874
2.27367
2.2818
2.29576
2.30487
2.29527
2.29498
2.29616
2.30812
2.31659
2.33502
2.36412
2.37061
2.38522
2.42218
2.42401
2.43106
2.43169
2.43109
2.4349
2.44322
2.45309
2.47447
2.47803
2.48843
2.51257
2.52307
2.53561
2.56569
2.56451
2.56931
2.57959
2.57499
2.55899
2.56721
2.58052
2.58979
2.59462
2.59086
2.60611
2.6085
2.59868
2.60045
2.60705
2.63535
2.6528
2.67246
2.694
2.70421
2.70839
2.70762
2.70537
2.71272
2.72452
2.746
2.74693
2.76429
2.79247
2.80498
2.82437
2.83835
2.85136
2.86887
2.90182
3.44775
2.54987
2.94733
2.95605
2.88973
2.89494
2.87857
2.86132
2.87335
2.85538
2.84966
2.85951
2.89541
2.89933
2.93856
2.96057
2.95636
2.96804
2.98214
2.99492
3.00524
3.02539
3.0397
3.02378
3.02779
3.03771
3.03296
3.03824
3.04645
3.04684
3.0497
3.07161
3.07322
3.06574
3.0734
3.07275
3.07567
3.09444
3.10023
3.08439
3.08299
3.07632
3.05557
3.04882
3.05394
3.04463
3.0398
3.04088
3.04784
3.06213
3.08445
3.12811
3.14563
3.17214
3.17695
3.15922
3.15432
3.1382
3.13015
3.12297
3.12491
3.11116
3.11946
3.13289
3.11494
3.1139
3.11909
3.12728
3.11922
3.11731
3.12144
3.10872
3.10756
3.11412
3.11705
3.13212
3.13086
3.13603
3.15144
3.1306
3.12113
3.11357
3.12041
3.14702
3.15024
3.13876
3.15882
3.17509
3.17829
2.90115
2.7429
3.33948
2.6005
3.00996
3.14354
3.15527
3.18993
3.21372
3.23386
3.22412
3.23884
3.2513
3.27266
3.27884
3.28403
3.27985
3.28037
3.28592
3.29229
3.29805
3.3293
3.35713
3.38979
3.42819
3.45187
3.45953
3.47699
3.50785
3.51565
3.5027
3.51193
3.49469
3.49457
3.47928
3.47539
3.50245
3.5258
3.5663
3.59393
3.6167
3.64664
3.65499
3.67787
3.69737
3.70793
3.73553
3.75265
3.7724
3.77094
3.7821
3.79033
3.81076
3.83916
3.85844
3.87015
3.86835
3.8796
3.88119
3.89022
3.90151
3.91299
3.92722
3.93491
3.94162
3.96247
3.99044
4.00747
4.02168
4.06178
4.08124
4.09512
4.09995
4.12118
4.14145
4.14297
4.15923
4.16685
4.18135
4.21097
4.23784
4.27375
4.30331
4.32991
4.34124
4.33923
4.34752
4.35522
4.34778
4.35977
4.37784
4.37241
4.39153
4.40219
4.41104
4.42038
4.42592
4.43397
4.43975
4.46227
4.49176
4.49594
4.51651
4.54994
4.57765
4.6049
4.60884
4.62199
4.6419
4.649
4.65269
4.6588
4.67749
4.68404
4.68076
4.68927
4.69371
4.70926
4.72786
4.7495
4.77068
4.77676
4.78185
4.8015
4.836
4.85879
4.89437
4.90882
4.90135
4.90077
4.91208
4.91928
4.92529
4.93114
4.95105
4.9628
4.96602
4.97589
4.97824
4.98156
4.98191
5.00086
5.00092
5.0156
5.03593
5.03231
5.03299
5.0712
5.09093
5.1113
5.12671
5.15359
5.16815
5.17769
5.19199
5.20852
5.2359
5.23997
5.24974
5.25864
5.28366
5.30964
5.33546
5.34722
5.36609
5.38482
5.38705
5.39896
5.39846
5.41101
5.41359
5.43585
5.45367
5.46796
5.48253
5.49575
5.51048
5.51643
5.53021
5.52881
5.53697
5.55005
5.55835
5.56961
5.59073
5.60124
5.63488
5.6528
5.6714
5.69834
5.70773
5.72597
5.73135
5.72929
5.7299
5.73331
5.72849
5.73417
5.75328
5.78447
5.79185
5.80009
5.81314
5.81859
5.83226
5.84091
5.85377
5.86553
5.88817
5.91354
5.93705
5.94775
5.93886
5.95678
5.97586
5.99518
6.01643
6.04738
6.09111
6.12768
6.15671
6.16349
6.16893
6.16412
6.16362
6.17917
6.17624
6.20401
6.21735
6.22662
6.2296
6.22417
6.2374
6.24605
6.26975
6.27788
6.28694
6.31201
6.31621
6.33463
6.35605
6.36104
6.37285
6.38325
6.40186
6.40376
6.4149
6.42232
6.4248
6.43319
6.46045
6.47194
6.48155
6.50206
6.5251
6.54733
6.55124
6.56593
6.57873
6.60259
6.6128
6.62616
6.65358
6.66983
6.67076
6.67404
6.67532
6.69429
6.7034
6.7009
6.71272
6.72154
6.72862
6.74594
6.75814
6.76154
6.76442
6.76897
6.79581
6.80644
6.82955
6.85605
6.87092
6.89537
6.91503
6.94048
6.9473
6.96283
6.98332
6.99156
7.0116
7.02691
7.04483
7.07112
7.07997
7.1044
7.12167
7.13499
7.14845
7.1696
7.19272
7.40788
7.43257
7.05871
7.353
7.39995
7.3636
7.33824
7.33282
7.34694
7.3601
7.35942
7.37622
7.39084
7.4003
7.38235
7.37909
7.33683
7.32668
7.29978
7.30346
7.3051
7.32301
7.33052
7.33532
7.3341
7.35907
7.3906
7.40837
7.39052
7.40157
7.41197
7.42786
7.43406
7.42441
7.4142
7.42509
7.42804
7.42699
7.42919
7.42527
7.41618
7.39496
7.40694
7.41461
7.43716
7.43893
7.44815
7.45208
7.44041
7.42041
7.41375
7.40574
7.41202
7.4153
7.42944
7.44309
7.44755
7.43834
7.43941
7.41554
7.40882
7.41922
7.39659
7.39668
7.40102
7.39264
7.38228
7.40007
7.42061
7.42459
7.40396
7.39994
7.39149
7.3745
7.36938
7.36261
7.38544
7.41458
7.42585
7.43277
7.40712
7.41019
7.40247
7.43855
7.43956
7.43265
7.42508
7.44165
7.46025
7.47064
7.18288
7.08072
7.40818
7.0396
7.33676
7.41175
7.45963
7.50523
7.5347
7.58287
7.62134
7.63844
7.64514
7.66057
7.67165
7.6848
7.70389
7.70366
7.70525
7.71138
7.73602
7.76737
7.7962
7.82277
7.841
7.85418
7.85975
7.86921
7.88354
7.89096
7.90479
7.93879
7.98667
8.01225
8.02855
8.04737
8.06205
8.07019
8.07095
8.07663
8.09385
8.12628
8.16437
8.20562
8.25294
8.286
8.32218
8.33889
8.33934
8.35537
8.35981
8.37671
8.39691
8.43161
8.46624
8.47971
8.49918
8.51416
8.52742
8.53955
8.54468
8.55921
8.56486
8.56429
8.5681
8.59183
8.61573
8.62471
8.64372
8.67268
8.70038
8.72801
8.76315
8.80428
8.82527
8.86088
8.88264
8.88793
8.87595
8.8729
8.89231
8.91787
8.92954
8.94409
8.96842
8.99944
9.03018
9.06472
9.10078
9.12088
9.14342
9.15222
9.1803
9.20265
9.21732
9.22975
9.25151
9.26319
9.27397
9.27673
9.30036
9.33131
9.34192
9.37019
9.38678
9.41108
9.41686
9.4292
9.46335
9.48622
9.49569
9.50862
9.53465
9.54834
9.54341
9.5718
9.60466
9.63106
9.64825
9.6615
9.70349
9.73668
9.76231
9.77468
9.78746
9.79137
9.80885
9.83052
9.83443
9.88112
9.91279
9.94499
9.96114
9.98246
10.0132
10.0231
10.0318
10.0426
10.0582
10.0537
10.0541
10.0731
10.0879
10.1022
10.1361
10.1684
10.1783
10.1996
10.2045
10.2175
10.2211
10.2205
10.2254
10.2469
10.2481
10.2567
10.2821
10.3161
10.3458
10.3729
10.3997
10.4318
10.4627
10.4829
10.5144
10.5363
10.5818
10.5965
10.6101
10.6229
10.6332
10.6641
10.6801
10.7032
10.7156
10.7194
10.7362
10.7547
10.771
10.785
10.8242
10.8515
10.8646
10.8739
10.8856
10.9032
10.9202
10.9272
10.9618
10.9807
10.9975
11.019
11.0229
11.037
11.0514
11.0811
11.0923
11.102
11.121
11.1438
11.1537
11.1552
11.1867
11.1933
11.211
11.2175
11.2391
11.2557
11.2642
11.2863
11.3071
11.3345
11.3546
11.376
11.3991
11.4067
11.4321
11.4412
11.45
11.4649
11.4919
11.5004
11.5172
11.53
11.5444
11.5434
11.5702
11.5972
11.6098
11.6122
11.6391
11.6646
11.6822
11.6735
11.6994
11.7239
11.7495
11.7759
11.812
11.8423
11.8658
11.8948
11.9126
11.9337
11.9432
11.9426
11.9464
11.9567
11.9852
12.0016
12.0077
12.0341
12.0562
12.0624
12.0708
12.0832
12.0985
12.1184
12.1321
12.1538
12.1786
12.1919
12.2007
12.2144
12.2324
12.2495
12.2665
12.2869
12.2923
12.3028
12.326
12.3391
12.3396
12.3594
12.3928
12.4163
12.4351
12.4648
12.5102
12.5255
12.5278
12.5507
12.5633
12.5534
12.5604
12.5855
12.589
12.5922
12.6108
12.6331
12.6503
12.6596
12.6644
12.6972
12.7226
12.7371
12.7477
12.7645
12.7919
12.8089
12.8315
13.1215
12.9657
12.6156
12.913
12.9272
12.9544
12.9931
12.9931
12.9717
12.97
12.9604
12.9563
12.9573
12.9719
12.9452
12.9373
12.925
12.9457
12.9423
12.9626
12.9292
12.9393
12.9565
12.9753
12.9726
13.0193
13.0461
13.0482
13.0477
13.0524
13.0529
13.0779
13.0692
13.0366
13.0102
12.9835
12.9657
12.9843
12.996
13.0052
13.005
12.994
12.9986
13.0036
13.0192
13.0234
13.0023
13.0057
13.0116
12.9955
13.0045
13.0022
13.0284
13.0345
13.0389
13.0396
13.0658
13.0559
13.0618
13.0553
13.0496
13.0497
13.0421
13.036
13.029
13.0275
13.0308
13.0255
13.0108
13.003
13.0148
13.0175
13.0229
13.0362
13.0583
13.0539
13.0322
13.0243
13.0086
12.9579
12.9408
12.9259
12.9266
12.9403
12.9431
12.9543
12.9694
12.9665
12.9764
12.9703
12.6844
12.6102
13.1984
12.546
12.9072
13.1072
13.1672
13.1973
13.214
13.2312
13.261
13.2891
13.3309
13.3832
13.4535
13.5004
13.528
13.541
13.5578
13.5811
13.6184
13.6508
13.6995
13.7469
13.794
13.841
13.8824
13.9138
13.9557
13.9816
14.0063
14.0475
14.0766
14.1127
14.1283
14.149
14.181
14.2094
14.2245
14.263
14.2853
14.3014
14.313
14.3469
14.3764
14.4048
14.4378
14.4812
14.5174
14.5378
14.5541
14.5699
14.6185
14.6751
14.7077
14.7598
14.8058
14.8286
14.8612
14.878
14.9206
14.9613
15.0031
15.0478
15.0623
15.0981
15.1155
15.1274
15.1483
15.195
15.2227
15.2606
15.2912
15.3128
15.3357
15.3707
15.3977
15.4312
15.4749
15.493
15.5214
15.5357
15.5601
15.5585
15.5513
15.575
15.6043
15.6417
15.6823
15.7153
15.7321
15.7575
15.7814
15.8047
15.826
15.853
15.8963
15.9268
15.9526
15.9815
16.0092
16.0312
16.0518
16.0882
16.1125
16.1294
16.1492
16.1706
16.2028
16.2288
16.2607
16.3028
16.3154
16.3281
16.3457
16.3693
16.3917
16.4096
16.4521
16.4911
16.5358
16.5646
16.5912
16.6164
16.6502
16.6872
16.7143
16.7422
16.7839
16.7977
16.8226
16.8624
16.8965
16.9174
16.9268
16.9578
17.0024
17.0176
17.043
17.08
17.1104
17.1112
17.1219
17.1163
17.1318
17.1346
17.1464
17.1722
17.1827
17.2083
17.2193
17.2447
17.2821
17.2928
17.3113
17.3375
17.3669
17.3963
17.4368
17.4804
17.5052
17.5294
17.5498
17.5579
17.5675
17.5753
17.5896
17.5991
17.6231
17.6482
17.6795
17.7049
17.743
17.7745
17.8212
17.855
17.8874
17.9249
17.9365
17.9469
17.9634
17.975
17.9893
18.0131
18.0182
18.0326
18.0585
18.0846
18.1013
18.1214
18.1451
18.1513
18.1515
18.1539
18.1784
18.195
18.2026
18.2095
18.2273
18.2526
18.2864
18.3029
18.3278
18.3519
18.3904
18.3964
18.4088
18.4256
18.438
18.4367
18.4361
18.4487
18.4627
18.4763
18.495
18.5234
18.5429
18.5578
18.5672
18.5835
18.5936
18.5815
18.5932
18.6158
18.6446
18.6621
18.6834
18.7079
18.7405
18.7411
18.7546
18.7798
18.7799
18.7903
18.8203
18.8413
18.8569
18.8819
18.9011
18.9163
18.9309
18.9317
18.9541
18.9574
18.9795
19.0038
19.0317
19.0547
19.0804
19.0798
19.1024
19.0942
19.1024
19.1063
19.1302
19.1628
19.191
19.2133
19.2235
19.2624
19.289
19.3044
19.3382
19.3728
19.3923
19.4157
19.4263
19.4364
19.4323
19.4344
19.4438
19.4466
19.4553
19.468
19.4886
19.4966
19.5067
19.5165
19.5264
19.5241
19.519
19.5288
19.5451
19.5611
19.576
19.59
19.6119
19.6151
19.6059
19.617
19.6216
19.6356
19.6382
19.6454
19.678
19.7093
19.7369
19.7409
19.7446
19.7416
19.7221
19.974
19.8468
19.6412
19.8867
19.9081
19.9025
19.918
19.9191
19.9101
19.9009
19.9045
19.9043
19.9087
19.9268
19.9298
19.9244
19.9378
19.9625
19.9483
19.9471
19.942
19.9629
19.9513
19.9285
19.9216
19.9433
19.948
19.9636
19.9666
19.9775
19.9741
19.9816
19.978
19.9755
19.9842
20.0071
20.0061
20.0143
20.0064
19.9986
19.9833
19.9652
19.9517
19.9432
19.9355
19.9331
19.9304
19.9384
19.9519
19.9791
20.0075
20.0134
20.0011
19.9965
19.995
19.9865
19.9754
19.9811
19.9713
19.9722
19.9732
19.9824
19.9734
19.9769
19.9784
19.9675
19.9545
19.9584
19.9503
19.9687
19.9763
19.9905
20.0079
20.0141
20.0286
20.0247
20.0273
20.0312
20.0146
19.9841
21.7409
22.3837
21.218
20.3211
20.1058
20.1036
20.1052
19.9647
18.845
16.4604
17.9433
20.2581
20.314
20.0388
20.0007
19.9601
19.9366
19.901
19.7455
20.3602
18.9649
19.6455
19.6345
19.7763
19.857
19.9607
20.0147
20.0567
20.0701
20.0934
20.1253
20.1834
20.2419
20.2849
20.2951
20.2978
20.3127
20.3397
20.385
20.4249
20.4368
20.4311
20.4278
20.4477
20.453
20.4722
20.4778
20.506
20.5153
20.541
20.5661
20.5853
20.6155
20.6521
20.6988
20.7249
20.7591
20.7875
20.8029
20.7997
20.8138
20.8302
20.8371
20.8655
20.8911
20.9113
20.9333
20.9395
20.9438
20.9571
20.9681
20.9757
21.0041
21.0367
21.0542
21.088
21.1073
21.1244
21.1518
21.179
21.2021
21.2349
21.2573
21.2587
21.2574
21.2635
21.2647
21.2528
21.2556
21.2485
21.2688
21.2883
21.316
21.3384
21.3583
21.3754
21.4019
21.3943
21.4103
21.4168
21.4312
21.4498
21.462
21.4807
21.4897
21.4866
21.4788
21.485
21.47
21.483
21.5069
21.5182
21.5566
21.5794
21.5914
21.6105
21.621
21.6259
21.6409
21.6665
21.6899
21.6997
21.704
21.7018
21.6856
21.6879
21.6953
21.7204
21.7403
21.7696
21.7763
21.7862
21.7973
21.8111
21.8215
21.8429
21.8699
21.8885
21.9008
21.912
21.9165
21.9315
21.9248
21.9234
21.9406
21.9655
21.9888
21.9964
22.0037
22.0066
22.0125
22.0112
22.0033
22.0009
22.0082
22.0297
22.038
22.0418
22.0491
22.0705
22.0907
22.0811
22.0811
22.0858
22.0891
22.0908
22.1077
22.1081
22.1136
22.1367
22.146
22.1463
22.1673
22.1821
22.1727
22.1753
22.1829
22.1934
22.1906
22.231
22.2535
22.2652
22.2703
22.2681
22.2593
22.2415
22.2218
22.2197
22.2298
22.2323
22.2523
22.2654
22.2709
22.2786
22.2733
22.2722
22.2751
22.2791
22.2821
22.2886
22.2839
22.2972
22.3104
22.3276
22.3266
22.3376
22.3327
22.3335
22.3381
22.339
22.3423
22.3513
22.3671
22.3776
22.3708
22.3451
22.3495
22.3468
22.3562
22.3677
22.3844
22.3873
22.3827
22.4006
22.4133
22.4254
22.4446
22.4759
22.4786
22.4756
22.4692
22.4751
22.472
22.4762
22.5004
22.5117
22.504
22.5067
22.4885
22.4751
22.4773
22.4736
22.4776
22.4959
22.5061
22.5149
22.5063
22.5155
22.5203
22.5264
22.535
22.5399
22.5473
22.5637
22.5754
22.591
22.5866
22.596
22.6001
22.5877
22.5845
22.5828
22.5885
22.5933
22.6128
22.6186
22.6235
22.6115
22.5925
22.587
22.5858
22.5921
22.5935
22.5931
22.6101
22.6167
22.6167
22.6209
22.6364
22.6586
22.6818
22.669
22.6782
22.6815
22.7027
22.6971
22.7105
22.7212
22.7231
22.7093
22.701
22.7033
22.6949
22.6805
22.6833
22.692
22.6977
22.6983
22.7045
22.7074
22.7222
22.7248
22.7195
22.7097
22.728
22.7296
22.7247
22.7172
22.7245
22.7349
22.728
22.7337
22.7353
22.746
22.7599
22.762
22.7658
22.7784
22.7889
22.6899
23.3349
22.6282
22.9635
22.9075
22.8235
22.8572
22.8832
22.8762
22.879
22.877
22.8774
22.8743
22.8769
22.8837
22.8713
22.8764
22.871
22.884
22.903
22.9052
22.9203
22.9267
22.9374
22.9416
22.9374
22.9386
22.9028
22.9153
22.9169
22.9097
22.9025
22.8851
22.8908
22.8742
22.8811
22.8801
22.8775
22.8798
22.884
22.8938
22.9131
22.9107
22.9119
22.9153
22.913
22.904
22.9053
22.8891
22.885
22.8987
22.9003
22.9003
22.9042
22.9091
22.9133
22.9133
22.8999
22.9061
22.9019
22.9012
22.9028
22.9002
22.9074
22.912
22.9271
22.9233
22.9061
22.9019
22.8852
22.8713
22.8464
22.8423
22.8276
22.8349
22.8348
22.8452
22.8554
22.8589
22.8481
22.8542
22.8452
22.827
22.816
22.829
22.843
22.8449
22.8459
22.8515
22.8479
22.8528
22.8535
22.8539
22.8452
22.8456
22.8544
22.8544
22.8658
22.8691
22.8595
22.8623
22.851
22.845
22.8456
22.8459
22.852
22.8589
22.8657
22.8586
22.8525
22.8506
22.8424
22.8544
22.8786
22.8745
22.868
22.8645
22.8641
22.852
22.8423
22.8227
22.8421
22.8531
22.8517
22.8301
22.8437
22.8407
22.8403
22.8372
22.8426
22.8423
22.8563
22.8557
22.8347
22.8434
22.8427
22.8455
22.8426
22.8354
22.8358
22.8392
22.8251
22.8271
22.827
22.8212
22.8264
22.8317
22.8273
22.8455
22.8472
22.8554
22.8507
22.8442
22.8414
22.8375
22.8498
22.8465
22.8452
22.8553
22.8605
22.8533
22.8436
22.8464
22.8413
22.8394
22.8463
22.8566
22.87
22.8661
22.8693
22.8757
22.8694
22.8569
22.852
22.8462
22.8405
22.8352
22.8303
22.8359
22.8303
22.8414
22.8505
22.8661
22.8661
22.872
22.8622
22.8524
22.8515
22.8481
22.8475
22.8296
22.8143
22.8155
22.8221
22.8139
22.8144
22.8091
22.8136
22.8095
22.8193
22.8191
22.8329
22.8447
22.8227
22.834
22.8431
22.8337
22.8106
22.8101
22.8209
22.8065
22.8014
22.8056
22.8033
22.7867
22.786
22.7991
22.7957
22.7859
22.7681
22.7664
22.7563
22.7498
22.7636
22.7681
22.768
22.7886
22.806
22.8131
22.8046
22.8124
22.8267
22.8145
22.7925
22.787
22.7821
22.7789
22.7939
22.7966
22.8199
22.8351
22.8178
22.7954
22.7866
22.7808
22.7733
22.7665
22.7786
22.791
22.7925
22.7823
22.7694
22.7733
22.7505
22.7529
22.7465
22.748
22.7457
22.7472
22.7557
22.757
22.769
22.7772
22.7714
22.7666
22.7627
22.776
22.774
22.7782
22.7802
22.7841
22.7746
22.7719
22.7763
22.783
22.8073
22.8079
22.816
22.8049
22.808
22.7827
22.7661
22.7639
22.7587
22.7636
22.745
22.7526
22.7636
22.7645
22.7599
22.7626
22.7626
22.7609
22.757
22.7675
22.7704
22.7645
22.7645
22.7646
22.7696
22.7747
22.7681
22.7741
22.7802
22.7906
22.7915
22.7876
22.7975
22.798
22.7958
22.8001
22.8056
22.8186
22.816
22.8153
22.8104
22.8111
22.7967
22.7739
22.7587
22.7415
22.7372
22.7341
22.7354
22.7484
22.7424
22.7523
22.7548
22.7581
22.7765
22.7811
22.7602
22.7671
22.7674
22.7632
22.7577
22.7502
22.7634
22.7603
22.7441
22.7368
22.745
22.7368
22.7277
22.728
22.7346
22.7435
22.728
22.7095
22.7204
22.719
22.7206
22.7141
22.7141
22.7157
22.7114
22.7099
22.7124
22.7166
22.7141
22.6938
22.6938
22.704
22.7079
22.7193
22.729
22.7437
22.7407
22.7319
22.7196
22.6919
22.6708
22.6741
22.6601
22.6657
22.6649
22.6698
22.6682
22.6616
22.6505
22.6284
22.622
22.6155
22.604
22.6132
22.6237
22.6389
22.647
22.6418
22.6463
22.6503
22.6597
22.6431
22.6405
22.6445
22.6532
22.6633
22.6558
22.6676
22.6761
22.661
22.661
22.6387
22.6372
22.6356
22.6307
22.6429
22.6536
22.6585
22.6539
22.6509
22.6457
22.6197
22.62
22.623
22.6239
22.6109
22.6118
22.6095
22.5934
22.5698
22.5535
22.5556
22.5687
22.5609
22.5524
22.5622
22.572
22.5678
22.5715
22.5794
22.5868
22.5868
22.5938
22.5927
22.5786
22.5672
22.5823
22.5855
22.5849
22.5767
22.5872
22.5712
22.5653
22.562
22.5647
22.5849
22.5901
22.6152
22.6024
22.6044
22.5946
22.6077
22.6132
22.6148
22.6252
22.6356
22.6324
22.6235
22.6138
22.5958
22.5642
22.5595
22.5686
22.5742
22.5751
22.6019
22.6157
22.6145
22.6018
22.5956
22.6044
22.5907
22.5849
22.5924
22.5995
22.598
22.5999
22.5952
22.5882
22.5794
22.567
22.5693
22.5595
22.5601
22.5693
22.572
22.5802
22.5736
22.5805
22.5735
22.5712
22.579
22.5841
22.5966
22.5932
22.5836
22.5655
22.5444
22.5278
22.5116
22.5195
22.5269
22.5361
22.5576
22.5653
22.5653
22.5523
22.5428
22.5187
22.5168
22.5117
22.495
22.5221
22.5466
22.5644
22.5751
22.5751
22.6002
22.6115
22.6053
22.6142
22.606
22.6083
22.6142
22.6107
22.5982
22.5966
22.5972
22.6073
22.6063
22.5991
22.5926
22.5916
22.6008
22.6001
22.5849
22.5784
22.5654
22.5638
22.5644
22.5768
22.58
22.5963
22.6214
22.6206
22.6108
22.6109
22.5978
22.5913
22.5734
22.5807
22.5907
22.5894
22.5721
22.5809
22.5747
22.5622
22.5571
22.5497
22.5556
22.5556
22.5403
22.5171
22.4888
22.478
22.4833
22.4727
22.4526
22.4651
22.4892
22.482
22.4624
22.4702
22.4764
22.4778
22.4813
22.4641
22.4605
22.4602
22.4642
22.4693
22.451
22.4599
22.4889
22.4882
22.4953
22.5081
22.5149
22.5129
22.5046
22.5136
22.5106
22.495
22.4917
22.4862
22.4797
22.4591
22.4783
22.4836
22.4844
22.4997
22.5132
22.5126
22.5018
22.5067
22.5038
22.5057
22.495
22.5054
22.5018
22.4905
22.4794
22.4797
22.4827
22.4838
22.4726
22.4847
22.478
22.4745
22.4836
22.4892
22.4966
22.4725
22.452
22.4501
22.4543
22.4413
22.4331
22.4292
22.4267
22.4436
22.455
22.4501
22.4582
22.4655
22.4872
22.486
22.4861
22.4927
22.5149
22.5067
22.4891
22.4603
22.4578
22.4468
22.4357
22.4406
22.4436
22.4586
22.4485
22.4426
22.4234
22.4184
22.4217
22.4224
22.4309
22.4225
22.4201
22.4084
22.3963
22.3882
22.3745
22.3674
22.369
22.373
22.385
22.3962
22.4085
22.4052
22.4156
22.4175
22.4058
22.4116
22.3959
22.4059
22.404
22.3958
22.3935
22.3968
22.3977
22.3911
22.3853
22.3876
22.4055
22.4175
22.4267
22.4208
22.4264
22.4351
22.4316
22.4342
22.4224
22.4178
22.4267
22.4138
22.3903
22.3842
22.3768
22.3863
22.3725
22.3585
22.3572
22.3532
22.3325
22.3223
22.3349
22.3452
22.3439
22.3299
22.3238
22.311
22.3084
22.3231
22.3229
22.3519
22.3616
22.3943
22.4196
22.4321
22.4259
22.419
22.4333
22.4264
22.4246
22.4174
22.41
22.3898
22.3823
22.3814
22.3726
22.3725
22.3856
22.4036
22.4245
22.4276
22.4251
22.4233
22.4258
22.423
22.4168
22.4247
22.4171
22.4198
22.4149
22.411
22.3911
22.3866
22.3768
22.3856
22.3824
22.3768
22.362
22.3544
22.3472
22.312
22.3111
22.2928
22.2756
22.2743
22.2825
22.2981
22.3128
22.3075
22.3173
22.3241
22.3364
22.3195
22.3139
22.3169
22.3416
22.3442
22.3308
22.3349
22.3208
22.3248
22.322
22.3231
22.311
22.3106
22.3178
22.312
22.3248
22.3162
22.3181
22.3257
22.3214
22.327
22.3212
22.3172
22.3159
22.3146
22.312
22.3184
22.3169
22.3114
22.3168
22.3224
22.3186
22.3322
22.3394
22.3463
22.3436
22.3279
22.315
22.295
22.2902
22.2918
22.286
22.2802
22.272
22.2899
22.2802
22.2733
22.2713
22.2677
22.2726
22.2636
22.2655
22.2802
22.3089
22.3088
22.3382
22.3364
22.3349
22.3097
22.2827
22.2753
22.2678
22.2577
22.2476
22.2616
22.2632
22.2538
22.2534
22.2434
22.2421
22.2378
22.2414
22.2427
22.2322
22.2389
22.22
22.2245
22.2255
22.2294
22.2385
22.2402
22.247
22.2573
22.2655
22.27
22.2668
22.2573
22.2548
22.2417
22.2264
22.2075
22.202
22.2001
22.2124
22.2151
22.2163
22.2331
22.2447
22.2567
22.241
22.2508
22.2651
22.2791
22.2841
22.2928
22.3108
22.3101
22.2981
22.2988
22.2958
22.2925
22.2869
22.2841
22.2938
22.3036
22.3085
22.3069
22.2896
22.2904
22.2935
22.2813
22.2759
22.2696
22.2544
22.2463
22.2401
22.2366
22.2519
22.2653
22.2741
22.2674
22.264
22.2543
22.2455
22.2368
