-9.17336
-8.70015
-8.53023
-8.49469
-8.46805
-8.45679
-8.64781
-8.67085
-8.60094
-8.6236
-8.65475
-8.87227
-8.98492
-8.96149
-8.97624
-8.30484
-2.80476
1.34055
1.59915
-3.90799E-14
-1.81195
-2.73999
-3.19554
-3.62874
-3.81819
-3.90796
-4.26413
-4.67899
-12.3212
-35.7462
-63.7642
-54.388
-26.7095
-11.6235
-4.95828
-2.16219
-0.839142
0.107346
0.72641
1.25227
1.63945
1.99759
2.35587
2.69211
2.99101
3.30196
3.59923
3.90977
4.19571
4.49969
4.79883
5.13867
5.40977
5.63985
5.87891
6.11368
6.35594
6.57304
6.82352
7.11719
7.39851
7.58954
7.79071
7.9864
8.21063
8.36758
8.55672
8.72508
8.86726
9.04539
9.21844
9.37227
9.50438
9.61563
9.71532
9.83476
9.91641
8.03008
5.40915
4.61453
4.42352
6.06212
7.16814
8.3304
12.0288
12.9304
13.0252
13.1163
13.2112
13.3045
13.3709
13.4197
13.477
13.5113
13.5454
13.5996
13.6449
13.6856
13.6891
13.7007
13.7215
13.707
13.7117
13.7414
13.7887
13.8199
13.8234
13.8324
13.8344
13.8426
13.8702
13.9274
13.9731
14.0238
14.0765
14.143
14.1859
14.2496
14.3035
14.3609
14.4145
14.4488
14.4762
14.4945
14.5238
14.5973
14.6711
14.7707
14.8543
14.9242
15.0191
15.0816
15.166
15.2691
15.3313
15.3737
15.4027
15.4617
15.5422
15.6418
15.7707
15.8917
16.0125
16.1434
16.2609
16.4
16.5258
16.6777
16.8981
16.9895
10.5309
8.25931
7.52899
7.13829
6.92773
6.80664
6.7086
6.64024
6.58946
6.51915
6.46056
6.40977
6.36719
6.30156
6.24767
6.19063
6.16759
6.15469
6.15477
6.11368
6.11563
6.09735
6.04219
6.00781
5.98477
5.97501
5.93555
5.92625
5.91641
5.88672
5.87703
5.85587
5.82657
5.80508
5.76923
5.73009
5.69102
5.67618
5.66446
5.66336
5.63554
5.64969
5.60429
5.57625
5.53906
5.52579
5.49141
5.47157
5.47157
5.44258
5.4247
5.37891
5.34766
5.36601
5.32625
5.29883
5.29219
5.29695
5.28593
5.29219
5.35594
5.37383
5.4243
5.43437
5.37383
5.28368
5.11095
0.942276
-3.08702
-3.73711
-4.80586
-0.985855
6.74649
5.11571
-1.03438
-0.497269
-0.595627
-1.09492
-1.14413
-1.60352
-1.57726
-1.60617
-1.66054
-2.78624
-5.68983
-7.99562
-8.6832
-0.495316
3.04189
8.36415
1.30351
-8.70773
-6.91524
-5.30937
1.31337
3.0325
3.23204
3.28212
3.24454
3.43242
3.7364
4.04219
4.02274
4.48016
4.67969
4.68915
4.74344
4.82149
4.91298
5.04227
5.08125
5.55984
5.98164
6.34267
9.22032
11.3036
10.9524
9.72343
8.26445
6.74306
5.42305
4.20047
3.08954
2.23993
1.59142
1.12039
0.811722
0.592667
0.441025
0.308289
0.251251
0.241486
0.20079
-0.0753021
-2.06718
-73.1394
-316.918
-293.249
-281.86
-281.799
-284.159
-286.177
-287.889
-289.149
-289.759
-289.772
-289.053
-288.41
-287.198
-285.28
-283.082
-280.991
-278.887
-276.711
-274.389
-272.119
-269.709
-267.221
-264.708
-262.25
-259.789
-257.179
-254.649
-252.11
-249.577
-247.031
-244.55
-241.998
-239.498
-237.102
-234.561
-231.951
-229.432
-226.871
-224.371
-221.909
-219.504
-217.11
-214.572
-212.121
-209.698
-207.288
-204.954
-202.548
-200.177
-197.846
-195.552
-193.241
-190.851
-188.561
-186.346
-184.041
-181.721
-179.461
-177.162
-174.953
-172.783
-170.6
-168.43
-166.28
-164.123
-162.045
-159.819
-157.77
-155.729
-153.672
-151.57
-149.561
-147.543
-145.521
-143.559
-141.592
-139.713
-137.848
-135.91
-133.932
-132.061
-130.209
-128.356
-126.453
-124.664
-122.863
-121.076
-119.314
-117.566
-115.791
-113.989
-112.281
-110.574
-108.871
-107.102
-105.383
-103.752
-102.282
-101.134
-99.5304
-97.8499
-96.1328
-94.6041
-93.1596
-91.7139
-90.2169
-88.7889
-87.3751
-85.7344
-84.0219
-82.4361
-80.5048
-79.0101
-77.3537
-75.6328
-73.9731
-72.3391
-70.8208
-69.2184
-67.6452
-66.214
-64.7796
-63.3021
-61.8181
-60.3252
-58.8642
-57.4018
-55.9592
-54.5881
-53.2041
-51.7908
-50.4312
-49.0721
-47.7597
-46.4233
-45.0623
-43.7433
-42.4217
-41.1127
-39.8038
-38.4838
-37.1573
-35.8756
-34.6471
-33.3448
-32.0045
-30.6862
-29.4264
-28.1979
-26.8955
-25.6241
-24.3709
-23.1124
-21.8612
-20.6616
-19.4542
-18.2842
-17.026
-15.7795
-14.5881
-13.3283
-12.1369
-10.928
-9.71039
-8.49828
-7.35297
-6.18297
-4.98343
-3.77086
-2.55843
-1.34828
-0.173279
0.996567
2.1404
3.25984
4.39195
5.49344
6.59305
7.74915
9.07945
10.2178
11.3154
12.3642
13.4791
14.6079
15.6974
16.786
15.8734
17.8192
21.3063
23.1892
24.4812
25.6362
26.7652
27.8923
28.9803
30.0575
31.1255
32.1938
33.2204
34.2368
35.2254
36.2824
37.3262
38.3199
39.2691
40.1793
41.1988
42.1336
43.1055
44.0652
45.0176
46.0109
46.9488
47.9606
48.8832
49.8688
50.8379
51.7691
52.7121
53.6109
54.5684
55.5211
56.5371
57.4801
58.3605
59.2348
60.1238
61.0406
61.9684
62.9129
63.8168
64.7363
65.6794
66.5227
67.4
68.3461
69.282
70.1368
71.0258
71.9258
72.8066
73.666
74.5371
75.377
76.2266
77.1484
78.0488
78.9293
79.7691
80.5958
81.516
82.3852
83.2466
84.1387
84.977
85.8035
86.6872
87.534
88.3703
89.2477
90.0961
90.9148
91.6958
92.5031
93.3524
94.1945
95.0274
95.8102
96.6367
97.4258
98.2332
99.0028
99.8234
100.655
101.501
102.246
103.067
103.861
104.63
105.372
106.232
107.05
107.825
108.624
109.366
110.143
110.885
111.665
112.454
113.246
113.963
114.772
115.523
116.253
117.021
117.735
118.534
119.294
120.036
120.681
121.409
122.199
122.892
123.583
124.39
125.141
125.838
126.531
127.292
128.021
128.761
129.505
130.161
130.863
131.57
132.302
133.04
133.761
134.431
135.143
135.92
136.609
137.291
137.951
138.65
139.302
140.001
140.661
141.343
142.054
142.741
143.423
144.113
144.79
145.45
146.14
146.8
147.461
148.15
148.802
149.513
150.183
150.841
151.552
152.152
152.74
153.393
154.06
154.702
155.363
155.979
156.65
157.532
158.632
158.689
159.029
159.701
160.336
160.986
161.611
162.241
162.843
163.431
164.021
164.662
165.233
165.83
166.47
167.132
167.699
168.279
168.871
169.48
170.129
170.722
171.297
171.84
172.498
173.076
173.65
174.191
174.871
175.48
176.039
176.609
177.219
177.791
178.39
178.963
179.57
180.139
180.619
181.178
181.758
182.307
182.781
183.3
183.884
184.421
184.972
185.56
186.1
186.64
187.199
187.759
188.316
188.851
189.34
189.879
190.359
190.929
191.479
191.991
192.492
193
193.517
193.999
194.562
195.079
195.549
196.062
196.599
197.137
197.638
198.121
198.652
199.157
199.666
200.198
200.698
201.24
201.748
202.266
202.768
203.308
203.83
204.32
204.789
205.25
205.681
206.168
206.608
207.106
207.62
208.088
208.616
209.088
209.537
210.029
210.52
210.969
211.431
211.918
212.399
212.918
213.441
213.884
214.369
214.811
215.25
215.776
216.235
216.676
217.139
217.618
218.059
218.508
219.027
219.455
219.915
220.398
220.846
221.27
221.69
222.166
222.627
223.068
223.547
224.045
224.516
224.938
225.418
225.887
226.277
226.72
227.221
227.696
227.824
227.851
228.351
228.768
229.307
229.666
229.878
230.129
230.46
230.775
230.98
231.555
232.16
232.734
233.511
233.915
234.425
235.003
235.553
236.066
236.635
237.272
237.707
238.132
238.57
239.058
239.546
240.005
240.461
240.863
241.312
241.778
242.181
242.634
243.085
243.495
243.917
244.336
244.786
245.227
245.657
246.085
246.497
246.899
247.315
247.709
248.139
248.588
248.969
249.325
249.744
250.222
250.663
251.066
251.466
251.895
252.295
252.735
253.165
253.605
254.044
254.487
254.913
255.315
255.732
256.16
256.596
257.004
257.463
257.924
258.365
258.775
259.21
259.626
260.018
260.389
260.811
261.202
261.619
262.021
262.338
262.811
263.415
263.832
264.186
264.563
264.943
265.286
265.624
266.035
264.624
265.846
268.531
269.668
270.248
270.744
271.215
271.644
272.046
272.422
272.806
273.152
273.491
273.852
274.194
274.498
274.797
275.127
275.429
275.75
276.08
276.405
276.725
277.034
277.366
277.688
278.018
278.348
278.664
278.968
279.309
279.598
279.879
280.14
280.41
280.715
281.045
281.339
281.619
281.941
282.329
282.679
282.908
283.176
283.524
283.864
284.195
284.495
284.797
285.115
285.444
285.776
286.059
286.357
286.676
287.008
287.315
287.607
287.947
288.299
288.616
288.926
289.246
289.565
289.874
290.176
290.5
290.807
291.126
291.478
291.815
292.134
292.434
292.768
293.118
293.446
293.733
294.044
294.334
294.624
294.918
295.217
295.529
295.83
296.137
296.462
296.755
297.055
297.364
297.696
297.987
298.268
298.585
298.92
299.274
299.581
299.905
300.214
300.506
300.795
301.099
301.442
301.751
302.062
302.375
302.695
302.964
303.232
303.552
303.861
304.169
304.503
304.791
305.091
305.411
305.751
306.042
306.333
306.624
306.923
307.263
307.572
307.853
308.14
308.451
308.761
309.062
309.339
309.609
309.929
310.212
310.452
310.741
311.075
311.371
311.668
311.968
312.297
312.58
312.841
313.134
313.46
313.752
314.016
314.282
314.565
314.864
315.159
315.478
315.77
316.039
316.359
316.652
316.931
317.222
317.503
317.809
318.103
318.394
318.689
318.972
319.245
319.521
319.83
320.159
320.431
320.648
320.92
321.209
321.498
321.781
322.059
322.33
322.603
322.88
323.16
323.429
323.72
323.998
324.261
324.547
324.816
325.119
325.426
325.765
326.077
326.328
326.59
326.879
327.168
327.429
327.678
327.949
328.217
328.508
328.797
329.072
329.371
329.641
329.938
330.23
330.537
330.777
331.039
331.29
331.58
331.85
332.101
332.359
332.66
332.977
333.258
333.528
333.787
334.068
334.34
334.62
334.861
335.157
335.436
335.699
335.967
336.247
336.516
336.789
337.033
337.289
337.547
337.831
338.082
338.336
338.58
338.83
339.09
339.367
339.613
339.843
340.107
340.389
340.678
341.127
341.357
341.485
341.661
341.898
342.168
342.416
342.697
342.959
343.217
343.488
343.789
344.068
344.369
344.647
344.887
345.106
345.327
345.566
345.817
346.098
346.349
346.58
346.811
347.096
347.349
347.57
347.779
348.045
348.307
348.58
348.81
349.057
349.328
349.609
349.868
350.125
350.383
350.629
350.849
351.088
351.328
351.577
351.828
352.065
352.338
352.588
352.846
353.078
353.336
353.598
353.838
354.068
354.299
354.559
354.809
355.047
355.265
355.526
355.804
356.067
356.002
355.85
356.076
356.322
356.55
356.706
356.801
356.871
356.996
357.049
357.109
357.554
357.96
358.301
358.895
359.039
359.317
359.7
360.092
360.443
360.816
361.213
361.539
361.789
362.034
362.311
362.589
362.824
363.079
363.347
363.616
363.886
364.126
364.386
364.639
364.876
365.11
365.386
365.636
365.868
366.108
366.358
366.606
366.84
367.07
367.329
367.598
367.848
368.118
368.376
368.627
368.858
369.116
369.385
369.647
369.915
370.127
370.354
370.586
370.827
371.064
371.266
371.543
371.82
372.108
372.368
372.637
372.911
373.17
373.443
373.727
373.995
374.278
374.529
374.787
375.01
375.232
375.462
375.703
375.929
376.126
376.431
376.868
377.087
377.278
377.479
377.671
377.882
378.063
378.31
376.656
377.636
380.377
381.39
381.744
382.067
382.375
382.644
382.899
383.137
383.363
383.597
383.793
383.967
384.164
384.372
384.544
384.705
384.869
385.039
385.197
385.359
385.544
385.696
385.826
385.987
386.138
386.338
386.516
386.686
386.889
387.068
387.23
387.371
387.539
387.693
387.89
388.082
388.257
388.421
388.578
388.738
388.913
389.086
389.286
389.485
389.67
389.839
390.009
390.186
390.384
390.557
390.746
390.929
391.098
391.268
391.426
391.612
391.784
391.975
392.179
392.367
392.558
392.756
392.934
393.144
393.334
393.514
393.704
393.865
394.02
394.217
394.411
394.577
394.743
394.923
395.114
395.295
395.457
395.645
395.867
396.045
396.241
396.424
396.612
396.802
397.001
397.204
397.415
397.575
397.753
397.931
398.114
398.302
398.483
398.681
398.857
399.026
399.194
399.366
399.553
399.727
399.916
400.101
400.292
400.48
400.659
400.851
401.058
401.24
401.413
401.593
401.763
401.931
402.129
402.333
402.511
402.73
402.925
403.112
403.294
403.459
403.648
403.825
404.003
404.163
404.354
404.563
404.742
404.92
405.098
405.299
405.481
405.642
405.82
405.98
406.179
406.372
406.559
406.751
406.923
407.1
407.289
407.49
407.66
407.833
408.001
408.204
408.421
408.609
408.771
408.931
409.107
409.298
409.452
409.601
409.779
409.967
410.16
410.353
410.552
410.75
410.927
411.111
411.318
411.529
411.709
411.892
412.072
412.251
412.449
412.645
412.83
413.009
413.16
413.34
413.539
413.74
413.923
414.119
414.282
414.426
414.581
414.732
414.92
415.099
415.281
415.461
415.668
415.851
416.029
416.189
416.371
416.541
416.729
416.898
417.067
417.258
417.467
417.666
417.848
418.009
418.181
418.359
418.541
418.707
418.861
419.059
419.219
419.377
419.519
419.67
419.84
420.026
420.206
420.397
420.594
420.789
420.967
421.166
421.34
421.529
421.668
421.859
422.031
422.212
422.41
422.576
422.74
422.911
423.068
423.266
423.427
423.578
423.746
423.906
424.068
424.218
424.407
424.596
424.768
424.936
425.108
425.286
425.469
425.629
425.797
425.951
426.118
426.312
426.511
426.68
426.818
426.947
427.137
427.328
427.506
427.686
427.828
427.988
428.147
428.305
428.495
428.688
428.867
429.019
429.178
429.33
429.487
429.658
429.809
429.969
430.15
430.346
430.506
430.686
430.846
431.036
431.196
431.379
431.538
431.711
431.879
432.088
432.266
432.446
432.584
432.745
432.915
433.106
433.266
433.436
433.577
433.72
433.859
434.02
434.176
434.348
434.536
434.704
434.869
434.768
434.793
434.683
434.962
435.184
435.252
435.222
435.193
435.167
435.092
435.05
435.49
435.813
435.976
436.611
436.687
436.894
437.218
437.504
437.798
438.087
438.46
438.673
438.796
438.959
439.206
439.413
439.597
439.772
439.941
440.118
440.297
440.482
440.652
440.802
440.974
441.165
441.376
441.547
441.678
441.809
441.977
442.139
442.317
442.499
442.668
442.811
443.007
443.177
443.376
443.556
443.736
443.895
444.075
444.261
444.444
444.624
444.776
444.956
445.126
445.288
445.458
445.652
445.84
446.038
446.27
446.449
446.632
446.814
447.008
447.208
447.425
447.626
447.813
447.979
448.137
448.309
448.449
448.611
448.789
448.932
447.716
446.182
445.788
445.8
445.854
445.938
446.042
446.159
446.69
449.87
451.006
451.281
451.428
451.526
451.631
451.727
451.828
451.55
449.246
452.64
453.879
454.28
454.553
454.781
455.015
455.222
455.384
455.541
455.699
455.857
456.001
456.141
456.302
456.432
456.561
456.676
456.746
456.836
456.942
457.029
457.148
457.25
457.339
457.468
457.571
457.677
457.817
457.928
458.001
458.073
458.181
458.31
458.437
458.559
458.689
458.807
458.902
459.009
459.121
459.227
459.326
459.464
459.598
459.727
459.829
459.939
460.066
460.223
460.366
460.475
460.59
460.707
460.838
460.946
461.076
461.214
461.346
461.459
461.55
461.632
461.73
461.866
461.998
462.126
462.284
462.413
462.542
462.665
462.783
462.929
463.054
463.176
463.305
463.408
463.508
463.627
463.751
463.885
464.008
464.155
464.305
464.437
464.595
464.712
464.815
464.915
465.044
465.163
465.311
465.426
465.56
465.674
465.773
465.903
466.042
466.174
466.292
466.411
466.552
466.673
466.774
466.898
467.052
467.181
467.328
467.46
467.591
467.73
467.87
467.962
468.08
468.217
468.351
468.47
468.601
468.734
468.854
468.991
469.119
469.253
469.392
469.518
469.648
469.743
469.869
469.99
470.132
470.282
470.413
470.549
470.661
470.797
470.931
471.09
471.902
472.821
472.212
471.714
471.756
471.789
471.887
472.892
472.782
471.993
472.132
472.263
472.398
472.521
472.647
472.779
472.909
473.015
473.152
473.29
473.421
473.56
473.67
473.812
473.939
474.07
474.18
474.291
474.42
474.529
474.66
474.771
474.91
475.039
475.168
475.309
475.449
475.586
475.711
475.84
475.928
476.057
476.19
476.33
476.497
476.601
476.747
476.877
476.988
477.125
477.25
477.361
477.459
477.562
477.67
477.797
477.947
478.09
478.217
478.348
478.449
478.559
478.676
478.779
478.9
479.001
479.107
479.247
479.368
479.477
479.616
479.758
479.892
480.031
480.17
480.309
480.438
480.548
480.668
480.787
480.91
481.029
481.15
481.268
481.4
481.528
481.65
481.787
481.928
482.052
482.211
482.33
482.438
482.529
482.62
482.727
482.838
482.967
483.086
483.206
483.327
483.467
483.588
483.717
483.815
483.946
484.106
484.237
484.369
484.51
484.641
484.758
484.851
484.95
485.05
485.159
485.271
485.398
485.547
485.666
485.776
485.887
485.997
486.125
486.229
486.385
486.506
486.638
486.758
486.88
486.998
487.109
487.217
487.346
487.449
487.557
487.698
487.818
487.959
488.086
488.168
488.258
488.366
488.426
488.536
488.676
488.813
488.944
489.047
489.165
489.295
489.415
489.545
489.655
489.774
489.885
490.019
490.149
490.246
490.358
490.497
490.618
490.747
490.889
491.006
490.633
490.61
490.713
490.76
490.844
490.923
491.067
491.202
491.33
491.46
491.574
491.689
491.789
491.892
491.98
492.099
492.227
492.358
492.48
492.608
492.748
492.879
493.011
493.109
493.227
493.32
493.446
493.568
493.69
493.817
493.918
494.038
494.143
494.258
494.366
494.461
494.568
494.668
494.768
494.875
495.004
495.125
495.249
495.387
495.508
495.627
495.748
495.867
495.987
496.106
496.227
496.317
496.387
496.469
496.538
496.659
496.778
496.895
497.024
497.153
497.264
497.397
497.486
497.598
497.706
497.836
497.951
498.066
498.195
498.297
498.39
498.48
498.57
498.649
498.758
498.875
498.979
499.114
499.247
499.356
499.475
499.586
499.678
499.788
499.899
499.99
500.077
500.17
500.258
500.379
500.469
500.568
500.668
500.786
500.886
501.005
501.125
501.255
501.395
501.518
501.642
501.73
501.82
501.918
502
502.108
502.217
502.338
502.457
502.57
502.68
502.788
502.907
503.018
503.125
503.258
503.379
503.498
503.619
503.728
503.838
503.931
504.037
504.158
504.268
504.377
504.516
504.649
504.815
511.838
763.318
847.191
852.281
855.457
857.979
859.946
861.588
862.975
864.145
865.197
866.119
866.982
867.781
868.498
869.138
869.776
870.318
870.908
871.408
871.846
872.299
872.767
873.14
873.498
873.871
874.271
874.619
874.901
875.209
875.527
875.81
876.068
876.346
876.616
876.885
877.131
877.397
877.608
877.827
878.021
878.191
878.39
878.56
878.761
878.941
879.139
879.307
879.498
879.675
879.836
880.015
880.173
880.346
880.495
880.619
880.774
880.925
881.075
881.237
881.395
881.695
881.997
882.117
882.206
882.286
882.354
882.364
880.925
877.885
877.897
877.616
876.448
878.704
884.336
884.634
879.465
879.626
879.413
878.974
879.072
878.603
878.716
878.645
878.645
877.985
874.544
871.206
869.485
874.96
879.223
886.515
887.655
868.784
871.552
873.265
878.475
882.413
883.015
883.315
880.873
881.4
876.351
875.229
875.319
875.539
875.855
876.117
876.332
876.498
876.664
876.768
876.712
876.994
877.31
877.476
877.583
877.721
877.863
878.013
878.152
878.311
878.497
878.661
878.795
878.923
879.039
879.152
879.217
879.301
879.425
879.536
879.665
879.774
879.878
879.977
880.041
880.101
880.18
880.28
880.379
880.453
880.535
880.587
880.657
880.69
880.747
880.801
880.831
880.892
880.942
880.99
881.05
881.077
881.136
881.16
881.18
881.216
881.242
881.288
881.402
881.234
883.802
881.604
878.514
877.602
877.251
877.143
877.166
877.225
877.292
877.347
877.423
877.47
877.636
877.807
877.949
878.072
878.168
878.264
878.362
878.477
878.598
878.714
878.835
878.931
879.006
879.047
879.126
879.278
879.438
879.59
879.672
879.735
879.807
879.918
880.024
880.159
880.237
880.322
880.388
880.461
880.543
880.624
880.705
880.757
880.853
880.925
881.073
881.173
881.281
881.333
881.401
881.465
881.505
881.597
881.687
881.783
881.85
881.936
882.01
882.064
882.116
882.163
882.25
882.329
882.419
882.472
882.533
882.576
882.629
882.683
882.745
882.837
882.894
882.976
883.015
883.08
883.134
883.197
883.253
883.293
883.324
883.339
883.372
883.443
883.487
883.552
883.624
883.677
883.736
883.765
883.842
883.892
883.925
883.959
883.992
884.028
884.039
884.093
884.137
884.183
884.208
884.229
884.268
884.277
884.35
884.397
884.461
884.472
884.49
884.511
884.521
884.583
884.624
884.675
884.719
884.75
884.773
884.781
884.819
884.891
884.961
885.015
885.046
885.078
885.111
885.127
885.16
885.196
885.245
885.284
885.307
885.348
885.379
885.417
885.447
885.462
885.507
885.541
885.58
885.595
885.623
885.66
885.679
885.708
885.732
885.749
885.766
885.805
885.82
885.856
885.879
885.918
885.962
885.99
886.013
886.051
886.082
886.101
886.129
886.152
886.186
886.217
886.279
886.311
886.342
886.341
886.364
886.372
886.399
886.439
886.471
886.492
886.53
886.561
886.588
886.611
886.633
886.663
886.655
886.647
886.665
886.681
886.683
886.711
886.74
886.771
886.783
886.792
886.794
886.806
886.842
886.861
886.91
886.943
886.964
887
887.033
887.079
887.108
887.131
887.16
887.19
887.186
887.194
887.202
887.214
887.242
887.261
887.268
887.309
887.314
887.332
887.343
887.351
887.371
887.362
887.389
887.42
887.441
887.479
887.503
887.525
887.526
887.523
887.542
887.573
887.582
887.611
887.632
887.635
887.663
887.672
887.693
887.694
887.72
887.742
887.761
887.772
887.781
887.82
887.843
887.862
887.872
887.893
887.903
887.903
887.902
887.923
887.923
887.943
887.966
887.987
888.015
888.041
888.052
888.069
888.084
888.105
888.104
888.126
888.137
888.142
888.154
888.135
888.134
888.152
888.189
888.204
888.214
888.231
888.245
888.263
888.247
888.256
888.256
888.283
888.294
888.304
888.304
888.325
888.361
888.365
888.392
888.412
888.444
888.456
888.456
888.464
888.475
888.465
888.474
888.492
888.513
888.515
888.541
888.56
888.563
888.582
888.601
888.639
888.644
888.665
888.683
888.695
888.675
888.688
888.675
888.694
888.704
888.706
888.743
888.763
888.792
888.805
888.842
888.861
888.89
888.903
888.913
888.941
888.945
888.952
888.954
888.964
888.974
888.977
888.985
888.98
888.987
888.985
889.003
889.025
889.034
889.054
889.067
889.086
889.078
889.096
889.125
889.135
889.152
889.175
889.214
889.225
889.208
889.224
889.25
889.255
889.273
889.306
889.322
889.354
889.348
889.348
889.345
889.335
889.327
889.302
889.322
889.338
889.361
889.911
889.763
890.037
890.071
890.089
890.134
890.17
890.211
890.235
890.266
890.286
890.289
890.309
890.32
890.33
890.332
890.341
890.335
890.351
890.372
890.383
890.402
890.423
890.441
890.453
890.446
890.456
890.449
890.466
890.469
890.459
890.475
890.485
890.495
890.495
890.487
890.513
890.515
890.515
890.526
890.546
890.562
890.593
890.609
890.624
890.632
890.652
890.673
890.684
890.675
890.693
890.732
890.736
890.743
890.755
890.792
890.794
890.804
890.813
890.826
890.815
890.833
890.856
890.864
890.872
890.886
890.93
890.936
890.934
890.928
890.926
890.916
890.898
890.907
890.91
890.928
890.949
890.959
890.968
890.985
890.974
890.965
890.964
890.967
890.974
890.986
890.998
891.036
891.054
891.075
891.085
891.103
891.127
891.118
891.098
891.098
891.106
891.09
891.088
891.122
891.125
891.135
891.135
891.135
891.152
891.163
891.173
891.173
891.184
891.176
891.179
891.181
891.191
891.198
891.194
891.204
891.215
891.233
891.243
891.269
891.314
891.309
891.325
891.336
891.358
891.348
891.357
891.365
891.377
891.379
891.377
891.397
891.385
891.374
891.375
891.377
891.377
891.356
891.367
891.361
891.367
891.366
891.386
891.397
891.387
891.395
891.379
891.377
891.375
891.384
891.393
891.407
891.413
891.443
891.456
891.475
891.496
891.485
891.496
891.506
891.524
891.547
891.547
891.565
891.577
891.595
891.59
891.6
891.609
891.609
891.609
891.608
891.598
891.58
891.596
891.598
891.598
891.616
891.617
891.616
891.582
891.567
891.598
891.443
890.694
890.659
890.753
890.844
890.821
891.713
893.3
894.403
897.485
896.855
893.961
893.284
893.307
893.318
893.297
893.387
888.929
888.581
889.042
889.087
888.182
882.796
876.404
872.041
872.765
874.409
890.539
899.019
877.042
873.199
874.158
877.722
879.302
879.921
879.859
880.196
888.221
891.204
891.862
892.076
892.29
892.427
892.644
889.682
883.65
