-0.249618
-0.260928
-0.263565
-0.27153
-0.281396
-0.287756
-0.265918
-0.246313
-0.245691
-0.233008
-0.233774
-0.225412
-0.223993
-0.206268
-0.205963
-0.211456
-0.231665
-0.223761
-0.207123
-0.201691
-0.186432
-0.155862
-0.129095
-0.126373
-0.105393
-0.0901184
-0.0984527
-0.120483
-0.124203
-0.151743
-0.164636
-0.171469
-0.172836
-0.183298
-0.198944
-0.189026
-0.168555
-0.159308
-0.141269
-0.130112
-0.12814
-0.111902
-0.119019
-0.112488
-0.100177
-0.0858215
-0.0898376
-0.0839233
-0.0881653
-0.0826019
-0.0931884
-0.116818
-0.135003
-0.417016
0.295884
0.0705373
-0.045773
0.386157
-0.834582
0.617943
-1.35423
-0.160796
-0.150423
-0.0772011
-0.0163732
0.0100124
0.00527024
0.0175476
0.0340881
0.0391784
0.0471621
0.0427003
0.0493379
0.0433135
0.0510194
0.0672884
0.0790315
0.0880129
0.100684
0.13006
0.142941
0.155069
0.168042
0.159186
0.140503
0.134811
0.156317
0.183014
0.202478
0.21163
0.219888
0.213739
0.171839
0.160803
0.157572
0.170065
0.181192
0.175952
0.192444
0.215033
0.22107
0.214578
0.226691
0.231223
0.228262
0.24921
0.262311
0.264075
0.262552
0.266312
0.272763
0.263016
0.282358
0.296704
0.306946
0.320358
0.344833
0.356802
0.380069
0.387933
0.36684
0.395062
0.373154
0.375961
0.371674
0.350677
0.354233
0.374176
0.401511
0.408585
0.431357
0.434287
0.431085
0.424841
0.415619
0.404999
0.408972
0.44487
0.463715
0.47934
0.481903
0.501044
0.512787
0.506882
0.519669
0.546088
0.562644
0.575204
0.593262
0.599579
0.591385
0.597952
0.581748
0.552634
0.542001
0.539078
0.558432
0.548782
0.576025
0.598764
0.608109
0.627844
0.618423
0.632666
0.646692
0.672012
0.666632
0.678168
0.684915
0.684216
0.687982
0.706445
0.725714
0.729517
0.762915
0.774786
0.792954
0.795023
0.781171
0.786127
0.789496
0.784891
0.785779
0.795319
0.820221
0.833405
0.838013
0.84585
0.856299
0.8578
0.836368
0.846069
0.859235
0.846033
0.847046
0.864127
0.871368
0.87471
0.881848
0.882083
0.879193
0.874756
0.870819
0.894318
0.907257
0.91481
0.924872
0.931229
0.957263
0.969098
0.977936
0.990503
1.01317
1.00683
0.997797
0.97782
0.975403
0.966187
0.9672
0.973114
0.985175
0.995538
1.00006
0.999747
0.973218
0.957147
0.973334
0.96907
0.966287
0.978937
0.991232
1.01354
1.0289
1.06315
1.08413
1.08994
1.10367
1.12415
1.10287
1.09574
1.08501
1.07363
1.06808
1.05056
1.04407
1.03607
1.02454
1.03647
1.04079
1.04227
1.06129
1.08868
1.11654
1.12579
1.14666
1.19026
1.22288
1.21615
1.21879
1.23775
1.25338
1.23503
1.21472
1.2011
1.20576
1.20028
1.22327
1.24762
1.2666
1.28637
1.29624
1.27802
1.27749
1.28524
1.29301
1.31425
1.32842
1.33051
1.33715
1.33535
1.33139
1.33764
1.35657
1.36822
1.38463
1.40249
1.42747
1.43505
1.44448
1.45614
1.46825
1.4796
1.4891
1.5024
1.48897
1.487
1.47717
1.46843
1.45615
1.4443
1.43599
1.43977
1.44545
1.45581
1.46751
1.48152
1.49718
1.50273
1.52651
1.53719
1.52661
1.5467
1.54293
1.54973
1.54135
1.53982
1.55474
1.55085
1.57484
1.58012
1.58922
1.59183
1.60846
1.61545
1.61002
1.60927
1.59389
1.58958
1.59703
1.60819
1.62646
1.63624
1.64331
1.66315
1.66277
1.66898
1.67323
1.66902
1.66666
1.65822
1.64588
1.63933
1.65739
1.68052
1.68716
1.68866
1.7085
1.70807
1.68005
1.67589
1.67818
1.68883
1.71086
1.70617
1.71721
1.73412
1.7375
1.73776
1.73631
1.75248
2.40764
1.08469
1.64803
1.64583
1.66406
1.66131
1.62919
1.63575
1.6257
1.63029
1.63323
1.63525
1.63763
1.65128
1.64968
1.63755
1.64518
1.63998
1.66607
1.6347
1.60809
1.61962
1.60944
1.59311
1.56653
1.56146
1.57318
1.59903
1.59795
1.60992
1.62646
1.62714
1.62669
1.61366
1.61166
1.61103
1.61004
1.61176
1.59395
1.59786
1.60004
1.60599
1.61011
1.60619
1.63305
1.61058
1.61018
1.60889
1.59983
1.60606
1.60429
1.61636
1.63061
1.65847
1.66254
1.67592
1.67565
1.67068
1.65111
1.64135
1.6295
1.64175
1.63188
1.64677
1.67107
1.69255
1.71197
1.7418
1.73996
1.72996
1.70844
1.71643
1.70589
1.71593
1.70884
1.7278
1.72793
1.72344
1.73752
1.71783
1.71791
1.72808
1.76613
1.77807
1.78787
1.80771
1.79438
1.80612
1.81419
1.44109
2.20647
0.941342
1.67486
1.76577
1.92752
1.98206
2.02223
2.04753
2.02238
2.02412
2.02628
2.04182
2.08206
2.11922
2.13239
2.12719
2.12259
2.1164
2.10549
2.09409
2.09512
2.1134
2.1114
2.12348
2.13223
2.16476
2.18467
2.20452
2.22864
2.2572
2.27302
2.28262
2.29997
2.29982
2.29322
2.28485
2.28248
2.28518
2.28869
2.27366
2.27025
2.2692
2.28098
2.28321
2.27607
2.30449
2.33159
2.34476
2.35394
2.35847
2.38428
2.38733
2.3894
2.42396
2.44283
2.47011
2.45815
2.45564
2.45576
2.4667
2.46678
2.50306
2.51517
2.54237
2.52564
2.52426
2.52671
2.53362
2.52607
2.53452
2.54221
2.56546
2.58472
2.58537
2.59009
2.61088
2.61912
2.62475
2.62543
2.62568
2.63324
2.64488
2.65394
2.65239
2.67117
2.68659
2.69425
2.69107
2.71396
2.72592
2.72696
2.74747
2.74932
2.7442
2.74058
2.74774
2.74955
2.75584
2.74902
2.76014
2.76622
2.76614
2.79149
2.80517
2.82482
2.8813
2.89475
2.90762
2.91483
2.92512
2.92737
2.91505
2.9167
2.92653
2.91869
2.92318
2.91715
2.92693
2.94864
2.97256
2.97559
2.97607
2.9929
2.9952
2.99512
3.01482
3.0294
3.04466
3.03694
3.0512
3.05626
3.05316
3.06223
3.07037
3.10194
3.135
3.15667
3.15756
3.16315
3.15686
3.15967
3.14179
3.15216
3.15042
3.16614
3.16995
3.18174
3.17779
3.1769
3.19015
3.20848
3.21432
3.20772
3.22195
3.23174
3.24981
3.25653
3.24998
3.26614
3.28921
3.30311
3.29846
3.31129
3.33606
3.33433
3.33001
3.32926
3.33737
3.34671
3.33825
3.33224
3.34395
3.35589
3.34665
3.36793
3.39409
3.40737
3.42522
3.42889
3.4455
3.45456
3.44796
3.46117
3.46528
3.4581
3.46819
3.4796
3.50036
3.50876
3.5366
3.55216
3.57625
3.57726
3.5753
3.56717
3.54782
3.54801
3.55942
3.56354
3.57957
3.59867
3.61506
3.62843
3.63908
3.66454
3.66804
3.67526
3.67711
3.68983
3.7011
3.71938
3.72558
3.72071
3.73211
3.71687
3.69835
3.70784
3.71499
3.73746
3.74127
3.76748
3.78033
3.8003
3.81589
3.81704
3.826
3.83958
3.84539
3.84803
3.85232
3.84012
3.8449
3.85405
3.85655
3.84636
3.83823
3.84016
3.84901
3.85612
3.86871
3.90904
3.92946
3.9549
3.95769
3.96593
3.9708
3.96809
3.95971
3.97177
3.98807
4.00721
4.01707
4.03941
4.03857
4.03969
4.03983
4.04987
4.05963
4.07896
4.09352
4.09869
4.10619
4.10849
4.11013
4.11891
4.12341
4.15839
4.17725
4.19214
4.22479
4.23665
4.24037
4.2364
4.24058
4.24756
4.24841
4.22793
4.22131
4.2295
4.22722
4.22068
4.24089
4.26816
4.2588
4.25815
4.24218
4.24943
4.24877
4.25138
4.28948
4.30646
4.31779
4.32728
4.34898
4.34647
4.34553
4.36179
4.38855
4.40934
4.4478
4.42531
5.00556
3.7866
4.28102
4.31948
4.26685
4.26937
4.23499
4.22092
4.21201
4.20624
4.2124
4.20668
4.19143
4.18427
4.17459
4.15787
4.15371
4.14295
4.16749
4.2057
4.24771
4.28375
4.28136
4.27914
4.27981
4.27138
4.24546
4.23468
4.20006
4.18371
4.1994
4.21056
4.23035
4.23033
4.23641
4.2296
4.22312
4.23818
4.22357
4.223
4.23851
4.26089
4.26263
4.25039
4.22299
4.21854
4.21359
4.21139
4.21429
4.24044
4.274
4.28102
4.27945
4.27574
4.26041
4.2542
4.24834
4.25115
4.25329
4.26513
4.24295
4.23795
4.24261
4.25131
4.24924
4.27447
4.28022
4.29778
4.2917
4.30566
4.31434
4.28726
4.2902
4.27336
4.2693
4.28835
4.30144
4.30647
4.28769
4.25927
4.24005
4.24091
4.29604
4.35495
4.34015
4.34872
4.35812
4.35489
4.32635
4.03122
4.81385
3.41532
4.38512
4.3665
4.42548
4.50232
4.54966
4.55336
4.56524
4.5557
4.5601
4.58057
4.63074
4.67538
4.71607
4.74196
4.73932
4.73795
4.75185
4.76726
4.78199
4.80215
4.80308
4.80373
4.82932
4.84976
4.85881
4.89312
4.912
4.91644
4.93827
4.93001
4.90918
4.91277
4.92426
4.94403
4.97211
4.99361
5.02436
5.04453
5.05341
5.07296
5.0762
5.09348
5.1121
5.13226
5.15186
5.1628
5.17137
5.16824
5.18464
5.1783
5.18296
5.19894
5.2139
5.21332
5.21203
5.22878
5.24817
5.2641
5.29073
5.30375
5.32621
5.32875
5.33185
5.3379
5.33505
5.34506
5.35431
5.3767
5.39955
5.39026
5.41608
5.43946
5.47277
5.49463
5.52015
5.54434
5.55189
5.54437
5.55221
5.5351
5.54112
5.54874
5.55706
5.57058
5.59749
5.63041
5.656
5.68502
5.70115
5.7171
5.73353
5.72902
5.73163
5.73389
5.74874
5.76153
5.75973
5.77616
5.78611
5.7979
5.80737
5.84324
5.85972
5.87457
5.89426
5.89847
5.90442
5.91483
5.94117
5.94702
5.94501
5.94109
5.95744
5.94652
5.94606
5.95459
5.98458
6.01999
6.0385
6.07373
6.08496
6.07843
6.08831
6.09707
6.13433
6.14094
6.18385
6.2367
6.27682
6.29787
6.29507
6.30863
6.29742
6.2949
6.28157
6.26782
6.27642
6.28658
6.30874
6.33449
6.3589
6.39916
6.44359
6.46387
6.45889
6.46911
6.47862
6.48491
6.49918
6.52394
6.54925
6.56451
6.5684
6.57841
6.57561
6.57691
6.58321
6.58095
6.58046
6.60303
6.60344
6.616
6.62486
6.64434
6.66365
6.67815
6.6967
6.72481
6.73669
6.73892
6.75807
6.77612
6.77633
6.76765
6.78857
6.78969
6.79796
6.81914
6.8374
6.83883
6.83668
6.84029
6.86302
6.86473
6.88427
6.88354
6.87961
6.90614
6.91081
6.91244
6.93888
6.96866
7.00114
7.02558
7.03786
7.04325
7.05799
7.06159
7.07095
7.08059
7.08827
7.10039
7.10622
7.10719
7.11991
7.14801
7.16975
7.18503
7.19594
7.20554
7.21701
7.24685
7.24383
7.25012
7.28503
7.30653
7.31087
7.30949
7.33201
7.3451
7.34253
7.3784
7.40891
7.44169
7.44905
7.47917
7.49561
7.49654
7.50724
7.52522
7.53714
7.55265
7.54823
7.56252
7.56306
7.56744
7.57795
7.59831
7.58785
7.58652
7.59757
7.6198
7.62987
7.63059
7.64492
7.65432
7.67878
7.67386
7.69901
7.71946
7.73926
7.76346
7.77674
7.79765
7.80964
7.80111
7.7984
7.79038
7.79169
7.78552
7.79471
7.80309
7.80769
7.80593
7.80604
7.79876
7.79898
7.79847
7.80923
7.8304
7.85229
7.88456
7.87927
7.8862
7.90573
7.90536
7.92331
7.92846
7.95029
7.9799
7.98895
7.99948
8.03076
8.0479
8.06241
8.08542
8.1171
8.14294
8.14132
8.16426
8.17498
8.18186
8.17682
8.17682
8.19647
8.22019
8.23278
8.25257
8.30388
8.93279
7.50884
8.15635
8.14056
8.13098
8.13724
8.11147
8.1221
8.11721
8.13323
8.14563
8.15434
8.15703
8.14074
8.14143
8.11474
8.10656
8.09889
8.12624
8.11576
8.12833
8.14041
8.13037
8.11961
8.13127
8.14896
8.13421
8.1255
8.13426
8.14311
8.16242
8.19678
8.21889
8.21556
8.21783
8.20826
8.19264
8.18083
8.18865
8.17966
8.18211
8.16541
8.14279
8.15083
8.1467
8.14474
8.1418
8.15184
8.15185
8.15849
8.17523
8.19381
8.19396
8.20305
8.2202
8.20385
8.18915
8.18404
8.18115
8.18304
8.18043
8.17092
8.17958
8.18397
8.1721
8.15495
8.15467
8.17108
8.17115
8.16953
8.17551
8.1695
8.18137
8.19217
8.20054
8.20509
8.21824
8.21664
8.16943
8.12483
8.11706
8.10724
8.13513
8.13937
8.12562
8.10741
8.08468
8.08346
8.10815
7.81822
8.37915
7.44478
7.88433
8.12998
8.32699
8.40852
8.46889
8.49793
8.52551
8.55617
8.58763
8.60753
8.62534
8.65248
8.68484
8.72693
8.75927
8.76861
8.7715
8.78163
8.79136
8.81522
8.85531
8.88712
8.93171
8.95547
8.98504
9.01269
9.03039
9.0336
9.04234
9.07007
9.08591
9.10349
9.11264
9.13641
9.15365
9.17075
9.19153
9.22345
9.27257
9.31012
9.32525
9.35527
9.39657
9.42228
9.4445
9.46873
9.49704
9.53396
9.54548
9.56666
9.61145
9.63613
9.67655
9.69306
9.71454
9.73048
9.72656
9.73667
9.76214
9.78879
9.81518
9.87173
9.90215
9.93226
9.94573
9.95923
9.99161
10.0063
10.0284
10.0639
10.0854
10.1127
10.137
10.1635
10.1895
10.2127
10.2335
10.2351
10.2435
10.2546
10.2823
10.296
10.3168
10.3288
10.3548
10.3669
10.3567
10.3758
10.3974
10.4185
10.4525
10.5052
10.5646
10.593
10.6228
10.6434
10.6679
10.6765
10.7045
10.7334
10.7635
10.7907
10.826
10.8461
10.8583
10.8757
10.8788
10.8963
10.9278
10.9716
10.9818
11.0137
11.0163
11.0238
11.0263
11.0558
11.085
11.0984
11.1201
11.1414
11.1767
11.1755
11.1983
11.2277
11.2599
11.2856
11.3176
11.3494
11.3695
11.3858
11.4139
11.4563
11.4844
11.5098
11.5362
11.5626
11.5696
11.5951
11.6186
11.6553
11.6526
11.6802
11.7152
11.7364
11.7615
11.7923
11.7992
11.8376
11.8663
11.8878
11.9108
11.9615
11.9763
11.9844
12.0063
12.0228
12.0176
12.0242
12.0353
12.0574
12.0648
12.076
12.1148
12.1386
12.1572
12.1687
12.1886
12.2179
12.2355
12.2544
12.2634
12.2729
12.2827
12.3023
12.314
12.3244
12.3484
12.3714
12.3947
12.4069
12.4262
12.4562
12.4924
12.5256
12.5391
12.5579
12.5785
12.5827
12.6104
12.6398
12.6593
12.6785
12.7006
12.7355
12.739
12.7651
12.7784
12.8172
12.831
12.8572
12.8839
12.9058
12.9285
12.9567
12.9721
12.9701
12.9922
12.9964
12.9881
12.9998
13.0108
13.0308
13.0675
13.0988
13.1455
13.19
13.1993
13.218
13.2374
13.2474
13.2604
13.2765
13.3079
13.3275
13.3385
13.3586
13.3878
13.3991
13.4076
13.42
13.4522
13.471
13.4873
13.5085
13.5362
13.546
13.5682
13.5847
13.589
13.6089
13.6268
13.646
13.6668
13.6621
13.6693
13.6905
13.7182
13.7507
13.7768
13.8066
13.8394
13.8487
13.8565
13.858
13.8617
13.8927
13.8988
13.9187
13.9421
13.9604
13.9812
14.0056
14.0186
14.0428
14.0391
14.0397
14.0385
14.0508
14.0581
14.0794
14.1104
14.1541
14.1821
14.2182
14.239
14.2491
14.2703
14.3065
14.3209
14.3197
14.3405
14.3549
14.3492
14.353
14.3565
14.3813
14.4098
14.4295
14.4409
14.4588
14.4695
14.4846
14.5069
14.5085
14.5179
14.5307
14.5514
14.5647
14.6709
15.0686
14.0311
14.5379
14.5877
14.5676
14.5323
14.5304
14.5518
14.5605
14.5614
14.5425
14.5222
14.5181
14.502
14.4822
14.4585
14.467
14.4486
14.4465
14.4379
14.4819
14.4809
14.4888
14.4996
14.5087
14.4917
14.4858
14.4665
14.4708
14.4592
14.473
14.4799
14.492
14.5043
14.521
14.5176
14.5017
14.4811
14.4784
14.4714
14.4535
14.4601
14.4791
14.4776
14.4635
14.4827
14.4854
14.4761
14.4575
14.4521
14.4439
14.4232
14.4161
14.4273
14.4247
14.4047
14.4195
14.421
14.4083
14.3966
14.4032
14.4204
14.4315
14.4451
14.4447
14.4443
14.4332
14.4424
14.4437
14.4279
14.4288
14.428
14.4295
14.4386
14.4471
14.4486
14.4578
14.4384
14.4438
15.956
16.7345
15.5626
14.8275
14.6891
14.6328
14.594
14.5585
13.8414
11.6344
12.6127
14.6086
14.7146
14.5763
14.5157
14.5162
14.5202
14.535
14.4745
14.7384
13.0659
14.9486
14.5027
14.6421
14.7369
14.8015
14.8829
14.932
14.9574
14.9643
14.9891
15.0066
15.0599
15.0755
15.0887
15.1258
15.1305
15.1725
15.1869
15.227
15.253
15.2742
15.3057
15.3269
15.3591
15.3652
15.3874
15.4331
15.4492
15.4745
15.505
15.5339
15.5535
15.5802
15.6059
15.6521
15.6954
15.7296
15.7677
15.8058
15.8436
15.8817
15.8783
15.9102
15.9448
15.9773
16.0153
16.044
16.0676
16.0889
16.1127
16.1335
16.1457
16.175
16.1928
16.2122
16.2289
16.2588
16.2958
16.3353
16.3725
16.4051
16.4248
16.4356
16.4537
16.4658
16.4851
16.5143
16.5411
16.5971
16.6265
16.6462
16.65
16.6704
16.6824
16.6941
16.7114
16.7349
16.7594
16.8062
16.8452
16.8724
16.8883
16.9115
16.9275
16.9432
16.9607
17.0102
17.0548
17.0885
17.129
17.1682
17.2121
17.2178
17.2371
17.2532
17.2579
17.265
17.2781
17.2963
17.3181
17.3345
17.3558
17.356
17.3689
17.3883
17.4067
17.4251
17.4429
17.4645
17.5038
17.5514
17.5766
17.604
17.6098
17.6378
17.6641
17.6879
17.7303
17.7447
17.7582
17.7783
17.7992
17.8356
17.8559
17.8797
17.9158
17.9455
17.9793
18.0054
18.0076
18.0331
18.0311
18.0457
18.0578
18.0775
18.1046
18.1195
18.1377
18.175
18.2063
18.2146
18.2343
18.244
18.2435
18.2723
18.2676
18.2898
18.3112
18.3453
18.3564
18.3646
18.3786
18.3942
18.3965
18.427
18.4568
18.478
18.5027
18.5053
18.5245
18.5296
18.548
18.5809
18.6093
18.6545
18.6765
18.7029
18.7035
18.7064
18.7176
18.7276
18.7371
18.7354
18.7573
18.7866
18.8163
18.8289
18.8487
18.8834
18.8951
18.8953
18.9083
18.9272
18.9286
18.9342
18.9383
18.9675
18.983
19.0064
19.0054
19.0316
19.0479
19.0626
19.0683
19.0778
19.0691
19.094
19.115
19.141
19.1694
19.1886
19.2162
19.229
19.2308
19.2295
19.2377
19.2374
19.2452
19.2551
19.2831
19.298
19.3276
19.3373
19.3589
19.3891
19.4013
19.421
19.4444
19.4531
19.4963
19.5203
19.5415
19.5496
19.5672
19.5575
19.569
19.5666
19.5699
19.5756
19.5981
19.6167
19.6183
19.6347
19.6361
19.6374
19.6378
19.6496
19.6612
19.687
19.6987
19.73
19.7473
19.7484
19.7608
19.7913
19.7896
19.8086
19.8359
19.8604
19.8846
19.8789
19.8881
19.9139
19.9151
19.925
19.9268
19.9374
19.9565
19.9483
19.9598
19.9721
19.9992
20.0178
20.0307
20.0515
20.058
20.0702
20.0743
20.0687
20.0855
20.0882
20.1066
20.1135
20.1339
20.1412
20.155
20.1671
20.169
20.1847
20.1869
20.2065
20.2097
20.2277
20.258
20.2585
20.2644
20.2709
20.3015
20.3116
20.3288
20.3665
20.3975
20.4085
20.4171
20.4252
20.4207
20.4109
20.4079
20.3421
21.082
20.1796
20.3097
20.3133
20.3414
20.3334
20.3146
20.2971
20.2722
20.2495
20.2606
20.2615
20.2667
20.2591
20.2863
20.278
20.2742
20.2638
20.2598
20.2753
20.2664
20.2436
20.2424
20.2432
20.2194
20.2077
20.1976
20.1868
20.1816
20.1804
20.1784
20.1823
20.1983
20.2078
20.1918
20.2005
20.2199
20.2279
20.2292
20.2116
20.2234
20.2459
20.2311
20.2214
20.2297
20.2471
20.2534
20.239
20.244
20.2358
20.2191
20.2002
20.182
20.1709
20.1625
20.1596
20.1608
20.1629
20.1693
20.1804
20.1806
20.1768
20.1753
20.1675
20.1608
20.1589
20.1459
20.1609
20.1526
20.1476
20.1401
20.141
20.1515
20.1476
20.1261
20.1413
20.146
20.1459
20.1456
20.141
20.1576
20.139
20.1133
20.099
20.1
20.099
20.1
20.0916
20.102
20.1189
20.1198
20.1167
20.1097
20.1066
20.1053
20.0824
20.0825
20.0687
20.0675
20.0646
20.0508
20.0486
20.072
20.0712
20.0894
20.1088
20.1277
20.1374
20.1444
20.1417
20.1616
20.178
20.1827
20.1902
20.1908
20.1869
20.1803
20.1621
20.167
20.151
20.1397
20.1431
20.1227
20.1182
20.092
20.1023
20.1182
20.1366
20.1481
20.1422
20.1362
20.1358
20.1214
20.1136
20.1089
20.1101
20.1126
20.1447
20.1391
20.1385
20.1179
20.1021
20.1252
20.1031
20.1076
20.1183
20.1287
20.1276
20.1113
20.1005
20.1049
20.082
20.0806
20.0911
20.0955
20.0988
20.1187
20.1304
20.1378
20.128
20.1199
20.1167
20.1167
20.1101
20.1068
20.0988
20.1088
20.0971
20.0824
20.0873
20.0871
20.0909
20.0905
20.0909
20.1069
20.11
20.1081
20.1167
20.1267
20.141
20.1495
20.1283
20.114
20.1264
20.1141
20.1232
20.1262
20.128
20.128
20.1261
20.1062
20.0905
20.0855
20.0753
20.0503
20.0581
20.0698
20.0795
20.0707
20.0795
20.0684
20.0565
20.0492
20.0565
20.0682
20.0856
20.0795
20.0988
20.1023
20.1076
20.097
20.0898
20.0772
20.0671
20.0473
20.0381
20.0225
20.0301
20.0218
20.0184
20.0108
20.0075
20.0007
20.0175
20.0238
20.0357
20.0336
20.042
20.0491
20.0315
20.0167
19.9991
20.0092
19.9973
19.9926
19.9959
19.991
19.9962
19.9876
19.9719
19.9897
19.9807
19.9698
19.971
19.9672
19.9683
19.9632
19.9768
19.9698
19.9702
19.9718
19.9705
19.9776
19.9633
19.9783
19.9799
19.9968
19.9911
19.9975
19.9873
19.9704
19.9604
19.9503
19.9569
19.9503
19.9483
19.9359
19.9471
19.9503
19.9425
19.9601
19.969
19.9845
19.9828
19.9798
19.9789
19.9718
19.9714
19.9616
19.9519
19.9601
19.9577
19.9582
19.9666
19.98
19.9886
19.9926
19.9995
19.9909
19.9838
20.0007
20.0076
20.0121
20.0088
20.0065
19.9958
20.0256
20.0366
20.0464
20.0397
20.0333
20.0435
20.0234
20.0072
19.9953
20.0014
20.0111
20.0316
20.0304
20.032
20.0222
20.0275
20.0222
20.0174
20.0125
20.0275
20.0304
20.0284
20.0222
20.0209
20.0215
20.0275
20.0316
20.0288
20.0289
20.03
20.0068
19.991
20.0073
20.0089
20.019
20.0102
20.019
20.021
20.0187
19.9991
20.0092
20.012
20.0128
20.019
20.0186
20.012
20.0007
19.9996
20.0076
20.003
20.0105
20.0194
20.0259
20.0397
20.0414
20.0502
20.0394
20.0299
20.0182
20.0004
19.9893
19.989
19.9878
19.9982
20.0007
19.9991
20.0007
19.9995
20.021
20.028
20.0288
20.0468
20.0425
20.0475
20.0081
19.9874
19.9976
19.9893
19.9909
19.9975
20.0175
20.0284
20.0265
20.0385
20.0281
20.0256
20.0265
20.0151
20.0085
20.0168
20.0011
20.0089
19.9905
19.9862
19.9914
19.9936
20.0089
20.0109
20.0269
20.0209
20.0167
20.0105
20.0154
20.0089
20.017
20.0186
20.0179
20.0151
19.9983
19.9772
19.9613
19.9659
19.9483
19.9522
19.9703
19.9795
19.976
19.9765
19.9975
19.9773
19.9694
19.9648
19.9682
19.9796
19.9796
19.989
19.9999
20.0154
19.9945
19.9995
19.9956
19.9897
20.0041
20.0008
20.0155
20.0171
20.0201
20.0202
20.0249
20.0198
20.0166
20.0164
20.0151
20.0046
19.9886
19.9808
19.9796
19.9616
19.973
19.9835
19.9815
19.9815
19.9835
19.9812
19.9718
19.9519
19.9673
19.9629
19.9783
19.9878
19.9877
20.0004
20.0092
20.0014
19.9707
19.9519
19.9519
19.9604
19.9487
19.9565
19.9758
19.9859
19.9947
19.9923
19.9887
19.9815
19.9779
19.9698
19.9617
19.9597
19.9535
19.949
19.9471
19.9434
19.9293
19.9399
19.9389
19.9422
19.9674
19.978
19.9858
19.9858
19.9959
19.9937
19.9772
19.9479
19.9272
19.9102
19.8835
19.8897
19.8979
19.8945
19.9129
19.9298
19.9477
19.9582
19.9585
19.9572
19.9664
19.9569
19.9581
19.9405
19.9565
19.9487
19.9568
19.9561
19.9413
19.9405
19.9581
19.9597
19.9495
19.932
19.9311
19.9452
19.9226
19.926
19.9366
19.9268
19.9256
19.9085
19.8994
19.907
19.8901
19.9145
19.9354
19.9305
19.9393
19.9288
19.9178
19.8992
19.8897
19.8882
19.9077
19.9047
19.9116
19.9308
19.9287
19.9141
19.9275
19.9186
19.9105
19.9272
19.9386
19.9353
19.9134
19.9131
19.9108
19.9085
19.8994
19.8897
19.8979
19.9
19.9011
19.9049
19.9014
19.9008
19.8913
19.8917
19.8796
19.8713
19.8565
19.8354
19.8187
19.8273
19.8311
19.8214
19.8257
19.8034
19.8178
19.8096
19.8028
19.8084
19.8116
19.8194
19.8211
19.8283
19.8468
19.8424
19.855
19.848
19.8471
19.8503
19.8516
19.8651
19.8601
19.867
19.8581
19.8651
19.8683
19.8705
19.8679
19.8581
19.8494
19.86
19.8437
19.8451
19.8207
19.8401
19.8624
19.8709
19.8865
19.8848
19.9067
19.9004
19.8831
19.873
19.8517
19.8421
19.8468
19.8312
19.839
19.8292
19.841
19.869
19.8785
19.8819
19.8812
19.8869
19.8812
19.8983
19.8912
19.8995
19.8995
19.8831
19.8956
19.8675
19.8679
19.8732
19.8859
19.8827
19.8706
19.8734
19.885
19.8737
19.8783
19.8617
19.8585
19.8489
19.8421
19.8484
19.852
19.8641
19.8711
19.8866
19.8847
19.8682
19.8502
19.8405
19.8374
19.8277
19.8209
19.8374
19.837
19.8475
19.8653
19.8708
19.8784
19.8846
19.8777
19.8777
19.8667
19.8584
19.8601
19.8617
19.8552
19.8503
19.8434
19.8472
19.8475
19.8487
19.8604
19.8601
19.8869
19.888
19.8887
19.8916
19.8893
19.8796
19.8718
19.8649
19.863
19.8738
19.8901
19.9018
19.903
19.8982
19.891
19.8862
19.88
19.8686
19.8784
19.8796
19.8882
19.9015
19.8916
19.8795
19.8894
19.8976
19.8995
19.9057
19.8984
19.8897
19.894
19.8793
19.8565
19.8334
19.856
19.8654
19.8578
19.8523
19.8771
19.8861
19.8698
19.8679
19.8702
19.8718
19.878
19.8734
19.8913
19.9018
19.9043
19.9079
19.8958
19.9073
19.903
19.9094
19.9292
19.9406
19.9409
19.9405
19.9369
19.9253
19.9193
19.9242
19.9308
19.9308
19.9242
19.926
19.9213
19.9468
19.9437
19.9485
19.9433
19.9499
19.929
19.9425
19.9507
19.9464
19.9401
19.9471
19.9495
19.9283
19.9219
19.9105
19.9116
19.9204
19.9146
19.9077
19.9273
19.9093
19.9088
19.9041
19.8789
19.8882
19.9059
19.8995
19.8995
19.8979
19.8995
19.8776
19.8496
19.8287
19.8126
19.8185
19.8262
19.8298
19.8328
19.8674
19.8694
19.8585
19.8405
19.8409
19.8507
19.8601
19.869
19.8799
19.8874
19.8858
19.8797
19.8885
19.878
19.8624
19.8737
19.8741
19.8901
19.875
19.88
19.88
19.8878
19.8881
19.8793
19.8678
19.8702
19.8781
19.8834
19.8961
19.8933
19.91
19.919
19.9222
19.9128
19.9127
19.9202
19.9073
19.9004
19.8999
19.9015
19.9093
19.9115
19.9284
19.919
19.9383
19.9507
19.9424
19.9402
19.9323
19.9115
19.9085
19.9006
19.8959
19.8907
19.9061
19.9139
19.9183
19.9266
19.9158
19.9154
19.8985
19.8862
19.873
19.8507
19.8506
19.8484
19.836
19.8323
19.8238
19.791
19.7686
19.7628
19.7689
19.7618
19.7674
19.782
19.7954
19.7813
19.7822
19.78
19.7738
19.779
19.7852
19.81
19.8112
19.8112
19.8024
19.7982
19.7909
19.7827
19.7879
19.7811
19.7988
19.8116
19.8132
19.8233
19.8311
19.8291
19.8284
19.8168
19.8159
19.8273
19.8194
19.8296
19.8409
19.8471
19.8441
19.8552
19.8349
19.8491
19.8572
19.8584
19.8562
19.8648
19.8853
19.8796
19.8832
19.908
