-0.0787354
-0.0758667
-0.0687256
-0.0627441
-0.0464478
-0.0454102
-0.0331421
-0.0078125
0.0256348
0.0510864
0.0738525
0.0773315
0.0828857
0.0557861
0.0444336
0.0298462
0.0134888
0.00445557
-0.00140381
0.0109253
0.0352783
0.0377197
0.0313721
0.0353394
0.0564575
0.0683594
0.0870972
0.0999756
0.113525
0.105835
0.0819092
0.0644531
0.0477905
0.0597534
0.0820313
0.0966187
0.0900879
0.0984497
0.111694
0.110474
0.113586
0.125122
0.124146
0.1203
0.11438
0.125183
0.148254
0.161255
0.191406
0.193787
0.194092
0.188904
0.190735
-0.140808
0.252258
0.367371
0.263245
0.473938
-0.447205
1.23792
-2.05719
0.290039
0.0463867
0.142151
0.166748
0.142273
0.145874
0.155457
0.188904
0.239624
0.270081
0.289063
0.309998
0.320557
0.311707
0.313416
0.349365
0.396484
0.415039
0.419983
0.44397
0.457947
0.468506
0.482239
0.483215
0.491333
0.489807
0.487366
0.504333
0.520508
0.543579
0.567932
0.596619
0.604675
0.601257
0.587891
0.602478
0.588806
0.610657
0.630249
0.649109
0.672302
0.674988
0.702271
0.720032
0.739014
0.776306
0.785156
0.807251
0.8125
0.829468
0.830078
0.826111
0.818909
0.811279
0.795288
0.810669
0.831238
0.851135
0.876343
0.891357
0.921814
0.922607
0.929749
0.929688
0.93634
0.951294
0.947021
0.974182
0.984924
0.996826
1.02057
1.04608
1.07361
1.08203
1.08936
1.09723
1.11615
1.11365
1.11212
1.11707
1.13904
1.15875
1.19012
1.22498
1.24512
1.26654
1.27966
1.29102
1.31738
1.33533
1.33942
1.35858
1.3382
1.3335
1.32123
1.33514
1.3443
1.34338
1.37756
1.40039
1.40228
1.42755
1.4668
1.46753
1.46185
1.43945
1.44543
1.44452
1.47589
1.50836
1.54449
1.5589
1.57208
1.565
1.56854
1.57062
1.57794
1.57617
1.59259
1.59167
1.61615
1.63812
1.64972
1.65869
1.66052
1.66693
1.66498
1.66327
1.68646
1.71326
1.75214
1.75696
1.75916
1.75543
1.75507
1.74774
1.7345
1.74847
1.77661
1.79388
1.7984
1.80585
1.8009
1.78522
1.78925
1.81329
1.82867
1.85236
1.88098
1.90857
1.92932
1.93335
1.94061
1.93567
1.93567
1.94025
1.95288
1.95605
1.97833
1.99213
1.99786
2.01343
2.0166
2.02515
2.03613
2.03534
2.04504
2.04663
2.03937
2.06622
2.09021
2.09644
2.09839
2.1178
2.14313
2.15369
2.14093
2.13672
2.18121
2.19708
2.20538
2.21246
2.22748
2.22577
2.23724
2.24194
2.25079
2.27319
2.29901
2.31165
2.32959
2.34491
2.35498
2.36279
2.36993
2.36047
2.36395
2.35968
2.36444
2.38446
2.39392
2.39893
2.40771
2.41736
2.44208
2.43353
2.44647
2.47437
2.49689
2.5271
2.52783
2.53967
2.5625
2.57349
2.58118
2.5802
2.57867
2.57727
2.57947
2.57458
2.58368
2.59644
2.61365
2.62769
2.63989
2.64661
2.67188
2.70117
2.71497
2.72223
2.74292
2.75348
2.75574
2.76141
2.75586
2.76337
2.7804
2.78864
2.81323
2.83502
2.87122
2.89148
2.89948
2.90637
2.91199
2.90692
2.89148
2.87762
2.86993
2.88123
2.89172
2.91522
2.9234
2.95038
2.97827
2.98474
3.00439
3.02496
3.0329
3.05658
3.06366
3.04901
3.06879
3.07062
3.09406
3.09894
3.08484
3.10114
3.10962
3.10968
3.10236
3.10724
3.12262
3.13324
3.14331
3.15814
3.18408
3.17908
3.17908
3.19458
3.20459
3.2085
3.21582
3.22302
3.22791
3.24762
3.23956
3.23859
3.23358
3.22052
3.23279
3.24011
3.25464
3.26343
3.29279
3.33289
3.33966
3.34814
3.23059
4.44379
2.07581
3.17346
3.13202
3.15985
3.16638
3.18323
3.18243
3.19104
3.20123
3.21387
3.24542
3.26654
3.27142
3.28723
3.27673
3.24146
3.24603
3.24554
3.24603
3.21912
3.23035
3.24023
3.26642
3.28534
3.29706
3.31561
3.33337
3.34552
3.349
3.33527
3.36536
3.34705
3.32263
3.30786
3.28705
3.27667
3.28857
3.29083
3.28625
3.30328
3.30774
3.32275
3.33417
3.35248
3.35297
3.35327
3.33929
3.33215
3.31714
3.30365
3.29834
3.31952
3.31866
3.30157
3.29932
3.29443
3.2746
3.26654
3.2724
3.28473
3.30591
3.32971
3.35254
3.36298
3.34973
3.34412
3.3277
3.32684
3.31561
3.31262
3.33026
3.34186
3.34204
3.34601
3.38245
3.39923
3.39722
3.3855
3.35223
3.32965
3.33038
3.33002
3.37518
3.38318
3.39545
3.40112
3.40356
3.41699
3.02258
4.3252
2.2594
3.2536
3.38379
3.44922
3.44025
3.48315
3.55017
3.55066
3.52863
3.53668
3.56067
3.58014
3.60834
3.61212
3.59589
3.60834
3.6203
3.64801
3.66931
3.68976
3.70349
3.73315
3.74445
3.75
3.75757
3.78668
3.80811
3.80212
3.81616
3.83502
3.86731
3.8902
3.9317
3.96539
3.98297
3.99945
4.01752
4.02777
4.0426
4.05841
4.06519
4.05597
4.05664
4.07318
4.07281
4.07648
4.09668
4.11401
4.14563
4.1535
4.16785
4.21674
4.23883
4.25604
4.27844
4.2912
4.3042
4.32031
4.32715
4.34424
4.34827
4.35095
4.36542
4.38293
4.41193
4.43158
4.44043
4.46918
4.47424
4.46674
4.46405
4.46436
4.48395
4.47797
4.49878
4.52893
4.56586
4.60089
4.62329
4.63824
4.65784
4.66937
4.67944
4.68787
4.71185
4.7207
4.73315
4.74524
4.75256
4.77826
4.80078
4.81641
4.85889
4.89063
4.92267
4.93512
4.96448
4.99078
4.96906
4.98206
4.98553
4.99957
5.005
5.02051
5.04291
5.05408
5.06049
5.09076
5.09521
5.06555
5.0697
5.08862
5.11389
5.11865
5.15369
5.19659
5.23145
5.22906
5.23785
5.23975
5.24561
5.25116
5.25183
5.28839
5.31677
5.32861
5.34314
5.35223
5.36298
5.3515
5.34888
5.37189
5.39642
5.42084
5.44135
5.45935
5.48407
5.4953
5.51355
5.53937
5.54987
5.57715
5.58356
5.60779
5.63586
5.6333
5.65607
5.68152
5.69379
5.70135
5.71027
5.71906
5.73694
5.75031
5.77222
5.78516
5.78369
5.79346
5.78204
5.77905
5.77197
5.7818
5.80109
5.82123
5.82513
5.85297
5.89331
5.91595
5.92908
5.94788
5.9715
5.98877
6.0083
6.00977
6.00757
6.01593
6.01569
6.0047
6.01257
6.05249
6.0885
6.12274
6.15717
6.18646
6.20428
6.22394
6.2373
6.25189
6.24939
6.24646
6.27594
6.28461
6.30273
6.31055
6.31781
6.33276
6.33923
6.34821
6.37262
6.38672
6.39819
6.40698
6.42126
6.43433
6.4314
6.45929
6.47522
6.49329
6.49542
6.5321
6.55194
6.57635
6.58691
6.60388
6.61212
6.6048
6.59308
6.60132
6.60327
6.61292
6.617
6.64056
6.66272
6.66931
6.68909
6.70959
6.74945
6.76569
6.7804
6.82068
6.85645
6.86792
6.87268
6.87677
6.88989
6.88702
6.87885
6.88184
6.88513
6.88593
6.89972
6.9046
6.91107
6.92169
6.94336
6.96844
6.99109
7.01245
7.00641
7.02954
7.04529
7.05444
7.0675
7.07611
7.09418
7.12628
7.13666
7.15027
7.15717
7.16931
7.16113
7.16675
7.1759
7.17987
7.2027
7.22723
7.25269
7.25189
7.26654
7.2771
7.2738
7.26477
7.26709
7.27441
7.2746
7.28278
7.28363
7.28882
7.31738
7.34326
7.37689
7.38885
7.41266
7.44293
7.45917
7.44452
7.43884
7.42908
7.41602
7.42664
7.44196
7.46655
7.50763
7.53534
7.56946
7.57117
7.57843
7.59241
7.61853
7.45123
8.1709
6.66187
7.56427
7.46332
7.44904
7.46704
7.48254
7.50208
7.53436
7.54437
7.53552
7.53723
7.53387
7.55414
7.56384
7.55072
7.55011
7.55139
7.55188
7.52893
7.51569
7.50403
7.47406
7.48303
7.48047
7.50604
7.51575
7.50684
7.52167
7.52301
7.51501
7.51111
7.51849
7.5199
7.51245
7.50195
7.48492
7.48499
7.48724
7.48688
7.5036
7.51965
7.52051
7.5257
7.53766
7.53467
7.51147
7.49133
7.45343
7.42499
7.40869
7.41614
7.42004
7.40784
7.43018
7.44794
7.44141
7.43396
7.44489
7.43945
7.42358
7.43237
7.42529
7.43646
7.44257
7.45288
7.46112
7.46277
7.47498
7.48712
7.48218
7.48303
7.47986
7.46765
7.45837
7.4505
7.43176
7.43121
7.43286
7.409
7.40735
7.42377
7.46674
7.4939
7.48883
7.49042
7.49371
7.50018
7.52264
7.1286
8.24432
5.92749
7.17188
7.28455
7.40155
7.48431
7.50226
7.51666
7.52551
7.56165
7.58191
7.5838
7.60004
7.57629
7.5592
7.56635
7.57599
7.57373
7.60248
7.63672
7.66791
7.67322
7.69409
7.72339
7.73407
7.74365
7.76483
7.80646
7.82977
7.85565
7.88275
7.91107
7.93695
7.96356
7.99042
8.01733
8.04279
8.05286
8.08539
8.08459
8.12207
8.14075
8.17578
8.21985
8.26013
8.28821
8.30219
8.32678
8.32788
8.34412
8.36731
8.39313
8.41455
8.4248
8.45288
8.47736
8.50177
8.5224
8.55255
8.58606
8.60956
8.62909
8.6554
8.68048
8.71014
8.74365
8.75641
8.77551
8.80237
8.83032
8.84039
8.85565
8.89349
8.91052
8.94312
8.96106
8.99768
9.03638
9.05774
9.0918
9.10248
9.13403
9.1709
9.19312
9.20398
9.21759
9.23859
9.258
9.29102
9.32629
9.33673
9.35736
9.37927
9.37708
9.35895
9.35596
9.38672
9.41516
9.46112
9.49939
9.52295
9.57111
9.59662
9.60052
9.59424
9.599
9.59601
9.59235
9.61127
9.66034
9.69153
9.73047
9.76971
9.79401
9.79858
9.80756
9.83594
9.85486
9.87793
9.90735
9.92499
9.94153
9.96362
9.97656
9.98724
10.0165
10.0452
10.0541
10.0873
10.123
10.153
10.1687
10.1802
10.2078
10.2248
10.2402
10.2593
10.282
10.3113
10.331
10.3324
10.3448
10.3653
10.4016
10.4251
10.4545
10.4799
10.5023
10.533
10.5476
10.5715
10.5842
10.6057
10.6406
10.6572
10.6701
10.6759
10.6782
10.7084
10.7388
10.7673
10.7773
10.8029
10.8427
10.8682
10.8876
10.9078
10.9375
10.9718
10.9985
11.0174
11.0433
11.0662
11.0752
11.0963
11.0974
11.112
11.134
11.1586
11.1757
11.1898
11.2111
11.2199
11.2306
11.2494
11.2853
11.3218
11.3583
11.3812
11.3893
11.3894
11.408
11.4365
11.46
11.4881
11.5159
11.5419
11.5596
11.5836
11.6121
11.6226
11.6383
11.6566
11.6794
11.6987
11.7028
11.733
11.7682
11.7894
11.814
11.8295
11.8409
11.8557
11.8566
11.8745
11.8979
11.9067
11.9215
11.9415
11.9738
12.0062
12.024
12.046
12.0535
12.0625
12.0795
12.1081
12.1466
12.1765
12.1992
12.2282
12.2588
12.2847
12.2855
12.2903
12.3171
12.3348
12.34
12.3499
12.3622
12.3914
12.4109
12.4076
12.4243
12.4523
12.479
12.5065
12.5367
12.5523
12.5803
12.6055
12.6156
12.6351
12.6479
12.6726
12.6807
12.7094
12.7227
12.7241
12.7267
12.7331
12.747
12.7568
12.7763
12.7925
12.8113
12.8303
12.8351
12.8498
12.8644
12.893
12.9169
12.9298
12.9492
12.9601
12.9726
12.9683
12.978
12.9791
12.9816
13.0087
13.0419
13.0563
13.0672
13.0851
13.1049
13.1302
13.1359
13.1433
13.1539
13.1794
13.2047
13.2347
13.2651
13.3066
13.3374
13.3695
13.3824
13.3734
13.3636
13.1947
14.1529
12.5063
13.4471
13.3812
13.3369
13.3213
13.3377
13.3418
13.3442
13.3221
13.3074
13.3043
13.311
13.309
13.3007
13.2762
13.2903
13.3002
13.3182
13.3284
13.3328
13.3405
13.317
13.2724
13.238
13.2308
13.2495
13.2562
13.2419
13.2338
13.2328
13.2246
13.2248
13.2242
13.2238
13.2185
13.2291
13.233
13.2307
13.2126
13.2126
13.2133
13.22
13.2111
13.2216
13.2281
13.2266
13.223
13.2226
13.2
13.2044
13.2036
13.2004
13.2004
13.2039
13.1938
13.1841
13.1795
13.163
13.1586
13.1484
13.1431
13.1455
13.1572
13.1717
13.1669
13.1744
13.1774
13.1719
13.1769
13.1801
13.1728
13.1702
13.1729
13.1544
13.1429
13.1305
13.1314
13.1048
13.0731
13.0763
13.083
13.142
13.1704
13.1694
13.1611
13.1506
13.1504
13.1216
12.7062
13.6482
11.515
12.691
12.9064
13.063
13.1265
13.1862
13.2337
13.2551
13.2878
13.332
13.3558
13.4055
13.4767
13.5313
13.5684
13.6174
13.6622
13.7119
13.7666
13.8138
13.8417
13.8727
13.8937
13.92
13.9474
13.997
14.0254
14.0659
14.1097
14.1464
14.1854
14.2224
14.2493
14.298
14.3402
14.3852
14.422
14.4611
14.4939
14.5187
14.5494
14.5704
14.5883
14.6312
14.6734
14.7321
14.7938
14.8247
14.8873
14.9352
14.9604
14.983
15.0002
15.0366
15.0638
15.0908
15.1212
15.166
15.2217
15.2512
15.2919
15.3403
15.3845
15.42
15.4525
15.4919
15.5256
15.5453
15.5754
15.6091
15.6414
15.6915
15.7224
15.7632
15.806
15.84
15.8787
15.9122
15.9528
15.988
16.0328
16.0771
16.1189
16.145
16.175
16.19
16.2145
16.224
16.2684
16.3078
16.3535
16.3925
16.4471
16.506
16.549
16.5689
16.5801
16.6089
16.6431
16.686
16.7168
16.7471
16.7986
16.8461
16.864
16.9072
16.9601
17.0011
17.0441
17.073
17.1229
17.1491
17.1751
17.1855
17.2201
17.2492
17.2787
17.3196
17.3545
17.3741
17.4055
17.4319
17.4659
17.4968
17.5428
17.5799
17.6084
17.6255
17.6344
17.6768
17.7076
17.7472
17.7764
17.8093
17.841
17.8621
17.8988
17.9166
17.9552
17.9896
18.0045
18.0254
18.0519
18.0892
18.1099
18.122
18.1424
18.1653
18.1961
18.2117
18.2453
18.2903
18.3365
18.3745
18.425
18.467
18.5077
18.5324
18.5535
18.5885
18.6174
18.6613
18.6915
18.7158
18.7517
18.787
18.79
18.7976
18.818
18.8542
18.8779
18.9105
18.9355
18.9655
18.9888
19.0035
19.0191
19.0451
19.0606
19.0887
19.1252
19.1617
19.1884
19.207
19.2378
19.2673
19.2917
19.3121
19.3328
19.3636
19.3745
19.3939
19.4211
19.4699
19.5106
19.5444
19.5945
19.6425
19.6815
19.7067
19.7144
19.7355
19.7565
19.7848
19.806
19.8215
19.8459
19.8771
19.9203
19.9471
19.9637
19.9775
19.9865
20.011
20.0322
20.058
20.0851
20.1129
20.1242
20.145
20.1588
20.184
20.2125
20.2158
20.248
20.2592
20.2607
20.279
20.301
20.3312
20.34
20.3809
20.4249
20.4562
20.488
20.5314
20.5704
20.6017
20.6475
20.6833
20.7087
20.7142
20.7189
20.7099
20.7159
20.715
20.7234
20.7339
20.7627
20.788
20.806
20.8581
20.8934
20.9177
20.9453
20.9929
21.0111
21.0151
21.0322
21.0458
21.0516
21.0526
21.0754
21.1006
21.1227
21.1402
21.1623
21.1851
21.198
21.1971
21.2062
21.2152
21.2234
21.2242
21.2299
21.2535
21.2783
21.2839
21.3117
21.329
21.3337
21.3392
21.3441
21.3621
21.3922
21.4027
21.4193
21.4519
21.4723
21.506
21.5181
21.5363
21.5632
21.5547
21.5604
21.5746
21.5982
21.6179
21.6411
21.5977
22.3826
20.8227
21.7154
21.6334
21.5868
21.5825
21.5834
21.5961
21.5931
21.5687
21.5722
21.564
21.555
21.55
21.5445
21.5413
21.5208
21.5133
21.4978
21.4695
21.4669
21.484
21.4628
21.4235
21.4373
21.436
21.4333
21.4421
21.4519
21.4324
21.4019
21.3802
21.3514
21.3397
21.3361
21.3409
21.3312
21.327
21.314
21.2903
21.2632
21.2477
21.2271
21.2051
21.199
21.1815
21.1701
21.1538
21.154
21.1455
21.1491
21.1595
21.1472
21.1417
21.1308
21.1097
21.118
21.1082
21.0975
21.0925
21.0777
21.0712
21.0638
21.0608
21.0543
21.0517
21.0337
20.9975
20.996
21.0027
21.0016
21.0233
21.0323
21.0246
21.0035
20.9838
20.9699
20.9553
20.9667
22.4935
23.1826
22.2676
21.3809
21.1389
21.0752
21.0688
21.0291
19.8278
17.4948
18.8141
20.8062
21.171
21.0345
20.9958
20.9689
20.9396
20.9415
20.926
20.8735
18.9578
21.5697
20.6449
20.8206
20.9059
21.0173
21.1124
21.178
21.2388
21.3016
21.3408
21.4137
21.4792
21.5275
21.5768
21.6182
21.6614
21.6881
21.7316
21.7723
21.7977
21.8312
21.8696
21.9144
21.9521
21.9955
22.0257
22.0777
22.1097
22.1389
22.164
22.1875
22.2103
22.2379
22.2929
22.3467
22.3982
22.4561
22.498
22.5426
22.5861
22.6277
22.6595
22.6863
22.7133
22.7411
22.7711
22.809
22.8425
22.8777
22.9219
22.9572
22.9805
23.0117
23.0588
23.096
23.1177
23.1441
23.1832
23.198
23.2405
23.2758
23.3138
23.3362
23.3665
23.4064
23.4332
23.4849
23.5223
23.564
23.5898
23.6082
23.639
23.6835
23.7134
23.7521
23.7928
23.8286
23.8596
23.8877
23.908
23.9363
23.9871
24.0355
24.0949
24.1522
24.1798
24.2092
24.2423
24.2634
24.2961
24.3262
24.3613
24.3832
24.3981
24.422
24.4267
24.4396
24.4716
24.4977
24.5218
24.5492
24.5732
24.6008
24.6295
24.644
24.6703
24.7022
24.7361
24.7682
24.7902
24.8262
24.8582
24.8704
24.8947
24.9226
24.9478
24.9669
24.9912
25.0185
25.0412
25.0806
25.1072
25.1381
25.1775
25.2058
25.2196
25.2289
25.2555
25.2962
25.3187
25.3466
25.3677
25.4007
25.4227
25.4377
25.462
25.4797
25.5184
25.5535
25.572
25.5939
25.6024
25.6229
25.6343
25.6555
25.694
25.7092
25.7234
25.7568
25.7754
25.801
25.8246
25.8629
25.8972
25.9135
25.9396
25.9717
25.9767
25.9938
26.0068
26.0074
26.0223
26.033
26.047
26.0803
26.091
26.1096
26.1042
26.0984
26.1136
26.1243
26.1516
26.1902
26.2314
26.263
26.2869
26.309
26.3306
26.3443
26.3768
26.4227
26.4422
26.4429
26.4573
26.4828
26.4888
26.4945
26.5101
26.5189
26.519
26.5101
26.5289
26.5396
26.5631
26.5812
26.6146
26.6447
26.6764
26.699
26.7186
26.7389
26.7332
26.7427
26.764
26.7787
26.8001
26.813
26.8282
26.8383
26.8517
26.8495
26.874
26.8755
26.8869
26.8905
26.8869
26.901
26.9042
26.9089
26.9234
26.9617
26.9975
27.0132
27.0345
27.0748
27.0934
27.0984
27.1149
27.1254
27.1328
27.1352
27.1282
27.1353
27.1335
27.1475
27.1636
27.1714
27.1837
27.1833
27.2078
27.234
27.2593
27.27
27.2837
27.3154
27.3195
27.3287
27.3238
27.3165
27.3208
27.319
27.3287
27.3293
27.3326
27.3451
27.3591
27.3746
27.381
27.39
27.4012
27.4125
27.4271
27.4361
27.4568
27.4587
27.4731
27.4929
27.5004
27.4978
27.5158
27.5264
27.538
27.5404
27.5477
27.546
27.5416
27.5648
27.5705
27.5861
27.608
27.6288
27.6558
27.6734
27.6921
27.7076
27.7199
27.7176
27.7103
27.7217
27.7347
27.7445
27.751
27.7665
27.7968
27.8083
27.8083
27.8246
27.8312
27.8163
28.8082
26.7914
27.5975
27.6116
27.6752
27.6529
27.5731
27.5307
27.525
27.5387
27.5323
27.5253
27.5246
27.5142
27.4958
27.4707
27.4507
27.4275
27.4055
27.3581
27.3406
27.318
27.3068
27.301
27.2933
27.2892
27.2902
27.2999
27.2885
27.267
27.259
27.2454
27.2113
27.1818
27.1785
27.1682
27.1555
27.139
27.1368
27.1221
27.114
27.0965
27.0853
27.0773
27.0649
27.0433
27.0369
27.0272
26.9871
26.9674
26.9513
26.9255
26.9068
26.8865
26.8865
26.8658
26.8519
26.8472
26.8344
26.8238
26.8279
26.8213
26.8177
26.8039
26.7934
26.7798
26.7677
26.762
26.7578
26.7372
26.7275
26.7109
26.7035
26.697
26.6799
26.667
26.658
26.6533
26.6359
26.6351
26.6219
26.5981
26.5794
26.566
26.5504
26.5325
26.5093
26.5005
26.4986
26.4757
26.4651
26.4577
26.4418
26.4304
26.3962
26.3789
26.3669
26.3681
26.3502
26.3493
26.346
26.3303
26.3231
26.2974
26.277
26.2664
26.2435
26.2291
26.2185
26.207
26.1908
26.1957
26.1831
26.1847
26.174
26.1735
26.1539
26.1539
26.1516
26.1449
26.1226
26.0867
26.0648
26.0329
26.0064
25.9772
25.9732
25.9562
25.9471
25.9348
25.9244
25.915
25.8874
25.8762
25.8746
25.8802
25.8745
25.881
25.8863
25.8848
25.8705
25.851
25.8417
25.8186
25.7997
25.7723
25.7436
25.7292
25.7133
25.6971
25.6882
25.6916
25.6866
25.6798
25.6874
25.676
25.6646
25.6533
25.6464
25.6353
25.6183
25.6046
25.5876
25.5583
25.5353
25.5277
25.5107
25.5002
25.4908
25.488
25.4914
25.4865
25.4838
25.4781
25.4686
25.4636
25.4465
25.4283
25.4006
25.3851
25.3664
25.3507
25.3507
25.349
25.3303
25.3205
25.314
25.3015
25.2825
25.2539
25.2507
25.2377
25.2271
25.2043
25.1881
25.1809
25.1587
25.1374
25.1144
25.0955
25.0914
25.0647
25.0673
25.0486
25.0477
25.0377
25.0238
25.004
25.0016
24.9887
24.9757
24.9684
24.9625
24.9568
24.9601
24.9789
24.9749
24.9626
24.9501
24.9348
24.8931
24.8614
24.8384
24.8287
24.8124
24.8091
24.7896
24.7791
24.7724
24.7649
24.7626
24.7625
24.7681
24.7599
24.7396
24.7332
24.7186
24.7014
24.7044
24.6895
24.6823
24.6457
24.6334
24.621
24.5925
24.573
24.5657
24.5616
24.5419
24.5245
24.5154
24.509
24.5035
24.4978
24.5068
24.5076
24.4994
24.4847
24.4636
24.4457
24.4254
24.408
24.3966
24.3851
24.3721
24.3696
24.3636
24.3603
24.349
24.3474
24.3197
24.3084
24.2864
24.2673
24.2617
24.247
24.225
24.212
24.221
24.221
24.2283
24.2206
24.2255
24.21
24.1986
24.1799
24.1734
24.1547
24.1351
24.1115
24.1132
24.0982
24.0966
24.0746
24.0543
24.0494
24.0377
24.0213
23.9953
23.9742
23.9742
23.9685
23.9628
23.9572
23.9429
23.934
23.9152
23.9021
23.903
23.9013
23.8922
23.897
23.8873
23.8816
23.8523
23.8303
23.8246
23.8138
23.7949
23.7845
23.7963
23.7763
23.7527
23.7166
23.6978
23.6832
23.6799
23.6783
23.6832
23.6873
23.6978
23.6766
23.6522
23.64
23.6275
23.6144
23.6039
23.5974
23.6064
23.6079
23.5972
23.5857
23.5726
23.5646
23.5441
23.5246
23.5132
23.5099
23.4953
23.4945
23.4994
23.4855
23.4873
23.4801
23.4663
23.4365
23.4243
23.421
23.408
23.3867
23.373
23.3738
23.373
23.3613
23.3588
23.3539
23.3531
23.3482
23.3303
23.3238
23.3173
23.2925
23.285
23.2767
23.2768
23.2632
23.2482
23.2328
23.2166
23.1974
23.1812
23.1763
23.1715
23.1774
23.1701
23.149
23.149
23.131
23.1099
23.1032
23.1029
23.0996
23.0884
23.0845
23.0763
23.0595
23.0242
23.0162
22.9982
22.9908
22.9838
22.966
22.9693
22.9562
22.9506
22.9375
22.9283
22.9095
22.9055
22.8949
22.8974
22.881
22.8876
22.8795
22.8681
22.8556
22.8492
22.8328
22.8197
22.814
22.8072
22.7892
22.7795
22.764
22.7478
22.7144
22.6973
22.6824
22.6913
22.6718
22.6634
22.6511
22.6471
22.6392
22.6248
22.6511
22.6545
22.6588
22.6357
22.6309
22.6238
22.6179
22.6072
22.6033
22.5951
22.5803
22.5663
22.5469
22.5175
22.4987
22.5002
22.4896
22.4904
22.4849
22.4951
22.4877
22.4861
22.4828
22.4636
22.4602
22.4554
22.4299
22.3875
22.3696
22.3523
22.3457
22.3262
22.3148
22.3083
22.2885
22.2746
22.2681
22.2722
22.2871
22.2684
22.2513
22.247
22.2388
22.2275
22.2105
22.2142
22.2109
22.1929
22.1799
22.1758
22.1937
22.1848
22.1789
22.1929
22.1978
22.188
22.1652
22.1528
22.1195
22.0914
22.0654
22.049
22.0474
22.0279
22.0195
22.0319
22.0458
22.0376
22.0269
22.0308
22.0334
22.0197
22.0084
22.015
22.0084
21.991
21.9877
21.9937
21.9749
21.9648
21.9625
21.9625
21.938
21.9242
21.9085
21.906
21.9003
21.8824
21.8678
21.8613
21.8466
21.8369
21.8197
21.8197
21.8156
21.8238
21.8433
21.871
21.8726
21.8824
21.871
21.8519
21.825
21.8096
21.7795
21.764
21.7518
21.7592
21.7591
21.767
21.7509
21.7393
21.7173
21.6939
21.6721
21.6498
21.6343
21.6376
21.6351
21.6089
21.6088
21.5973
21.5786
21.5713
21.5876
21.5795
21.5756
21.5839
21.5779
21.5494
21.5355
21.5298
21.5117
21.4921
21.4855
21.504
21.5015
21.4869
21.4746
21.4656
21.4551
21.4496
21.4334
21.4277
21.4148
21.4181
21.4164
21.4286
21.4156
21.4187
21.421
21.4226
21.4113
21.3942
21.3883
21.3876
21.3761
21.3619
21.3539
21.3531
21.335
21.3365
21.3267
21.3103
21.3072
21.2966
21.2714
21.2451
21.2189
21.2125
21.1888
21.1742
21.1644
21.1644
21.1654
21.1615
21.1607
21.1517
21.1515
21.1384
21.1376
21.1361
21.1205
21.1136
21.1121
21.0931
21.081
21.0735
21.0645
21.0613
21.0572
21.0638
21.0515
21.0377
21.0159
21.0101
21.0019
21.0027
20.9978
20.9888
20.9913
20.9683
20.9527
20.965
20.9451
20.9533
20.9561
20.9578
20.9661
20.9685
20.9539
20.9498
20.9511
20.9152
20.9047
20.8892
20.8795
20.8669
20.8408
20.8433
20.84
20.8246
20.8099
20.8041
20.8062
20.7955
20.7955
20.7955
20.7917
20.788
20.7668
20.7505
20.7259
20.7201
20.7184
20.7146
20.7155
20.7086
20.7039
20.6851
20.6791
20.6704
20.6506
20.6361
20.6314
20.634
20.6324
20.6177
20.6218
20.6121
20.5933
20.5898
20.5982
20.5998
20.5933
20.621
20.6226
20.6178
20.6113
20.6041
20.5797
20.5699
20.5773
20.561
20.5648
20.564
20.5656
20.5453
20.5283
20.5111
20.5031
20.4819
20.4752
20.4631
20.4681
20.451
20.4412
20.4299
20.4128
20.4136
20.4068
20.3889
20.3929
20.3832
20.3865
20.3828
20.3588
20.35
20.3469
20.3412
20.3306
20.3347
20.3314
20.311
20.2905
20.2806
20.2771
20.2566
20.2437
20.2565
20.2437
20.2339
20.2192
20.1995
20.1777
20.1941
20.2054
20.2006
20.2087
20.2162
20.2261
20.2152
20.1956
20.18
20.1693
20.175
20.1636
20.1506
20.1441
20.1441
20.1253
20.1096
20.0975
20.0803
20.0925
20.0836
20.0591
20.0599
20.0714
20.0714
20.0771
20.0621
20.0531
20.045
20.0377
20.0328
20.0425
20.0573
20.0624
20.058
20.049
20.0515
20.0474
20.0238
19.9953
19.9855
19.9799
19.9603
19.9603
19.9685
19.9726
19.9586
19.9553
19.947
19.9258
19.907
19.9014
19.8965
19.8861
19.8732
19.8708
19.8629
19.8367
19.8197
19.8205
19.823
19.8085
19.7982
19.8095
19.8083
19.8099
19.7968
19.7839
19.7746
19.7763
19.7535
19.7438
19.7392
19.7326
19.7343
19.7269
19.7188
19.7073
19.7021
19.6927
19.6984
19.6815
19.6799
19.6776
19.671
19.6779
19.6818
19.6721
19.6754
19.6509
19.6433
19.6384
19.6178
19.601
19.5813
19.5687
19.5457
19.5295
19.5189
19.5146
19.4966
19.491
19.5113
19.5328
19.519
19.5004
19.5144
19.5068
19.4896
19.4701
19.4791
19.4791
19.4546
19.4349
19.4301
19.434
19.4414
19.4343
19.44
19.4254
19.4253
19.4193
19.4258
19.4183
19.4226
19.4365
19.4266
19.4421
19.4315
19.4118
19.3856
19.3519
19.3349
19.3212
19.3287
19.3336
19.342
19.3494
19.3697
19.3697
19.3664
19.3461
19.337
19.3212
19.3189
19.3072
19.313
19.3113
19.2948
19.3212
19.3131
19.2944
19.2877
19.2828
19.2813
19.2675
19.2689
19.2551
19.2502
19.2388
19.2332
19.2216
