0.190002
0.246872
0.191101
0.150391
0.101257
0.03125
7.62939E-05
-0.0585938
-0.107803
-0.197968
-0.261322
-0.336716
-0.380783
-0.3871
-0.411713
0.124222
0.779297
0.710632
0.377731
-4.9738E-14
-0.546097
-1.14719
-1.66484
-2.11601
-2.48866
-2.83
-3.1375
-3.64882
-4.26633
-2.81015
21.1126
19.1781
19.1634
19.9594
20.8286
21.6766
22.3759
22.8739
23.3251
23.6981
24.0462
24.3434
24.6227
24.8727
25.0934
25.3223
25.5446
25.7438
25.9204
26.1032
26.2481
26.4005
26.5415
26.6587
26.7912
26.9087
27.0298
27.1391
27.2584
27.3841
27.5068
27.6266
27.7455
27.8353
27.9568
28.0462
28.1474
28.2376
28.3485
28.438
28.538
28.6212
28.7177
28.8091
28.8595
28.9009
28.9138
27.8781
25.763
25.1874
25.1509
27.3111
27.3773
27.951
30.4754
32.0587
32.6526
32.992
33.2188
33.3788
33.4976
33.5971
33.6216
33.6755
33.7009
33.7239
33.7305
33.7368
33.7243
33.7293
33.727
33.7141
33.7141
33.7126
33.7208
33.7212
33.7044
33.6766
33.6653
33.6817
33.6981
33.7173
33.7649
33.781
33.7633
33.7352
33.7259
33.7239
33.7407
33.7517
33.7555
33.7727
33.7727
33.7567
33.7552
33.77
33.7829
33.8028
33.8021
33.8141
33.822
33.8498
33.8696
33.8989
33.9083
33.9232
33.927
33.9348
33.972
34.0391
34.0802
34.142
34.1734
34.1942
34.2614
34.2958
34.3712
34.4415
34.5016
34.6813
15.8416
8.82196
8.06258
7.74852
7.57039
7.45906
7.38251
7.31375
7.27313
7.23212
7.25211
7.2325
7.2196
7.20282
7.19305
7.19305
7.16376
7.16383
7.17039
7.18835
7.1993
7.18141
7.15555
7.14227
7.16063
7.14891
7.1114
7.08992
7.06227
7.09032
7.05281
7.0493
7.0607
7.06453
7.07079
7.03445
7.03758
7.02945
7.03445
7.02
7.00836
6.98718
6.96922
6.93961
6.92859
6.94626
6.92859
6.94626
6.93484
6.93835
6.92165
6.8911
6.9071
6.89899
6.87781
6.86961
6.84
6.81726
6.78796
6.72906
6.64578
6.60641
6.52469
6.4689
6.45946
6.52829
6.61804
5.47781
3.86618
4.14586
3.97937
5.91063
9.24039
5.20946
6.39929
6.63101
6.72937
6.76843
5.80719
3.66063
3.45593
3.14391
3.11813
3.03796
2.75671
2.24704
1.64734
3.35797
5.43524
13.4345
12.1263
0.696259
-1.655
-1.81195
3.17664
4.64117
4.98758
5.16844
5.3107
5.45984
5.60828
5.84312
5.99742
6.06415
6.13258
6.14391
6.1443
6.11649
6.1279
6.19501
6.32555
6.845
7.19821
7.29617
6.7943
6.19821
5.70477
5.37437
5.13602
4.94431
4.78796
4.65875
4.52509
4.37595
4.22789
4.04462
3.84508
3.68329
3.52477
3.03297
2.6243
-71.9131
-478.354
-453.383
-432.343
-421.501
-418.374
-418.395
-420.274
-423.915
-428.304
-432.444
-436.034
-439.034
-441.022
-442.224
-443.146
-443.661
-443.487
-443.005
-442.327
-441.355
-440.305
-439.163
-437.807
-436.434
-435.014
-433.497
-431.892
-430.197
-428.518
-426.786
-425.094
-423.317
-421.576
-419.807
-417.939
-416.094
-414.323
-412.493
-410.595
-408.768
-406.948
-405.034
-403.205
-401.338
-399.405
-397.534
-395.567
-393.647
-391.756
-389.807
-387.857
-385.983
-384.008
-382.137
-380.299
-378.426
-376.537
-374.617
-372.735
-370.887
-369.034
-367.187
-365.317
-363.428
-361.617
-359.805
-357.994
-356.187
-354.344
-352.605
-350.807
-348.978
-347.18
-345.428
-343.668
-341.889
-340.166
-338.439
-336.698
-334.936
-333.276
-331.588
-329.867
-328.198
-326.506
-324.779
-323.057
-321.367
-319.697
-318.078
-316.468
-314.865
-313.185
-311.518
-309.926
-308.354
-306.777
-305.178
-303.596
-302.016
-300.392
-298.796
-297.827
-296.491
-295.086
-293.733
-292.303
-290.859
-289.322
-287.849
-286.336
-284.848
-283.362
-281.777
-280.218
-278.676
-277.107
-275.54
-274.06
-272.582
-271.066
-269.577
-268.068
-266.602
-265.14
-263.674
-262.3
-260.836
-259.403
-258.027
-256.638
-255.256
-253.895
-252.544
-251.21
-249.888
-248.56
-247.209
-245.857
-244.546
-243.3
-241.996
-240.589
-239.347
-238.048
-236.759
-235.447
-234.148
-232.891
-231.604
-230.302
-229.009
-227.761
-226.511
-225.271
-223.998
-222.722
-221.56
-220.347
-219.12
-217.919
-216.722
-215.519
-214.308
-213.109
-211.958
-210.749
-209.579
-208.392
-207.22
-206.047
-204.865
-203.666
-202.535
-201.423
-200.294
-199.132
-198.042
-196.991
-195.794
-194.719
-193.599
-192.4
-191.29
-190.258
-189.16
-188.071
-186.983
-185.912
-184.871
-183.897
-184.646
-183.246
-180.23
-177.876
-176.241
-174.876
-173.631
-172.482
-171.416
-170.323
-169.245
-168.232
-167.174
-166.198
-165.21
-164.24
-163.292
-162.333
-161.358
-160.408
-159.491
-158.552
-157.594
-156.683
-155.714
-154.79
-153.882
-152.892
-151.982
-151.024
-150.095
-149.191
-148.263
-147.382
-146.521
-145.601
-144.714
-143.861
-142.964
-142.139
-141.24
-140.389
-139.521
-138.65
-137.792
-136.933
-136.042
-135.193
-134.371
-133.483
-132.553
-131.714
-130.864
-130.024
-129.121
-128.291
-127.478
-126.64
-125.803
-124.949
-124.15
-123.339
-122.531
-121.671
-120.89
-120.062
-119.261
-118.49
-117.702
-116.903
-116.093
-115.282
-114.441
-113.632
-112.859
-112.091
-111.298
-110.511
-109.73
-108.972
-108.204
-107.41
-106.689
-105.964
-105.211
-104.396
-103.622
-102.91
-102.153
-101.394
-100.632
-99.8409
-99.0912
-98.3851
-97.6514
-96.8624
-96.0682
-95.3491
-94.6222
-93.892
-93.1632
-92.4815
-91.7542
-91.0307
-90.3362
-89.5944
-88.8049
-88.073
-87.3721
-86.7234
-85.9819
-85.2527
-84.5616
-83.8639
-83.1745
-82.4749
-81.776
-81.0651
-80.4261
-79.7663
-79.0534
-78.4034
-77.7022
-77.0226
-76.3327
-75.6436
-74.9342
-74.2675
-73.6174
-72.9225
-72.2054
-71.6518
-70.9636
-70.2905
-69.6335
-68.9553
-68.3034
-67.6253
-66.9733
-66.3952
-65.7256
-65.1027
-64.4866
-63.8526
-63.1761
-62.544
-61.9241
-61.2725
-60.5944
-60.0159
-59.3772
-58.7268
-58.1468
-57.5276
-56.892
-56.2464
-55.6139
-54.9636
-54.3069
-53.7022
-53.1366
-52.5307
-51.864
-51.2366
-50.6729
-50.1237
-49.4557
-48.844
-48.2737
-47.7135
-47.1351
-46.4866
-45.8639
-45.346
-44.7135
-44.135
-43.5549
-42.998
-42.3987
-41.8084
-41.2268
-40.6761
-40.0881
-39.5045
-38.9553
-38.4261
-37.8362
-37.2741
-36.7151
-36.1745
-35.6549
-35.0991
-34.5276
-33.9768
-33.4358
-32.9144
-32.3541
-31.7737
-31.2166
-30.6561
-30.0761
-29.5291
-28.9963
-28.5045
-27.957
-27.3366
-26.8362
-26.387
-25.8151
-25.2838
-24.7151
-24.178
-23.6647
-23.0859
-22.5846
-22.0764
-21.5744
-21.0386
-20.4963
-19.9979
-19.4979
-18.9784
-18.4373
-17.926
-17.4359
-16.9475
-16.4538
-16.0155
-15.483
-14.9065
-14.4784
-14.0096
-13.5307
-13.0178
-12.5159
-12.0569
-11.6155
-11.0702
-10.5686
-10.1077
-9.5975
-9.1382
-8.6893
-8.21703
-7.67601
-7.18578
-6.73781
-6.23813
-5.77875
-5.25922
-4.79672
-4.34593
-3.87523
-3.39476
-2.87335
-2.40453
-1.99594
-1.55844
-1.04672
-0.509293
-0.0584412
0.381012
0.859924
1.33063
1.80954
2.25992
2.7193
3.20132
3.66226
4.14273
4.62469
5.0607
5.47398
5.97243
6.43179
6.84195
7.27985
7.74226
8.23257
8.70485
9.1443
9.55289
9.95515
10.3908
10.8728
11.3224
11.7505
12.2228
12.6607
13.0822
13.5381
14.0005
14.4513
14.8634
15.2947
15.7326
16.1345
16.5627
17.0236
17.4907
17.9334
18.5315
18.3209
18.5181
18.7787
19.0445
19.384
19.7289
20.1295
20.574
21.0036
21.4283
21.8892
22.306
22.7717
23.2635
23.782
24.2706
24.7213
25.2378
25.7183
26.2839
26.769
27.2312
27.7284
28.1675
28.612
29.0569
29.4569
29.8573
30.3131
30.7131
31.1167
31.5565
31.976
32.4095
32.7995
33.2116
33.6299
33.999
34.4088
34.9073
35.3209
35.7213
36.092
36.4713
36.8896
37.2913
37.6819
38.081
38.5202
38.9417
39.3587
39.7588
40.1721
40.5612
40.942
41.362
41.7604
42.1318
42.5514
42.9221
43.3033
43.6932
44.0646
44.4647
44.8716
45.2522
45.6284
45.9732
46.337
46.7424
47.1623
47.5268
47.8685
48.2146
48.6084
48.9681
49.306
49.6849
50.0494
50.4791
50.9416
51.3498
51.7505
52.1002
52.4693
52.8384
53.188
53.5021
53.8127
52.4689
53.2836
55.5266
56.9695
57.8502
58.4982
59.0587
59.573
60.0338
60.4448
60.8255
61.1521
61.538
61.8973
62.2274
62.5641
62.8938
63.2044
63.5607
63.9235
64.27
64.5594
64.8271
65.1278
65.4873
65.8157
66.1197
66.4239
66.7045
66.9955
67.3239
67.6392
67.9204
68.1915
68.5201
68.8485
69.1868
69.5068
69.7798
70.0685
70.3891
70.6688
70.9482
71.2341
71.5556
71.8352
72.165
72.4384
72.7275
73.0575
73.3759
73.6688
73.979
74.3107
74.6278
74.9088
75.2063
75.5033
75.7864
76.0709
76.3798
76.7095
77.0216
77.3013
77.6118
77.8775
78.1473
78.4384
78.7779
79.0673
79.3502
79.6411
79.9368
80.2271
80.5575
80.8384
81.136
81.4169
81.7076
81.9677
82.2291
82.4923
82.7469
83.0118
83.2697
83.5497
83.8466
84.1704
84.4872
84.7798
85.0528
85.3481
85.6357
85.8876
86.188
86.4951
86.7587
87.0654
87.3481
87.6377
87.9153
88.2157
88.5068
88.7861
89.0575
89.3353
89.6149
89.8857
90.1931
90.4873
90.7259
90.9791
91.2829
91.5771
91.8568
92.1231
92.3744
92.6263
92.8665
93.1572
93.4352
93.7259
93.9973
94.2881
94.5556
94.8161
95.0951
95.3942
95.7013
95.9627
96.2537
96.5349
96.8123
97.0576
97.3255
97.5869
97.8352
98.1048
98.3665
98.6439
98.915
99.1817
99.4642
99.7572
100.045
100.306
100.538
100.776
101.054
101.311
101.594
101.881
102.146
102.404
102.677
102.937
103.174
103.406
103.654
103.893
104.126
104.396
104.656
104.953
105.193
105.453
105.695
105.966
106.223
106.502
106.786
107.045
107.304
107.556
107.795
108.064
108.334
108.605
108.853
109.113
109.394
109.666
109.915
110.154
110.393
110.623
110.873
111.095
111.324
111.602
111.873
112.103
112.342
112.6
112.883
113.172
113.443
113.684
113.93
114.162
114.424
114.664
114.894
115.103
115.385
115.633
115.894
116.174
116.402
116.613
116.843
117.133
117.371
117.615
117.824
118.066
118.313
118.553
118.785
119.014
119.254
119.502
119.734
119.983
120.203
120.45
120.711
120.994
121.254
121.486
121.703
121.942
122.183
122.42
122.643
122.855
123.083
123.311
123.561
123.812
124.043
124.252
124.481
124.724
124.955
125.195
125.45
125.693
125.951
126.174
126.411
126.633
126.85
127.108
127.35
127.572
127.793
128.035
128.242
128.466
128.682
128.922
129.18
129.393
129.629
129.85
130.053
130.286
130.506
130.724
130.924
131.164
131.401
131.629
131.85
132.069
132.28
132.52
132.739
132.961
133.161
133.389
133.611
133.822
134.053
134.283
134.494
134.729
134.979
135.262
135.51
135.708
135.92
136.11
136.301
136.492
136.692
136.911
137.131
137.321
137.563
137.969
137.442
137.62
137.614
137.695
137.841
137.999
138.205
138.423
138.682
138.919
139.157
139.404
139.7
139.986
140.262
140.568
140.813
141.104
141.375
141.671
141.967
142.257
142.548
142.825
143.081
143.315
143.535
143.755
143.991
144.254
144.476
144.717
144.909
145.132
145.351
145.573
145.759
145.97
146.177
146.401
146.63
146.821
147.073
147.288
147.51
147.71
147.93
148.18
148.411
148.651
148.881
149.122
149.337
149.542
149.731
149.952
150.153
150.37
150.573
150.783
150.981
151.21
151.434
151.641
151.84
152.051
152.251
152.46
152.66
152.891
153.113
153.342
153.556
153.746
153.958
154.175
154.357
154.55
154.739
154.989
155.251
155.502
155.721
155.922
156.131
156.299
156.45
156.6
156.776
155.263
155.891
157.927
159.326
160.109
160.6
160.965
161.292
161.571
161.846
162.065
162.263
162.448
162.661
162.856
163.036
163.236
163.386
163.558
163.711
163.879
164.016
164.195
164.356
164.536
164.708
164.858
165.007
165.186
165.337
165.517
165.677
165.83
165.991
166.138
166.288
166.454
166.618
166.757
166.909
167.066
167.224
167.396
167.564
167.737
167.894
168.077
168.231
168.407
168.567
168.739
168.87
169.028
169.185
169.349
169.507
169.659
169.806
169.979
170.161
170.339
170.512
170.659
170.794
170.956
171.108
171.25
171.419
171.597
171.747
171.917
172.124
172.298
172.45
172.59
172.749
172.901
173.066
173.228
173.378
173.516
173.68
173.821
173.981
174.129
174.268
174.419
174.569
174.736
174.919
175.089
175.249
175.417
175.606
175.775
175.917
176.074
176.206
176.355
176.497
176.658
176.849
177.016
177.198
177.386
177.558
177.747
178.327
178.126
178.156
178.308
178.474
178.638
178.803
178.964
179.124
179.275
179.417
179.568
179.696
179.845
180.015
180.186
180.317
180.437
180.585
180.755
180.93
181.111
181.263
181.435
181.584
181.742
181.913
182.092
182.245
182.412
182.574
182.71
182.896
183.046
183.226
183.376
183.546
183.732
183.866
183.995
184.116
184.247
184.393
184.554
184.714
184.884
185.053
185.206
185.343
185.497
185.654
185.806
185.976
186.115
186.277
186.435
186.574
186.745
186.906
187.075
187.206
187.355
187.523
187.683
187.834
187.981
188.131
188.301
188.471
188.621
188.762
188.935
189.084
189.252
189.374
189.505
189.633
189.781
189.924
190.066
190.205
190.365
190.533
190.725
190.894
191.045
191.193
191.342
191.494
191.625
191.783
191.942
192.092
192.25
192.381
192.533
192.652
192.795
192.934
193.095
193.247
193.404
193.528
193.656
193.794
193.922
194.092
194.252
194.411
194.598
194.791
194.945
195.102
195.242
195.393
195.535
195.713
195.853
195.904
231.236
612.363
705.664
712.875
716.455
719.117
721.293
723.123
724.67
726.002
727.172
728.221
729.131
730.023
730.781
731.572
732.262
732.904
733.533
734.023
734.551
735.051
735.57
736.072
736.501
736.881
737.293
737.682
737.973
738.313
738.682
739.02
739.302
739.612
739.932
740.211
740.485
740.743
740.961
741.192
741.414
741.662
741.883
742.105
742.342
742.602
742.781
742.981
743.164
743.372
743.563
743.713
743.883
744.032
744.192
744.37
744.531
744.701
744.822
744.961
745.031
745.112
745.153
745.31
745.452
745.61
745.803
746.003
745.201
742.822
743.703
743.07
744.053
748.002
748.698
746.455
746.743
747.017
747.127
747.272
744.974
743.736
743.515
743.379
743.461
743.398
743.076
742.494
742.392
745.035
749.29
755.54
750.092
740.266
738.924
740.531
746.12
747.168
747.931
748.369
748.339
744.687
743.244
743.268
743.36
743.46
743.605
743.7
743.811
743.947
744.079
744.188
744.277
744.359
744.44
744.528
744.627
744.712
744.826
744.918
745.015
745.122
745.242
745.344
745.445
745.553
745.641
745.725
745.813
745.899
745.965
746.041
746.117
746.174
746.236
746.305
746.374
746.453
746.507
746.592
746.676
746.738
746.779
746.847
746.916
746.961
747.009
747.089
747.153
747.193
747.224
747.262
747.277
747.288
747.304
747.246
745.623
744.617
744.419
744.346
744.303
744.902
745.371
746.185
744.164
745.663
745.214
744.745
744.512
744.393
744.275
744.181
744.115
743.556
742.223
743.549
745.218
745.909
746.243
746.432
746.648
746.813
746.917
746.996
747.081
747.152
747.222
747.314
747.427
747.524
747.584
747.626
747.62
747.647
747.662
747.691
747.729
747.777
747.835
747.857
747.901
747.968
748.006
748.079
748.161
748.206
748.247
748.288
748.332
748.406
748.468
748.533
748.602
748.654
748.695
748.736
748.79
748.855
748.913
748.937
748.965
748.999
749.025
749.079
749.143
749.187
749.234
749.27
749.29
749.326
749.367
749.396
749.453
749.486
749.507
749.546
749.587
749.6
749.628
749.647
749.662
749.661
749.67
749.708
749.756
749.79
749.831
749.867
749.898
749.935
749.973
750.015
750.065
750.118
750.14
750.153
750.141
750.159
750.169
750.21
750.262
750.299
750.327
750.349
750.373
750.38
750.407
750.417
750.427
750.447
750.45
750.476
750.506
750.536
750.567
750.597
750.63
750.633
750.629
750.649
750.687
750.723
750.735
750.757
750.769
750.798
750.818
750.855
750.908
750.945
750.968
750.989
751.019
751.03
751.03
751.066
751.086
751.117
751.112
751.125
751.147
751.194
751.229
751.274
751.298
751.321
751.321
751.339
751.337
751.357
751.396
751.411
751.409
751.445
751.476
751.496
751.507
751.519
751.512
751.527
751.521
751.532
751.567
751.608
751.638
751.651
751.662
751.679
751.692
751.716
751.764
751.806
751.837
751.838
751.849
751.852
751.878
751.899
751.954
751.994
752.017
752.027
752.02
752.017
752.028
752.048
752.069
752.079
752.097
752.118
752.139
752.177
752.197
752.236
752.243
752.231
752.213
752.207
752.218
752.254
752.247
752.267
752.278
752.298
752.321
752.36
752.38
752.406
752.42
752.422
752.417
752.427
752.429
752.44
752.467
752.502
752.511
752.518
752.53
752.547
752.558
752.586
752.59
752.602
752.618
752.636
752.659
752.661
752.67
752.682
752.68
752.682
752.724
752.739
752.785
752.826
752.848
752.861
752.863
752.868
752.862
752.871
752.868
752.898
752.899
752.915
752.919
752.919
752.927
752.928
752.91
752.925
752.938
752.958
752.97
752.989
753.02
753.023
753.03
753.042
753.05
753.049
753.053
753.076
753.097
753.1
753.097
753.124
753.147
753.147
753.147
753.157
753.171
753.181
753.189
753.19
753.21
753.238
753.259
753.262
753.287
753.301
753.318
753.319
753.337
753.352
753.362
753.38
753.399
753.427
753.446
753.438
753.438
753.438
753.447
753.44
753.45
753.479
753.507
753.522
753.532
753.55
753.553
753.568
753.571
753.587
753.598
753.61
753.618
753.62
753.603
753.622
753.641
753.644
753.375
753.76
753.127
753.002
752.761
752.637
752.552
752.498
752.479
752.458
752.463
752.473
752.489
752.499
752.51
752.504
752.502
752.482
752.474
752.471
752.481
752.471
752.46
752.469
752.463
752.481
752.491
752.479
752.481
752.492
752.491
752.489
752.518
752.546
752.567
752.587
752.615
752.647
752.649
752.641
752.653
752.682
752.665
752.647
752.644
752.661
752.649
752.644
753.01
752.854
753.108
753.258
753.458
753.567
753.637
753.679
753.73
753.754
753.777
753.798
753.811
753.822
753.842
753.845
753.865
753.886
753.903
753.925
753.937
753.947
753.957
753.966
753.986
753.999
753.996
753.989
754.005
754.008
754.009
753.999
754.007
754.007
753.989
753.989
753.981
753.988
753.991
753.999
754.03
754.04
754.059
754.069
754.107
754.115
754.115
754.126
754.136
754.138
754.147
754.147
754.152
754.152
754.164
754.19
754.201
754.211
754.221
754.247
754.259
754.242
754.269
754.29
754.293
754.311
754.309
754.339
754.332
754.344
754.354
754.352
754.36
754.371
754.365
754.362
754.35
754.358
754.389
754.389
754.409
754.412
754.411
754.422
754.402
754.411
754.42
754.424
754.432
754.46
754.472
754.471
754.474
754.481
754.49
754.484
754.499
754.505
754.51
754.515
754.513
754.53
754.541
754.515
754.523
754.55
754.569
754.57
754.588
754.601
754.604
754.592
754.584
754.581
754.572
754.563
754.571
754.563
754.559
754.569
754.579
754.612
754.613
754.631
754.653
754.653
754.662
754.68
754.692
754.698
754.716
754.729
754.739
754.731
754.739
754.751
754.731
754.749
754.749
754.741
754.749
754.741
754.723
754.702
754.7
754.71
754.7
754.728
754.747
754.768
754.77
754.777
754.78
754.783
754.796
754.806
754.817
754.837
754.847
754.842
754.849
754.869
754.87
754.872
754.878
754.87
754.876
754.876
754.868
754.878
754.878
754.878
754.875
754.894
754.888
754.888
754.899
754.917
754.931
754.949
754.961
754.968
755.025
755
754.288
754.643
754.838
754.877
754.867
754.565
755.39
755.501
755.59
754.682
758.886
760.209
760.352
760.265
760.128
759.948
756.582
755.259
754.711
754.051
753.539
753.132
752.256
751.071
750.512
749.75
767.265
775.085
754.797
742.468
738.892
742.257
746.311
747.227
747.51
747.93
752.189
754.415
755.273
755.685
755.963
756.16
756.354
751.686
747.954
