-1.44003
-1.91205
-1.89136
-1.77026
-1.71173
-1.65979
-1.62384
-1.58441
-1.52582
-1.47345
-1.41605
-1.37384
-1.32465
-1.26566
-1.20355
-1.15128
-1.11566
-1.07626
-1.0372
-1.01456
-0.968781
-0.944244
-0.914551
-0.875488
-0.851288
-0.829803
-0.818451
-0.802124
-0.787598
-0.777832
-0.777527
-0.756348
-0.736908
-0.70752
-0.677826
-0.650177
-0.634094
-0.633789
-0.670105
-0.697845
-0.717377
-0.730255
-0.638397
-0.50119
-0.529572
-0.737854
-0.813934
-0.787598
-0.774414
-0.774719
-0.774414
-0.753235
-0.734955
-0.717285
-0.307678
2.66006
3.77811
4.1153
3.76059
1.55325
2.23669
-1.63605
-2.52948
-2.1922
-2.06189
-2.00684
-1.95917
-1.91815
-1.8822
-1.84619
-1.7923
-1.72665
-1.65012
-1.57816
-1.50128
-1.42621
-1.37549
-1.32004
-1.25629
-1.18759
-1.13681
-1.09308
-1.05206
-0.996582
-0.934387
-0.8591
-0.796967
-0.744934
-0.692291
-0.653229
-0.605957
-0.553619
-0.476654
-0.432922
-0.382141
-0.325104
-0.292297
-0.245026
-0.185974
-0.1091
-0.0469666
0.0148315
0.0494385
0.0881653
0.117859
0.165131
0.215912
0.26474
0.281158
0.30069
0.322174
0.348267
0.377625
0.434753
0.469421
0.51825
0.567474
0.617859
0.658875
0.706146
0.748718
0.777954
0.817078
0.839752
0.861237
0.897156
0.939728
0.961151
1.00653
1.05731
1.09171
1.13077
1.1702
1.19318
1.20419
1.23068
1.24991
1.27957
1.32059
1.35809
1.38739
1.42014
1.46085
1.50027
1.52139
1.53458
1.56863
1.60965
1.63263
1.66006
1.68311
1.70294
1.72372
1.7338
1.76163
1.7991
1.84012
1.86942
1.8924
1.9249
1.94318
1.97061
2.01163
2.04123
2.06201
2.0834
2.09637
2.12442
2.15341
2.18301
2.20419
2.23224
2.24677
2.26309
2.2663
2.27481
2.30225
2.33029
2.36124
2.37256
2.3924
2.4249
2.44473
2.47217
2.50177
2.54248
2.57529
2.60333
2.61426
2.62567
2.63574
2.65536
2.68146
2.71552
2.74356
2.75488
2.78583
2.81543
2.83505
2.85489
2.87256
2.89395
2.90536
2.92169
2.95264
2.98389
3.00333
3.01309
3.02606
3.0459
3.05731
3.0752
3.09473
3.12411
3.14551
3.15527
3.18466
3.20255
3.21552
3.25177
3.2663
3.29434
3.30536
3.3252
3.35294
3.36591
3.39395
3.40692
3.41504
3.42639
3.43616
3.46552
3.48535
3.50653
3.53458
3.55566
3.58661
3.59827
3.6178
3.63733
3.66669
3.68811
3.69592
3.70575
3.71582
3.73535
3.75653
3.77637
3.80566
3.8284
3.85294
3.87561
3.88699
3.90372
3.9249
3.93652
3.95605
3.96707
3.98535
3.9967
4.00647
4.01785
4.02795
4.0459
4.06863
4.07874
4.10645
4.14551
4.15848
4.17834
4.19788
4.2092
4.21707
4.22717
4.23694
4.26465
4.27762
4.27795
4.28772
4.29749
4.31863
4.33496
4.37598
4.39871
4.41504
4.44434
4.46552
4.48535
4.50488
4.52762
4.55725
4.56857
4.56857
4.58655
4.5881
4.6077
4.60959
4.62756
4.63733
4.65842
4.66983
4.68652
4.70605
4.72723
4.76505
4.76624
4.77762
4.79749
4.80881
4.82678
4.84631
4.87723
4.87912
4.90686
4.91818
4.90997
4.91818
4.92795
4.94748
4.94913
4.95099
4.9592
4.98849
4.99005
5.01819
5.03928
5.05881
5.06857
5.07999
5.08029
5.0885
5.08655
5.10608
5.11905
5.11115
5.10959
5.10959
5.11115
5.11935
5.12912
5.13889
5.15997
5.16974
5.17795
5.19748
5.20724
5.23856
5.25842
5.27951
5.29904
5.31857
5.3381
5.35928
5.37912
5.38068
5.38733
5.40686
5.41818
5.41818
5.41983
5.45605
6.11435
5.55371
5.66739
5.00732
4.9859
5.07895
5.17889
5.29654
5.33395
6.13293
6.32419
5.89279
5.76459
5.68036
5.75497
5.83691
5.35553
6.45123
6.36371
5.73685
5.22098
6.36801
5.84818
5.78879
5.00623
4.9017
4.90005
4.87201
4.82153
4.797
4.7677
4.76926
4.76926
4.7709
4.78918
4.79544
4.80841
4.79895
4.78888
4.77121
4.76926
4.75958
4.75638
4.75958
4.76614
4.75803
4.75638
4.74005
4.72864
4.71066
4.68918
4.6795
4.66809
4.66623
4.65677
4.65646
4.62903
4.60919
4.57825
4.56027
4.5224
4.47668
4.43567
4.38684
4.34933
4.42334
4.62146
4.64856
4.29395
4.12857
4.11105
4.11584
4.12241
4.12402
4.13223
4.14355
4.15372
4.16644
3.97568
3.87491
3.87552
3.88849
3.90521
3.92639
3.93457
3.95099
3.96075
3.96075
3.96741
4.87827
5.5173
3.86887
2.47006
2.62082
2.69894
2.74155
2.77911
2.81702
2.85138
2.89709
2.94943
3.00653
3.07693
3.12607
3.17841
3.21942
3.27646
3.33856
3.40732
3.46942
3.50842
3.5491
3.59171
3.63077
3.67014
3.72061
3.77295
3.82208
3.871
3.93311
3.99051
4.03302
4.0784
4.12918
4.18155
4.22092
4.26981
4.33856
4.39053
4.4299
4.49014
4.53271
4.58185
4.61279
4.65381
4.71942
4.75998
4.82022
4.83496
4.86435
4.89551
4.93311
4.96271
4.99991
5.04092
5.07208
5.11124
5.13388
5.17169
5.20264
5.242
5.28116
5.33194
5.37442
5.41162
5.45255
5.50146
5.53427
5.56387
5.59317
5.61591
5.64395
5.66162
5.71085
5.75177
5.79092
5.80411
5.85147
5.86435
5.87598
5.90381
5.93146
5.97372
5.99512
6.02451
6.0459
6.07364
6.10614
6.12598
6.1456
6.17676
6.20255
6.22528
6.26154
6.28427
6.31387
6.34326
6.3627
6.38544
6.39551
6.41663
6.42801
6.44629
6.47403
6.51318
6.54404
6.57208
6.59482
6.61465
6.64551
6.66669
6.68811
6.70764
6.72879
6.75842
6.77795
6.81387
6.84482
6.88419
6.91669
6.93811
6.96582
6.99677
7.02795
7.04749
7.06708
7.09668
7.11426
7.13544
7.16348
7.17645
7.2045
7.21582
7.24677
7.26819
7.27795
7.31708
7.34006
7.35803
7.37598
7.40692
7.41858
7.43811
7.4541
7.49677
7.52637
7.54559
7.56702
7.58655
7.60608
7.62723
7.64709
7.64865
7.66504
7.68616
7.70575
7.7092
7.72717
7.7467
7.76785
7.78772
7.81543
7.83817
7.84982
7.88574
7.91663
7.93616
7.96707
7.97873
8.00647
8.026
8.04715
8.0752
8.09631
8.12567
8.13733
8.14865
8.15021
8.16818
8.19788
8.21741
8.24677
8.26465
8.28577
8.30692
8.32678
8.3381
8.3678
8.39871
8.41858
8.44629
8.45764
8.47879
8.50684
8.53772
8.54904
8.56857
8.5799
8.59952
8.60138
8.62091
8.62912
8.63889
8.65842
8.67795
8.69943
8.7092
8.72879
8.74045
8.75842
8.77795
8.78577
8.80881
8.82022
8.84006
8.85959
8.86935
8.89709
8.89865
8.91824
8.93811
8.95764
8.98535
9.00809
9.03613
9.04904
9.05881
9.09631
9.11905
9.12091
9.13889
9.15021
9.17014
9.18967
9.19943
9.21896
9.23849
9.25803
9.28738
9.28928
9.30215
9.31857
9.33655
9.35138
9.35959
9.38889
9.40842
9.41983
9.44122
9.4592
9.48029
9.50021
9.50177
9.5213
9.52951
9.55725
9.57834
9.59787
9.6174
9.63858
9.65216
9.64389
9.65021
9.65997
9.66974
9.6795
9.71075
9.71896
9.74014
9.76819
9.78928
9.80725
9.82678
9.8577
9.88068
9.88223
9.90216
9.91183
9.9213
9.9295
9.94904
9.96075
9.96231
9.97052
9.98029
9.98184
9.98849
9.99982
10.0096
10.0193
10.0393
10.0506
10.0619
10.0963
10.119
10.1373
10.1584
10.1682
10.1846
10.1975
10.316
10.8896
10.273
10.4106
9.72803
9.68207
9.77661
9.93716
10.0989
10.1164
10.9128
11.0232
10.6382
10.4947
10.3468
10.4659
10.5198
9.98169
11.6259
10.904
10.6069
9.85693
11.3271
10.6029
10.511
9.7449
9.66809
9.63168
9.57123
9.52896
9.50598
9.49466
9.48178
9.47513
9.46692
9.45215
9.42941
9.42786
9.43927
9.41302
9.41147
9.40833
9.39005
9.37082
9.34778
9.34787
9.32825
9.32004
9.30997
9.29233
9.27902
9.25949
9.23965
9.22864
9.21857
9.20755
9.18762
9.1795
9.16809
9.15802
9.14035
9.10248
9.06497
9.03568
8.97668
8.95911
9.04092
9.23749
9.15787
8.80246
8.6481
8.61887
8.61584
8.61584
8.63412
8.62561
8.63538
8.66498
8.71536
8.4556
8.37973
8.38373
8.39005
8.40677
8.40842
8.42319
8.43106
8.44278
8.41309
8.40021
9.25201
9.9274
8.48785
7.13058
7.16653
7.21887
7.24661
7.29395
7.34943
7.38889
7.43466
7.49051
7.56396
7.62451
7.68311
7.74365
7.80585
7.86475
7.92529
7.99365
8.05576
8.11435
8.16983
8.23856
8.28271
8.34982
8.41006
8.46085
8.50998
8.56863
8.62256
8.67178
8.72913
8.78271
8.84171
8.89249
8.94162
8.98193
9.0491
9.09988
9.14905
9.21085
9.26163
9.30411
9.34482
9.38419
9.44287
9.4921
9.55099
9.60147
9.64404
9.69318
9.74365
9.77286
9.8038
9.85138
9.89365
9.94122
9.98349
10.0229
10.0623
10.1194
10.1733
10.2225
10.2632
10.2928
10.3233
10.3611
10.4019
10.4331
10.4725
10.4952
10.5412
10.5733
10.603
10.6424
10.6831
10.7158
10.7729
10.8041
10.8448
10.8744
10.9233
10.9643
11.005
11.0346
11.0655
11.1131
11.1436
11.1799
11.214
11.2631
11.2956
11.3252
11.3463
11.3772
11.4053
11.433
11.4737
11.5033
11.5245
11.5623
11.5831
11.6127
11.6519
11.6847
11.7061
11.7354
11.7761
11.8057
11.835
11.8741
11.9135
11.9557
11.9772
11.9869
12.0244
12.0471
12.0588
12.0947
12.1257
12.1471
12.1682
12.1943
12.2171
12.2451
12.2826
12.3069
12.335
12.3643
12.3952
12.4069
12.4264
12.464
12.4854
12.5065
12.5261
12.5557
12.5865
12.6061
12.6272
12.6569
12.6943
12.7171
12.7533
12.7924
12.8249
12.8463
12.874
12.887
12.8987
12.9248
12.9459
12.9573
12.9854
13.0065
13.026
13.0471
13.0768
13.1061
13.1373
13.178
13.2092
13.2385
13.2565
13.276
13.3069
13.3268
13.3545
13.3658
13.3886
13.4104
13.4283
13.4479
13.4772
13.4968
13.5264
13.5573
13.5787
13.5901
13.6178
13.6389
13.6584
13.678
13.7076
13.7354
13.7565
13.7956
13.8268
13.8561
13.8772
13.9006
13.9201
13.9479
13.9592
13.969
13.9967
14.0081
14.028
14.0475
14.0686
14.0979
14.1194
14.1389
14.1502
14.1764
14.1959
14.2171
14.2369
14.2549
14.2858
14.2971
14.3202
14.3303
14.3416
14.3596
14.3694
14.3971
14.4279
14.4475
14.4804
14.4904
14.5197
14.5393
14.567
14.5865
14.6093
14.6291
14.6487
14.6701
14.6815
14.6994
14.7287
14.7483
14.7678
14.7693
14.7971
14.8186
14.8318
14.858
14.8694
14.9053
14.9198
14.9381
14.9674
14.9787
14.9901
14.9998
15.0178
15.0291
15.0506
15.0701
15.0799
15.0994
15.1209
15.1487
15.1698
15.1912
15.2174
15.2385
15.258
15.2678
15.2811
15.2908
15.3006
15.3201
15.3397
15.3494
15.3709
15.3807
15.4002
15.4197
15.4362
15.4572
15.4901
15.51
15.5115
15.5393
15.5522
15.5686
15.5916
15.5932
15.6194
15.6209
15.6225
15.6307
15.6404
15.6584
15.6717
15.7092
15.7385
15.7498
15.7662
15.7873
15.8006
15.8105
15.8287
15.858
15.8694
15.8776
15.8788
15.953
16.459
16.1049
16.0898
15.4962
15.4336
15.5121
15.6035
15.7457
15.8536
16.614
16.6711
16.3051
16.1039
15.9397
16.1723
16.0665
15.6393
17.5847
16.1426
16.2216
15.6826
17.1976
16.1689
15.6747
15.3122
15.3115
15.2774
15.225
15.1645
15.1205
15.0782
15.0501
15.0322
15.0291
15.0275
15.0291
15.0294
15.0193
15.0014
14.9915
14.972
14.9622
14.931
14.9115
14.908
14.8904
14.8689
14.8607
14.8396
14.8119
14.7904
14.7709
14.7579
14.7482
14.7397
14.7368
14.7087
14.6908
14.6696
14.6419
14.5943
14.5568
14.5095
14.4473
14.4279
14.5197
14.6816
14.4874
14.1897
14.1091
14.0978
14.0962
14.0944
14.0865
14.0947
14.0931
14.1533
14.1004
13.8267
13.8279
13.8232
13.8282
13.8315
13.8185
13.8232
13.8252
13.822
13.8201
13.83
14.6739
15.2755
13.7694
12.4904
12.6456
12.7337
12.7709
12.8104
12.8576
12.9069
12.971
13.0741
13.162
13.2781
13.3698
13.4332
13.5038
13.582
13.646
13.7241
13.796
13.8581
13.912
13.9612
14.0261
14.0979
14.1667
14.2565
14.3366
14.4085
14.4905
14.569
14.6374
14.7093
14.7682
14.8479
14.9019
14.9608
15.0315
15.0882
15.1831
15.2483
15.3007
15.3529
15.3854
15.415
15.4706
15.5295
15.5898
15.6503
15.7108
15.7713
15.8417
15.9023
15.9612
16.0214
16.0737
16.1111
16.1698
16.2304
16.2811
16.3433
16.3905
16.4545
16.4952
16.5443
16.5933
16.6424
16.7026
16.7338
16.7827
16.8335
16.8744
16.9233
16.9725
17.0312
17.0835
17.1342
17.1749
17.2127
17.2534
17.2928
17.3515
17.3823
17.4232
17.4655
17.5182
17.5459
17.5947
17.6354
17.6732
17.696
17.724
17.7745
17.8236
17.8447
17.8839
17.933
17.9655
18.0033
18.0276
18.0736
18.1045
18.1534
18.1846
18.2354
18.2584
18.2943
18.3448
18.3842
18.4265
18.4658
18.5049
18.5358
18.5588
18.5963
18.6257
18.6553
18.6846
18.7272
18.7568
18.7943
18.8366
18.8744
18.9167
18.9561
18.9951
19.0276
19.067
19.0998
19.1455
19.1682
19.2073
19.2451
19.2744
19.3069
19.3088
19.3447
19.374
19.3968
19.4283
19.4561
19.4952
19.5264
19.5573
19.5951
19.626
19.6569
19.6979
19.719
19.7549
19.7971
19.8186
19.8662
19.8971
19.9265
19.9576
19.9787
20.0049
20.0276
20.0557
20.0947
20.1272
20.1389
20.1764
20.2092
20.2287
20.2581
20.278
20.2877
20.3252
20.3479
20.3776
20.4166
20.4576
20.4787
20.5081
20.5295
20.549
20.5768
20.5979
20.6257
20.6471
20.6666
20.6943
20.7187
20.7369
20.7565
20.7893
20.8073
20.8382
20.8678
20.8889
20.9182
20.946
20.969
20.9803
21.0002
21.0197
21.049
21.0701
21.0881
21.1076
21.1174
21.137
21.1604
21.1881
21.2272
21.2662
21.3186
21.3401
21.3776
21.3987
21.4002
21.4084
21.4378
21.4494
21.4592
21.4854
21.4983
21.526
21.5389
21.5749
21.5998
21.6096
21.6194
21.6373
21.6682
21.6799
21.6815
21.7092
21.7483
21.7713
21.7893
21.7908
21.8268
21.8577
21.8791
21.8987
21.9299
21.951
21.9705
21.9901
22.0178
22.0475
22.0783
22.0898
22.108
22.1194
22.1389
22.1502
22.1502
22.1682
22.1975
22.219
22.2401
22.2682
22.2975
22.3186
22.3381
22.3479
22.3593
22.3889
22.4022
22.4299
22.4315
22.4592
22.469
22.4983
22.4998
22.5276
22.567
22.5897
22.601
22.6092
22.619
22.6307
22.6404
22.642
22.6584
22.6795
22.7073
22.719
22.7287
22.7483
22.7697
22.7811
22.8006
22.8119
22.8381
22.8447
22.8596
22.8791
22.8987
22.9166
22.9394
22.9674
22.9901
23.0018
22.9936
22.9838
23.0839
23.6141
23.0659
23.2057
22.515
22.4843
22.5855
22.6933
22.8257
22.8828
23.6165
23.8386
23.3764
23.1447
23.0807
23.1189
23.2719
22.933
24.6105
23.3911
23.4947
22.7902
24.2716
23.7906
23.1259
22.4544
22.3442
22.2771
22.2235
22.1727
22.1318
22.1059
22.1025
22.0845
22.0732
22.0619
22.0423
22.0126
21.9818
21.972
21.9505
21.9424
21.9411
21.9294
21.9196
21.8916
21.8708
21.8298
21.8103
21.792
21.763
21.722
21.7025
21.6794
21.6615
21.6388
21.6271
21.6174
21.5993
21.5716
21.5337
21.4865
21.4392
21.3883
21.3458
21.3381
21.4315
21.5835
21.4238
21.1179
21.029
21.0193
20.9966
20.9963
20.9966
20.9865
20.9689
20.967
21.6425
23.2752
23.9537
24.1651
24.222
24.2595
24.2922
24.3149
24.3165
21.9085
20.8652
20.6764
20.627
20.6123
20.6306
20.6337
20.6615
20.6795
20.6877
20.7089
20.7143
22.8329
21.0961
20.2816
19.6907
19.8022
19.8674
19.905
19.9463
19.9772
20.0315
20.0948
20.1801
20.2668
20.3355
20.3961
20.455
20.5086
20.5887
20.6507
20.7109
20.7847
20.8468
20.9054
20.9757
21.0362
21.1046
21.1749
21.2222
21.2812
21.3236
21.3808
21.4413
21.4822
21.5229
21.5623
21.621
21.6733
21.7225
21.7909
21.8515
21.912
21.9709
22.0312
22.0835
22.1311
22.1929
22.2322
22.2925
22.3433
22.3662
22.3956
22.435
22.4937
22.533
22.5753
22.6229
22.6667
22.7061
22.7354
22.7925
22.8433
22.8924
22.9429
22.9807
23.0065
23.0443
23.0753
23.1147
23.1436
23.183
23.2319
23.2811
23.3218
23.3546
23.3842
23.4232
23.446
23.4838
23.5343
23.5557
23.5948
23.6342
23.6749
23.7061
23.7451
23.7679
23.8139
23.8365
23.8741
23.9053
23.9248
23.9542
23.9658
23.987
24.0033
24.044
24.0834
24.1143
24.137
24.165
24.2042
24.2354
24.2549
24.2843
24.3057
24.335
24.3675
24.3873
24.4248
24.4475
24.474
24.5327
24.5557
24.5752
24.5882
24.5983
24.5998
24.626
24.6651
24.6928
24.7253
24.7549
24.7842
24.8069
24.835
24.8479
24.8658
24.887
24.8987
24.9283
24.9443
24.9655
24.9951
25.0244
25.0651
25.0947
25.1061
25.1174
25.137
25.1553
25.1748
25.1878
25.1979
25.2174
25.2451
25.2679
25.2959
25.3268
25.3479
25.3678
25.3791
25.3873
25.3987
25.4182
25.4381
25.4479
25.4854
25.4983
25.5264
25.5377
25.5475
25.5768
25.5865
25.6096
25.6194
25.6487
25.6686
25.6963
25.6994
25.7174
25.7187
25.7287
25.7385
25.7565
25.776
25.7874
25.7975
25.817
25.817
25.8382
25.8498
25.8596
25.8873
25.8889
25.9166
25.9377
25.9557
25.9869
26.0146
26.0471
26.0588
26.0588
26.0604
26.0783
26.0799
26.0881
26.1076
26.1209
26.1389
26.1601
26.1604
26.1701
26.1963
26.2174
26.219
26.2304
26.2584
26.2877
26.3088
26.3186
26.3479
26.358
26.3678
26.3678
26.3674
26.369
26.3776
26.3955
26.4182
26.4459
26.4394
26.4561
26.4674
26.4705
26.469
26.4705
26.4885
26.4998
26.5097
26.5264
26.5475
26.567
26.5702
26.5803
26.5803
26.5865
26.5881
26.5979
26.6076
26.6174
26.6205
26.6307
26.6404
26.6487
26.6601
26.6604
26.6701
26.6799
26.6897
26.7174
26.7205
26.7385
26.7679
26.7713
26.7811
26.799
26.8186
26.8201
26.8334
26.8401
26.8498
26.8479
26.8611
26.8611
26.8576
26.8772
26.8924
26.9022
26.9119
26.9201
26.9381
26.9412
26.9576
26.9705
26.9885
26.9998
26.9916
26.9916
26.9818
26.9803
26.9803
26.9901
27.008
27.0178
27.0311
27.0311
27.0393
27.049
27.0506
27.0506
27.0686
27.08
27.0983
27.1209
27.1585
27.1897
27.2026
27.2061
27.2092
27.1893
27.1943
27.9225
27.0992
27.3244
27.2708
27.2452
27.2303
27.2205
27.1924
27.1631
27.1518
27.124
27.0833
27.0537
27.0326
27.0146
26.9755
26.9639
26.9459
26.9248
26.9134
26.9018
26.892
26.874
26.8611
26.8529
26.8514
26.8334
26.8122
26.8104
26.8022
26.7744
26.7467
26.7436
26.7337
26.7139
26.7025
26.6846
26.6717
26.6553
26.6424
26.6208
26.601
26.5897
26.5815
26.5799
26.5717
26.5619
26.5604
26.5424
26.5408
26.5213
26.5018
26.4818
26.4705
26.4623
26.4509
26.4326
26.4213
26.4115
26.4033
26.392
26.3708
26.3525
26.3397
26.3299
26.3283
26.3186
26.3085
26.3104
26.3104
26.3186
26.3186
26.3186
26.3365
26.3268
26.3104
26.3105
26.2907
26.2807
26.2529
26.2318
26.2205
26.2108
26.201
26.1912
26.1897
26.1795
26.1877
26.1795
26.1862
26.1795
26.1697
26.1697
26.16
26.16
26.1518
26.1487
26.1287
26.1288
26.1194
26.1178
26.1096
26.0932
26.0881
26.0799
26.0701
26.0604
26.0393
26.0276
25.9998
25.9885
25.9768
25.969
25.9494
25.9494
25.9576
25.9475
25.9279
25.9198
25.9069
25.8873
25.8776
25.8772
25.8791
25.8694
25.8694
25.8498
25.8381
25.8283
25.8088
25.8069
25.7975
25.7908
25.7893
25.7795
25.776
25.7776
25.7776
25.7682
25.7565
25.7385
25.7288
25.7174
25.6994
25.6815
25.6682
25.6764
25.678
25.6783
25.6865
25.6959
25.6975
25.6979
25.6799
25.6779
25.66
25.6471
25.6452
25.6471
25.6373
25.6276
25.6288
25.6111
25.5901
25.5686
25.5424
25.5295
25.5065
25.5162
25.508
25.5081
25.5002
25.5002
25.4936
25.4803
25.4705
25.4525
25.451
25.4412
25.4381
25.4315
25.4217
25.4217
25.4299
25.4315
25.4232
25.4217
25.41
25.3904
25.3725
25.3791
25.3709
25.3709
25.3643
25.3708
25.3705
25.3444
25.335
25.335
25.3221
25.3122
25.3022
25.2908
25.2908
25.2611
25.2514
25.2498
25.2416
25.2334
25.2338
25.2321
25.2236
25.2236
25.2221
25.2123
25.2025
25.1647
25.1354
25.0849
25.0732
25.0635
25.0537
25.0522
25.0622
25.0701
25.0815
25.0717
25.0619
25.0537
25.0424
25.0326
25.0127
24.9932
24.9818
24.9721
24.9705
24.9623
24.9525
24.951
24.9427
24.9311
24.9213
24.9213
24.9018
24.9018
24.892
24.8923
24.8822
24.8725
24.8709
24.8627
24.8494
24.8479
24.851
24.8412
24.8479
24.8412
24.8315
24.8334
24.8236
24.8005
24.7822
24.7826
24.7744
24.7615
24.7615
24.7533
24.7401
24.7318
24.7303
24.7123
24.6911
24.6893
24.6795
24.6697
24.6518
24.642
24.6502
24.642
24.6307
24.6322
24.6404
24.6307
24.6225
24.6209
24.6209
24.6111
24.6014
24.5834
24.5721
24.5721
24.5424
24.5311
24.5311
24.5295
24.5311
24.5131
24.5017
24.4916
24.4803
24.4541
24.433
24.4397
24.4279
24.4197
24.4115
24.3987
24.3904
24.3807
24.3592
24.3576
24.3494
24.3494
24.3412
24.333
24.3232
24.3119
24.2923
24.2807
24.2709
24.2662
24.258
24.2597
24.242
24.2322
24.2205
24.2107
24.2123
24.2205
24.2303
24.2401
24.2318
24.2303
24.2303
24.2205
24.2123
24.2108
24.2025
24.201
24.1912
24.1912
24.1912
24.1779
24.1697
24.16
24.142
24.1209
24.1029
24.0916
24.0799
24.0717
24.0522
24.0506
24.049
24.0326
24.0229
24.0115
24.01
23.9936
23.9642
23.969
23.9623
23.9475
23.9393
23.9393
23.9393
23.9213
23.9018
23.8987
23.8904
23.8889
23.8905
23.8889
23.8987
23.8822
23.8889
23.8822
23.8627
23.8709
23.8513
23.8397
23.83
23.8318
23.8401
23.8401
23.8498
23.8529
23.8529
23.8432
23.822
23.8104
23.8104
23.8006
23.8006
23.8022
23.8006
23.8022
23.8022
23.7826
23.7713
23.7498
23.7401
23.7205
23.7108
23.701
23.683
23.6732
23.6717
23.6439
23.6322
23.6225
23.6225
23.6111
23.5912
23.5897
23.5881
23.5799
23.5799
23.5717
23.5619
23.5506
23.5619
23.5619
23.5407
23.539
23.5311
23.5393
23.5311
23.5213
23.5213
23.5213
23.5033
23.5018
23.5018
23.492
23.4607
23.4588
23.4588
23.449
23.4295
23.4213
23.4197
23.4197
23.392
23.3807
23.3709
23.3674
23.3772
23.3788
23.3904
23.4022
23.4022
23.3904
23.3807
23.3791
23.3694
23.3514
23.3514
23.3416
23.3416
23.3135
23.3104
23.3122
23.3104
23.3022
23.2924
23.2908
23.2826
23.2611
23.258
23.2514
23.2303
23.2303
23.2205
23.2108
23.2025
23.1928
23.1912
23.1815
23.1537
23.1487
23.1404
23.1307
23.1194
23.1209
23.1111
23.1096
23.1014
23.0979
23.0881
23.0799
23.0604
23.0604
23.0604
23.0588
23.0619
23.0522
23.0506
23.0408
23.0311
23.0229
23.0096
22.9998
22.9901
22.9834
22.9803
22.9803
22.9721
22.9623
22.969
22.9608
22.951
22.933
22.9315
22.9118
22.9115
22.91
22.892
22.8904
22.8725
22.8596
22.8576
22.8592
22.8576
22.8592
22.8593
22.8416
22.8318
22.8221
22.8006
22.8006
22.7908
22.7908
22.7908
22.7877
22.8073
22.8104
22.799
22.799
22.7955
22.7889
22.7693
22.7597
22.76
22.7436
22.7322
22.7322
22.7025
22.6893
22.6795
22.6697
22.6779
22.6697
22.6796
22.6815
22.6716
22.6533
22.6502
22.6436
22.6404
22.6404
22.6404
22.6291
22.6127
22.5897
22.5881
22.5799
22.5783
22.5881
22.5897
22.5799
22.5799
22.5717
22.5604
22.5506
22.5506
22.5506
22.5424
22.5393
22.5326
22.5311
22.5276
22.5209
22.508
22.4998
22.4983
22.4885
22.4721
22.4705
22.469
22.4623
22.4525
22.4311
22.4295
22.4197
22.4018
22.4002
22.392
22.3822
22.3904
22.3904
22.3822
22.3709
22.3611
22.3514
22.3318
22.3221
22.3139
22.3006
22.2908
22.2811
22.2713
22.2697
22.2697
22.2713
22.2682
22.2713
22.2713
22.2596
22.2401
22.2385
22.2318
22.2205
22.2205
22.2205
22.2025
22.2092
22.2092
22.201
22.1912
22.1779
22.1713
22.1518
22.1404
22.1307
22.1404
22.1404
22.1389
22.1389
22.1404
22.1322
22.1209
22.1127
22.1029
22.0932
22.0736
22.0818
22.0818
22.0721
22.0803
22.0701
22.0686
22.0686
22.0506
22.0408
22.0229
22.0213
22.0131
21.9951
21.9724
21.9721
21.9623
21.969
21.9608
21.9572
21.9687
21.9608
21.9608
21.951
21.9412
21.9494
21.9494
21.933
21.9201
21.9119
21.8987
21.8822
21.8643
21.8611
21.8709
21.8626
21.851
21.8494
21.8412
21.8397
21.8299
21.8201
21.8119
21.8022
21.8006
21.799
21.7924
21.7908
21.7729
21.7697
21.7615
21.7615
21.76
21.7498
21.7498
21.7401
21.7205
21.7287
21.719
21.719
21.7108
21.699
21.699
21.6975
21.6908
21.6811
21.6631
21.6518
21.6322
21.6209
21.6209
21.6111
21.6014
21.5932
21.5901
21.5932
21.5818
21.5799
21.58
21.5803
21.5686
21.5588
21.5604
21.5588
21.5506
21.5506
21.5506
21.5424
21.5295
21.5311
21.5146
21.5033
21.4838
21.4822
21.4821
21.4804
21.4822
21.4705
21.4705
21.4608
21.4494
21.4428
21.4397
21.4397
21.4299
21.4197
21.4315
21.4315
21.4232
21.415
21.4021
21.4033
21.3822
21.3807
21.3822
21.3725
21.3694
21.3709
21.3627
21.3447
21.3318
21.3318
21.322
21.3201
21.3104
21.3085
21.3088
21.3022
21.3088
21.3088
21.3104
21.299
21.299
21.2893
21.2693
21.2498
21.2385
21.2303
21.2287
21.2123
21.2072
21.2088
21.1908
21.1893
21.1795
21.1795
21.1697
21.1682
21.1698
21.1619
21.1604
21.1584
21.1502
21.1584
21.16
21.1502
21.1502
21.142
21.1307
21.1209
21.1096
21.1194
21.1194
21.1194
21.1092
21.1174
21.1225
21.1092
21.0994
21.0897
21.0815
21.0799
21.0619
21.0424
21.0326
21.0213
21.0115
21.0018
20.9983
20.9901
20.9885
20.9901
20.9983
20.9998
20.9998
21.0014
21.0014
20.9818
20.9705
20.9705
20.9608
20.969
20.9592
20.9674
20.9787
20.9705
20.9804
20.9705
20.9705
20.9509
20.9311
20.9279
20.91
20.9002
20.8905
20.8807
20.8709
20.8513
20.8412
20.8217
20.8119
20.8088
20.8104
20.8186
20.8201
20.8104
20.8006
20.8006
20.7826
20.7811
20.7611
20.7596
20.7514
20.7498
20.7498
20.7483
20.7498
20.7401
20.7303
20.7108
20.701
20.6928
20.6732
20.6682
20.6682
20.6584
20.6584
20.6584
20.6601
20.6424
20.6424
20.6325
20.6025
20.5994
20.5994
20.5979
20.5979
20.5995
20.5998
20.5818
20.5721
20.5639
20.5525
20.5439
20.5439
20.5229
19.9128
