0.291961
0.338495
0.368783
0.388162
0.394464
0.36239
0.360992
0.361148
0.378311
0.400479
0.385074
0.381006
0.36962
0.366421
0.363251
0.361261
0.35737
0.356125
0.363385
0.378979
0.384598
0.386151
0.392151
0.387332
0.3827
0.389731
0.368265
0.357831
0.353271
0.351828
0.371524
0.380649
0.394488
0.390536
0.385236
0.383392
0.354962
0.336972
0.340179
0.333212
0.312329
0.316311
0.295075
0.308487
0.318561
0.362332
0.370608
0.371918
0.377942
0.375732
0.376413
0.377472
0.395422
-0.0519581
1.00444
0.0750155
-0.0902476
0.521578
-0.00570416
2.16588
-0.642197
0.530814
0.601757
0.535596
0.536542
0.564301
0.587457
0.599603
0.618021
0.636923
0.657712
0.647677
0.643063
0.630478
0.616855
0.617227
0.650751
0.704416
0.720785
0.72652
0.72262
0.716552
0.711481
0.709421
0.707736
0.704849
0.705948
0.70664
0.699838
0.711444
0.700625
0.694662
0.702093
0.715741
0.746756
0.757541
0.757568
0.765249
0.768072
0.7643
0.762295
0.760712
0.748773
0.728271
0.731201
0.740283
0.762128
0.776141
0.796603
0.820966
0.836233
0.84086
0.828815
0.829083
0.850125
0.839926
0.841482
0.846203
0.854532
0.849875
0.834244
0.822107
0.796509
0.795251
0.798727
0.799286
0.820932
0.841135
0.839941
0.845602
0.845404
0.84635
0.853656
0.863824
0.891061
0.916055
0.916162
0.914542
0.906982
0.913699
0.916962
0.904614
0.913049
0.917859
0.915008
0.914978
0.922385
0.915405
0.917587
0.927045
0.928381
0.946457
0.947885
0.955719
0.973471
0.963229
0.963928
0.986633
0.999872
0.996722
1.0148
1.0231
1.01787
1.00794
1.00414
1.01608
1.02866
1.03639
1.06074
1.07476
1.0728
1.04248
1.05642
1.05865
1.05677
1.05884
1.08359
1.09215
1.10623
1.10194
1.10583
1.10894
1.11372
1.10689
1.10406
1.1117
1.12005
1.12595
1.13619
1.15708
1.17474
1.1694
1.17798
1.18295
1.17145
1.16782
1.17361
1.18373
1.18414
1.1797
1.17814
1.18298
1.18193
1.17645
1.17922
1.18022
1.1829
1.20513
1.20768
1.2222
1.21502
1.21209
1.21823
1.23054
1.24252
1.24845
1.24952
1.25588
1.24601
1.21707
1.19763
1.21794
1.23104
1.25064
1.26948
1.28735
1.29317
1.29402
1.30038
1.28991
1.28064
1.28626
1.28552
1.28263
1.25765
1.25312
1.26766
1.28397
1.29246
1.32202
1.34412
1.35337
1.35024
1.34712
1.33773
1.31967
1.3247
1.32175
1.33398
1.33493
1.3315
1.32958
1.34716
1.35103
1.36357
1.36896
1.38861
1.40891
1.40664
1.3977
1.40631
1.40678
1.41726
1.40808
1.40826
1.41902
1.44062
1.4438
1.44118
1.4351
1.42761
1.4237
1.41797
1.42711
1.43265
1.44576
1.45542
1.47914
1.48906
1.47898
1.47361
1.47696
1.46691
1.4694
1.46177
1.45951
1.47294
1.47337
1.49705
1.50082
1.51152
1.5442
1.5566
1.55582
1.53345
1.54774
1.55504
1.55144
1.56582
1.57975
1.60415
1.61075
1.62858
1.64443
1.63808
1.61758
1.59213
1.58666
1.57792
1.57033
1.57194
1.59895
1.60915
1.62459
1.61971
1.62906
1.63775
1.65441
1.65506
1.64957
1.66129
1.67835
1.67944
1.66391
1.67008
1.66942
1.66437
1.6884
1.69936
1.70898
1.71011
1.71904
1.72246
1.72558
1.72827
1.7239
1.75654
1.76149
1.75669
1.76285
1.75027
1.76976
1.76839
1.77862
1.78755
1.79949
1.80817
1.80972
1.81019
1.80433
1.78061
1.77911
1.79253
1.80969
1.81727
1.84235
1.87443
1.88163
1.88926
1.8115
2.26498
1.79249
1.77903
1.79958
1.91805
1.92662
1.91233
1.94343
1.87602
1.86339
2.05433
1.84972
1.7317
1.84902
1.8605
1.83817
1.8672
1.9654
1.99357
2.18951
1.68423
2.1025
1.7688
2.21019
1.65585
2.00194
1.98808
2.09873
2.10675
2.11571
2.12595
2.13949
2.15157
2.17964
2.16722
2.15786
2.15873
2.14828
2.12948
2.13461
2.1352
2.13131
2.11321
2.10982
2.11568
2.11072
2.13504
2.1339
2.13607
2.14408
2.15595
2.16226
2.17237
2.17197
2.16006
2.15989
2.14902
2.15579
2.16757
2.18202
2.21439
2.22064
2.2037
2.18878
2.19963
2.21557
2.28747
2.34595
2.33432
2.21499
2.10641
2.18907
2.24413
2.26621
2.27447
2.28065
2.28002
2.27524
2.26926
2.29236
2.32298
2.22526
2.26645
2.31608
2.32731
2.3228
2.32992
2.33
2.37009
1.95555
3.50958
1.4941
2.33459
2.4213
2.37752
2.39487
2.43269
2.45742
2.46464
2.44994
2.4727
2.47024
2.46839
2.47729
2.4696
2.4892
2.50521
2.52324
2.54028
2.52289
2.52881
2.53093
2.53223
2.55226
2.5428
2.54659
2.56066
2.5736
2.57874
2.58324
2.57937
2.56533
2.56797
2.57817
2.57976
2.58656
2.58302
2.59484
2.60131
2.61694
2.60583
2.58729
2.59806
2.58843
2.58102
2.60367
2.60869
2.61872
2.62978
2.63599
2.65073
2.67148
2.68121
2.69728
2.68554
2.69026
2.68863
2.70403
2.7173
2.72383
2.73239
2.74474
2.75662
2.75958
2.76549
2.78021
2.78296
2.80414
2.82592
2.83777
2.82651
2.83419
2.8308
2.84221
2.84777
2.853
2.86781
2.88991
2.89826
2.91558
2.92213
2.913
2.90318
2.92265
2.92104
2.90602
2.9058
2.91333
2.92642
2.93716
2.94698
2.95462
2.961
2.94164
2.95768
2.95295
2.96111
2.98064
2.99973
3.0367
3.03166
3.05004
3.05656
3.0597
3.05928
3.06971
3.07762
3.07579
3.06895
3.05614
3.05719
3.06436
3.08905
3.11202
3.13156
3.14664
3.16288
3.1717
3.16559
3.15618
3.16451
3.16286
3.15808
3.18572
3.17754
3.16961
3.18013
3.18787
3.19452
3.20667
3.23576
3.26128
3.28204
3.29594
3.30434
3.32166
3.32788
3.33966
3.32922
3.3201
3.31185
3.32648
3.33488
3.34182
3.33372
3.35546
3.3772
3.38573
3.39333
3.40803
3.44381
3.45088
3.45912
3.46224
3.45128
3.4407
3.43193
3.43717
3.4457
3.44547
3.45306
3.47162
3.48686
3.49214
3.4783
3.48411
3.49099
3.49002
3.49199
3.49754
3.49649
3.49625
3.50157
3.49648
3.50443
3.5183
3.55256
3.57695
3.60294
3.63019
3.6323
3.63479
3.62894
3.64313
3.65342
3.65327
3.65541
3.6382
3.64142
3.64406
3.63773
3.65619
3.67705
3.69547
3.71023
3.70666
3.69502
3.69323
3.69742
3.69742
3.68978
3.69919
3.71955
3.73702
3.73427
3.75017
3.75561
3.75771
3.77318
3.80035
3.81242
3.83932
3.84937
3.85288
3.86881
3.88136
3.8898
3.89098
3.90134
3.9102
3.92926
3.94879
3.94839
3.96038
3.97695
3.98894
3.99625
3.99378
4.00852
4.01848
4.0402
4.0557
4.07357
4.09097
4.09051
4.08402
4.08306
4.0697
4.05835
4.04749
4.05841
4.06712
4.06944
4.07937
4.10602
4.12717
4.12906
4.14468
4.14812
4.14748
4.14933
4.15741
4.16193
4.17474
4.17436
4.19158
4.20367
4.20249
4.22137
4.2223
4.22339
4.21597
4.19214
4.1983
4.20154
4.21418
4.20592
4.21695
4.23316
4.2437
4.23006
4.22871
4.24469
4.24044
4.25624
4.27312
4.28755
4.30863
4.32242
4.33855
4.33746
4.34828
4.37578
4.40618
4.41707
4.43626
4.44988
4.44739
4.44099
4.44507
4.45281
4.46832
4.47856
4.48941
4.50889
4.51814
4.52394
4.5188
4.52141
4.51242
4.3884
4.49753
4.49682
4.57653
4.39293
4.55989
4.57477
4.55159
4.5272
4.48031
4.5622
4.55669
4.29615
4.31655
4.42171
4.62652
4.46322
4.43434
4.45089
4.61835
4.6574
4.09571
4.52844
4.52993
4.67176
4.38773
4.54541
4.47533
4.61488
4.61039
4.57109
4.55824
4.57903
4.57816
4.57984
4.59758
4.62976
4.65242
4.66417
4.67252
4.67436
4.65818
4.63757
4.62175
4.60673
4.61909
4.62183
4.63658
4.64295
4.64957
4.66011
4.67252
4.66356
4.66877
4.68715
4.68578
4.67314
4.6635
4.67152
4.66997
4.67237
4.69486
4.71597
4.71902
4.72476
4.73346
4.72643
4.76733
4.80455
4.82614
4.63317
4.47251
4.5831
4.69995
4.7173
4.71909
4.72967
4.74032
4.75652
4.78458
4.81108
4.60045
4.57732
4.6908
4.73039
4.734
4.72123
4.7265
4.72407
4.74051
4.41346
5.86826
3.70228
4.81874
4.89019
4.88884
4.90818
4.93925
4.95147
4.9635
4.99416
4.99316
4.99709
5.00853
5.01303
5.01734
5.0069
5.01498
5.03546
5.04105
5.03845
5.04231
5.07001
5.08645
5.10808
5.13364
5.1528
5.15423
5.14083
5.14373
5.14743
5.14801
5.16961
5.20511
5.22664
5.24769
5.27263
5.29036
5.30139
5.30547
5.30353
5.31225
5.32304
5.32863
5.32162
5.31642
5.30621
5.30713
5.30918
5.32851
5.36276
5.39486
5.41108
5.43215
5.44179
5.43442
5.42502
5.44633
5.47076
5.47005
5.4831
5.48742
5.48497
5.49296
5.48392
5.49217
5.51283
5.51988
5.53187
5.54549
5.56107
5.55841
5.57533
5.58792
5.59774
5.6174
5.63279
5.65401
5.67032
5.68247
5.69673
5.71542
5.74369
5.76266
5.79391
5.81404
5.81136
5.81537
5.82115
5.82318
5.82233
5.82928
5.85192
5.88299
5.89505
5.91092
5.92
5.91035
5.93014
5.95338
5.96236
5.97154
5.99447
6.00576
6.02071
6.03798
6.04724
6.07887
6.09465
6.10561
6.11634
6.13161
6.12741
6.13
6.13268
6.15245
6.15551
6.15199
6.16418
6.19691
6.20943
6.21716
6.22622
6.23342
6.23458
6.23481
6.24969
6.26379
6.28817
6.2984
6.31802
6.32654
6.33929
6.35708
6.36094
6.36843
6.38923
6.40992
6.41017
6.42025
6.4365
6.44742
6.44518
6.44361
6.44859
6.46483
6.46826
6.49385
6.50594
6.5147
6.5293
6.55107
6.55972
6.58343
6.61535
6.62822
6.63735
6.63958
6.62902
6.6184
6.6082
6.61562
6.62768
6.66349
6.67252
6.68803
6.70238
6.70927
6.71974
6.72208
6.73951
6.75918
6.7478
6.75238
6.75795
6.77687
6.78589
6.79128
6.80978
6.83099
6.86141
6.87606
6.89128
6.89675
6.91086
6.91395
6.91483
6.92662
6.93593
6.94826
6.93837
6.94718
6.95012
6.96879
6.97964
6.99187
7.009
7.02213
7.03064
7.04594
7.05841
7.06168
7.08949
7.10835
7.12287
7.12953
7.12957
7.13685
7.13469
7.13252
7.12465
7.12832
7.13045
7.13933
7.15899
7.1664
7.17198
7.20035
7.22809
7.22718
7.2332
7.24681
7.2691
7.29693
7.29478
7.30195
7.31749
7.32116
7.3508
7.3736
7.39174
7.39796
7.39555
7.41048
7.4141
7.39009
7.39933
7.41754
7.44162
7.48004
7.50981
7.52703
7.535
7.56479
7.56395
7.55698
7.54237
7.55289
7.58228
7.59097
7.60736
7.61853
7.64711
7.67543
7.67242
7.67676
7.67372
7.68249
7.69254
7.70183
7.69362
7.70942
7.7243
7.7432
7.7784
7.78673
7.79323
7.81481
7.80972
7.83786
7.83852
7.86666
7.89015
7.91607
7.93291
7.95707
7.97395
7.98222
8.00734
8.01929
8.02516
8.02236
8.01715
8.03428
8.02905
8.02019
8.02359
8.04503
8.03662
8.04742
8.05967
8.07766
8.08429
8.08786
8.09654
8.1258
8.13824
8.14145
8.1602
8.16247
8.15861
8.04613
8.25851
8.14827
8.11885
7.92602
8.15442
8.2335
8.2539
8.25368
8.18913
8.30874
8.3036
8.07267
8.06362
8.09761
8.26164
8.19615
8.08129
8.14799
8.28987
8.20901
7.97096
8.16834
8.26072
8.08418
8.11618
8.14491
8.22524
8.2822
8.26279
8.23765
8.23133
8.22099
8.20093
8.2123
8.21268
8.19556
8.17982
8.17423
8.18185
8.18839
8.19869
8.18613
8.19105
8.17999
8.18708
8.19571
8.20127
8.19663
8.20393
8.1924
8.18689
8.18786
8.19186
8.17756
8.16264
8.184
8.19455
8.18589
8.19925
8.21532
8.20888
8.19909
8.18358
8.18277
8.16845
8.16826
8.23007
8.28236
8.25753
8.02876
7.96182
8.15172
8.23137
8.23749
8.24681
8.24517
8.25972
8.28108
8.328
8.26474
8.11198
8.17877
8.29812
8.28298
8.25503
8.25159
8.23326
8.21453
8.21031
7.8096
9.37736
7.4157
8.30287
8.48335
8.50118
8.55007
8.62344
8.69811
8.73371
8.77092
8.78664
8.80122
8.82209
8.85939
8.88841
8.93164
8.97802
8.97733
8.99355
8.99298
9.00914
9.01211
9.01369
9.03153
9.0638
9.1052
9.14229
9.18795
9.22116
9.24277
9.23873
9.26318
9.2654
9.26923
9.28044
9.30526
9.3584
9.37836
9.39332
9.39662
9.43052
9.46882
9.49129
9.51594
9.52658
9.53251
9.54275
9.5539
9.57386
9.60041
9.62334
9.6454
9.6654
9.68099
9.69728
9.72421
9.74444
9.77901
9.79214
9.81366
9.83899
9.82497
9.83216
9.84597
9.86216
9.86224
9.87418
9.90279
9.91888
9.92055
9.92837
9.92748
9.94782
9.97201
9.97764
10.0122
10.021
10.0411
10.0482
10.0664
10.0924
10.1137
10.1241
10.1399
10.1651
10.1945
10.2195
10.2575
10.2665
10.287
10.2909
10.3042
10.3186
10.3281
10.3421
10.3406
10.3592
10.3779
10.4058
10.4232
10.4419
10.4741
10.4987
10.509
10.5211
10.5497
10.5816
10.6043
10.6164
10.6254
10.6449
10.6483
10.6612
10.6786
10.6989
10.7114
10.7268
10.7529
10.769
10.7996
10.8378
10.8603
10.8746
10.8671
10.8663
10.8762
10.8716
10.8978
10.8989
10.9173
10.9428
10.9543
10.9656
10.9653
10.9656
10.9676
10.968
10.9791
11.0016
11.027
11.0529
11.0981
11.1272
11.147
11.1497
11.1679
11.1702
11.1815
11.1958
11.2087
11.2278
11.2216
11.2396
11.2573
11.2576
11.2505
11.2725
11.2973
11.3092
11.3085
11.3282
11.3565
11.3872
11.3816
11.3918
11.4049
11.4077
11.4067
11.4021
11.4262
11.4289
11.449
11.4604
11.4724
11.4774
11.4894
11.5114
11.5377
11.5585
11.5659
11.5967
11.6076
11.6161
11.6404
11.6481
11.6552
11.6497
11.6737
11.6752
11.6763
11.6838
11.7127
11.7395
11.7593
11.7764
11.7995
11.8086
11.8108
11.8113
11.8176
11.8225
11.8307
11.8481
11.8698
11.8966
11.9078
11.9224
11.9502
11.9762
11.9709
11.9835
11.994
12.0224
12.0111
12.0115
12.0264
12.0428
12.0617
12.0705
12.0789
12.0856
12.0874
12.0969
12.0949
12.0901
12.1092
12.1327
12.1398
12.1569
12.1559
12.1585
12.159
12.1573
12.1681
12.1786
12.2047
12.2087
12.2206
12.2209
12.2283
12.2245
12.2491
12.2631
12.256
12.2748
12.2911
12.2981
12.2992
12.2977
12.3225
12.3368
12.3483
12.376
12.3871
12.4114
12.4195
12.4211
12.4317
12.4488
12.4668
12.4883
12.5027
12.5195
12.5467
12.5515
12.5486
12.5505
12.5699
12.5934
12.6158
12.6267
12.6452
12.6701
12.6705
12.69
12.6944
12.6979
12.7053
12.6959
12.6914
12.687
12.6939
12.6965
12.7189
12.7195
12.7178
12.7356
12.7511
12.7647
12.7635
12.7834
12.818
12.8222
12.8386
12.875
12.8833
12.8811
12.8873
12.8769
12.877
12.8332
13.0953
12.9172
12.8515
12.7484
12.9041
12.8923
12.8708
12.8398
12.7913
12.9175
13.0256
12.7175
12.7037
12.7177
12.9493
12.8911
12.7184
12.7599
12.9875
12.7212
12.6627
12.8876
13.1217
12.7978
12.808
12.7627
12.8389
12.9241
12.9108
12.8668
12.8531
12.8442
12.8706
12.8889
12.9006
12.9069
12.8925
12.8829
12.8662
12.8652
12.8642
12.8717
12.8938
12.8987
12.91
12.912
12.8816
12.8841
12.8626
12.8482
12.8635
12.8826
12.8861
12.8987
12.886
12.8731
12.8568
12.8583
12.8483
12.8585
12.8699
12.8437
12.8351
12.8516
12.8687
12.8705
12.9583
13.0035
12.9531
12.6937
12.6237
12.7891
12.8757
12.8772
12.8847
12.8822
12.8907
12.9065
12.8994
14.1276
15.4054
14.6715
13.3284
12.8766
12.7841
12.76
12.7674
12.6158
10.6967
9.6933
11.4731
12.7399
13.009
13.0853
13.0885
13.0666
13.0395
12.8562
13.1972
12.2563
13.4259
13.2625
13.1779
13.196
13.2195
13.2618
13.3186
13.3686
13.3909
13.4312
13.4564
13.4771
13.4808
13.4735
13.4992
13.5159
13.5308
13.5541
13.5748
13.5891
13.5792
13.5985
13.5969
13.6181
13.6439
13.6593
13.6787
13.6958
13.7162
13.7314
13.7404
13.7499
13.7629
13.7702
13.766
13.7809
13.8
13.8262
13.8273
13.8431
13.8557
13.8601
13.8589
13.8781
13.8921
13.9285
13.9611
13.99
14.0252
14.0522
14.0857
14.1219
14.144
14.1478
14.1662
14.165
14.1796
14.1687
14.1684
14.1619
14.1761
14.1784
14.1891
14.2042
14.2131
14.2102
14.2218
14.2355
14.2423
14.2557
14.2713
14.3014
14.3031
14.3276
14.3295
14.3512
14.3471
14.353
14.3924
14.3874
14.4187
14.4333
14.4463
14.4528
14.4361
14.4512
14.4565
14.4587
14.4799
14.5129
14.5376
14.5598
14.5779
14.5801
14.5963
14.594
14.5889
14.5846
14.5989
14.6241
14.6375
14.655
14.6699
14.6785
14.6775
14.6723
14.6802
14.6985
14.6934
14.693
14.7138
14.7361
14.7392
14.7427
14.7542
14.7666
14.7907
14.8066
14.8005
14.803
14.8027
14.7967
14.7936
14.7959
14.8182
14.8302
14.8613
14.8837
14.9161
14.9388
14.9616
14.9588
14.9814
14.985
14.9848
14.9956
15.002
15.0057
15.008
15.0213
15.0274
15.0259
15.0281
15.0361
15.0516
15.0579
15.0597
15.0695
15.073
15.0889
15.0956
15.0991
15.1095
15.1283
15.1498
15.1678
15.1774
15.189
15.2055
15.2171
15.2205
15.2273
15.2412
15.2707
15.2649
15.2683
15.27
15.2821
15.2803
15.2869
15.3001
15.3212
15.3367
15.3279
15.3396
15.345
15.3704
15.3689
15.3847
15.3997
15.4156
15.4115
15.4087
15.4079
15.4246
15.4368
15.4477
15.4669
15.4797
15.4933
15.4985
15.4915
15.5023
15.5209
15.5162
15.5191
15.5275
15.533
15.5522
15.5475
15.5476
15.5453
15.5451
15.5476
15.547
15.5484
15.5543
15.5531
15.5619
15.5644
15.554
15.5532
15.5621
15.568
15.5708
15.5802
15.6029
15.6105
15.6111
15.6205
15.623
15.6153
15.6127
15.6263
15.6358
15.6419
15.6636
15.6751
15.6839
15.6815
15.6841
15.6861
15.6722
15.6713
15.6714
15.668
15.6702
15.6569
15.6466
15.6477
15.6408
15.6312
15.6459
15.6549
15.6806
15.7034
15.713
15.7219
15.7265
15.7158
15.7194
15.7333
15.7296
15.7488
15.7715
15.8033
15.8199
15.8201
15.838
15.8585
15.8605
15.8755
15.8839
15.8965
15.8997
15.8946
15.8933
15.8883
15.874
15.8749
15.8949
15.9001
15.897
15.904
15.9142
15.9006
15.9026
15.9088
15.9099
15.918
15.927
15.9381
15.9612
15.9558
15.9503
15.9502
15.9582
15.95
15.9541
15.9587
15.966
15.9501
15.9606
15.97
15.9532
15.9479
15.9514
15.9601
15.9574
16.1096
15.9631
15.8217
15.9179
15.9259
15.8843
15.8665
15.8647
15.8709
15.8648
15.8618
15.8498
15.8495
15.8491
15.8329
15.8289
15.8295
15.8412
15.8343
15.8405
15.8332
15.8474
15.8339
15.8294
15.8059
15.8048
15.8264
15.8286
15.8374
15.851
15.8579
15.8494
15.8287
15.8201
15.8078
15.7815
15.7902
15.7995
15.811
15.8039
15.824
15.842
15.8426
15.8537
15.8589
15.858
15.8586
15.8424
15.8381
15.8139
15.7904
15.7733
15.7707
15.7677
15.7759
15.7971
15.8233
15.8357
15.8608
15.8634
15.8721
15.8836
15.8765
15.8631
15.8537
15.8494
15.8351
15.8242
15.8057
15.8108
15.7941
15.7868
15.7873
15.7844
15.7902
15.8
15.797
15.7969
15.7902
15.7922
15.7913
15.7917
15.7826
15.788
15.7824
15.7981
15.8139
15.8175
15.8142
15.8019
15.8072
15.7884
15.7625
15.7638
15.7625
15.7731
15.7847
15.7993
15.8097
15.8179
15.8334
15.8284
15.8211
15.8201
15.8046
15.8156
15.8013
15.8073
15.8162
15.841
15.8594
15.8621
15.8548
15.858
15.8421
15.8513
15.8551
15.8588
15.8625
15.8463
15.8412
15.8445
15.8663
15.8507
15.8566
15.8518
15.8496
15.8445
15.8388
15.8486
15.8478
15.8338
15.8391
15.8337
15.8388
15.8207
15.8099
15.798
15.7845
15.7625
15.7688
15.7692
15.7836
15.7804
15.7936
15.8189
15.8374
15.8241
15.8219
15.8294
15.8224
15.8239
15.8051
15.8074
15.8086
15.7995
15.7917
15.7849
15.777
15.7745
15.8013
15.8057
15.8118
15.8186
15.8341
15.8283
15.8097
15.8024
15.7944
15.7884
15.7855
15.7688
15.7677
15.7622
15.7443
15.7395
15.7321
15.7391
15.7364
15.7316
15.7171
15.7135
15.7256
15.721
15.7359
15.7469
15.7469
15.7478
15.7323
15.74
15.7547
15.7652
15.7671
15.7665
15.7707
15.7901
15.7968
15.7903
15.7881
15.7857
15.7815
15.7804
15.7829
15.7931
15.8013
15.8064
15.8194
15.8119
15.7908
15.7753
15.7824
15.7853
15.7941
15.804
15.8082
15.8086
15.8161
15.8029
15.8021
15.8008
15.799
15.8035
15.8019
15.8097
15.8046
15.7951
15.7887
15.7994
15.8073
15.801
15.7848
15.7746
15.7707
15.7791
15.7727
15.7875
15.7984
15.7937
15.7934
15.7886
15.7891
15.7797
15.7673
15.7873
15.8006
15.8066
15.8087
15.8126
15.8177
15.8052
15.8012
15.782
15.7775
15.758
15.7721
15.7877
15.8004
15.8101
15.8321
15.8399
15.8381
15.8454
15.8392
15.8394
15.8267
15.8228
15.8301
15.8078
15.7899
15.7722
15.7693
15.7584
15.766
15.775
15.8105
15.8317
15.8542
15.8619
15.8683
15.8708
15.8643
15.8598
15.8372
15.8277
15.8195
15.8166
15.8097
15.7928
15.7891
15.7917
15.7975
15.801
15.7882
15.7822
15.7758
15.7793
15.7733
15.7707
15.7784
15.7778
15.7873
15.7679
15.7511
15.7551
15.7405
15.7345
15.7443
15.7443
15.7487
15.7342
15.7443
15.7555
15.7228
15.7228
15.7185
15.7101
15.713
15.7126
15.7338
15.7321
15.7326
15.7465
15.7492
15.762
15.7804
15.7832
15.7693
15.7839
15.7782
15.7725
15.7565
15.7532
15.7527
15.7609
15.7476
15.7462
15.7337
15.7476
15.7379
15.7379
15.7592
15.7693
15.7707
15.7824
15.7973
15.8057
15.7908
15.7829
15.7818
15.7642
15.7482
15.7321
15.7394
15.7444
15.7488
15.7694
15.7949
15.7958
15.8184
15.8181
15.8046
15.7937
15.7892
15.7628
15.7498
15.7428
15.7507
15.7694
15.7615
15.7604
15.7517
15.7349
15.7403
15.747
15.7557
15.7707
15.7871
15.7809
15.7693
15.7731
15.7793
15.7775
15.7824
15.7771
15.7853
15.7717
15.7589
15.7493
15.7525
15.7482
15.7496
15.7618
15.7623
15.77
15.7615
15.7709
15.7775
15.7754
15.7662
15.7555
15.7537
15.7662
15.7682
15.7722
15.7849
15.7947
15.7868
15.7793
15.7707
15.7691
15.7589
15.7624
15.773
15.785
15.7908
15.8014
15.7988
15.7986
15.7987
15.7917
15.7916
15.7804
15.7823
15.7742
15.7623
15.7498
15.7435
15.7571
15.7653
15.7711
15.7773
15.7696
15.758
15.7384
15.7398
15.7174
15.7014
15.695
15.6999
15.6897
15.6946
15.7232
15.7409
15.7432
15.757
15.7691
15.7682
15.7548
15.7469
15.7308
15.7212
15.731
15.7394
15.7394
15.7401
15.7525
15.7634
15.768
15.7793
15.7688
15.7655
15.7438
15.7318
15.719
15.6931
15.6933
15.7031
15.7198
15.7161
15.731
15.7354
15.7524
15.7423
15.7492
15.741
15.7452
15.7323
15.7239
15.7174
15.7072
15.7073
15.7199
15.7252
15.7223
15.7261
15.7103
15.7079
15.7158
15.7022
15.693
15.692
15.689
15.6982
15.6974
15.6854
15.6901
15.6838
15.6924
15.697
15.6964
15.7066
15.7152
15.7326
15.7317
15.7225
15.7321
15.7374
15.7245
15.7275
15.7307
15.7216
15.7141
15.7199
15.7081
15.7055
15.7234
15.7361
15.7356
15.7373
15.7301
15.7194
15.7185
15.7058
15.6917
15.6841
15.6697
15.6743
15.6538
15.6303
15.6159
15.6096
15.6154
15.6105
15.6104
15.6189
15.6309
15.6376
15.6427
15.6496
15.6607
15.6802
15.6974
15.6937
15.697
15.6934
15.672
15.662
15.6511
15.649
15.6495
15.6492
15.6506
15.658
15.6618
15.6802
15.6843
15.7084
15.7152
15.7081
15.6908
15.683
15.6798
15.6852
15.689
15.6884
15.6887
15.699
15.6794
15.6638
15.6556
15.6658
15.6691
15.6779
15.6711
15.6793
15.6939
15.6873
15.672
15.6737
15.6686
15.6653
15.6813
15.6721
15.672
15.7002
15.7245
15.7205
15.7341
15.7575
15.7622
15.7481
15.7342
15.7406
15.7296
15.7101
15.7183
15.7077
15.6867
15.6697
15.661
15.6608
15.6468
15.6354
15.6292
15.6393
15.6392
15.636
15.624
15.6285
15.636
15.6509
15.6586
15.673
15.6728
15.6721
15.6784
15.6697
15.6618
15.6578
15.6373
15.6358
15.6229
15.6227
15.6183
15.6141
15.6323
15.6491
15.6491
15.6572
15.6482
15.6316
15.6404
15.6319
15.6443
15.652
15.65
15.6516
15.6519
15.6571
15.6515
15.6583
15.6607
15.6611
15.67
15.6731
15.6708
15.658
15.6557
15.638
15.6118
15.5899
15.587
15.5852
15.5894
15.605
15.6186
15.6393
15.6582
15.6647
15.6685
15.6716
15.6895
15.677
15.6659
15.6622
15.6677
15.6588
15.6462
15.6428
15.6493
15.6428
15.6388
15.6374
15.6639
15.6637
15.6744
15.6715
15.6644
15.6672
15.6542
15.6541
15.6259
15.6189
15.6143
15.6072
15.5965
15.5792
15.5865
15.5864
15.5859
15.5807
15.5889
15.5941
15.5812
15.5783
15.5564
15.571
15.563
15.5645
15.562
15.567
15.5594
15.5393
15.5329
15.5431
15.5622
15.5713
15.5899
15.6012
15.6178
15.6229
15.6163
15.6116
15.6052
15.608
15.6092
15.6145
15.6202
15.6176
15.6256
15.6314
15.6158
15.6188
15.6102
15.6144
15.6076
15.5914
15.595
15.591
15.5992
15.6007
15.595
15.5987
15.6025
15.5811
15.5697
15.5695
15.5531
15.5388
15.5309
15.5331
15.5309
15.5359
15.53
15.5489
15.5593
15.5552
15.5577
15.5489
15.5331
15.528
15.5094
15.5218
15.5391
15.532
15.5231
15.5298
15.5233
15.51
15.5129
15.5278
15.5275
15.5149
15.5191
15.522
15.5114
15.5109
15.5109
15.5231
15.5518
15.5506
15.5677
15.5785
15.5797
15.5657
15.551
15.5679
15.5613
15.5515
15.5442
15.5489
15.5473
15.562
15.5728
15.583
15.5871
15.5812
15.5852
15.5856
15.5673
15.569
15.571
15.5714
15.5812
15.5841
15.6089
15.6099
15.6061
15.6052
15.589
15.5901
15.585
15.5759
15.5627
15.5744
15.5655
15.5709
15.5793
15.5803
15.5701
15.5628
15.5657
15.5595
15.5622
15.5597
15.5524
15.5703
15.567
15.5624
15.5637
15.5724
15.5748
15.5594
15.5608
15.5695
15.5583
15.55
15.5515
15.5529
15.554
15.5523
15.5627
15.5637
15.5684
15.5671
15.5591
15.566
15.588
15.5994
15.5978
15.5933
15.5895
15.5872
15.5752
15.5676
15.5645
15.5464
15.5469
15.5585
15.5729
15.562
15.5489
15.5606
15.5597
15.5702
15.5465
15.5413
15.5473
15.5434
15.55
15.5442
15.5582
15.5668
15.5711
15.5615
15.5577
15.5587
15.5504
15.5493
15.5495
15.5284
15.5373
15.5344
15.5422
15.5441
15.5413
15.5427
15.5431
15.5391
15.5431
15.5417
15.5315
15.535
15.5217
15.5198
15.5319
15.5308
15.5231
15.5255
15.5372
15.5267
15.5355
15.5344
15.5193
15.502
15.4961
15.4883
15.4866
15.5045
15.5216
15.5225
15.4467
