-0.266942
-0.248904
-0.231436
-0.228544
-0.23114
-0.245035
-0.238981
-0.25018
-0.236705
-0.229353
-0.215195
-0.20413
-0.192346
-0.178236
-0.157312
-0.138565
-0.149672
-0.168387
-0.192567
-0.190939
-0.19416
-0.177872
-0.160774
-0.16321
-0.157845
-0.150429
-0.139784
-0.144279
-0.138322
-0.129311
-0.122061
-0.12748
-0.125763
-0.10817
-0.0924988
-0.0963836
-0.107178
-0.0862457
-0.0822418
-0.10325
-0.103201
-0.0955199
-0.111449
-0.116188
-0.107307
-0.121629
-0.115918
-0.11091
-0.102541
-0.106041
-0.0986694
-0.106598
-0.110428
-0.368071
0.134772
-0.0616062
-0.0676568
0.236231
-1.28947
0.910809
-3.13614
-0.204808
-0.274501
-0.00536299
0.0900431
0.124359
0.136128
0.191221
0.22993
0.241128
0.239127
0.236842
0.228032
0.243881
0.271311
0.288332
0.299341
0.331648
0.334583
0.334021
0.318813
0.308457
0.327507
0.347435
0.382746
0.41359
0.433937
0.434633
0.45614
0.46855
0.473842
0.502564
0.533128
0.558278
0.573337
0.575891
0.571556
0.556558
0.555557
0.562822
0.598288
0.623552
0.667723
0.689569
0.700249
0.70232
0.706458
0.697719
0.70775
0.701283
0.712641
0.726755
0.739916
0.74552
0.750314
0.761665
0.775992
0.804155
0.811914
0.8172
0.806522
0.794562
0.79677
0.792441
0.799411
0.808066
0.859957
0.893775
0.915285
0.923181
0.917481
0.908028
0.899338
0.895313
0.881363
0.898682
0.900925
0.882448
0.885423
0.911572
0.902292
0.911707
0.910254
0.902187
0.913291
0.925836
0.960281
0.969414
0.983778
1.00617
1.01293
1.02327
1.03378
1.04182
1.07337
1.10656
1.12767
1.15432
1.1534
1.16019
1.14388
1.14154
1.13119
1.15743
1.17211
1.17986
1.18277
1.18549
1.1984
1.21767
1.22725
1.22471
1.23097
1.24385
1.24537
1.26289
1.27022
1.26953
1.28323
1.29536
1.31407
1.32119
1.34246
1.3472
1.34744
1.35951
1.35862
1.37702
1.39498
1.40952
1.4344
1.45245
1.46279
1.46837
1.45731
1.45728
1.46706
1.4835
1.48996
1.49446
1.49538
1.4861
1.4835
1.49189
1.4929
1.51743
1.5298
1.52294
1.53717
1.55873
1.58444
1.58987
1.59178
1.592
1.58451
1.58067
1.57765
1.58459
1.58756
1.61339
1.63436
1.64118
1.66655
1.69579
1.72417
1.75094
1.75819
1.76469
1.77485
1.7883
1.78785
1.79739
1.80134
1.81325
1.81025
1.81313
1.80833
1.80153
1.78892
1.78042
1.77223
1.77451
1.77626
1.78877
1.8156
1.83858
1.86419
1.87945
1.90366
1.90646
1.91078
1.90286
1.89292
1.9045
1.89982
1.91962
1.94919
1.96582
1.97865
1.99096
2.00517
2.00607
2.02172
2.03349
2.03492
2.04232
2.0652
2.05309
2.04935
2.07256
2.06946
2.07254
2.09226
2.09668
2.09358
2.10683
2.11274
2.12484
2.12538
2.15099
2.16743
2.18448
2.19599
2.20373
2.1891
2.20025
2.21659
2.21524
2.22541
2.2308
2.23566
2.23902
2.23833
2.26302
2.29453
2.30476
2.32999
2.33546
2.32719
2.32691
2.30793
2.31975
2.31805
2.33598
2.36444
2.37361
2.35851
2.35098
2.36084
2.36369
2.36429
2.36551
2.38596
2.40669
2.41534
2.43035
2.44775
2.45599
2.4815
2.50811
2.50902
2.51619
2.52083
2.54767
2.54291
2.53051
2.53314
2.53497
2.54291
2.52655
2.53594
2.52805
2.53076
2.53235
2.5465
2.57267
2.59792
2.61497
2.63409
2.64433
2.64582
2.64759
2.63675
2.6436
2.66936
2.68646
2.70021
2.70997
2.72863
2.72461
2.72817
2.72754
2.74758
2.76799
2.77403
2.77211
2.78259
2.7905
2.78323
2.71578
3.95826
1.36498
2.70721
2.65524
2.61775
2.58099
2.54463
2.54345
2.55011
2.5559
2.56606
2.57417
2.58235
2.58447
2.57598
2.59287
2.58464
2.58137
2.58633
2.59827
2.58024
2.57332
2.59386
2.60156
2.60568
2.61954
2.58891
2.5812
2.57417
2.57341
2.56619
2.57573
2.58098
2.58829
2.57667
2.57179
2.57269
2.56763
2.56222
2.57681
2.58448
2.57516
2.58317
2.59674
2.61169
2.6066
2.6154
2.62848
2.61343
2.60583
2.60461
2.5838
2.57398
2.56693
2.57117
2.56881
2.58115
2.60022
2.61442
2.6206
2.61275
2.6096
2.6075
2.62448
2.64377
2.65617
2.67013
2.66418
2.64964
2.63808
2.62911
2.63657
2.61443
2.60763
2.61574
2.62726
2.63158
2.61941
2.62508
2.58329
2.55736
2.6031
2.63738
2.65015
2.63883
2.65331
2.65868
2.6804
2.69172
2.35444
3.52734
0.82062
2.4502
2.67476
2.84772
2.85737
2.88317
2.89374
2.89264
2.89455
2.9187
2.94457
2.95277
2.96342
3.00127
3.03297
3.03908
3.04197
3.0437
3.03999
3.04963
3.05746
3.10374
3.12104
3.15064
3.16659
3.17848
3.15869
3.14668
3.17524
3.1942
3.20934
3.2413
3.27112
3.29187
3.28049
3.2899
3.32112
3.34143
3.36377
3.39562
3.43243
3.44462
3.46147
3.45102
3.45682
3.45667
3.45979
3.47904
3.47441
3.5018
3.52338
3.54155
3.57284
3.59504
3.611
3.62692
3.64278
3.67751
3.68869
3.68729
3.68362
3.67516
3.67142
3.69303
3.72291
3.75278
3.77986
3.80784
3.81817
3.81286
3.80994
3.8284
3.81698
3.84204
3.86785
3.88681
3.87809
3.89278
3.91191
3.93871
3.95388
3.95291
3.96594
3.97945
3.98237
3.98265
4.00125
4.02412
4.06133
4.09171
4.10612
4.12608
4.12521
4.15057
4.17444
4.19596
4.20335
4.2162
4.22162
4.24398
4.25774
4.25526
4.26715
4.29024
4.31843
4.33083
4.34706
4.37546
4.37943
4.37518
4.36733
4.38321
4.38055
4.3851
4.40351
4.42577
4.44329
4.45997
4.49535
4.50101
4.51728
4.51742
4.51472
4.52361
4.53718
4.56705
4.60251
4.63086
4.66853
4.69959
4.70293
4.7047
4.70435
4.71626
4.73384
4.74699
4.78439
4.79992
4.81489
4.81606
4.82085
4.81484
4.8183
4.80274
4.81656
4.83421
4.8641
4.88178
4.91476
4.93869
4.9635
4.97722
4.99236
5.01649
5.01833
5.05271
5.06761
5.09663
5.09703
5.12006
5.15246
5.17731
5.19659
5.20999
5.22478
5.23068
5.22097
5.21707
5.23535
5.26741
5.29863
5.33036
5.34304
5.3472
5.36662
5.35989
5.35586
5.37129
5.37824
5.37882
5.40779
5.43304
5.44916
5.46972
5.48813
5.50342
5.51173
5.51941
5.52794
5.53712
5.53275
5.53393
5.53458
5.54739
5.5752
5.61066
5.63958
5.65505
5.65872
5.65823
5.65852
5.65244
5.66563
5.678
5.69075
5.72005
5.75132
5.76167
5.7787
5.77915
5.79637
5.81792
5.81711
5.82466
5.83603
5.85675
5.8803
5.8934
5.92338
5.96088
5.97453
5.98953
5.99963
6.02774
6.04312
6.05042
6.06732
6.06732
6.0659
6.06381
6.0556
6.06017
6.0819
6.09152
6.1095
6.11768
6.12742
6.14008
6.13838
6.14583
6.16099
6.18533
6.18642
6.19323
6.20724
6.23258
6.2488
6.26259
6.2716
6.28645
6.29726
6.30916
6.3111
6.33235
6.34259
6.35023
6.35949
6.38126
6.39431
6.4081
6.42716
6.46025
6.4858
6.49943
6.50857
6.53364
6.55396
6.55177
6.55997
6.58051
6.6066
6.60935
6.59876
6.6006
6.61108
6.60547
6.6099
6.62637
6.62634
6.65478
6.68964
6.70291
6.71974
6.74779
6.77192
6.78924
6.79875
6.80852
6.81834
6.82754
6.83821
6.85481
6.85681
6.86926
6.87697
6.86767
6.87729
6.87328
6.88904
6.87416
7.88173
5.67617
6.82056
6.82217
6.80456
6.76213
6.7259
6.73593
6.73964
6.74751
6.74694
6.74575
6.72753
6.72947
6.74302
6.71445
6.73577
6.72607
6.72755
6.72141
6.69996
6.71117
6.70705
6.69327
6.70905
6.70943
6.72945
6.72312
6.71152
6.71993
6.71287
6.71002
6.72606
6.74624
6.76993
6.7778
6.79498
6.80027
6.78815
6.78416
6.77482
6.76579
6.75986
6.75238
6.75279
6.75588
6.75348
6.77132
6.76463
6.77301
6.76149
6.7759
6.78459
6.79278
6.80015
6.81125
6.81149
6.78625
6.78485
6.78702
6.76292
6.75294
6.7599
6.76241
6.75571
6.74912
6.76955
6.78024
6.78607
6.77934
6.7948
6.8018
6.79718
6.79431
6.80856
6.81548
6.82597
6.81282
6.80232
6.7636
6.75769
6.75471
6.79262
6.82997
6.83667
6.85522
6.8453
6.8443
6.82796
6.50764
7.53733
5.06023
6.50056
6.81326
7.08824
7.15538
7.16984
7.23152
7.28953
7.32288
7.35417
7.37067
7.39246
7.4008
7.40461
7.43459
7.47706
7.50582
7.53814
7.55938
7.60226
7.64069
7.68841
7.73124
7.80102
7.8461
7.8953
7.91309
7.92259
7.92646
7.93966
7.9411
7.92846
7.95009
7.97074
7.9972
8.02532
8.05262
8.06701
8.06717
8.07072
8.1027
8.11386
8.14172
8.17341
8.20226
8.21915
8.22119
8.23425
8.277
8.29043
8.32293
8.36174
8.38876
8.40531
8.42378
8.44042
8.44984
8.45733
8.4689
8.47677
8.46544
8.47604
8.49953
8.53163
8.54628
8.56193
8.57392
8.57952
8.59564
8.61695
8.64202
8.65917
8.67856
8.70898
8.73834
8.7345
8.7494
8.76475
8.78148
8.80828
8.82636
8.86146
8.89113
8.9127
8.92656
8.95527
8.98175
8.99327
9.00561
9.03428
9.02622
9.02501
9.05449
9.06931
9.12023
9.13864
9.17484
9.2045
9.226
9.23428
9.23133
9.2264
9.22743
9.24085
9.24644
9.27745
9.31267
9.32873
9.34208
9.35217
9.37519
9.38587
9.39953
9.43438
9.47528
9.49422
9.51852
9.56074
9.58746
9.61029
9.63137
9.66167
9.67624
9.69389
9.71501
9.72077
9.70641
9.71109
9.72348
9.71994
9.73396
9.74009
9.76602
9.77778
9.78803
9.8172
9.83418
9.83705
9.86164
9.88029
9.90687
9.92911
9.94938
9.96801
9.9876
10.0054
10.0249
10.0326
10.0645
10.1
10.1308
10.155
10.1957
10.2244
10.231
10.2503
10.2665
10.284
10.2934
10.3044
10.3276
10.3426
10.3613
10.3915
10.4061
10.4182
10.4248
10.4471
10.4696
10.4939
10.5048
10.5101
10.5274
10.5649
10.586
10.5871
10.5886
10.6166
10.6368
10.6642
10.6867
10.7079
10.7402
10.7505
10.7765
10.8016
10.8049
10.8158
10.818
10.8214
10.8095
10.8154
10.8087
10.8236
10.8424
10.8702
10.8987
10.9111
10.9266
10.9527
10.9804
11.0063
11.0169
11.0386
11.0511
11.0536
11.0463
11.0478
11.0644
11.075
11.0876
11.0999
11.0904
11.0942
11.097
11.1222
11.1547
11.1836
11.2118
11.2442
11.2578
11.2555
11.279
11.2861
11.2897
11.2979
11.3154
11.3316
11.3745
11.4029
11.4187
11.4253
11.4307
11.4364
11.4328
11.4222
11.4513
11.4795
11.4917
11.5185
11.5391
11.5544
11.5684
11.5737
11.5585
11.5509
11.5673
11.577
11.5795
11.5928
11.6334
11.6581
11.677
11.6934
11.7089
11.7239
11.7157
11.7356
11.7592
11.7849
11.7943
11.8183
11.8418
11.8598
11.8682
11.8672
11.8804
11.8949
11.8949
11.9009
11.9043
11.9251
11.9265
11.9399
11.9814
12.0004
12.0252
12.0284
12.0434
12.0573
12.0596
12.0658
12.0681
12.0786
12.0936
12.1049
12.1195
12.1228
12.1319
12.1517
12.1605
12.1742
12.1835
12.1875
12.216
12.2086
12.2105
12.231
12.2304
12.2413
13.1275
11.1025
12.1751
12.1596
12.0906
12.0237
11.9827
11.956
11.9387
11.9302
11.9175
11.9123
11.9179
11.9113
11.9089
11.9101
11.9562
11.9772
11.9929
11.993
11.9952
11.9733
11.9506
11.9552
11.9793
11.9862
11.9919
11.9854
11.9791
11.9832
11.9696
11.9614
11.9714
11.9964
11.9995
11.9901
11.9691
11.9323
11.9089
11.8707
11.8853
11.9019
11.9314
11.9524
11.9637
11.9893
11.9739
11.9754
11.996
12.0113
12.0096
12.0153
12.014
11.9893
11.9742
11.9455
11.9247
11.9277
11.9526
11.9773
11.9989
12.0273
12.0521
12.0747
12.0764
12.0678
12.0714
12.0533
12.0521
12.0505
12.0442
12.0204
12.0235
12.0265
12.0168
12.0126
12.0149
12.0075
11.9885
11.9653
11.9624
11.9728
12.015
12.0547
12.0582
12.0389
12.0365
12.0425
12.0285
11.6989
12.5533
9.76891
11.7076
11.9037
12.1799
12.2587
12.2909
12.351
12.4076
12.4614
12.5085
12.525
12.551
12.5908
12.6299
12.6696
12.7069
12.7383
12.7784
12.8175
12.8208
12.8467
12.8629
12.8957
12.9401
12.9763
13.023
13.0729
13.1086
13.131
13.1516
13.1881
13.2219
13.2504
13.2594
13.2663
13.2767
13.3046
13.3199
13.3402
13.389
13.4303
13.455
13.4833
13.5194
13.5506
13.5478
13.5525
13.5689
13.5766
13.6022
13.6257
13.6582
13.6784
13.6864
13.7197
13.7459
13.7803
13.8098
13.8391
13.8684
13.8835
13.9225
13.943
13.9725
14.0001
14.0124
14.0254
14.0204
14.0161
14.0397
14.0481
14.0777
14.0993
14.1274
14.1305
14.1229
14.1183
14.1289
14.1363
14.1817
14.2176
14.2591
14.3073
14.3362
14.3542
14.3527
14.3415
14.3629
14.397
14.4393
14.4726
14.4943
14.4954
14.5069
14.4989
14.5236
14.5733
14.6037
14.6299
14.6735
14.6933
14.7022
14.7068
14.7282
14.7185
14.7424
14.7557
14.7734
14.7986
14.8182
14.8367
14.8798
14.9159
14.9557
14.9884
15.0142
15.0193
15.0076
14.9796
14.983
14.9954
15.0041
15.0274
15.0448
15.0597
15.0589
15.0713
15.0762
15.0811
15.09
15.1137
15.1298
15.135
15.1455
15.1492
15.1732
15.1837
15.2131
15.2417
15.2564
15.2706
15.2698
15.3029
15.3176
15.3428
15.3643
15.3732
15.3802
15.3795
15.3849
15.3751
15.3729
15.407
15.4531
15.4742
15.5087
15.5404
15.5661
15.5689
15.5828
15.588
15.5874
15.5936
15.6146
15.625
15.6227
15.623
15.629
15.6454
15.6643
15.6734
15.6818
15.6964
15.7053
15.7206
15.7288
15.7159
15.7054
15.7139
15.7332
15.7313
15.7376
15.7646
15.7822
15.7849
15.8065
15.8377
15.8646
15.8676
15.8784
15.901
15.9172
15.9362
15.949
15.9498
15.948
15.9497
15.9563
15.9605
15.9692
15.9706
15.9878
16.0043
16.0212
16.0443
16.0549
16.0651
16.07
16.0875
16.1055
16.1028
16.1262
16.159
16.1825
16.2002
16.2027
16.205
16.2028
16.2089
16.2191
16.2279
16.229
16.229
16.2318
16.2513
16.2612
16.2759
16.2939
16.3037
16.3236
16.3196
16.3276
16.3158
16.3236
16.327
16.3173
16.3299
16.3139
16.3114
16.3109
16.3348
16.348
16.3569
16.3885
16.4065
16.4242
16.42
16.4336
16.4551
16.4505
16.4764
16.4902
16.5097
16.5181
16.5183
16.5128
16.5074
16.4967
16.4959
16.4806
16.4926
16.511
16.5276
16.5424
16.563
16.5767
16.5894
16.5889
16.5895
16.598
16.6005
16.5893
16.5863
16.5765
16.5887
16.5867
16.596
16.5962
16.6119
16.6185
16.6257
16.6283
16.6391
16.662
16.6872
16.6893
16.695
16.6885
16.6852
16.6787
16.6616
16.6781
16.6999
16.7147
16.7055
16.7171
16.7284
16.7202
16.7202
16.6936
17.5748
15.6497
16.7087
16.6312
16.6333
16.5877
16.581
16.5744
16.577
16.571
16.5761
16.5605
16.5628
16.5324
16.524
16.5152
16.5125
16.5223
16.5184
16.5219
16.5369
16.5426
16.5468
16.5143
16.5399
16.5467
16.5455
16.5174
16.5179
16.5036
16.5043
16.511
16.5142
16.5229
16.5294
16.5338
16.5463
16.548
16.5423
16.5308
16.5129
16.5004
16.4762
16.4897
16.4634
16.4776
16.4556
16.4478
16.443
16.4404
16.4407
16.4621
16.479
16.4943
16.5085
16.5218
16.5241
16.5218
16.5239
16.5306
16.5223
16.524
16.5259
16.5408
16.532
16.528
16.5559
16.5687
16.552
16.5495
16.5604
16.58
16.578
16.5866
16.5836
16.5729
16.5778
16.58
16.6007
17.869
18.7727
17.9296
16.9539
16.7701
16.739
16.674
16.6299
16.1034
13.849
14.6244
16.7154
16.8727
16.8091
16.7697
16.7352
16.7035
16.6908
16.6108
16.8705
13.8554
17.1287
16.2829
16.5468
16.7041
16.7807
16.8002
16.8331
16.8641
16.8808
16.8985
16.8682
16.8433
16.8522
16.8563
16.8561
16.845
16.8343
16.8404
16.8368
16.8065
16.8129
16.8271
16.8523
16.8879
16.9074
16.9556
16.9535
16.9643
16.9657
16.9722
16.9971
17.0225
17.0266
17.0571
17.0724
17.0725
17.0717
17.0722
17.0682
17.0631
17.0544
17.0592
17.0806
17.0852
17.09
17.0821
17.0898
17.0849
17.0903
17.0896
17.0907
17.1062
17.1132
17.1343
17.1469
17.1653
17.1524
17.1583
17.1548
17.1599
17.1604
17.1661
17.1805
17.1747
17.182
17.2026
17.2118
17.2021
17.2024
17.1863
17.1853
17.1887
17.2053
17.184
17.1827
17.1922
17.1932
17.1942
17.1951
17.2136
17.2093
17.2104
17.1934
17.1961
17.2061
17.2094
17.2259
17.24
17.2466
17.2481
17.2299
17.2322
17.2388
17.2582
17.2745
17.2749
17.2741
17.291
17.3082
17.3234
17.3181
17.3211
17.3162
17.3188
17.3161
17.3268
17.326
17.3246
17.3319
17.3266
17.3166
17.3477
17.363
17.373
17.3717
17.3675
17.365
17.3439
17.3302
17.3282
17.326
17.3297
17.339
17.3382
17.3548
17.3633
17.3868
17.397
17.4232
17.4264
17.4281
17.4394
17.433
17.4389
17.4359
17.4367
17.4405
17.4714
17.4953
17.4927
17.4966
17.485
17.4761
17.4714
17.463
17.477
17.4773
17.4766
17.4829
17.4636
17.4439
17.4377
17.4602
17.452
17.4627
17.4702
17.4733
17.4863
17.4708
17.4907
17.4981
17.5052
17.4966
17.5112
17.4908
17.4875
17.4839
17.4808
17.4869
17.4791
17.4802
17.5012
17.5219
17.5306
17.5403
17.5554
17.5695
17.573
17.5602
17.5594
17.5557
17.5364
17.5348
17.5152
17.4964
17.5048
17.5151
17.5199
17.5226
17.5408
17.5527
17.5667
17.5748
17.5672
17.5551
17.5558
17.5812
17.5659
17.5591
17.5647
17.5679
17.5771
17.5884
17.5898
17.5947
17.5893
17.5833
17.5698
17.5698
17.5801
17.5823
17.5792
17.6047
17.6118
17.5937
17.6048
17.6086
17.6084
17.5981
17.602
17.6232
17.6306
17.6445
17.651
17.6679
17.6652
17.6698
17.6778
17.6854
17.6957
17.6972
17.6905
17.6824
17.6781
17.6807
17.6936
17.6951
17.6875
17.6683
17.6584
17.6489
17.6305
17.6317
17.6475
17.6593
17.6596
17.6605
17.6693
17.6756
17.6669
17.6733
17.701
17.716
17.7182
17.7284
17.7435
17.7362
17.748
17.7524
17.7472
17.7402
17.7309
17.7319
17.7269
17.715
17.728
17.741
17.7551
17.7678
17.7741
17.7798
17.7646
17.7598
17.761
17.7515
17.7442
17.7596
17.7543
17.7495
17.7426
17.7446
17.7371
17.7339
17.7304
17.7408
17.748
17.73
17.7284
17.7276
17.7173
17.7096
17.6978
17.6983
17.6875
17.6866
17.6714
17.6674
17.653
17.6433
18.8211
17.1458
17.4528
17.602
17.6242
17.5892
17.5887
17.5834
17.5746
17.5823
17.5821
17.5779
17.5525
17.5521
17.5566
17.546
17.5434
17.5416
17.5425
17.5368
17.5194
17.5081
17.497
17.4881
17.4959
17.5026
17.498
17.4961
17.4951
17.5132
17.5102
17.5028
17.501
17.5106
17.5357
17.5585
17.58
17.5979
17.6186
17.6123
17.6117
17.6185
17.6028
17.5956
17.5986
17.5807
17.5694
17.5765
17.5722
17.552
17.5425
17.5472
17.5444
17.5574
17.5703
17.5727
17.5926
17.5902
17.5907
17.5956
17.5814
17.5946
17.5873
17.581
17.5878
17.5864
17.5851
17.5898
17.6025
17.5971
17.5883
17.576
17.5697
17.5686
17.5657
17.5673
17.5574
17.5474
17.5405
17.5451
17.5609
17.561
17.5463
17.5369
17.5329
17.5206
17.4868
17.4909
17.4971
17.523
17.5307
17.5421
17.5707
17.5862
17.581
17.5872
17.5709
17.5601
17.5571
17.5493
17.5587
17.5618
17.576
17.5713
17.5702
17.5623
17.5718
17.5585
17.5414
17.5588
17.5531
17.5485
17.5351
17.5412
17.5232
17.5292
17.5463
17.5298
17.5305
17.5355
17.5296
17.523
17.5277
17.5205
17.5423
17.5543
17.5503
17.5346
17.5294
17.5282
17.5148
17.5102
17.5129
17.5116
17.4999
17.5106
17.505
17.5009
17.5089
17.5117
17.5219
17.5414
17.5441
17.5524
17.5409
17.5365
17.5263
17.5262
17.5211
17.5287
17.5329
17.5301
17.5194
17.5097
17.5136
17.5016
17.4936
17.5
17.5054
17.4979
17.4983
17.4967
17.5065
17.4984
17.4964
17.4912
17.5014
17.5186
17.5219
17.5401
17.5512
17.5653
17.5645
17.5697
17.5709
17.5769
17.5977
17.599
17.5927
17.6052
17.5873
17.5913
17.58
17.558
17.5425
17.5327
17.5298
17.5196
17.5081
17.5185
17.5154
17.5021
17.4809
17.4779
17.459
17.4638
17.469
17.456
17.4626
17.4742
17.4722
17.4706
17.476
17.4873
17.4818
17.4861
17.4804
17.4706
17.462
17.4511
17.4495
17.4432
17.4288
17.4375
17.456
17.4691
17.4691
17.4806
17.4838
17.5051
17.502
17.5154
17.5117
17.5169
17.5193
17.519
17.5184
17.5208
17.5151
17.5195
17.5219
17.5146
17.5137
17.5288
17.5326
17.541
17.5417
17.5421
17.5337
17.5267
17.5157
17.5089
17.5126
17.5345
17.5278
17.5203
17.5159
17.5092
17.4983
17.491
17.4784
17.4749
17.4638
17.4682
17.4642
17.4492
17.4505
17.4313
17.4261
17.4111
17.4146
17.4408
17.453
17.4597
17.4664
17.4686
17.4691
17.4753
17.4774
17.4682
17.4618
17.4814
17.4993
17.498
17.498
17.504
17.5271
17.518
17.5181
17.4986
17.4945
17.477
17.4731
17.4832
17.4661
17.4491
17.4545
17.4697
17.4527
17.4531
17.4522
17.4511
17.4429
17.4368
17.4397
17.4511
17.4686
17.4793
17.4779
17.4844
17.482
17.4649
17.4475
17.424
17.4109
17.4012
17.3851
17.3744
17.3748
17.3753
17.3944
17.3847
17.3925
17.4007
17.3905
17.3905
17.3778
17.3665
17.3795
17.3697
17.3628
17.3514
17.346
17.3599
17.3704
17.3802
17.3884
17.3875
17.3911
17.391
17.3683
17.3675
17.3661
17.3772
17.3876
17.3808
17.3808
17.3779
17.3568
17.3316
17.3243
17.3232
17.326
17.3295
17.3232
17.3393
17.326
17.3252
17.3273
17.3257
17.3254
17.3172
17.326
17.3351
17.3407
17.3406
17.336
17.3294
17.3256
17.3267
17.3197
17.3284
17.3382
17.3358
17.3376
17.3379
17.3328
17.3196
17.3243
17.3362
17.3311
17.3282
17.3316
17.3491
17.3604
17.3501
17.3436
17.3394
17.3333
17.3362
17.3338
17.3378
17.35
17.3672
17.3628
17.3948
17.3979
17.3859
17.3924
17.388
17.3747
17.3736
17.3818
17.3997
17.4035
17.4125
17.4315
17.4394
17.4214
17.4169
17.4183
17.4025
17.378
17.3769
17.3744
17.3753
17.3783
17.3848
17.3974
17.3865
17.3784
17.3618
17.3563
17.3558
17.3633
17.3837
17.4032
17.4076
17.4087
17.3916
17.3783
17.3771
17.3486
17.3413
17.3236
17.32
17.3181
17.3188
17.3335
17.3447
17.3613
17.3686
17.378
17.4003
17.3881
17.3843
17.3908
17.3905
17.3697
17.3613
17.3681
17.3642
17.3583
17.3598
17.3677
17.3599
17.3455
17.3341
17.3357
17.3236
17.3167
17.3183
17.3256
17.3169
17.3194
17.3043
17.2992
17.2895
17.291
17.2961
17.2998
17.3007
17.3141
17.3309
17.3315
17.3284
17.3304
17.3382
17.3484
17.3525
17.3389
17.3409
17.3335
17.3324
17.3208
17.316
17.3176
17.3182
17.3083
17.3099
17.3197
17.327
17.3158
17.3096
17.3061
17.2983
17.3085
17.3085
17.311
17.3125
17.3252
17.3422
17.35
17.3413
17.3311
17.3309
17.3328
17.3275
17.3213
17.3271
17.3275
17.3336
17.3387
17.3194
17.3018
17.2991
17.2953
17.2741
17.2796
17.2903
17.2837
17.3017
17.3173
17.33
17.3173
17.31
17.3065
17.2981
17.2895
17.2972
17.2925
17.2777
17.2752
17.2725
17.2885
17.2754
17.2991
17.3186
17.333
17.3613
17.3567
17.3643
17.3511
17.35
17.342
17.3305
17.3137
17.2939
17.2744
17.2647
17.2484
17.2514
17.2635
17.2825
17.3118
17.3382
17.3329
17.3495
17.367
17.368
17.3691
17.3768
17.3835
17.3881
17.3818
17.3691
17.3544
17.3407
17.3423
17.3326
17.3242
17.3112
17.3069
17.3126
17.3143
17.2954
17.2829
17.2648
17.2569
17.2437
17.2295
17.2411
17.2577
17.2715
17.2914
17.2919
17.3099
17.3008
17.2974
17.2803
17.2681
17.2602
17.2467
17.2395
17.2291
17.2271
17.2202
17.2129
17.2265
17.2191
17.2191
17.2258
17.232
17.2459
17.2287
17.2366
17.2417
17.2355
17.2334
17.2581
17.2548
17.2617
17.2556
17.2553
17.2398
17.2364
17.2563
17.2581
17.261
17.2695
17.2752
17.2659
17.2719
17.2555
17.2461
17.2344
17.2378
17.2301
17.2099
17.2002
17.2094
17.1911
17.1807
17.1773
17.1923
17.2114
17.2176
17.2322
17.2424
17.2566
17.2686
17.2598
17.2428
17.2524
17.2659
17.2535
17.248
17.2494
17.2499
17.2699
17.2805
17.2977
17.311
17.3183
17.3197
17.3061
17.2958
17.2839
17.2748
17.2712
17.2778
17.2763
17.2583
17.2461
17.2228
17.2302
17.2483
17.2522
17.25
17.2515
17.2542
17.2384
17.2173
17.2182
17.226
17.2211
17.2241
17.242
17.258
17.271
17.2717
17.2782
17.285
17.2808
17.2725
17.2399
17.2227
17.2206
17.2188
17.1981
17.1897
17.2022
17.2062
17.1922
17.1796
17.1825
17.1894
17.1946
17.207
17.2358
17.2518
17.2679
17.2792
17.2797
17.2681
17.2583
17.2508
17.2316
17.227
17.2329
17.2257
17.2075
17.2074
17.2075
17.2002
17.2112
17.2283
17.2321
17.2227
17.2028
17.2094
17.2156
17.2178
17.2211
17.2395
17.2469
17.2593
17.2579
17.2413
17.2311
17.2227
17.2407
17.2324
17.2269
17.21
17.2022
17.1898
17.188
17.1841
17.188
17.1847
17.2022
17.2109
17.2048
17.1912
17.188
17.1918
17.1967
17.2064
17.2231
17.2386
17.2483
17.2646
17.28
17.2837
17.2885
17.2781
17.271
17.2686
17.2515
17.2383
17.2222
17.2109
17.2063
17.199
17.2077
17.2225
17.2358
17.2309
17.229
17.2154
17.1929
17.1673
17.1621
17.1708
17.1904
17.2138
17.2182
17.2217
17.2182
17.2245
17.2008
17.1907
17.2064
17.2157
17.2121
17.2133
17.2189
17.2262
17.2333
17.226
17.2315
17.2299
17.2065
17.191
17.1883
17.1863
17.1874
17.1646
17.1598
17.1616
17.1628
17.163
17.1734
17.1688
17.163
17.1494
17.1446
17.1479
17.1376
17.1319
17.1226
17.121
17.1292
17.139
17.1324
17.1337
17.1487
17.1532
17.1484
17.1576
17.1408
17.1335
17.1405
17.1405
17.1268
17.1242
17.1324
17.1356
17.1413
17.1386
17.1191
17.122
17.1197
17.1122
17.1195
17.1109
17.1231
17.1201
17.1177
17.1104
17.0995
17.1
17.1187
17.1374
17.1346
17.1463
17.1376
17.1414
17.141
17.1412
17.1432
17.1508
17.167
17.1615
17.1581
17.1402
17.1484
17.125
17.1006
17.1199
17.1264
17.1365
17.1231
17.137
17.1478
17.1385
17.1089
17.1187
17.0981
17.0918
17.0846
17.09
17.0774
17.0816
17.0902
17.0938
17.1077
17.1267
17.1303
17.1191
17.1302
17.1327
17.1266
17.1187
17.1293
17.1275
17.112
17.1133
17.1127
17.1084
17.092
17.0911
17.1082
17.1098
17.1149
17.1288
17.139
17.1608
17.1629
17.1679
17.1806
17.184
17.1693
17.1685
17.1747
17.1816
17.1713
17.1692
17.1768
17.1807
