-6.85539
-6.23993
-5.90985
-5.76648
-5.69273
-5.62906
-5.80399
-5.83804
-5.84515
-5.88258
-5.80704
-5.94797
-6.05759
-6.04422
-6.03453
-5.67328
-2.32813
-1.78055
-2.61954
-1.77636E-15
0.402191
1.55374
4.96281
6.68211
8.69398
10.0537
11.2272
13.3167
12.6979
-7.00328
-33.3204
-21.6029
-0.611404
10.3093
14.2484
15.3253
15.237
14.709
13.8663
12.505
10.6277
8.77461
7.18352
5.81093
4.75703
3.91367
3.19453
2.59343
2.12305
1.80429
1.5168
1.23203
0.988663
0.804291
0.673508
0.564453
0.513672
0.511795
0.502335
0.506714
0.536713
0.575851
0.670395
0.724686
0.843826
0.972733
1.09187
1.20633
1.28641
1.40593
1.51883
1.62968
1.75047
1.86171
1.97461
2.0739
2.18359
0.596008
-1.89648
-2.6425
-2.7811
-2.39851
-2.12234
0.651169
3.98929
5.40648
5.61594
5.7511
5.90805
6.05695
6.18257
6.30289
6.39616
6.48946
6.58366
6.70351
6.80273
6.90242
6.99062
7.06601
7.10664
7.15077
7.20781
7.24727
7.31601
7.39413
7.46562
7.51836
7.57031
7.64101
7.75546
7.83554
7.8875
7.96953
8.04805
8.12109
8.18665
8.26015
8.34023
8.42656
8.51015
8.54132
8.59999
8.65039
8.70625
8.79805
8.89609
8.94804
9.02812
9.09999
9.17696
9.26523
9.35312
9.42383
9.49539
9.55782
9.63594
9.71797
9.83554
9.97461
10.1246
10.2273
10.3566
10.4727
10.5805
10.7258
10.8863
11.0641
11.2453
11.6832
20.347
18.9875
18.2262
17.8848
17.6703
17.5169
17.416
17.2883
17.1969
17.1066
17.0742
17.0231
16.9844
16.9234
16.8648
16.8156
16.7648
16.7325
16.7211
16.713
16.7129
16.6949
16.6621
16.6359
16.6149
16.5824
16.5512
16.4856
16.4711
16.4336
16.4332
16.4137
16.4027
16.4059
16.373
16.345
16.3226
16.2715
16.2583
16.2508
16.2309
16.2016
16.1915
16.1641
16.141
16.1098
16.1102
16.0789
16.0708
16.0609
16.025
15.9941
15.9708
15.932
15.9106
15.8695
15.8419
15.8129
15.7832
15.752
15.8895
16.2915
16.4172
16.2485
16.0711
15.9005
15.4402
12.1231
7.72929
7.12117
6.38164
11.2289
17.4692
14.9009
9.74883
10.2915
10.1609
9.7621
9.72429
9.25195
9.41101
9.07773
9.11804
7.97586
5.35664
3.35828
2.85164
7.74101
14.6391
18.3895
10.4419
3.3582
4.82079
6.09688
9.92859
12.6493
13.4074
13.7485
13.8438
13.9922
14.2637
14.5613
14.5384
15.079
15.1969
15.2571
15.347
15.4481
15.5402
15.6477
15.7376
16.2277
16.5282
16.948
19.5591
21.0184
20.8977
19.9481
18.7703
17.4989
16.2505
15.0074
13.9091
13.0266
12.2868
11.7769
11.3563
11.0415
10.7703
10.5414
10.4009
10.2411
10.159
9.88914
9.64616
-44.3211
-322.303
-297.214
-285.244
-285.305
-288.3
-291.254
-293.62
-295.274
-295.999
-296.132
-295.774
-294.784
-293.424
-291.919
-290.351
-288.651
-286.699
-284.522
-282.313
-280.172
-277.971
-275.64
-273.362
-271.053
-268.804
-266.443
-264.03
-261.632
-259.315
-256.941
-254.56
-252.192
-249.694
-247.382
-245.063
-242.616
-240.106
-237.746
-235.317
-232.942
-230.612
-228.282
-225.982
-223.721
-221.411
-219.109
-216.851
-214.541
-212.352
-210.143
-207.875
-205.622
-203.36
-201.143
-198.954
-196.743
-194.625
-192.486
-190.323
-188.172
-186.045
-184.071
-182.024
-179.771
-177.643
-175.553
-173.485
-171.403
-169.356
-167.314
-165.325
-163.316
-161.364
-159.405
-157.453
-155.54
-153.625
-151.764
-149.872
-147.922
-146.012
-144.055
-142.223
-140.333
-138.403
-136.564
-134.743
-132.901
-131.092
-129.312
-127.529
-125.702
-123.842
-122.114
-120.336
-118.575
-116.905
-115.508
-113.962
-112.487
-110.8
-108.926
-107.388
-105.871
-104.278
-102.734
-101.36
-99.9646
-98.4785
-96.7023
-94.7807
-92.5688
-90.9683
-89.3959
-87.5652
-85.9036
-84.2532
-82.5063
-80.7387
-78.9373
-77.1243
-75.8878
-74.4637
-72.9748
-71.4745
-69.978
-68.4581
-66.9584
-65.4323
-63.9206
-62.5206
-61.2195
-59.7084
-58.2768
-56.8291
-55.3964
-53.9354
-52.5335
-51.1838
-49.7624
-48.3229
-46.9241
-45.5729
-44.1855
-42.8064
-41.5884
-40.3709
-39.1622
-37.8059
-36.5506
-35.2911
-33.9969
-32.6653
-31.3744
-30.0971
-4023.34
-1922
-26.1927
-24.4723
-23.037
-21.7346
-20.4159
-19.1851
-17.7897
-16.4647
-15.1803
-13.9143
-12.6099
-11.3909
-10.1604
-8.95688
-7.62492
-6.43382
-5.29477
-4.08078
-2.95851
-1.78195
-0.75618
0.337112
1.45984
2.88304
4.30429
5.53226
6.64977
7.75406
8.87007
10.0747
9.04507
11.5479
14.7077
16.6637
17.918
19.178
20.2924
21.3116
22.4732
23.6056
24.6415
25.736
26.8177
27.8895
28.9024
30.0121
30.9809
31.9953
32.9707
33.948
34.9172
35.891
36.922
37.8602
38.8532
39.8012
40.6852
41.6949
42.654
43.6348
44.6148
45.5578
46.484
47.3762
48.3629
49.3516
50.2813
51.1246
52.0363
52.9594
53.8094
54.7652
55.6852
56.625
57.5707
58.4727
59.3844
60.2965
61.1344
62.0527
63.0005
63.8535
64.7422
65.6263
66.4777
67.3766
68.2555
69.1117
70.0231
70.891
71.7047
72.5738
73.3977
74.3141
75.1312
75.9711
76.8204
77.6703
78.5411
79.3863
80.2523
81.0528
81.8992
82.8126
83.5691
84.3945
85.195
86.0008
86.8243
87.6785
88.4301
89.2259
90.0723
90.8438
91.6313
92.468
93.2606
94.038
94.8582
95.6118
96.3422
97.1426
97.9677
98.7192
99.4695
100.2
100.94
101.809
102.504
103.27
104.04
104.793
105.559
106.232
106.979
107.777
108.466
109.205
110.025
110.848
111.522
112.233
112.941
113.656
114.419
115.169
115.837
116.599
117.37
118.079
118.781
119.529
120.18
120.868
121.61
122.288
122.959
123.607
124.337
125.077
125.759
126.458
127.113
127.813
128.481
129.175
129.756
130.416
131.133
131.865
132.497
133.161
133.862
134.46
135.129
135.817
136.468
137.146
137.855
138.536
139.168
139.867
140.459
141.079
141.731
142.3
142.935
143.628
144.318
144.966
145.6
146.231
146.898
147.546
148.118
148.718
149.375
149.989
150.569
151.197
151.785
152.46
153.049
153.738
154.289
154.857
155.435
156.125
156.716
157.316
157.896
158.478
159.068
159.687
160.265
160.785
161.425
161.968
162.519
163.119
163.656
164.268
164.847
165.328
165.919
166.599
167.087
167.64
168.218
168.827
169.375
169.935
170.451
171.037
171.566
172.127
172.597
173.13
173.659
174.269
174.804
175.345
175.914
176.533
177.024
177.476
177.984
178.587
179.125
179.668
180.166
180.707
181.256
181.796
182.316
182.88
183.417
183.887
184.466
185.055
185.497
186.076
186.594
187.116
187.615
188.138
188.666
189.179
189.708
190.174
190.763
191.195
191.713
192.175
192.718
193.238
193.716
194.187
194.818
195.128
195.476
196.306
196.525
196.865
197.426
197.955
198.426
199.063
199.496
199.845
200.357
200.816
201.315
201.757
202.295
202.775
203.238
203.658
204.117
204.716
205.166
205.575
206.056
206.545
207.004
207.474
207.916
208.363
208.862
209.324
209.736
210.184
210.664
211.135
211.627
212.064
212.533
213.015
213.496
213.924
214.315
214.806
215.324
215.666
216.063
216.495
216.988
217.434
217.924
218.305
218.782
218.789
219.126
219.184
219.701
220.125
220.426
220.681
220.962
221.301
221.536
221.694
222.092
222.822
223.572
224.465
224.768
225.187
225.771
226.367
226.897
227.438
228.01
228.844
229.234
229.459
229.837
230.262
230.717
231.154
231.555
232.022
232.442
232.883
233.305
233.735
234.176
234.594
235.027
235.414
235.785
236.215
236.635
237.006
237.419
237.859
238.28
238.72
239.246
239.718
239.924
240.324
240.763
241.163
241.574
242.034
242.433
242.818
243.189
243.636
244.145
244.538
244.903
245.295
245.72
246.122
246.589
247.039
247.403
247.782
248.178
248.602
249.031
249.428
249.854
250.276
250.686
251.064
251.437
251.867
252.251
252.507
252.672
253.051
253.769
254.328
254.72
255.055
255.329
255.602
255.96
254.256
255.922
258.492
259.636
260.132
260.568
261.033
261.46
261.949
262.905
263.04
262.664
263.015
263.372
263.757
264.1
264.438
264.793
265.123
265.456
265.798
266.162
266.445
266.754
267.074
267.353
267.664
267.988
268.277
268.555
268.863
269.375
271.324
269.463
269.422
269.814
270.162
270.466
270.865
271.192
271.357
271.589
271.946
272.263
272.604
272.934
273.26
273.628
273.95
274.242
274.59
274.924
275.246
275.556
275.865
276.164
276.443
276.742
277.084
277.407
277.728
278.046
278.33
278.643
278.961
279.261
279.559
279.88
280.232
280.532
280.821
281.174
281.47
281.713
282.002
282.342
282.69
283.03
283.35
283.689
284.01
284.339
284.66
284.952
285.183
285.504
285.841
286.182
286.478
286.755
287.04
287.373
287.705
288.035
288.356
288.636
288.958
289.332
289.605
289.803
290.061
290.345
290.652
290.982
291.308
291.618
291.901
292.179
292.489
292.802
293.088
293.397
293.741
294.077
294.357
294.664
294.969
295.26
295.529
295.831
296.146
296.432
296.679
296.981
297.278
297.556
297.857
298.154
298.435
298.726
299.037
299.35
299.64
299.917
300.226
300.536
300.838
301.166
301.497
301.787
302.032
302.3
302.565
302.871
303.141
303.43
303.727
304.027
304.349
304.656
304.898
305.136
305.406
305.723
305.996
306.265
306.543
306.847
307.132
307.389
307.659
307.94
308.239
308.546
308.831
309.14
309.382
309.64
309.909
310.185
310.45
310.733
311.004
311.305
311.594
311.849
312.091
312.377
312.693
313.004
313.298
313.906
315.164
313.955
314.187
314.488
314.759
315.018
315.288
315.557
315.85
316.117
316.384
316.647
316.919
317.197
317.477
317.736
318.015
318.324
318.595
318.865
319.128
319.416
319.675
319.937
320.205
320.486
320.78
321.007
321.224
321.465
321.7
321.948
322.218
322.486
322.767
323.048
323.326
323.584
323.804
324.066
324.339
324.609
324.875
325.154
325.443
325.693
325.933
326.174
326.435
326.698
326.958
327.205
327.486
327.667
327.827
327.988
328.238
328.535
328.795
329.047
329.305
329.577
329.826
330.066
330.325
330.615
330.886
331.146
331.408
331.648
331.906
332.156
332.357
332.555
332.806
333.082
333.355
333.633
333.92
334.157
334.414
334.667
334.945
335.207
335.429
335.666
335.896
336.127
336.339
336.597
336.845
337.045
337.287
337.566
337.844
338.086
338.324
338.584
338.844
339.083
339.293
339.516
339.756
340.047
340.275
340.515
340.757
341.025
341.265
341.514
341.752
341.996
342.179
342.427
342.657
342.896
343.127
343.373
343.615
343.472
343.616
343.645
343.88
344.206
344.328
344.376
344.436
344.539
344.532
344.524
344.697
345.177
345.708
346.429
346.587
346.889
347.337
347.68
348.046
348.362
348.72
349.224
349.525
349.56
349.745
350.001
350.233
350.472
350.704
350.951
351.181
351.44
351.674
351.914
352.156
352.397
352.623
352.847
353.066
353.295
353.506
353.764
354.007
354.265
354.468
354.689
354.906
355.164
355.426
355.682
355.921
356.215
356.565
356.744
356.865
357.007
357.236
357.486
357.727
357.975
358.223
358.473
358.741
358.999
359.261
359.519
359.761
360.003
360.251
360.539
360.842
361.112
361.342
361.56
361.79
361.991
362.161
362.35
362.525
362.692
362.794
363.098
363.658
364.025
364.226
364.445
364.648
364.88
365.048
363.143
364.711
367.054
368.073
368.366
368.676
368.978
369.258
369.469
369.675
369.855
370.064
370.257
370.461
370.781
371.009
371.105
371.175
371.294
371.432
371.584
371.742
371.922
372.105
372.286
372.446
372.613
372.754
372.919
373.129
373.301
373.471
373.617
373.795
373.965
374.144
374.303
374.502
374.714
374.937
375.118
375.277
375.434
375.602
375.775
375.934
376.084
376.244
376.42
376.6
376.773
376.955
377.143
377.304
377.455
377.616
377.805
377.991
378.213
378.391
378.584
378.811
378.988
379.135
379.239
379.422
379.607
379.811
379.975
380.123
380.291
380.453
380.682
380.868
381.043
381.211
381.381
381.563
381.741
381.904
382.081
382.252
382.543
382.731
382.87
382.986
383.165
383.337
383.52
383.69
383.83
383.992
384.149
384.349
384.548
384.739
384.929
385.11
385.282
385.483
385.672
385.86
386.002
386.133
386.252
386.401
386.579
386.759
386.909
387.144
388.036
387.747
387.561
387.728
387.927
388.097
388.26
388.442
388.599
388.762
388.942
389.118
389.268
389.437
389.609
389.819
390.009
390.179
390.336
390.509
390.72
390.87
391.009
391.177
391.347
391.535
391.726
391.925
392.136
392.296
392.45
392.64
392.816
392.986
393.157
393.36
393.529
393.672
393.827
394.007
394.228
394.406
394.564
394.715
394.896
395.097
395.256
395.437
395.597
395.788
395.956
396.116
396.298
396.489
396.666
396.829
397.009
397.185
397.368
397.537
397.726
397.906
398.076
398.216
398.397
398.551
398.726
398.896
399.084
399.279
399.457
399.615
399.765
399.907
400.104
400.277
400.466
400.617
400.786
400.96
401.097
401.256
401.424
401.587
401.795
401.958
402.115
402.318
402.466
402.636
402.795
402.996
403.195
403.355
403.488
404.138
403.708
403.896
404.05
404.228
404.406
404.565
404.726
404.884
405.035
405.195
405.347
405.488
405.635
405.803
405.966
406.154
406.384
406.525
406.615
406.697
406.846
407.016
407.207
407.375
407.518
407.677
407.829
407.984
408.145
408.325
408.512
408.677
408.814
408.945
409.086
409.244
409.426
409.605
409.767
409.935
410.056
410.207
410.345
410.507
410.746
411.497
411.677
411.166
411.197
411.314
411.482
411.654
411.795
411.965
412.104
412.244
412.414
412.545
412.725
412.886
413.038
413.195
413.354
413.522
413.703
413.865
414.025
414.174
414.318
414.443
414.576
414.725
414.885
415.047
415.195
415.345
415.517
415.648
415.779
415.926
416.156
416.424
417.084
417.805
416.504
416.674
416.844
416.984
417.103
417.246
417.398
417.547
417.707
417.867
418.006
417.722
417.853
417.792
417.932
418.129
418.153
418.081
418.085
418.112
418.073
417.957
418.104
419.02
420.43
420.355
419.202
419.292
419.547
419.729
419.954
420.249
420.554
421.112
421.25
421.207
421.324
421.535
421.751
421.932
422.109
422.29
422.45
422.59
422.782
422.957
423.119
423.287
423.406
423.529
423.689
423.826
423.957
424.117
424.279
424.455
424.615
424.775
424.934
425.104
425.295
425.467
425.643
425.801
425.947
426.096
426.254
426.447
426.607
426.777
426.983
427.166
427.344
427.52
427.7
427.901
428.101
428.264
428.426
428.584
428.744
428.924
429.142
429.376
429.565
429.746
429.918
430.087
430.261
430.421
430.569
430.667
429.606
428.156
427.678
427.668
427.779
427.916
428.054
428.17
428.403
429.964
431.746
432.574
432.931
433.104
433.213
433.346
433.481
432.947
431.546
434.292
435.719
435.984
436.206
436.421
436.611
436.789
436.942
437.1
437.265
437.451
437.634
437.78
437.948
438.059
438.143
438.214
438.265
438.342
438.47
438.568
438.674
438.804
438.909
439.027
439.116
439.193
439.304
439.412
439.52
439.634
439.754
439.861
439.973
440.095
440.195
440.306
440.396
440.474
440.564
440.659
440.811
440.93
441.061
441.202
441.301
441.404
441.523
441.633
441.762
441.891
442.012
442.149
442.282
442.384
442.473
442.573
442.695
442.806
442.924
443.071
443.231
443.349
443.438
443.53
443.651
443.77
443.854
443.963
444.09
444.202
444.332
444.452
444.563
444.679
444.771
444.891
445.03
445.18
445.313
445.451
445.574
445.692
445.82
445.948
446.051
446.179
446.31
446.413
446.568
446.711
446.829
446.948
447.049
447.167
447.28
447.371
447.502
447.609
447.731
447.889
448.112
448.249
448.307
448.394
448.506
448.666
448.788
448.919
449.02
449.118
449.239
449.339
449.466
449.566
449.697
449.82
449.937
450.05
450.177
450.3
450.419
450.551
450.661
450.77
450.878
450.988
451.128
451.247
451.396
451.527
451.659
451.785
451.906
452.041
452.146
452.267
452.386
452.481
452.571
452.679
452.78
452.89
452.995
453.126
453.236
453.359
453.494
453.607
453.728
453.868
454.006
454.127
454.27
454.386
454.525
454.656
454.798
454.947
455.048
455.169
455.309
455.429
455.529
455.646
455.777
455.886
456.017
456.154
456.279
456.388
456.496
456.57
456.677
456.8
456.945
457.046
457.169
457.269
457.365
457.486
457.599
457.754
457.898
458.025
458.125
458.239
458.358
458.505
458.634
458.754
458.875
459.007
459.123
459.236
459.354
459.463
459.574
459.705
459.827
459.965
460.086
460.198
460.316
460.427
460.538
460.679
460.808
460.945
461.064
461.193
461.304
461.417
461.507
461.643
461.756
461.863
461.973
462.072
462.182
462.295
462.415
462.535
462.675
462.827
462.945
463.055
463.174
463.277
463.376
463.488
463.596
463.707
463.818
463.945
464.038
464.136
464.248
464.365
464.473
464.602
464.724
464.832
464.965
465.084
465.198
465.318
465.447
465.556
465.64
465.759
465.877
466.017
466.151
466.264
466.393
466.475
466.574
466.693
466.795
466.925
467.035
467.175
467.277
467.396
467.525
467.597
467.705
467.783
467.863
467.953
468.074
468.174
468.293
468.416
468.555
468.705
468.798
468.878
468.986
469.097
469.209
469.338
469.447
469.564
469.687
469.765
469.873
469.955
470.055
470.156
470.258
470.357
470.466
470.582
470.703
470.824
470.961
471.1
471.18
470.649
470.643
470.57
470.655
470.778
470.917
471.038
471.143
471.27
471.401
471.579
471.679
471.77
471.827
471.899
472.038
472.157
472.239
472.339
472.419
472.506
472.615
472.734
472.855
472.984
473.095
473.187
473.287
473.418
473.527
473.646
473.738
473.845
473.978
474.096
474.207
474.318
474.424
474.515
474.615
474.725
474.826
474.925
475.076
475.174
475.297
475.414
475.504
475.613
475.775
475.925
476.014
475.984
475.963
475.961
476.043
476.146
476.267
476.355
476.447
476.553
476.654
476.792
476.913
477.023
477.143
477.234
477.339
477.419
477.477
477.589
477.695
477.796
477.898
478.014
478.134
478.244
478.345
478.444
478.565
478.654
478.746
478.847
478.927
479.025
479.146
479.265
479.373
479.484
479.574
479.646
479.734
479.797
479.924
480.053
480.184
480.305
480.434
480.549
480.666
480.777
480.875
480.984
481.093
481.174
481.265
481.355
481.434
481.513
481.613
481.684
481.801
481.902
482.034
482.154
482.264
482.363
482.464
482.548
482.646
482.746
482.854
482.957
483.074
483.175
483.265
483.375
483.484
483.606
486.293
723.245
833.135
839.345
842.945
845.715
847.905
849.7
851.308
852.604
853.824
854.904
855.863
856.757
857.547
858.273
858.955
859.627
860.197
860.715
861.246
861.746
862.234
862.685
863.17
863.576
863.934
864.336
864.711
865.063
865.402
865.683
866.002
866.293
866.592
866.837
867.087
867.381
867.633
867.883
868.113
868.332
868.55
868.782
869.022
869.203
869.395
869.574
869.772
869.965
870.151
870.362
870.53
870.713
870.863
871.032
871.182
871.344
871.514
871.643
871.733
872.033
872.654
872.881
872.803
872.864
872.96
872.79
871.344
868.434
868.541
867.93
867.553
870.674
875.45
874.61
870.153
870.264
869.982
869.702
869.854
869.344
869.483
869.332
869.373
868.522
865.133
862.393
861.154
865.011
871.391
877.622
874.844
861.52
863.671
865.241
868.813
872.445
873.473
873.924
874.137
872.764
868.272
866.958
866.816
867.002
867.372
867.627
867.816
867.995
868.174
868.313
868.152
868.205
868.762
868.943
869.075
869.227
869.367
869.526
869.657
869.82
870
870.122
870.273
870.398
870.493
870.581
870.709
870.839
870.942
871.027
871.109
871.197
871.282
871.352
871.442
871.54
871.648
871.73
871.81
871.919
871.993
872.055
872.14
872.243
872.311
872.352
872.398
872.451
872.475
872.532
872.586
872.613
872.661
872.693
872.716
872.747
872.794
872.843
872.85
872.943
875.846
871.783
869.605
869.286
869.131
869.101
869.143
869.188
869.206
869.17
869.189
869.292
869.503
869.7
869.799
869.887
869.929
870.002
870.095
870.195
870.298
870.434
870.563
870.653
870.743
870.849
870.944
871.041
871.148
871.261
871.338
871.413
871.496
871.593
871.71
871.84
871.914
871.97
872.053
872.125
872.202
872.29
872.365
872.435
872.516
872.59
872.699
872.802
872.913
873.003
873.076
873.128
873.186
873.267
873.326
873.396
873.488
873.553
873.622
873.674
873.731
873.81
873.872
873.952
874.004
874.045
874.115
874.186
874.269
874.341
874.409
874.472
874.498
874.524
874.552
874.601
874.632
874.705
874.742
874.79
874.843
874.903
874.99
875.06
875.112
875.145
875.195
875.225
875.236
875.285
875.347
875.413
875.445
875.494
875.537
875.565
875.61
875.651
875.704
875.741
875.754
875.805
875.843
875.863
875.911
875.958
876.003
876.053
876.084
876.123
876.153
876.194
876.262
876.285
876.308
876.334
876.352
876.37
876.396
876.417
876.476
876.512
876.549
876.588
876.628
876.664
876.69
876.711
876.751
876.763
876.78
876.808
876.842
876.885
876.924
876.944
876.947
876.96
876.968
877.004
877.035
877.102
877.164
877.195
877.23
877.241
877.27
877.262
877.28
877.319
877.329
877.368
877.406
877.434
877.493
877.522
877.571
877.589
877.61
877.622
877.653
877.692
877.723
877.779
877.801
877.831
877.857
877.87
877.899
877.908
877.929
877.945
877.958
877.974
877.996
878.007
878.061
878.089
878.112
878.113
878.141
878.181
878.203
878.236
878.267
878.31
878.342
878.359
878.388
878.43
878.458
878.486
878.499
878.52
878.54
878.54
878.55
878.55
878.56
878.565
878.589
878.602
878.612
878.631
878.661
878.679
878.698
878.727
878.749
878.777
878.808
878.857
878.87
878.895
878.913
878.923
878.931
878.932
878.95
878.968
878.979
878.991
879.002
879.037
879.051
879.084
879.101
879.122
879.141
879.161
879.192
879.202
879.212
879.213
879.231
879.249
879.233
879.251
879.272
879.302
879.333
879.37
879.391
879.422
879.432
879.436
879.454
879.465
879.473
879.471
879.455
879.477
879.47
879.483
879.488
879.525
879.548
879.572
879.57
879.587
879.622
879.635
879.608
879.589
879.597
879.588
879.617
879.638
879.666
879.699
879.74
879.752
879.762
879.773
879.775
879.78
879.806
879.826
879.845
879.875
879.903
879.919
879.939
879.943
879.973
879.963
879.97
879.996
880.013
880.022
880.01
880.002
880.014
880.02
880.04
880.043
880.045
880.069
880.064
880.074
880.094
880.102
880.112
880.122
880.141
880.143
880.152
880.164
880.163
880.181
880.202
880.22
880.253
880.281
880.301
880.329
880.362
880.339
880.322
880.293
880.272
880.279
880.285
880.324
880.331
880.354
880.368
880.376
880.417
880.424
880.432
880.447
880.445
880.448
880.448
880.461
880.473
880.502
880.517
880.515
880.525
880.525
880.514
880.533
880.534
880.558
880.579
880.59
880.602
880.602
880.623
880.633
880.646
880.635
880.645
880.645
880.633
880.64
880.686
880.781
880.836
881.381
881.469
881.448
881.519
881.614
881.624
881.613
881.597
881.629
881.655
881.655
881.683
881.685
881.695
881.725
881.736
881.731
881.738
881.769
881.759
881.808
881.828
881.847
881.886
881.908
881.932
881.932
881.952
881.962
881.952
881.93
881.929
881.94
881.93
881.952
881.971
881.984
881.994
881.996
882.008
882.022
882.025
882.024
882.04
882.051
882.071
882.074
882.092
882.121
882.138
882.135
882.163
882.181
882.21
882.231
882.231
882.259
882.269
882.251
882.252
882.252
882.282
882.283
882.303
882.324
882.332
882.354
882.38
882.375
882.377
882.375
882.383
882.371
882.379
882.381
882.404
882.438
882.452
882.452
882.443
882.45
882.478
882.492
882.514
882.516
882.534
882.553
882.543
882.55
882.559
882.571
882.573
882.563
882.554
882.566
882.556
882.553
882.546
882.548
882.555
882.563
882.584
882.592
882.602
882.622
882.651
882.669
882.68
882.693
882.702
882.705
882.705
882.725
882.736
882.725
882.723
882.742
882.746
882.752
882.77
882.801
882.815
882.806
882.805
882.795
882.802
882.815
882.823
882.851
882.872
882.901
882.921
882.932
882.925
882.935
882.927
882.934
882.934
882.927
882.931
882.961
882.981
882.991
882.992
882.986
882.994
882.982
882.965
882.965
882.976
882.991
883.004
883.024
883.043
883.053
883.041
883.04
883.03
883.004
883.011
883.013
883.016
883.024
883.034
883.037
883.056
883.069
883.089
883.107
883.128
883.136
883.163
883.163
883.19
883.2
883.213
883.213
883.203
883.179
883.159
883.13
883.048
883.186
883.019
882.11
882.089
882.122
882.22
882.369
883.114
884.802
885.887
888.672
888.029
885.089
884.63
884.601
884.605
884.645
884.744
880.421
880.013
880.447
880.483
879.675
874.654
868.961
865.04
865.029
867.448
884.099
890.04
868.406
866.188
867.577
869.782
871.626
872.497
872.566
873.536
880.584
882.903
883.444
883.584
883.768
883.897
883.978
881.266
876.203
