0.010530674206804506
0.011169325208064605
0.011414757133556918
0.0116882722872249
0.011809024292014308
0.011555614730361352
0.011297215329139267
0.011018440524604127
0.011147051326864952
0.011784481086753108
0.01193206330691006
0.012160056168448998
0.012209299467739233
0.012216455656297113
0.012271446441629839
0.012314822943445571
0.012418200091078165
0.01308616914234555
0.013592721255367153
0.01369643314105594
0.014177262657358403
0.013920605304212273
0.0140494494811349
0.013587402579989616
0.01378284542757276
0.013479994748846329
0.013730934399911635
0.013735688475381537
0.013972542366036424
0.01403165230494285
0.014543200466759772
0.01473849717146854
0.014883504118023007
0.01519002386693709
0.0157447971035437
0.016271789171392957
0.01676014365010926
0.016922340193003035
0.016831502693879202
0.016986624107717306
0.017218846968434866
0.016699436695360382
0.016509805987645364
0.017569818839882286
0.018585765250889
0.01870424989452996
0.018710676327145476
0.018424436786722922
0.01790058662940338
0.01736244703372526
0.016634360152951576
0.016530051778047047
0.01643115407265302
0.0025541763662034742
0.03589521667820919
0.013832991190322401
0.009209528607402562
0.027483222127483557
-0.012358901850091282
0.05488634488954431
0.005166429945338605
0.03311017102034404
0.024419360531539133
0.024037059029933746
0.024319804088230722
0.02497547364303151
0.025723217742353074
0.026302899246183318
0.02684436060827288
0.027114449528990465
0.02722675291681975
0.02756129317063021
0.02779702502925122
0.028280018952719522
0.028551846789717415
0.029734394863239887
0.030056151030519226
0.031071595544702613
0.03260808520418426
0.03273466092526674
0.03356053376679954
0.03333202902249638
0.03324558772673154
0.03310245068124308
0.03367936726420551
0.0347442606945514
0.03501071171044594
0.0351352219243991
0.03511298423654386
0.03542862069400673
0.03633599938651587
0.0368653769756718
0.03808212786695924
0.03815843244843397
0.039025737145069794
0.039069526855542054
0.03862004523285719
0.03835146583845609
0.03796439027360321
0.03854828834750266
0.03942401266997002
0.04007964243650634
0.04086475524196647
0.0412666183285354
0.042013008202678656
0.04282730341104054
0.04370569671628366
0.04481434136397347
0.045026398440548024
0.04578171078940508
0.045968081531092574
0.04603038997044409
0.045984311387287424
0.045720173696273195
0.04603219852925356
0.04603020618334773
0.04622760252309002
0.0465019450966768
0.04678914572888357
0.04733857234289689
0.047690213921828366
0.04874263049654662
0.04933822070320449
0.04983355517118729
0.05049965221394432
0.051002441496732547
0.05148029131938418
0.05203182914817476
0.052570791451040634
0.05275991052382438
0.05284924184518229
0.05333368486830501
0.05368471653326641
0.05407361292389514
0.05464744069515064
0.055363845627559895
0.05582258429018985
0.05616701672925069
0.05651231604815847
0.0568247740675451
0.056850212341305835
0.057442108980258894
0.0577526271348949
0.05862081270035964
0.059206746028237466
0.05940462283881841
0.05975686353477518
0.06026862032849032
0.06093939678536029
0.061620521303441415
0.061743932542549604
0.06236662781438474
0.06291801732254175
0.06325706662797509
0.06371693884832953
0.06377661999529721
0.0644150274892855
0.0651552704135509
0.0653286530859353
0.06539864472300035
0.06603667476518785
0.06620055034606953
0.06692984130940223
0.06748301322706743
0.0686831666960785
0.06910782964721658
0.06958109533643234
0.07011076602296398
0.07084444564652492
0.0707703669883382
0.07124727136645691
0.07157353305032754
0.07182922621852476
0.07237127516677176
0.0728387442897721
0.07351300064860065
0.07401965723968221
0.07448441398997682
0.07498982133471975
0.07482740517908695
0.07535008543640488
0.07554064232522148
0.07564465894935572
0.07659085916992878
0.07742025638602999
0.07801057615509475
0.07811084219091188
0.07826334219822814
0.07827943488508377
0.07779948733736301
0.07805272289670587
0.07875549451440582
0.07930169492576139
0.07973249948770665
0.0802292192651679
0.08094709761703442
0.08145914155637919
0.08206571657421535
0.08268805820387469
0.08309141191437837
0.08345600692128208
0.08348977995751236
0.08363311083400812
0.08389915513561914
0.0842139182661917
0.08400655931200239
0.08459218350203516
0.08577272180964274
0.0857593109269536
0.08614087032337966
0.08683817302485689
0.0873567442445836
0.08795878439809864
0.0880000984770472
0.08840188459288471
0.08865311787007528
0.08877589149283888
0.08926300617247522
0.08986807497836916
0.09014344886820638
0.09076097272544001
0.09127385094762752
0.09231024423755006
0.09302508042543965
0.09378933515946532
0.09440509138887379
0.09507250193675522
0.09506529666622693
0.09492705020419676
0.09515233680552254
0.09547490363474438
0.09618034384438882
0.09680862391153187
0.09748856354102403
0.0979204324074495
0.09866489693068847
0.09843629260499112
0.0987948757154193
0.09883542288526434
0.09929249252568606
0.09968962479840213
0.10040541444616374
0.10085323039960699
0.10103684521236536
0.10120738591853914
0.10148370469608892
0.10167301182744545
0.10216817483107407
0.10281596952985782
0.10321246074776258
0.10365864778404027
0.10361546249056873
0.10409322459960284
0.1044140993358679
0.10481892158177745
0.10600536204514939
0.10670124372343616
0.10761462604254837
0.10783761688049091
0.1079323455687072
0.10813814991791448
0.10853249798600627
0.10888864230626596
0.1092032655109327
0.10914878912644513
0.10986078780669667
0.11073096370523211
0.11077631187304378
0.11120959214882956
0.11193353486428732
0.11279209767449944
0.11331423256404181
0.11352251916848985
0.11408872411179435
0.11456165877714584
0.11469912483195703
0.11487665474515255
0.11561327541535432
0.11623981233490653
0.11645495558124716
0.11669107542291535
0.1170645265800499
0.11780123247178625
0.11845682915108671
0.11898833331324003
0.11955639722039989
0.12032698794243331
0.12072416747939782
0.1209927323390233
0.12101048685450691
0.12111455492076502
0.1214114531449209
0.12146840067486658
0.12188930803268494
0.12243102835617793
0.1231237109381068
0.12408032400558111
0.12453945389839341
0.12502213373250068
0.12534440408885256
0.12564608984981285
0.12588655834468293
0.12603942095677023
0.1267165502026797
0.12723307643419066
0.12784465001496775
0.12826370787020705
0.12817762116287298
0.1289360790484322
0.12845315415825614
0.12843689424012777
0.1287910842996223
0.12896923297657034
0.12937513229556896
0.129713651382026
0.13015825598217412
0.13051857097836578
0.13042067447278013
0.13104156683844168
0.13171715651105045
0.1319187101329055
0.1326970971039747
0.133160575702014
0.13376672843473536
0.13392243653139657
0.13453913710820609
0.13520032783637922
0.1356972742196788
0.1365032478728577
0.13705036170381732
0.13746723658463753
0.13798852421306174
0.13816745963032917
0.13830026323103026
0.13860865246559717
0.1389811174601315
0.13963034934144225
0.13972570927744457
0.1397632424024325
0.14021422720857163
0.14047743201131627
0.14076658172030396
0.14084245219049962
0.14126702906857044
0.1416761619776114
0.14194597132529677
0.14262824257741286
0.14339455197867182
0.14407584194844456
0.14447591211683983
0.1453786243203126
0.14611416839259644
0.146673873537619
0.14669438034120494
0.1469765888424426
0.14769562123195093
0.1478226692479927
0.1480914502305353
0.14876398962527632
0.1465870977129383
0.16751870752189882
0.1352732825063383
0.14551846503863214
0.14518667388493006
0.14535545349719414
0.14550679031014896
0.14548257190520458
0.14543509185795486
0.144733420119574
0.14575854602158744
0.15035897490648154
0.14950328931117743
0.14836829198939758
0.14891089394799303
0.14695439286070497
0.14847343399990526
0.14920544020627674
0.14971857113512946
0.14967977985330297
0.14943804215084242
0.14925987320872958
0.1480661950066139
0.14953815465543394
0.15162765683539953
0.14963734710222218
0.1483644411341307
0.15004686195404143
0.15035768996449492
0.1510898512410132
0.1511573320510103
0.1509582544037398
0.1508629206531151
0.15073789227176707
0.15035149798547187
0.15028742441653425
0.14991642656420176
0.14995691913314793
0.15034071598110685
0.15071048365381332
0.15068724301245667
0.15046847242658695
0.15075029903244885
0.15064335261517395
0.14998185019441965
0.15020084732537334
0.15028874267385225
0.15027498651799742
0.15036863830878572
0.15032068786608002
0.15041145872464157
0.15034107289028864
0.1503721297194117
0.14983045584563504
0.14995962821980757
0.14972059449642922
0.14980925537918283
0.15021412904411943
0.1506538536756206
0.15106689591960654
0.15095117585964116
0.1511399944243476
0.1512429410942145
0.15131165319698497
0.15156832115230437
0.1512538947707512
0.15070951322023507
0.1503325696042156
0.15070633542605402
0.1509197915614704
0.15143509151890377
0.1513350593447134
0.15157516499292806
0.15228989140937196
0.15296619949364185
0.15325184445870157
0.1533750646222799
0.15345355126622579
0.15310263235934918
0.1529990689826562
0.15354175125187225
0.15173822550806312
0.1486061549469565
0.15246114600829208
0.15277182824074734
0.15268101826153124
0.15260842321920462
0.15278487640937605
0.1531479169935107
0.1538229039161884
0.13722795768711724
0.18337341092076548
0.15373688905037855
0.1583442373835042
0.16034764003295252
0.16185729655832745
0.1628336939662454
0.1624964202912258
0.16234568009248873
0.16283665109067091
0.1634426445796363
0.16390629471071053
0.16504461586511346
0.1656444506274981
0.16670038564623732
0.1671994172159699
0.16720281711236165
0.16763229010673875
0.16755217372210177
0.16773771338578283
0.16845311222386603
0.16868066769773735
0.1691194457036438
0.16972921861964704
0.17001638457410087
0.17028568348240158
0.1707321297681915
0.17129000646205916
0.17185394348477728
0.17185120807212562
0.17211657414897016
0.17281840762010373
0.17314149095482156
0.17402492043814222
0.17464860884173367
0.17526403413997024
0.17596526676369179
0.17608971119965539
0.17608111161630796
0.1763362366455631
0.17658605173080713
0.17709410885630797
0.1780029261447264
0.17824991086710001
0.17880589031088484
0.178817079748228
0.17871030445244387
0.17926280268786018
0.1796745196582489
0.1799853699405481
0.18109595763083303
0.1820899387552667
0.18261480922343154
0.1830944717077606
0.18387025733634366
0.18462150877834982
0.1854746450406106
0.1861882493709377
0.18652506412252184
0.1872604470907689
0.18825129612334904
0.18915132513447364
0.19016767284712974
0.1907663225090623
0.19207983206801785
0.19242817968523143
0.1927596687474203
0.19381080961797853
0.19434009364069502
0.195380276299978
0.1962121041383198
0.1968788781820275
0.19772786911198229
0.19883414706358035
0.19895865937919682
0.19904004723218266
0.20033217901909797
0.20104518336338592
0.20113193373261315
0.2015008810113496
0.20176850713205852
0.20204165637415986
0.2024585567291684
0.2025873441196333
0.20372204735941576
0.2043536377299014
0.2054789136715088
0.2056656278632586
0.20605940311908044
0.20678009434173508
0.20756833337860192
0.20844489422064455
0.20921724466362787
0.21027873985224602
0.21086745242524688
0.21122266011054489
0.2121741938229536
0.21247099750361684
0.21290502561015495
0.21331304860338846
0.21416920138773937
0.21470392629017812
0.21525216853613088
0.21601356348685843
0.21615454405429396
0.21703413671324523
0.21730969710789533
0.21791041620338086
0.2185741632731988
0.21894594419416202
0.21944262322203345
0.22007038625831923
0.22052260467980864
0.22129688767673011
0.2217613860666985
0.22236278677212773
0.22325136495003617
0.2241866933378089
0.22495989917189754
0.22535700081066548
0.22546555857716008
0.22596540251777025
0.22659893220734822
0.2269535649193012
0.2275573747694041
0.22862236201344424
0.22969026062352274
0.23025795695527995
0.2308322431741648
0.23117329616191884
0.23169944198964385
0.2320705616084747
0.23250262818595396
0.23341017573342746
0.23457040995617454
0.23525086687594682
0.23537269480713757
0.23616999001347955
0.23669131719080966
0.23715068968800784
0.2371705004777021
0.2380153932482062
0.23866986511170818
0.23980785529141865
0.24047974952661963
0.24140688470692595
0.2419857689854956
0.2426845043687595
0.24272812100993774
0.24302892160025072
0.24340857954579959
0.24353755828970924
0.24408034271148243
0.24486060502894896
0.24529858210153394
0.24593170018552835
0.24636829384161352
0.24654587451719706
0.2467320114922155
0.24761840125557882
0.24810458150145726
0.24866440573018106
0.2494873851367418
0.25022031880017725
0.25062584074223226
0.25129154675457077
0.2519198595866683
0.25210282973012227
0.25237879708276345
0.253365134822602
0.2536611729184541
0.25420867309326256
0.2549332138937174
0.2557727584697123
0.25666444743766165
0.2572697463312901
0.2578762817584
0.258569568178945
0.2593316468016967
0.2600781792598578
0.26071866032022245
0.2609951466898425
0.261570391474802
0.26187779240072945
0.2627526985857088
0.26349182922208664
0.26380236293699055
0.26454133010068615
0.2650920581873243
0.26569648639691
0.26634034675856777
0.26679811591899727
0.2671925374574956
0.26807609120694836
0.2690988051572881
0.2698300721404964
0.27062781714106765
0.2715852241874813
0.27205543616207173
0.27304306784338744
0.27388153878104265
0.2743179545221446
0.2744282205764918
0.27474735342639095
0.2752614799467687
0.27525720790330976
0.2756930649148965
0.2764472076011736
0.27699466483200835
0.2775062552979953
0.2781790925345553
0.278266574511332
0.2786089146610985
0.27873619277776246
0.2789835960463938
0.279301755139316
0.27999724916992114
0.2810830860566837
0.2816506775524448
0.28256793737505237
0.2836551811697079
0.2849032186596268
0.2854303650202064
0.28587596610600957
0.2866069952129002
0.28732748835079425
0.2874745677255353
0.2878250785637883
0.2879806359828824
0.28869058104948864
0.28927649115220555
0.28973734475627544
0.290368463376449
0.29031429988636964
0.29100626181967076
0.2915241988437414
0.2920180651700691
0.2926944845969561
0.2930967275185714
0.2932599783108053
0.2936817245379476
0.29404086435741644
0.2943318326825804
0.2948118207202494
0.2955425300699358
0.29618952334748355
0.29700458134360797
0.2976261758120306
0.2982870767130427
0.2986830285401425
0.29907500978850565
0.2995641686421483
0.29992343008380634
0.3003620972860362
0.3010450847716895
0.301633238574156
0.3020661852968739
0.302538741822134
0.30315356138365057
0.30379617587396
0.30448315194576603
0.3049010389959087
0.3053903074355535
0.30567466513668773
0.3058496301439958
0.3059882630910572
0.3065467554401568
0.30657324605667297
0.30712708235150854
0.30766917070436395
0.30813431882203224
0.3083343870000796
0.3086286186461918
0.30908220105444956
0.30913371646032306
0.30957481007620535
0.3101125307885417
0.31058390616297316
0.31118736989101575
0.311685554641449
0.3124490712612121
0.3132403701666045
0.314059383222868
0.3145585193043159
0.31516720916121066
0.31568099212225736
0.3160046879176499
0.31609124121321597
0.3167073553640406
0.31715052167702784
0.3174568085472884
0.3177791945266338
0.3185751671404366
0.318905761935864
0.3192605337518531
0.31977448966437816
0.32019930100155236
0.32029093941034203
0.3206652098268283
0.32129262833955496
0.32175192775784345
0.3195191741748019
0.33227785724819997
0.3160418301338504
0.3236116716126983
0.3216763936349809
0.32157033611457925
0.32100142200799126
0.32038699416675853
0.3209088188967455
0.32146681382656184
0.32229204549507107
0.3260575625257969
0.3228419792789293
0.3227661919079812
0.3231667025897526
0.32166171639810864
0.3216481656674227
0.3210680017316283
0.32161072614387504
0.3223601926693025
0.3218544874925417
0.3209344339321954
0.3212029246342412
0.32276800628340346
0.32317522643425545
0.32162129357673935
0.32206512376503943
0.3232501220216925
0.32332182160808015
0.32371666236256624
0.32373003496672015
0.32330685768770917
0.3230596584419131
0.3230944026516566
0.32304543083827064
0.32255696150543883
0.32236946122709276
0.322548927905523
0.32253611629936346
0.3226306408920129
0.32257997399278837
0.3225346565024129
0.3226854717683756
0.3225978410471432
0.32247307489045574
0.3222878917781609
0.32187956197828005
0.32194291514691104
0.32152815057468503
0.32128070052034424
0.32116951140149647
0.3213551978718983
0.321355104715004
0.32149836470932536
0.32147422886901333
0.32142890170291255
0.3215470801170723
0.32176458240912925
0.3218578930172368
0.3218123302030487
0.3222788949569585
0.32235565524307586
0.3224598914096816
0.3221934636142932
0.3219328903576969
0.32186995862486795
0.32160145135730117
0.32200830565879573
0.3221392750423194
0.3214497457366323
0.32073283896359595
0.32039909967953095
0.32051578453712865
0.32116431627868586
0.32154620236568715
0.3220744210527535
0.3221853821944769
0.32188406603791536
0.3217376660049358
0.3218334803544339
0.32262743354942386
0.3158820180703521
0.3146517621546838
0.32050325596424695
0.3212801159566334
0.3214812723003172
0.3211204975117859
0.32065922991446594
0.3205625610262696
0.32074146881932586
0.3053154280387391
0.3511980602822018
0.32253039093571734
0.32647493894846213
0.32829849056657406
0.33095029012432237
0.3327087427906935
0.33414956750358193
0.3341374574792976
0.33423924971015784
0.3343424889396131
0.33480373073046027
0.3354553836152763
0.3360738593556976
0.3369769835459908
0.33778858188164984
0.33828683586654545
0.33889348026767435
0.34013446587449564
0.3411294083130529
0.3427626240602104
0.3436893334827837
0.34431247660976577
0.34471086837781856
0.34562935740382394
0.3465411469112591
0.3474928088483988
0.3491626424324982
0.3501668360029112
0.3509292229659799
0.3514268004651814
0.352307010638283
0.35294673105562957
0.35390526104220815
0.3548673442627989
0.3558206771331634
0.3571131312376921
0.3575676895082371
0.35795942468225994
0.35843848104711107
0.35880768975355815
0.35924831578439254
0.36022187266288797
0.36134171014356703
0.362130012568048
0.362848902509624
0.36368722475188964
0.36484146840099063
0.36564497080664143
0.36656671627982573
0.3673861233931714
0.36846617814978044
0.3697655113992252
0.37053005103589015
0.37169758674654907
0.37306334463348073
0.3741886472179423
0.37509262705678237
0.37601263555221565
0.3766339312060128
0.3777485922019487
0.37844887071976135
0.3792083460648671
0.38014911394831513
0.38101223452606325
0.3816583882266606
0.38253080184987476
0.3837125796937148
0.38508594982971733
0.38658010191712083
0.38714175339429485
0.38770772819015314
0.38815852840194415
0.3886447872849189
0.38939417597281084
0.3903600417838423
0.39158679914452077
0.3926262872454111
0.394024383530028
0.39513817552209285
0.395662284120221
0.3962458003251575
0.3971423515112675
0.39800554190225235
0.3984515918516645
0.398673881738861
0.3993864452229729
0.40027842883556636
0.4008469802408371
0.40162397482389756
0.4027100124624573
0.40367876080102477
0.4044951301494482
0.4054071842723817
0.406468612505785
0.4075841309299928
0.4083295483098947
0.4090794747431273
0.40973474714655056
0.41035535046013666
0.41094055307798694
0.41184934123708494
0.41270546349468423
0.4139208705763171
0.4152757578417872
0.4165289427826189
0.4177688900473126
0.4184794011565517
0.41907744860875645
0.4201149029053657
0.42128659857522166
0.4222910828861159
0.4232921003488012
0.42402916010146713
0.4250873378828421
0.4256552929563976
0.4264615574435446
0.42708626399907906
0.42770463833273226
0.42852161203310174
0.42894825484216503
0.42967608782688804
0.4308420128848698
0.4318241598508686
0.43239421550568713
0.43325679828327257
0.4342449457470625
0.4349715361126099
0.4352284821353137
0.43584349566193703
0.43695092251300116
0.4374844287518072
0.4381194609182894
0.4386705529037725
0.4394413308880322
0.44001139053719296
0.44062159430865766
0.44149705177162313
0.44271682459439526
0.44355796066670994
0.44459715595577737
0.4452757342228534
0.4460161899711335
0.44682035285625427
0.44736829822102225
0.44764358723531233
0.44817758400338725
0.44896563780277504
0.44998865637859187
0.45113731707841664
0.4522067169500778
0.45276430870246703
0.4540106027367343
0.4546278387134334
0.4552407459686822
0.4560879672118633
0.456699981974192
0.45755799056621715
0.45819602102619167
0.45899581423551306
0.4596655086993746
0.4602538957951114
0.4607064610385664
0.46120743866609437
0.46170125035030796
0.46242660901392807
0.4634557874067105
0.46442911348996263
0.4657379065322473
0.46682274760123077
0.46763286570872803
0.46827625108368326
0.46922200180635676
0.46983593206597574
0.4706524124688962
0.47132719430891057
0.4719781263657827
0.4727012701269412
0.4732023388918158
0.4737561586460974
0.4743658674927711
0.4752706744497033
0.47610538150887927
0.4774035961454647
0.478205314450876
0.47913374976607787
0.4801744381798119
0.480865976862869
0.4814923359503057
0.482208054901822
0.483124839499906
0.4835715646405277
0.48417876177017877
0.4850795420882219
0.4859879288152912
0.48708852824878435
0.48805628723105055
0.48864847605400363
0.48930856040952886
0.4898840652830827
0.4907824223966797
0.49140496674975276
0.49196495952151215
0.49303307588776535
0.49395778245065786
0.49453662869497067
0.4951941793014852
0.4957451989960202
0.4962409700744027
0.4962899402371496
0.49702421559439786
0.4979677221217254
0.49893943230513715
0.499746261451859
0.5006065935199296
0.5013045963158436
0.5019479542730525
0.5027215266153758
0.5028737760094867
0.5037367312553482
0.5044001069889832
0.5050606074812947
0.505777442256205
0.5064090650801282
0.5069838508850284
0.5074897963788667
0.507974583796672
0.508448561249083
0.5089578959337431
0.5096261868268422
0.5105024706791477
0.5112769464971276
0.5120599900377694
0.5124505736799512
0.5133869801058306
0.5140976160774957
0.5145632481361019
0.5152021514970054
0.5162916976305897
0.517263487907553
0.5175257683031302
0.5182336156726165
0.5190663195464417
0.5196938331585386
0.5203973040947587
0.520922991130373
0.5215642420787066
0.5223076856787174
0.5230534591156145
0.5239173648824842
0.524580673674281
0.5252669711287709
0.5259386139670569
0.5265272654646699
0.5270374651956
0.5275928963928839
0.5281610743843398
0.5289355764434184
0.529283023690723
0.529712551041953
0.5300672643448843
0.5306920135514612
0.5310258842573284
0.5316302612233581
0.5320971884759179
0.5324621261520159
0.5331028704546938
0.5335622216998777
0.5340503292845681
0.5348747311181887
0.5357312756984948
0.5363878500173451
0.537061285698046
0.5377251404986341
0.5382463982542088
0.5389232201918432
0.5397895204185433
0.5404517977670534
0.5411176013940202
0.5414336985756658
0.5417057954313829
0.5420869502935691
0.5426242922229978
0.5431465567010129
0.5435203236610777
0.5443427786517191
0.5455157038911845
0.5460400860825854
0.5466905919298803
0.5470478357251647
0.5479143081377396
0.5486784851723536
0.5493673509033586
0.5500465430560487
0.5506140077294018
0.5511322260790147
0.5518314760627892
0.5525252080555563
0.5530644438790561
0.553603529753426
0.5542432686390337
0.5517137318044916
0.5645649236914843
0.546000937632691
0.552773898825328
0.5526174082835857
0.5521297769011385
0.5510407442864148
0.5502293851011043
0.5502916399055069
0.5503322063787291
0.5508733696716077
0.5531010418545024
0.5517192728640056
0.5519133583217376
0.5530997621344412
0.5508381683264505
0.5523193199905935
0.5505190641582207
0.5499111883206571
0.5507649498029709
0.549414277398988
0.547113071420238
0.5486172230546092
0.5530759948923957
0.5517231235217891
0.5492661450110183
0.5491864997131333
0.5497176164292124
0.5491666554012606
0.5488187016657008
0.5483493281888803
0.5480574869091244
0.5486066286480299
0.5486223326716071
0.548496315405128
0.5486782918870076
0.5484190119961216
0.5478752973598611
0.5479153611920985
0.5478560418437576
0.5474172117672638
0.5468144222008745
0.5466924429355553
0.5461630942429034
0.5457900045350851
0.545526346517499
0.545494329090249
0.5455409468535666
0.545605818539765
0.5454948275075294
0.5456517556693019
0.5457157470536664
0.5452458248153189
0.5457272572948207
0.5453235513824976
0.5451682303998421
0.544779449301063
0.5442548639626106
0.5438604634864661
0.5438390685963875
0.5436699125082206
0.5436322810487672
0.5430970107032538
0.5433159278830237
0.5427591299812963
0.5430743414217158
0.5434139641068111
0.5440825998325471
0.543864964818268
0.5433994620440625
0.5427890714096052
0.5421215901187344
0.5418698067424719
0.5421043181516415
0.5422548994066531
0.5424528425233683
0.5426628289100185
0.5424737719803401
0.542348897597436
0.5426532500068737
0.5421621157179218
0.5326121175016845
0.5333834704960937
0.5405239285593619
0.5417686121805328
0.5412103690643394
0.5401721676735682
0.5394069308086067
0.5386929542485712
0.5387720367100222
0.5228564396421553
0.5663093401183235
0.5388778611712877
0.5461243443906872
0.5486679133023169
0.5504822528600241
0.5520119189362238
0.5536117596902335
0.5544831631786624
0.5567318207836257
0.5588095730389223
0.5599056085188157
0.5609902151343628
0.5624129509977424
0.5636390950071373
0.5648961409253537
0.5662699649594681
0.5681353183305197
0.5696157401340892
0.5714931183672487
0.5733608563655329
0.5754684760487053
0.5769926751195902
0.5783569694039465
0.5792217241046694
0.5805138022620671
0.5820066858832247
0.58372867688117
0.5851208531085559
0.5865053398847688
0.5877352813786603
0.5895120076742015
0.5910518406320573
0.5923586271197433
0.5937074548128772
0.5949230450568368
0.5960798022916631
0.5973574601825997
0.5988261353558367
0.6005360920575066
0.6017831164180614
0.6035305116227198
0.605116788411608
0.6066298580332036
0.6081358086197046
0.6092645075349508
0.6106382260518637
0.6120037178872143
0.6131743564140357
0.6139265822391144
0.615101590998569
0.6167230972924965
0.6181966482616789
0.6199556905334946
0.6213673200786246
0.622795790067885
0.6242246428641219
0.6258203769095624
0.6274433960665953
0.6289162917877316
0.6304608770250162
0.6322700147611853
0.6334990929173551
0.6346902282449519
0.6359806010635475
0.6374952363704219
0.6387884189442583
0.640352149423024
0.6419512547726154
0.6432222270997745
0.6446898608400602
0.6454774611826665
0.6462218745681308
0.6472001581083882
0.6481518915562108
0.6494482688823798
0.6506921251742761
0.6523559915429229
0.6540726038215751
0.655368607085153
0.6564107527314014
0.6577103788143398
0.6592528876901593
0.6608302553070582
0.6625858097731546
0.6639203861487228
0.6648750866032013
0.6660618279179826
0.6670015409092265
0.6680405405437717
0.6690252064829488
0.670192648787193
0.6716862456742354
0.6728965897002221
0.6737677229974087
0.6752360235815089
0.6765768321777147
0.67790024069166
0.6795155996534252
0.6805291923614544
0.6819494197244504
0.683243859982279
0.6843183708483851
0.6849897905855802
0.6863943974175319
0.6879167144497063
0.6893819477096552
0.6904930475236979
0.6916598826912093
0.6926330713193368
0.6932559597112289
0.6940450738883556
0.6949100861600583
0.6959048227608039
0.6963245370272515
0.6976692949225428
0.698806689436666
0.7001098137154763
0.7015155493626661
0.7022477675381558
0.7032382481757398
0.7043244418955271
0.7055220886968717
0.7065361989520489
0.707882521818015
0.7094279862023588
0.7103509260579844
0.7114081477271346
0.7125276504118694
0.71330453808401
0.7141043489704268
0.7153559118708936
0.7165438910848494
0.7177787545994094
0.7185586990938552
0.7195487531246265
0.7204209235454048
0.7214560148505339
0.7223421137932062
0.7233590624308769
0.724818362039086
0.726270293724867
0.7276427311571015
0.7288739135087982
0.729572743936961
0.7303945612473113
0.7310762061675112
0.7322103860332744
0.7330540805383796
0.7340013934100118
0.734626246205729
0.7356812923124395
0.73661601373627
0.737328144450367
0.7382027624482043
0.7389723781761832
0.7399527991986166
0.7408066165670562
0.7416482999386036
0.7425213421354984
0.7433129369940169
0.7443116616935437
0.745189451516037
0.7463289295582872
0.7475611012451553
0.748594870066722
0.7499214575316376
0.7506300387507165
0.7517713647241774
0.7528921469559282
0.7534338872176432
0.7542158598856237
0.7550463882011252
0.7557488136395618
0.7566289867868519
0.7572602843152328
0.7582823580674514
0.7589879561162738
0.7596106864740801
0.7604872277738478
0.7616446632484596
0.7626937917850989
0.7637616793166394
0.7646244173486721
0.7656893529844594
0.7664336994870251
0.7667042409433382
0.7671951921516793
0.7679184777382113
0.7687822321448681
0.7697692715721148
0.7704813883341738
0.7710178456496063
0.771792759153301
0.7730191061407112
0.7739896814601683
0.7745483558067742
0.7755700420318292
0.7767221234987777
0.7775550498999669
0.7782737287152821
0.7790400290092315
0.7797014568977249
0.7801440761575767
0.7808589087721957
0.7818659804583293
0.7822519165449591
0.782717450913715
0.7835651014204033
0.7842080475894904
0.7851427446591372
0.7855710799354598
0.7864863276582704
0.7872703912898829
0.788071510385091
0.7890370028434651
0.7898911130839364
0.7906768975229104
0.7914517204487959
0.7921561149597446
0.7930092477104486
0.7934993110974843
0.794287527186398
0.7949563405716079
0.7961132026592851
0.7968554088959052
0.7972521233810014
0.797887394850016
0.798523061984903
0.7992940540624137
0.7997209635570388
0.8004301450775919
0.8015375157101895
0.8020927191136101
0.802904740220623
0.803579157324142
0.8042855937567353
0.8047080820086706
0.8054373451943341
0.8063527130650281
0.8070297679143997
0.8075856140013451
0.8077154461435062
0.8085039851822811
0.8090159750182111
0.8096948997674466
0.8106300154015336
0.8115057945088885
0.8122533068211084
0.8128600923853765
0.8135698952944289
0.8139918740949186
0.8145331568251437
0.8155346492228468
0.8163001313610071
0.8170521074156845
0.8178825836349773
0.8185402134541341
0.8194615370289534
0.8196099332722633
0.8203567345393432
0.8210531373403398
0.8214947219313763
0.8222736111139903
0.8226253993555163
0.8230674599996349
0.8232585388134861
0.8236766392588352
0.8238852049408154
0.8241704007825822
0.8250733249468015
0.8261391116847844
0.8269564178732692
0.8275536624497581
0.8282158453958733
0.8286738890292354
0.8288008450477893
0.8293371583684244
0.8298915707894913
0.8305592380390794
0.8312466081039603
0.8322007742470883
0.8328200442503811
0.8335759619613698
0.8339413905041834
0.83471056879492
0.8355704529202568
0.8360384094211637
0.8365527983991291
0.8370749989033799
0.8375243985200665
0.8378214293958699
0.8381833124686586
0.8385090599928307
0.8388279058511605
0.8388792230055823
0.8392335176771067
0.839824235404042
0.8403446417782774
0.8409657733161503
0.8416444815069252
0.838605147344856
0.8507736218536621
0.8392302074297967
0.840311262786205
0.8389613746030437
0.838432665421508
0.8381596539621045
0.837653910094968
0.8372654465447344
0.8362851855538657
0.8358975088259009
0.838344640797967
0.8367592456128751
0.8358505734539404
0.8357393867618463
0.8347416153411892
0.8348353202008101
0.8338515765607929
0.834082281389916
0.8349790584010757
0.8323006751302258
0.8293933250775424
0.8334100894927837
0.834091723128142
0.8324733378444865
0.8295582500318995
0.8302472312810367
0.8309993389283692
0.8305010848889384
0.8301954951214648
0.8292084071748181
0.8292551044009907
0.8284307503780155
0.8284699419656963
0.8278954651257274
0.8275539851863899
0.8273856349261303
0.8272810508343413
0.8272510501196724
0.8268786884642967
0.8263434842659978
0.8260283476187175
0.8254952047997123
0.8251201697526508
0.8247989253756256
0.8242886162793321
0.8234966108697649
0.8229710278244854
0.8226254508491163
0.8217842686009222
0.8211768386769768
0.8207543289546456
0.8207263703136082
0.8201746463786592
0.8196540886221703
0.8194091274047841
0.8194727068941158
0.8192827886933186
0.8187637340161987
0.8184910691695975
0.8183792015520941
0.8178944766648153
0.8170136420711898
0.816234620966479
0.8158195184088016
0.8150845140696873
0.8144250228414042
0.8149873580335407
0.8146686911563529
0.8138107561028486
0.8132558239977905
0.8129528996108428
0.8134453905894653
0.8147897703313937
0.8144146789885192
0.8139683819985299
0.8136526765941471
0.8128657336787948
0.8124675516750955
0.8123217349725151
0.8402318243949018
0.9100601318609373
0.8850985990380625
0.8328176563779094
0.8163177771643635
0.8131122112675878
0.8116337630617254
0.8112521544953231
0.8065527788957085
0.7075852532584346
0.6928500346106807
0.7728274982162762
0.8043977281650722
0.8094466072045529
0.809680978610453
0.8092201883723589
0.8087726414739843
0.808310548124088
0.8039078885802531
0.8087204933179647
0.8097425793170214
0.8232204829601304
0.8140455898224606
0.8171729259093029
0.819073581229011
0.8200745523544246
0.8217982515886357
0.8234310653437759
0.8252051043683816
0.8266191423482959
0.8276782077993643
0.8288046838776462
0.829631897746428
0.8310844907353777
0.8325607360763558
0.833933234715612
0.8354895764776534
0.8368046356378374
0.8380114104438204
0.8395373054103382
0.8408897160675267
0.8418228897916956
0.8425631619953591
0.8436811120948646
0.8450026604886214
0.8464786192253542
0.8482550297361972
0.8498090213403464
0.8509703535934097
0.852337334439606
0.853215314503376
0.8543483121728838
0.8559034303945856
0.8575491129378104
0.8589124736879531
0.8606227420012847
0.8618706727802242
0.8630722787515006
0.8642072409087167
0.8656973318293371
0.8671738356453801
0.8683083275211592
0.869409359401191
0.8705572865369519
0.8715774316957615
0.8721214602309347
0.873053729027268
0.8739680636963891
0.875460807580098
0.8768520667312928
0.8781123210547982
0.8792205665456757
0.8802541872447804
0.8811597766876922
0.8823232581438092
0.8832953028068132
0.8844220221956196
0.8857177987594249
0.8865572115891867
0.8874277595211852
0.8882329979582795
0.889073642892479
0.8897551359743086
0.8908919212963021
0.8921249626272956
0.8933356393139165
0.89492622381016
0.8959014230048266
0.8969339002796441
0.897849939608532
0.8993015181860176
0.9002554378399904
0.901216685901515
0.902274528224063
0.9034280838688783
0.9041181529994026
0.9047756317457527
0.9052398714976323
0.9061676927377382
0.9068415443873757
0.9076185562038173
0.9086963958739499
0.9098721232952021
0.9110600940708155
0.9122845356514602
0.9128945574041724
0.9134863721981492
0.9146504865263124
0.9153830063481337
0.9159545240707737
0.9168563178770912
0.9175651135268665
0.9183220123358093
0.9190128348304236
0.9195496526776252
0.9206675333870332
0.9215688334665295
0.92259044876724
0.9233333835822144
0.9240826809397783
0.9246684729218434
0.9251377909407368
0.9256453620581181
0.9265594397943724
0.9279111672103958
0.9289442739524187
0.9297211430490778
0.9307509962299327
0.9313214131920667
0.9320565907875944
0.9325375229581878
0.9332814613600566
0.9338743539015752
0.9346723407939453
0.935477001105143
0.9363365933731591
0.9372588034131377
0.9376897007392064
0.9383390038372236
0.9389852369433863
0.939356549407252
0.9396777816761878
0.9400504051559698
0.9403397221148614
0.9408667176053461
0.9416607774156069
0.9421976008620836
0.9422805270111752
0.9429332592305926
0.9439280039199913
0.9441821951165834
0.9444865666032637
0.9458608163297745
0.9466509407950954
0.9473984654326159
0.9480432607485925
0.9488701796325151
0.9492414531866035
0.9498872189102974
0.950332961391447
0.9509380244702329
0.9513847032138457
0.9519607502376594
0.95280382875973
0.9531259714360943
0.9534040076368289
0.9544283663535157
0.9550845180866019
0.9555266792378275
0.9560810988954107
0.9568186875365869
0.9571158603306549
0.9573519445633017
0.9579850421791958
0.958282460747657
0.9587644950828561
0.9596985093903394
0.9604176629120744
0.9607414752174991
0.9610432147902628
0.9618485539469458
0.9622384592637937
0.9623337487654456
0.9628190544989623
0.9633891275008639
0.9643487053758909
0.9647229515750464
0.9655577845639401
0.9663997456222942
0.9666645383708001
0.9670851273304238
0.9672080191815395
0.9677275315379124
0.9681653736643979
0.9685841352717274
0.9690870713781086
0.9696342577215374
0.969845148569524
0.9704434908738105
0.9710689628928385
0.9712756885505907
0.9716275749804033
0.972131241094397
0.9722255836674956
0.9722344706515731
0.9725791585702634
0.9729521979798231
0.9731474518309383
0.97363416079596
0.9738826389031716
0.9744427704207118
0.9748569172543432
0.9750161677568608
0.975374201754951
0.9761957673786693
0.9769174580754201
0.977448087950295
0.9778632194584632
0.9785855529229406
0.9787005664221091
0.9789784277051544
0.9790043201126533
0.9792506948756649
0.9798438331684647
0.9801898098908214
0.9807037289268439
0.9809285251281774
0.9812614472859982
0.9812211149891646
0.9810213809327253
0.9812060795415123
0.9813459903282489
0.9817874332656221
0.9821008743446265
0.9824985354449174
0.9829338564536192
0.9834818582751813
0.9837576644226973
0.9839166918351269
0.9843159272477686
0.9844258192027308
0.9848792706662867
0.9855796665182461
0.986202655247089
0.9866702983160036
0.9864193590956567
0.9867741350308712
0.9865179082698391
0.9866928498237794
0.9865940949373682
0.9866737879550241
0.9871455628642031
0.9874066405806058
0.9876831407278006
0.9880748095374452
0.9885246989691963
0.9888257342782822
0.9891775976942999
0.989359094080435
0.9896760595110662
0.9898856345984882
0.9902176044801568
0.9907669708022699
0.9910532772654886
0.9913292958323673
0.9914327011117395
0.9917538237731985
0.9917393844429694
0.9913613584009316
0.9911002303291023
0.9908816687208678
0.991191697726811
0.9912272846969085
0.9917173215730539
0.9924147867294856
0.9927115849570539
0.9931374270903643
0.9935693637287658
0.9937001228571493
0.9938956025371052
0.9941830736932716
0.994596615227888
0.9952771210644111
0.9958216045563097
0.9959761368522151
0.9964268854881648
0.9962748665447845
0.9960825660143223
0.995894076566171
0.9958146206374207
0.9958038590840546
0.9960212730388435
0.9963302518489404
0.9968199660750438
0.996938627441789
0.9972859841871854
0.9972575109740861
0.9974965232498716
0.9980198216530531
0.9979212467199022
0.9983774224099358
0.9990161653504345
0.999452419679073
0.9997821401101628
1.0000312564445135
1.0004490892236835
1.0002566561816293
1.000224202833916
1.0004674531396782
1.000326075425398
1.0004448243365822
1.0004147816679532
1.0006056128452945
1.0011175072041527
1.0015191818645552
1.0018404496267628
1.0019803538934535
1.0023310316116636
1.0023415680540027
1.0026014401931698
1.0003809760323736
1.0008958377697905
1.002929344014589
0.9998479086955832
0.9971414509683783
0.9958834254114328
0.995356508210637
0.9954707127166864
0.9952698752358362
0.9948971334188103
0.9947970321749166
0.994559635691292
0.9944702048903028
0.9940858583737135
0.9936345995698668
0.9928607434430395
0.9925656951278633
0.9921865759354511
0.9917820852094609
0.9913368660500511
0.9905085695311061
0.9896367873758316
0.9890357234852162
0.9882907087153839
0.9877588107421843
0.9875865880610171
0.9870840124282474
0.986658237758315
0.9859680455526213
0.985451302370445
0.984897597766258
0.9841657928479903
0.983569746629562
0.9830868585924717
0.9824151389712426
0.9820726664808438
0.9814348377942442
0.9805035049567975
0.9799089637316913
0.9788985869002063
0.9783141351230519
0.9782886742282005
0.9778355832652098
0.9776059604389487
0.9775008687710158
0.9771564333007753
0.9763080408610785
0.9757606598212254
0.975064835633326
0.9743255280710678
0.9735415929080345
0.9729035076674808
0.9723258980901963
0.9716535954334764
0.9709162091208279
0.9703594980197432
0.9697786289118355
0.9693836510571388
0.9688989050258909
0.9679410989284121
0.9677040138192318
0.9668841549381576
0.9666203862173363
0.9661124111849484
0.9653441787706573
0.9647273803979329
0.9641488731426537
0.9635049777965787
0.9628207207621489
0.9624657241610186
0.9617282267373787
0.9612416223485327
0.9610334883372974
0.960705518367661
0.9598331179490854
0.9595367416801055
0.9588430560697737
0.9583438077716429
0.9578287601979627
0.9576793225340635
0.9569360091504597
0.956406892766284
0.9555839351275652
0.9546523152271882
0.9541145588516448
0.9532082897302252
0.9527709774665091
0.952262589895173
0.9517995590166792
0.9514624362572489
0.950642182277188
0.9499914629110101
0.9490051193534137
0.9477924324299248
0.9471314547014904
0.9463197996249119
0.9458581257725995
0.9455198308417139
0.9456813534835072
0.9452961172658361
0.9449408871263116
0.9440519842812543
0.9432316779678904
0.9423581435649432
0.9415161467425545
0.9410919984060608
0.9409096429360629
0.940705990680753
0.9403995407873268
0.9400474334532961
0.9394548575043002
0.9389475061064888
0.9382349057071454
0.937662891986044
0.9371794723991846
0.9367311834050309
0.9364945974470487
0.9360174740537599
0.935977977775737
0.9355747108689858
0.9348141488792291
0.9343318208217187
0.9335012844359176
0.9327928432301916
0.9321709529368527
0.9317274712624374
0.931576401288162
0.9311329039607401
0.9305850722859732
0.9299009651617334
0.9293922600932067
0.928977478902663
0.9283217076499243
0.9277746804503174
0.9272956019224167
0.9271151593446125
0.9269986349052693
0.9265873432521674
0.926142038827908
0.9256889250362692
0.9252433004887959
0.9247445708236507
0.9240709516824732
0.9233403021233515
0.9226490932874722
0.9223797936760731
0.9220384771280995
0.921422669542912
0.9210406008318441
0.9210031941630663
0.9208622387053271
0.9203543278402135
0.9196064128359317
0.9189129577345074
0.918313421035246
0.917385999414343
0.9166283372056904
0.9164737540699585
0.9162569999045324
0.915552432736729
0.9152397379830906
0.9145496853964546
0.9140722510721456
0.9136802255621214
0.9129588315179906
0.9123897752665395
0.9120728683936723
0.9118132192326373
0.9115688321637077
0.91119320087701
0.9105375777895152
0.9102835763686384
0.9099151429887136
0.9089097313536328
0.9081600893931066
0.9072522287730048
0.9065299426937304
0.9056635418949562
0.9048453585535026
0.9039503752447887
0.9036384656132973
0.903585787925015
0.9033838609932856
0.9034559496217597
0.9029561975053957
0.9029132361900046
0.902712363340107
0.9025823254973686
0.9018656675466799
0.9012666565759122
0.901029994573642
0.9002736194802
0.899800121325608
0.8989546404582652
0.8985768884775781
0.8978941277473105
0.8974420323062187
0.8972105673752867
0.8966165949024015
0.8961333001673887
0.895786641293078
0.8953706170678957
0.8945669159623396
0.8938854286013745
0.8931004071594275
0.8923955425336303
0.8916432349769198
0.891141800128145
0.8910113469504417
0.8910813748021529
0.8910849598704962
0.8909983841158907
0.8904898847655893
0.889980983356162
0.8895508142773199
0.8888265306910295
0.8880531566642446
0.887237284530734
0.8864305132555657
0.8857715304335457
0.8850205199380823
0.884243349073569
0.8837811089791263
0.8835647968671501
0.8832730063194053
0.8827490138065754
0.8824038821169788
0.8820887582326412
0.881638072124749
0.8811289712007334
0.8810548859654346
0.8804612163968258
0.8797982222762363
0.878749912931884
0.8781069433795561
0.8777401611488712
0.8772930495053262
0.8765699064545777
0.8763978565164762
0.876329108055203
0.8763369131926682
0.8754621434215336
0.8746664789472838
0.8741477994862621
0.8738848999206414
0.8733363340979607
0.8727846994636994
0.8725804134805324
0.8719776081276787
0.8713338420217566
0.870891388188634
0.8704375677397489
0.8699533668995589
0.8695395515105867
0.8692590964532049
0.8686919778466085
0.8681974497111613
0.8680649307522914
0.8677501686291298
0.8670538131750322
0.8665971440882758
0.8658803446435129
0.8654585124373688
0.8650329870138319
0.8647484088401252
0.8645115526761239
0.8642812091301058
0.8639262479575948
0.8634401827467233
0.8633668990204585
0.8627444583777816
0.862018584158381
0.8616708122388235
0.8610115962313521
0.8604718092819438
0.8598668447678368
0.8595121050863893
0.8593025935693174
0.8587254750477655
0.8580254799821866
0.857340324029205
0.8569693420130302
0.8567574343634599
0.856463779912405
0.8559235689423043
0.8555945803820956
0.8552065592184249
0.854801490375927
0.8544766345107132
0.8539472890814018
0.8533724581897126
0.8531159720304541
0.8528010147490673
0.8522405609424308
0.8516481045828246
0.8510611431162513
0.850518641036387
0.8503305365038307
0.8498033354179534
0.8494265065742266
0.8490194738959125
0.8485500975453297
0.8478199007513897
0.8475319607810889
0.8472167460420623
0.8464980506045745
0.8463464980774316
0.8461822919715101
0.8457369557373539
0.8453409543280551
0.8449494910116429
0.8447584796650447
0.8444671013966661
0.8442281004734147
0.8436522043242083
0.8430377334468366
0.8425180765343387
0.8419433586427745
0.8416078622466827
0.8412481707410139
0.8408434316287803
0.8403188683897468
0.8398789712938575
0.8397677097572204
0.8394880130778486
0.8391375597792398
0.8385177064721543
0.8382511979612317
0.8377413770213438
0.8377121020470669
0.8369604275685673
0.8365234878650727
0.8363482699610147
0.8360921575082586
0.8354345636562175
0.8348558184184743
0.8342559825357554
0.8336428255288536
0.8329108622728209
0.8324206800092812
0.8322020896663459
0.8317792309809122
0.8311632793010721
0.8308577902950921
0.830027997774517
0.8295296906196483
0.8290847882886592
0.8285692635637315
0.8282465263047148
0.8278816170167014
0.8280549737461199
0.8275338280608511
0.8270663834952289
0.8266383979009064
0.8257916005624288
0.8254694788925919
0.8243908716199175
0.8235381110909625
0.8232068870901454
0.8229540072233983
0.8225928998544683
0.8225247080683056
0.822553811746021
0.822732503935298
0.8221964463530811
0.8218692781882134
0.821295895048118
0.8208706053762113
0.8204123643023048
0.82002008211178
0.8195602048944027
0.8189670204001198
0.8185667757284403
0.8178522865431016
0.8171593620309161
0.8172029497177677
0.8166937590458933
0.8161661869044097
0.8159926041270763
0.8154197357751097
0.8151681083791036
0.81483078119183
0.8146160904431887
0.8141893327527602
0.8137012424059582
0.8132560002613222
0.8126487914277112
0.8120224557009811
0.8111809395833792
0.8105922056545156
0.8102365671763735
0.8096778500557447
0.8092296139839563
0.8094800037638006
0.8089776231777768
0.8083885243567603
0.8081619403807814
0.8077811133777627
0.8072722290097267
0.806593677753755
0.8060392439220855
0.8055344155147045
0.8045712487283425
0.8041789180835085
0.8036848668409219
0.8030921768534331
0.8026630027202272
0.8028993869547919
0.802220370772312
0.8021526373850696
0.8017850723280003
0.8015542043736121
0.8014019707369363
0.8012422687324358
0.8008965274376685
0.8008927759051386
0.800730727850268
0.8003867632349809
0.8000151053690674
0.7995081977620977
0.798867987930674
0.7982058822483209
0.7974608530348852
0.7967600342974426
0.7961446375660892
0.7958065523751096
0.7955553098560192
0.7953740397711736
0.7951129251947813
0.7947717736598037
0.7939486875076318
0.7929344443105453
0.7925126241785225
0.7921822355274144
0.791507464577223
0.7910197216694229
0.7906941048348344
0.7902383107495459
0.7895155840140508
0.7886256877036832
0.7880161695171378
0.7877096629081808
0.7873273640162273
0.7871722945123553
0.7871510857538329
0.7872227252213331
0.7869542795977098
0.7868042553698578
0.7865236030989831
0.7863086135158213
0.7861702396210124
0.7855695063170586
0.7852461458969785
0.7846482329354643
0.7842445565965753
0.7837316300963795
0.7834166946852748
0.7827923827965562
0.7824762384865163
0.7820757290312266
0.781936023823409
0.7816926283690872
0.7813269834998796
0.7810408141356432
0.7809623098877833
0.780403972310726
0.779883050987673
0.7791701740899876
0.7787562929119267
0.7782930936015909
0.7775989937309403
0.7771851073291599
0.7766492305804015
0.7763153057194522
0.7758784148963349
0.7757931809101376
0.7756192047621651
0.7751837250365344
0.7745762533852757
0.7743512661025436
0.7738676609783943
0.7732184908897988
0.7730575785155058
0.7727656122376088
0.7725427928959305
0.7721772415200328
0.771800256304877
0.771584836123527
0.7710016282222666
0.7707118030725442
0.7705164905015041
0.7701980366839957
0.7702979936553139
0.7701340297097545
0.7700053255051013
0.7696271177189665
0.768960066068006
0.76849454991756
0.7677155467914256
0.7672333646324953
0.766997688121446
0.7663907983586746
0.7656990083620856
0.7650931924246286
0.7646729637192038
0.7640291276659051
0.7636936601275658
0.7635363922667009
0.7634586913688362
0.7632024649138797
0.7628904881862737
0.7629470689085525
0.7626963142509334
0.7622030418130141
0.7614130567910421
0.7607255856291304
0.7602061479067534
0.7598606196179805
0.7589940987784427
0.7587780813116771
0.7584517344449648
0.7584909612531463
0.7582814182681374
0.7579210347880855
0.757666028691127
0.7576240137261381
0.757615305985718
0.7573639359456996
0.75705214802444
0.7564953135631695
0.756127002412099
0.755842352534419
0.7549731371510151
0.7545163421717485
0.7537052206975556
0.753390061713881
0.7528953678194747
0.7522214781843921
0.7520301660709471
0.7517419218604847
0.7510461643774943
0.7509173403992181
0.7504110948513476
0.7501720354926212
0.7499663952532862
0.7498300680639629
0.7492695581496693
0.7491114408926172
0.7490691967108322
0.7490075323119073
0.748184244779184
0.7475936903122381
0.7471843669947975
0.7465136277944452
0.745852494457981
0.7449839884022913
0.7444738897545268
0.7443605896099025
0.7444525303941729
0.7440598158563009
0.743635897238921
0.7434289912100638
0.7430311809344593
0.742645847842774
0.7416514064506784
0.7408410839197848
0.7401056736870487
0.739535029932976
0.7394144310823213
0.73922497356012
0.7391843410437868
0.7390912210375362
0.7391790287227799
0.7391307841371361
0.7390071342942128
0.738811309082311
0.7384178225507735
0.7381137528419993
0.7374358751854854
0.7369646568057697
0.7364013542596664
0.7359868738965888
0.7351553993082772
0.7347035234943714
0.7344879025161332
0.7341229072584354
0.7341500480170852
0.733747222009107
0.7334607132692419
0.7335002665853688
0.7334959975573331
0.7335170936164102
0.7331265858791235
0.7328479767616137
0.7326600367987137
0.7326239233090709
0.7319927548198136
0.7311857160592216
0.7307665927392374
0.7300639034161097
0.7293423634156844
0.7287185414317426
0.7283244047239954
0.7280621990194801
0.7279768346109319
0.7278611181858627
0.7278864156030416
0.7279695257757688
0.7279949463163812
0.7277046898040863
0.7273301907397502
0.726975761715875
0.7263573935085081
0.7255843671546001
0.7248212930376696
0.7244280623087718
0.7242455153530186
0.7236925505772033
0.7235896306785532
0.7235571383003874
0.7235111347284704
0.7235505829956831
0.7230846426950164
0.7230343943614307
0.7229567807278611
0.7223835236415728
0.7220036017104082
0.7216614810863241
0.7211445747281664
0.7207197648184348
0.7201942661880567
0.7198046358424026
0.7196341747364672
0.7197446903875377
0.719547204440417
0.719214785005212
0.7188314110274278
0.7183314001506393
0.7181283739205244
0.7176826603129381
0.7176197943618283
0.7172122589909984
0.7167537472611883
0.7168789077065876
0.7163518219042881
0.7155379663446132
0.7150340525807245
0.7146554879428096
0.7143337523617054
0.7137791277412895
0.7132348404258003
0.7131444234401183
0.7133106111823755
0.7127803662019877
0.7124213648521233
0.7123323871790725
0.7123209330859229
0.7121700178109229
0.7118415586092628
0.7116175606229145
0.7111770512170156
0.7105915075325414
0.7104321841966412
0.7100281965778765
0.7096353056128769
0.7093363124150435
0.7089449501683209
0.7089563011907017
0.708246546464837
0.7075680295395806
0.707205394178871
0.7069954438448532
0.7065762495465316
0.7059262527910961
0.7057513111627028
0.7051815054443414
0.7048588810288542
0.7042106609689219
0.703945379829604
0.7038644722107872
0.7033692861134233
0.7032367273777139
0.7029912875684932
0.7026974192321198
0.7023336905308659
0.7020618261030943
0.7018805136141966
0.701577837398399
0.7013299507566942
0.701142943721501
0.7009697024662405
0.7005978396965203
0.7003026546550402
0.700145034895646
0.6998696471088846
0.699685272922495
0.6993381935018224
0.6990268268231986
0.6987327974632871
0.6980612731259213
0.697218287706575
0.6967424875216323
0.6964034948991389
0.696059085529963
0.6959636077323466
0.6954653668302928
0.6953198407745911
0.6952645237365799
0.6951315988122402
0.6947852316737013
0.6942982106997103
0.6940874789330037
0.6935316696778517
0.69313683024324
0.6928645962922034
0.6923110951202089
0.6918650849458094
0.6916632692534533
0.6915058117559598
0.6914075688967957
0.6913551866728603
0.6911084144411856
0.690676997161784
0.6901041192525498
0.6895143147618612
0.6886816529785824
0.6882008602833746
0.6881570535532681
0.6879096895236884
0.6874699051892932
0.6871765821771554
0.6872029181798696
0.6870295427853215
0.6863715681311859
0.6858334752546127
0.6855017084200202
0.6850616020350283
0.6847214672660308
0.6844867793573315
0.684072376694446
0.6842623039481989
0.6840735007370703
0.6837974750318282
0.6837250201328613
0.6835218719312613
0.6833083325764449
0.6828965099526182
0.6826225984202545
0.6820723480120983
0.6816045630456434
0.6811991068797217
0.6810303359397849
0.6809529337402402
0.6806782861148836
0.6806436643819058
0.6804172565319232
0.6801753550184456
0.6798847007122679
0.6794395874742012
0.6790079465838843
0.6788314388109322
0.6784667813674393
0.6779704395682781
0.6778374443044844
0.6776131171176335
0.6775878764267966
0.6771405452277566
0.6767076490566095
0.6763743790598188
0.6760624930010951
0.6756477986887658
0.6750384640356563
0.6746171917460426
0.6745990235484467
0.6741374850755231
0.6740172889654952
0.6738298772137016
0.6736946054069292
0.6731401301054203
0.6729984558790325
0.6724206551500032
0.6719129729448905
0.6712134733878774
0.6706345507069922
0.6704958736666415
0.6697791352046437
0.6693519578231475
0.669187681679207
0.6690456452472108
0.6685092585349395
0.6677554088321064
0.6672439558619462
0.666718261832873
0.6660707945128012
0.6656645610893986
0.6654124822651635
0.6653352775925364
0.665259456732834
0.665230371473594
0.664668171823749
0.6644654431150372
0.6642570551016803
0.6640078457523185
0.6635777650076258
0.6634389003686684
0.6632907942087394
0.6631057512213965
0.6634538089976028
0.6632948243382079
0.6628011326117098
0.6625012038235
0.6622330412502901
0.66165509346693
0.6612764531613369
0.6608491225162118
0.660731394681384
0.660550346897991
0.6602641615484677
0.6602602400524806
0.6601214920211002
0.6598259415456846
0.6593226351195198
0.6590258217871131
0.6590954595329421
0.6585808209641858
0.6581873676056545
0.6580520324242363
0.6579879136052159
0.6579583363439552
0.6574559141926765
0.6574360135450081
0.6575096342583704
0.6571096827692371
0.6568139427085293
0.6566657882678467
0.6566558179990132
0.6563364354241563
0.6559699323782879
0.6558350534453116
0.6558066728923663
0.6558192181583237
0.6552348654938388
0.6551497985162823
0.6551493419042543
0.6547917473035352
0.6544815272813357
0.6541186994763682
0.6537062290460934
0.6533195878339914
0.6531603193323853
0.6528640357264878
0.6522762538721117
0.6521498585165746
0.6524640475206793
0.6525335803551416
0.6522947530623744
0.6519207803831992
0.6518733880182025
0.6513023839836126
0.650643711867613
0.6502811246143849
0.6500505280582701
0.6497191429819794
0.6491460365071455
0.6488899695447853
0.6486957806802383
0.6482616590496869
0.6481308739172891
0.6478831486716001
0.6475256902309645
0.6476345056176508
0.647540878455974
0.6471865824902475
0.6468169132556197
0.6466036289145483
0.6462588544359066
0.6458210665819716
0.6454984819134089
0.6453838757887281
0.6450760443120143
0.6448071784356665
0.644504373097105
0.6439432068262435
0.6434893109597739
0.6428248613955767
0.6423445788761578
0.6420085458346731
0.6417826832065509
0.6413883120356996
0.6412959116916768
0.6413309587817023
0.6413658908351209
0.6410233255892304
0.640945305673268
0.6405540920075691
0.6403759973571607
0.6402865766473271
0.6402530406347151
0.6401801550168815
0.6403672099105748
0.6396796327068093
