0.184396333333333
0.179615333333333
0.181728
0.184722
0.191694
0.193752
0.191958666666667
0.188018666666667
0.182911
0.177082333333333
0.166529333333333
0.162439
0.163239666666667
0.156817666666667
0.162561
0.168001333333333
0.166780666666667
0.166021666666667
0.167001333333333
0.158532666666667
0.151596
0.150166666666667
0.150148666666667
0.15595
0.160297666666667
0.166864
0.167918
0.169785666666667
0.168217
0.166148
0.16155
0.160319
0.154068
0.152246
0.150740666666667
0.149944
0.153021333333333
0.153320333333333
0.159734
0.157846
0.157858333333333
0.153682333333333
0.153376333333333
0.156260333333333
0.149729333333333
0.152018333333333
0.156627333333333
0.154219666666667
0.156672
0.159551
0.153796333333333
0.151757666666667
0.143977
-0.088976
0.06729
-0.075676
-0.11827
0.150508666666667
-0.380756666666667
0.517753333333333
0.031077866666667
0.514033333333333
0.342913333333333
0.332538
0.33409
0.33781
0.348196666666667
0.349283333333333
0.33501
0.327081333333333
0.322646
0.314982
0.309161333333333
0.310745333333333
0.306411666666667
0.306756666666667
0.298837333333333
0.296202666666667
0.297097666666667
0.297541333333333
0.29983
0.300220666666667
0.300106666666667
0.291433666666667
0.288012666666667
0.287957666666667
0.288966
0.286290333333333
0.288756333333333
0.296493666666667
0.303572666666667
0.30496
0.312293333333333
0.315845666666667
0.324040666666667
0.325639666666667
0.324942
0.322574666666667
0.317051
0.31404
0.312987333333333
0.316463333333333
0.320678666666667
0.328297
0.337183333333333
0.344936666666667
0.353713333333333
0.35753
0.360046666666667
0.360036666666667
0.36506
0.371553333333333
0.380163333333333
0.382503333333333
0.385963333333333
0.391336666666667
0.392873333333333
0.384603333333333
0.387266666666667
0.38736
0.38608
0.382606666666667
0.388673333333333
0.387293333333333
0.386313333333333
0.389673333333333
0.390203333333333
0.393526666666667
0.3942
0.403446666666667
0.413766666666667
0.42035
0.422753333333333
0.428586666666667
0.435273333333333
0.440576666666667
0.440636666666667
0.438066666666667
0.4391
0.438246666666667
0.442606666666667
0.451703333333333
0.460086666666667
0.467956666666667
0.47404
0.479526666666667
0.4832
0.479253333333333
0.480766666666667
0.477103333333333
0.480253333333333
0.49
0.49954
0.500996666666667
0.50218
0.50507
0.50383
0.510503333333333
0.511846666666667
0.514373333333333
0.52218
0.533153333333333
0.535903333333333
0.537536666666667
0.5386
0.541693333333333
0.545863333333333
0.552883333333333
0.5601
0.571663333333333
0.57826
0.585613333333333
0.591566666666667
0.597213333333333
0.601173333333333
0.600966666666667
0.60669
0.610906666666667
0.612373333333333
0.61649
0.620943333333333
0.62385
0.62767
0.630436666666667
0.63558
0.635223333333333
0.643563333333333
0.654096666666667
0.661413333333333
0.660443333333333
0.66501
0.668986666666667
0.668233333333333
0.664203333333333
0.667193333333333
0.669523333333333
0.67393
0.677413333333333
0.685256666666667
0.689926666666667
0.69834
0.699793333333333
0.706373333333333
0.7119
0.714976666666667
0.71281
0.71511
0.710906666666667
0.713593333333333
0.721993333333333
0.728656666666667
0.731973333333333
0.737423333333333
0.73942
0.744633333333333
0.751276666666667
0.76025
0.764433333333333
0.768316666666667
0.771296666666667
0.776716666666667
0.783286666666667
0.785496666666667
0.789433333333333
0.79834
0.80037
0.806463333333333
0.8176
0.81949
0.82442
0.831206666666667
0.836293333333333
0.84687
0.858033333333333
0.86445
0.867976666666667
0.877553333333333
0.8838
0.881036666666667
0.878393333333333
0.882233333333333
0.88818
0.88949
0.893986666666667
0.89736
0.90575
0.908693333333333
0.906776666666667
0.909246666666667
0.905293333333333
0.904193333333333
0.901936666666667
0.905606666666667
0.907963333333333
0.91087
0.905476666666667
0.90567
0.91323
0.92179
0.92762
0.93341
0.93987
0.948533333333333
0.956736666666667
0.95433
0.955993333333333
0.966723333333333
0.97186
0.974086666666667
0.969036666666667
0.981156666666667
0.988416666666667
0.98991
0.99288
0.994263333333333
1.00099333333333
1.00062
1.00253333333333
1.01169666666667
1.01604666666667
1.02261
1.02324333333333
1.02417
1.03456333333333
1.04328333333333
1.04962666666667
1.05277666666667
1.0583
1.06916666666667
1.07126333333333
1.07389666666667
1.07898
1.08217666666667
1.08697
1.09266
1.09130333333333
1.08912333333333
1.09698333333333
1.10017333333333
1.10491666666667
1.10557
1.11349333333333
1.12065666666667
1.12275333333333
1.12719666666667
1.13371666666667
1.13878
1.14193333333333
1.1457
1.14382
1.14313
1.14282666666667
1.14653
1.15152333333333
1.16064
1.17090333333333
1.17454333333333
1.18314333333333
1.19155333333333
1.19444
1.1951
1.19684
1.20490666666667
1.20539666666667
1.20617666666667
1.21038333333333
1.21681333333333
1.22707666666667
1.23143666666667
1.24078
1.24859666666667
1.24944
1.25216666666667
1.25305333333333
1.25972
1.26639666666667
1.27566
1.27724333333333
1.27835
1.27429333333333
1.27587666666667
1.27787666666667
1.27756333333333
1.28115
1.28521333333333
1.29071666666667
1.29909333333333
1.30889666666667
1.31753
1.32764666666667
1.33030666666667
1.33395666666667
1.33745333333333
1.33991
1.33829333333333
1.34071
1.34374333333333
1.34744
1.34742666666667
1.30418666666667
1.69637666666667
0.9205
1.32278
1.35178
1.36054333333333
1.35272
1.33713666666667
1.33249333333333
1.32248333333333
1.34239666666667
1.37307666666667
1.33071333333333
1.35286
1.37728666666667
1.35851
1.37203666666667
1.40095
1.40724666666667
1.41716666666667
1.41554
1.42858333333333
1.44667333333333
1.45736666666667
1.45175
1.45105
1.45247666666667
1.46808
1.47892333333333
1.48783333333333
1.49443333333333
1.4959
1.49856
1.49843333333333
1.49930666666667
1.5006
1.50188
1.49731
1.50104333333333
1.50356666666667
1.49870666666667
1.50430333333333
1.50625666666667
1.50433
1.50582
1.50548333333333
1.50733
1.51147
1.51330333333333
1.51103333333333
1.51430666666667
1.51319333333333
1.51344666666667
1.51535
1.52345
1.52429666666667
1.52154666666667
1.52407333333333
1.52839
1.52827333333333
1.52521333333333
1.52949666666667
1.52984666666667
1.53211333333333
1.53251666666667
1.53837666666667
1.54156
1.54867666666667
1.55448666666667
1.55928
1.56679333333333
1.57099
1.57733
1.58310333333333
1.58829333333333
1.58888333333333
1.58692666666667
1.57935
1.57426
1.57621666666667
1.58325666666667
1.55751666666667
1.52248333333333
1.55254666666667
1.56235333333333
1.56521
1.55906666666667
1.56436666666667
1.56228666666667
1.57282
1.3966
1.83968
1.68111
1.66272666666667
1.75560666666667
1.77198333333333
1.78259
1.78942333333333
1.79807666666667
1.80570333333333
1.81490333333333
1.81405
1.81982666666667
1.82766
1.83138333333333
1.83207333333333
1.83218333333333
1.83737
1.84052666666667
1.84037666666667
1.83636333333333
1.83939666666667
1.84006666666667
1.84145
1.84162
1.84678
1.84546333333333
1.84787333333333
1.85053
1.85982
1.86525666666667
1.86767
1.87079333333333
1.87801333333333
1.87821
1.89014333333333
1.9025
1.90797666666667
1.90869
1.90899
1.91018333333333
1.91347333333333
1.91883333333333
1.91901
1.92208666666667
1.93177333333333
1.94248
1.95238
1.95668666666667
1.96202
1.97313
1.98362666666667
1.98754
1.99375666666667
2.00675333333333
2.01107333333333
2.01397666666667
2.01904333333333
2.02497666666667
2.03078666666667
2.03420666666667
2.03884666666667
2.04064333333333
2.04615333333333
2.05013
2.06094333333333
2.06808333333333
2.07144666666667
2.07851666666667
2.08787
2.09788
2.10644
2.12156666666667
2.13062
2.13512666666667
2.13760333333333
2.14262333333333
2.14387
2.14737
2.15073
2.15887
2.17142333333333
2.17597
2.18533
2.18869
2.19534
2.20501333333333
2.20645333333333
2.21205
2.21871666666667
2.22971
2.24468333333333
2.25882
2.26966
2.27771666666667
2.28461
2.28935333333333
2.29169333333333
2.29706666666667
2.29879
2.30726333333333
2.31521
2.31689333333333
2.32017666666667
2.32360666666667
2.32915
2.34123666666667
2.35026666666667
2.36136666666667
2.37047666666667
2.37561
2.38083
2.38913333333333
2.39233666666667
2.39715
2.40666666666667
2.40752666666667
2.41701333333333
2.42483666666667
2.42796333333333
2.42670666666667
2.43034666666667
2.44283666666667
2.45337333333333
2.45957
2.47113333333333
2.47606333333333
2.48072666666667
2.49157333333333
2.49630666666667
2.50611666666667
2.51957666666667
2.52868
2.53549333333333
2.54057333333333
2.54524
2.54669333333333
2.54852333333333
2.55301333333333
2.55836333333333
2.56465333333333
2.58120333333333
2.58939666666667
2.59871666666667
2.60573666666667
2.61338333333333
2.61686666666667
2.62003666666667
2.63024666666667
2.63413
2.64336666666667
2.65221666666667
2.66316
2.67274
2.67873
2.68955333333333
2.68922333333333
2.69185333333333
2.69903666666667
2.71035
2.72191666666667
2.72669
2.73689666666667
2.74487333333333
2.75261
2.75901333333333
2.76565333333333
2.76512
2.76475666666667
2.76606666666667
2.76995
2.77549666666667
2.78348
2.7942
2.80914
2.82031666666667
2.83412
2.84715333333333
2.8558
2.86355666666667
2.87035666666667
2.88147666666667
2.88956333333333
2.89261666666667
2.90049666666667
2.90664333333333
2.91251666666667
2.92319333333333
2.93579
2.93939
2.94930666666667
2.95268666666667
2.95625333333333
2.9597
2.96224333333333
2.96622666666667
2.96996666666667
2.97618666666667
2.98198333333333
2.99370333333333
3.00274
3.01640666666667
3.02626666666667
3.03768
3.04820333333333
3.05284666666667
3.05694
3.05531333333333
3.05790666666667
3.06162
3.06771333333333
3.07025
3.07487333333333
3.08302333333333
3.08925
3.09493333333333
3.10113
3.10559333333333
3.10705333333333
3.11436
3.11935333333333
3.12423
3.13184
3.13387666666667
3.14663
3.15824666666667
3.16069
3.16504333333333
3.17284
3.17906666666667
3.1816
3.18638
3.19424333333333
3.19649
3.19727
3.20377666666667
3.20808666666667
3.21638333333333
3.22417666666667
3.23415333333333
3.24722
3.25617333333333
3.26559
3.26657666666667
3.27375333333333
3.28504
3.29495
3.30046
3.30616333333333
3.31185333333333
3.32672333333333
3.339
3.3431
3.34413333333333
3.354
3.36046666666667
3.3573
3.35493333333333
3.35993333333333
3.36416666666667
3.37206666666667
3.37636666666667
3.38173333333333
3.38653333333333
3.39843333333333
3.40316666666667
3.40726666666667
3.40796666666667
3.41666666666667
3.4259
3.4346
3.44523333333333
3.45183333333333
3.46643333333333
3.47486666666667
3.48446666666667
3.48703333333333
3.49076666666667
3.50046666666667
3.50706666666667
3.5099
3.5201
3.52716666666667
3.52703333333333
3.5355
3.5371
3.54143333333333
3.5449
3.5461
3.5544
3.56903333333333
3.57573333333333
3.58463333333333
3.5973
3.61036666666667
3.61956666666667
3.62003333333333
3.6222
3.62913333333333
3.62433333333333
3.61776666666667
3.56896666666667
3.80436666666667
3.38483333333333
3.61586666666667
3.6016
3.60033333333333
3.6007
3.5987
3.5946
3.58206666666667
3.5763
3.60756666666667
3.6045
3.6198
3.61266666666667
3.63723333333333
3.64543333333333
3.6528
3.66706666666667
3.66943333333333
3.6545
3.64536666666667
3.67886666666667
3.68646666666667
3.68766666666667
3.68983333333333
3.6984
3.7021
3.6971
3.70123333333333
3.7021
3.70153333333333
3.70576666666667
3.70986666666667
3.7
3.6977
3.69633333333333
3.69843333333333
3.70633333333333
3.7167
3.7205
3.7238
3.7233
3.72193333333333
3.7183
3.71776666666667
3.71483333333333
3.71316666666667
3.70686666666667
3.70786666666667
3.71036666666667
3.70876666666667
3.70446666666667
3.70506666666667
3.703
3.7041
3.70533333333333
3.70476666666667
3.71213333333333
3.7147
3.71983333333333
3.7225
3.72043333333333
3.72156666666667
3.723
3.71863333333333
3.717
3.72413333333333
3.7213
3.7154
3.7104
3.70486666666667
3.70706666666667
3.71216666666667
3.71426666666667
3.71833333333333
3.72036666666667
3.71713333333333
3.72033333333333
3.72356666666667
3.7132
3.64603333333333
3.67406666666667
3.71976666666667
3.72136666666667
3.71863333333333
3.71146666666667
3.70733333333333
3.7053
3.71206666666667
3.55033333333333
4.01646666666667
3.89483333333333
3.8685
3.93546666666667
3.97023333333333
3.9773
3.98923333333333
3.98986666666667
3.99716666666667
3.9964
3.99763333333333
4.00296666666667
4.01446666666667
4.0256
4.0309
4.0384
4.0451
4.05423333333333
4.061
4.07023333333333
4.07363333333333
4.07846666666667
4.08556666666667
4.09293333333333
4.10146666666667
4.10823333333333
4.12656666666667
4.14466666666667
4.1562
4.1671
4.18256666666667
4.1995
4.21213333333333
4.2176
4.22613333333333
4.2347
4.24483333333333
4.2536
4.26506666666667
4.27166666666667
4.28923333333333
4.29746666666667
4.30883333333333
4.31673333333333
4.3243
4.33733333333333
4.3478
4.36243333333333
4.37436666666667
4.3918
4.4062
4.4212
4.4345
4.45123333333333
4.46246666666667
4.46793333333333
4.47583333333333
4.48686666666667
4.49343333333333
4.4999
4.50323333333333
4.5114
4.5152
4.52506666666667
4.53453333333333
4.55433333333333
4.57096666666667
4.58823333333333
4.59876666666667
4.60753333333333
4.61723333333333
4.62793333333333
4.63323333333333
4.6442
4.6573
4.675
4.69196666666667
4.70923333333333
4.72516666666667
4.7383
4.75146666666667
4.76113333333333
4.76716666666667
4.77733333333333
4.78636666666667
4.79026666666667
4.79963333333333
4.81156666666667
4.82306666666667
4.83616666666667
4.85236666666667
4.86713333333333
4.88316666666667
4.89553333333333
4.90743333333333
4.91753333333333
4.92006666666667
4.92873333333333
4.9369
4.95213333333333
4.962
4.9725
4.98543333333333
5.00096666666667
5.00326666666667
5.0094
5.01676666666667
5.0274
5.03256666666667
5.04293333333333
5.05996666666667
5.07956666666667
5.09396666666667
5.10836666666667
5.12403333333333
5.13356666666667
5.14356666666667
5.15336666666667
5.16733333333333
5.1732
5.18666666666667
5.2069
5.2216
5.2315
5.24136666666667
5.24816666666667
5.25203333333333
5.25746666666667
5.2658
5.27286666666667
5.2839
5.29423333333333
5.307
5.31556666666667
5.3268
5.34226666666667
5.34623333333333
5.3537
5.36376666666667
5.382
5.39146666666667
5.3988
5.413
5.42296666666667
5.42936666666667
5.4365
5.44393333333333
5.46033333333333
5.47673333333333
5.49123333333333
5.5056
5.5231
5.53223333333333
5.5343
5.5386
5.54746666666667
5.55296666666667
5.56633333333333
5.5807
5.59006666666667
5.59933333333333
5.60823333333333
5.6162
5.62533333333333
5.6353
5.6525
5.6618
5.67243333333333
5.6854
5.69536666666667
5.7088
5.71636666666667
5.7271
5.73633333333333
5.74806666666667
5.75746666666667
5.7685
5.77313333333333
5.78536666666667
5.79723333333333
5.80246666666667
5.8098
5.81803333333333
5.82726666666667
5.83563333333333
5.83916666666667
5.8499
5.859
5.87173333333333
5.88133333333333
5.88836666666667
5.89616666666667
5.90623333333333
5.91373333333333
5.9173
5.92456666666667
5.9323
5.939
5.94716666666667
5.96083333333333
5.9758
5.9886
5.99623333333333
6.01023333333333
6.02246666666667
6.03436666666667
6.05083333333333
6.0572
6.06463333333333
6.06976666666667
6.07813333333333
6.08713333333333
6.09393333333333
6.10306666666667
6.1135
6.12216666666667
6.13073333333333
6.1435
6.1523
6.15886666666667
6.16556666666667
6.17973333333333
6.1888
6.19716666666667
6.2024
6.209
6.2245
6.2373
6.24226666666667
6.24793333333333
6.25353333333333
6.26176666666667
6.27206666666667
6.2773
6.287
6.2959
6.309
6.32056666666667
6.32423333333333
6.3288
6.33823333333333
6.34613333333333
6.35923333333333
6.37566666666667
6.3863
6.39213333333333
6.40576666666667
6.4131
6.41743333333333
6.4241
6.43066666666667
6.44343333333333
6.45606666666667
6.4678
6.4782
6.4847
6.4935
6.50316666666667
6.5123
6.5235
6.53223333333333
6.5446
6.5572
6.55976666666667
6.57196666666667
6.57553333333333
6.5831
6.59006666666667
6.59786666666667
6.60986666666667
6.62186666666667
6.6322
6.64083333333333
6.6493
6.65156666666667
6.65856666666667
6.66753333333333
6.67736666666667
6.68466666666667
6.6912
6.70206666666667
6.7103
6.7157
6.71603333333333
6.7227
6.72593333333333
6.73236666666667
6.73836666666667
6.74136666666667
6.7553
6.7638
6.7777
6.78673333333333
6.79366666666667
6.80333333333333
6.81436666666667
6.8189
6.8277
6.83366666666667
6.84233333333333
6.81726666666667
7.08573333333333
6.60243333333333
6.83376666666667
6.81023333333333
6.81296666666667
6.81723333333333
6.8057
6.78913333333333
6.77866666666667
6.78953333333333
6.79686666666667
6.7607
6.78866666666667
6.778
6.8009
6.79096666666667
6.80316666666667
6.8229
6.8318
6.8165
6.81123333333333
6.86163333333333
6.8573
6.84816666666667
6.85193333333333
6.8688
6.8714
6.86623333333333
6.86596666666667
6.86596666666667
6.86533333333333
6.8697
6.86933333333333
6.86693333333333
6.86003333333333
6.85893333333333
6.86026666666667
6.85546666666667
6.8547
6.85286666666667
6.8511
6.85153333333333
6.85446666666667
6.85876666666667
6.8546
6.85393333333333
6.85216666666667
6.85776666666667
6.85716666666667
6.8555
6.85493333333333
6.8509
6.84716666666667
6.8449
6.84433333333333
6.83813333333333
6.83903333333333
6.84173333333333
6.83913333333333
6.83206666666667
6.8301
6.83076666666667
6.82753333333333
6.82403333333333
6.82673333333333
6.82496666666667
6.82613333333333
6.81933333333333
6.81026666666667
6.79936666666667
6.79116666666667
6.79273333333333
6.79956666666667
6.80156666666667
6.80433333333333
6.80063333333333
6.79966666666667
6.796
6.79283333333333
6.75853333333333
6.6869
6.73893333333333
6.79233333333333
6.79706666666667
6.79946666666667
6.79723333333333
6.79626666666667
6.7961
6.80433333333333
6.61813333333333
7.0682
6.90476666666667
6.91363333333333
6.96373333333333
7.00103333333333
7.0358
7.05886666666667
7.08003333333333
7.09953333333333
7.11696666666667
7.12886666666667
7.14153333333333
7.1588
7.18556666666667
7.209
7.231
7.2535
7.27133333333333
7.28473333333333
7.30676666666667
7.32466666666667
7.33463333333333
7.35033333333333
7.36966666666667
7.39093333333333
7.4031
7.42663333333333
7.44696666666667
7.46943333333333
7.4896
7.51196666666667
7.5333
7.55096666666667
7.56956666666667
7.5846
7.5997
7.6185
7.64106666666667
7.66596666666667
7.6818
7.69833333333333
7.71716666666667
7.74023333333333
7.76246666666667
7.7765
7.79146666666667
7.80476666666667
7.81743333333333
7.83243333333333
7.8486
7.8673
7.88976666666667
7.914
7.93896666666667
7.9543
7.97356666666667
7.99553333333333
8.0203
8.0381
8.05516666666667
8.07616666666667
8.08973333333333
8.10313333333333
8.1183
8.13393333333333
8.1513
8.16403333333333
8.1829
8.1963
8.213
8.2271
8.24456666666667
8.25946666666667
8.27773333333333
8.29766666666667
8.3198
8.33663333333333
8.35823333333333
8.37986666666667
8.3949
8.41063333333333
8.4296
8.44776666666667
8.46636666666667
8.48323333333333
8.5009
8.51486666666667
8.53613333333333
8.55526666666667
8.5748
8.59546666666667
8.6139
8.63126666666667
8.6447
8.65726666666667
8.66986666666667
8.6811
8.69376666666667
8.71366666666667
8.7308
8.74816666666667
8.76656666666667
8.7845
8.79533333333333
8.80646666666667
8.82533333333333
8.8307
8.84133333333333
8.8606
8.87483333333333
8.88953333333333
8.906
8.91936666666667
8.93256666666667
8.94553333333333
8.9569
8.97253333333333
8.98736666666667
8.9999
9.0091
9.02313333333333
9.03843333333333
9.05616666666667
9.07306666666667
9.0922
9.11403333333333
9.1284
9.14056666666667
9.15363333333333
9.16396666666667
9.1796
9.1945
9.2104
9.23273333333333
9.2441
9.25723333333333
9.268
9.27613333333333
9.28516666666667
9.29783333333333
9.31383333333333
9.32793333333333
9.33776666666667
9.3465
9.3588
9.3672
9.37603333333333
9.389
9.40606666666667
9.42463333333333
9.4394
9.45536666666667
9.46573333333333
9.47586666666667
9.4854
9.49633333333333
9.5043
9.51463333333333
9.5333
9.54546666666667
9.557
9.56613333333333
9.58063333333333
9.59193333333333
9.60743333333333
9.61753333333333
9.628
9.64183333333333
9.65883333333333
9.67123333333333
9.67606666666667
9.68466666666667
9.69966666666667
9.70683333333333
9.71253333333333
9.72333333333333
9.73853333333333
9.74776666666667
9.7603
9.7759
9.7916
9.8048
9.8159
9.82516666666667
9.8358
9.84303333333333
9.8589
9.87093333333333
9.88236666666667
9.89613333333333
9.9082
9.91906666666667
9.92223333333333
9.93156666666667
9.9413
9.9537
9.9663
9.98016666666667
9.99046666666667
10.0032
10.0102
10.0196666666667
10.0272333333333
10.0379
10.0440666666667
10.0575
10.0632333333333
10.0763333333333
10.0894666666667
10.1015333333333
10.1115333333333
10.1148
10.1328333333333
10.1473333333333
10.1523
10.1588333333333
10.1630666666667
10.1734666666667
10.1797
10.1922333333333
10.1997666666667
10.2093333333333
10.2142
10.2239666666667
10.2325
10.2404666666667
10.2491333333333
10.2618
10.2715666666667
10.2819333333333
10.2936333333333
10.3093
10.3194666666667
10.326
10.3339333333333
10.3428333333333
10.3565333333333
10.3624666666667
10.3738666666667
10.3812333333333
10.3878333333333
10.3957
10.4022666666667
10.4120333333333
10.4160666666667
10.4278666666667
10.4354666666667
10.4429333333333
10.4536666666667
10.4622333333333
10.4695333333333
10.4768333333333
10.4860333333333
10.4930666666667
10.4978666666667
10.5075333333333
10.5098666666667
10.5196666666667
10.5328333333333
10.5404666666667
10.5445
10.5494666666667
10.5531333333333
10.5596666666667
10.5617333333333
10.5640666666667
10.5693333333333
10.5834666666667
10.5874
10.5952666666667
10.601
10.6100333333333
10.6171666666667
10.6229333333333
10.6245666666667
10.6315333333333
10.6424
10.6525
10.6621666666667
10.6641666666667
10.6735333333333
10.6854333333333
10.6919333333333
10.6933666666667
10.6955666666667
10.696
10.7026333333333
10.7088
10.7194333333333
10.7310333333333
10.7430666666667
10.7524333333333
10.7627333333333
10.767
10.7678666666667
10.7733
10.7773
10.7902666666667
10.7919
10.7902333333333
10.7525666666667
11.0186
10.5638666666667
10.8055333333333
10.7920666666667
10.7741
10.7506
10.7405333333333
10.7321
10.7199666666667
10.7287333333333
10.7394333333333
10.7141666666667
10.7134666666667
10.6912666666667
10.7208
10.7171
10.7189333333333
10.7315
10.7409
10.7241
10.7319
10.7784333333333
10.7673
10.7491666666667
10.7372
10.7480333333333
10.7490333333333
10.7453666666667
10.7391
10.7379
10.7357
10.7332
10.7311666666667
10.7259666666667
10.7181
10.7120333333333
10.7122
10.7063
10.7046666666667
10.6977333333333
10.6904
10.6863666666667
10.6773666666667
10.667
10.6613666666667
10.6577
10.6488333333333
10.6409333333333
10.6374666666667
10.6308666666667
10.6282333333333
10.6200666666667
10.6142
10.6104333333333
10.6068333333333
10.6082333333333
10.6043333333333
10.6030333333333
10.5955333333333
10.5912333333333
10.5834
10.5731
10.5666
10.5671666666667
10.5626
10.5682
10.5655
10.5554333333333
10.5445333333333
10.5453666666667
10.5446
10.5502
10.5498
10.5464
10.5411333333333
10.5333333333333
10.5261666666667
10.5175
10.5333
10.9631333333333
11.2262666666667
10.8915333333333
10.4935666666667
10.3758
10.347
10.3438
10.3533666666667
10.2343666666667
9.4728
9.5995
10.2904333333333
10.4973666666667
10.5107
10.5098
10.5037333333333
10.5001666666667
10.5116666666667
10.4350333333333
10.5277333333333
10.2211
11.1083333333333
10.6573
10.6769
10.6931666666667
10.7100333333333
10.7285333333333
10.7435333333333
10.7693333333333
10.7842333333333
10.8036
10.8186
10.8322
10.8451666666667
10.8607666666667
10.8734
10.8845
10.8988666666667
10.9116666666667
10.9252666666667
10.9407666666667
10.9570333333333
10.9723666666667
10.9892333333333
11.0053
11.0181
11.0345666666667
11.0533
11.0743
11.0936
11.1092666666667
11.1236
11.1418333333333
11.1607
11.1750333333333
11.1905333333333
11.2094
11.2243
11.2402333333333
11.2582
11.2745
11.2941666666667
11.3061333333333
11.3195666666667
11.3308
11.3473
11.3626333333333
11.3735333333333
11.3888333333333
11.4012666666667
11.4194666666667
11.4387333333333
11.4536333333333
11.4731333333333
11.4842333333333
11.5027
11.5172333333333
11.5342333333333
11.548
11.5622
11.5723666666667
11.5805333333333
11.5960333333333
11.6102666666667
11.6301
11.6469
11.6654
11.6858666666667
11.6992666666667
11.7093666666667
11.7229333333333
11.7323333333333
11.7402333333333
11.7473
11.7593666666667
11.7707666666667
11.7774333333333
11.7896
11.7977666666667
11.8027
11.8042666666667
11.8164666666667
11.8314666666667
11.8433666666667
11.8523
11.8609666666667
11.8728666666667
11.8778666666667
11.8831
11.8906333333333
11.9062333333333
11.9231
11.9346
11.9520666666667
11.9687333333333
11.9872666666667
11.9992
12.0102666666667
12.0200666666667
12.0319666666667
12.0459333333333
12.0519333333333
12.0551333333333
12.0674
12.0772666666667
12.0835
12.0905666666667
12.0941666666667
12.1040666666667
12.1149666666667
12.1208666666667
12.1254333333333
12.1375
12.1442333333333
12.1441
12.1537333333333
12.1639
12.1696333333333
12.1806333333333
12.1877333333333
12.193
12.2036
12.2116666666667
12.2214333333333
12.2346
12.2413666666667
12.2533333333333
12.2664
12.2753
12.2867666666667
12.2925
12.2997666666667
12.3041666666667
12.3110666666667
12.3250666666667
12.3328
12.3381333333333
12.3420333333333
12.3496
12.3577666666667
12.3572333333333
12.3629
12.3745666666667
12.381
12.3856333333333
12.3906666666667
12.3995666666667
12.4037
12.4135333333333
12.4199
12.4251666666667
12.4271
12.4328333333333
12.4314
12.4410333333333
12.4484
12.4523666666667
12.4667666666667
12.4730333333333
12.4777
12.481
12.4885333333333
12.4943333333333
12.4957333333333
12.5024666666667
12.5143
12.5183666666667
12.5207
12.5194
12.5220333333333
12.5220666666667
12.5226333333333
12.5218333333333
12.5312
12.5404
12.5446333333333
12.5505333333333
12.5578
12.5640333333333
12.5696
12.574
12.5814
12.5874333333333
12.5908333333333
12.5919
12.5942333333333
12.5951
12.6008666666667
12.6052
12.6082666666667
12.607
12.6122333333333
12.6158666666667
12.6208666666667
12.6275
12.6372
12.6489333333333
12.6581666666667
12.6654
12.6635333333333
12.6641333333333
12.6626333333333
12.6667333333333
12.6729333333333
12.6764666666667
12.6855
12.692
12.6977333333333
12.7028333333333
12.7062
12.7094
12.7140666666667
12.7222333333333
12.7269
12.7312666666667
12.7363666666667
12.7421666666667
12.7419666666667
12.7437
12.7429333333333
12.7434333333333
12.7482333333333
12.7531333333333
12.7598
12.7659666666667
12.7629666666667
12.765
12.7618
12.7631666666667
12.7628333333333
12.7666333333333
12.7733
12.775
12.7812
12.7887666666667
12.7938
12.7933
12.7982333333333
12.8015666666667
12.8023
12.8036333333333
12.8058333333333
12.8096
12.8166333333333
12.8165666666667
12.8209333333333
12.8241333333333
12.8278333333333
12.8311666666667
12.8264666666667
12.8275333333333
12.8285
12.8352
12.8374666666667
12.8380333333333
12.8491333333333
12.8551666666667
12.8564666666667
12.8635666666667
12.869
12.8739666666667
12.8762666666667
12.8814333333333
12.8891666666667
12.8933666666667
12.903
12.8999666666667
12.8993
12.8996
12.9033666666667
12.9021333333333
12.8972333333333
12.8989666666667
12.8962
12.8962
12.8951
12.8977
12.9018333333333
12.9053
12.9098333333333
12.9137333333333
12.9186333333333
12.9205333333333
12.9228666666667
12.9261333333333
12.9294
12.9346
12.9334666666667
12.9318666666667
12.9336
12.9365666666667
12.9415666666667
12.9411
12.9390666666667
12.9425333333333
12.9425333333333
12.9434666666667
12.9456333333333
12.9449666666667
12.9346666666667
13.2329333333333
12.5863333333333
12.8345
12.8966
12.9048666666667
12.8983333333333
12.8906666666667
12.8824
12.8795
12.8746
12.8682333333333
12.8577666666667
12.8483666666667
12.8431666666667
12.8292666666667
12.8253666666667
12.8220333333333
12.8150666666667
12.8034
12.7936333333333
12.7856666666667
12.7783
12.7681666666667
12.7652666666667
12.7621333333333
12.7599666666667
12.7557333333333
12.7407666666667
12.7329
12.7219
12.7135666666667
12.7063
12.6968
12.6944333333333
12.6921666666667
12.6884666666667
12.6804333333333
12.6711666666667
12.6607
12.6490666666667
12.6417
12.6393333333333
12.6366333333333
12.6277333333333
12.6171333333333
12.6113666666667
12.6013333333333
12.5853666666667
12.5684666666667
12.5589
12.5498333333333
12.5388333333333
12.5345
12.5275
12.5273666666667
12.5267333333333
12.5178333333333
12.5127333333333
12.5038
12.4880333333333
12.4782
12.4670333333333
12.4583666666667
12.4481333333333
12.4323
12.4202666666667
12.4134333333333
12.4085333333333
12.4011666666667
12.3976
12.3986
12.3945666666667
12.3892333333333
12.3842333333333
12.3739333333333
12.362
12.3489666666667
12.3402
12.3309666666667
12.3226
12.3135666666667
12.3047
12.3000333333333
12.2886333333333
12.2810666666667
12.2734
12.2705333333333
12.2726333333333
12.2685
12.2629
12.2551
12.25
12.2475333333333
12.2452333333333
12.2330333333333
12.2238
12.2142
12.2056666666667
12.1908666666667
12.1768333333333
12.1713666666667
12.1663666666667
12.1560333333333
12.1495666666667
12.1432333333333
12.1356
12.1271666666667
12.1154666666667
12.1019333333333
12.0939666666667
12.0855
12.0764
12.0684
12.0616333333333
12.0566666666667
12.0468333333333
12.0407666666667
12.0397333333333
12.0369333333333
12.0336666666667
12.0288
12.0193666666667
12.0139333333333
12.0076
11.9988666666667
11.9902333333333
11.9776333333333
11.9685
11.9572666666667
11.9492333333333
11.9388
11.9308333333333
11.9257
11.9183333333333
11.9142333333333
11.9076666666667
11.9019
11.9004333333333
11.898
11.8918666666667
11.8864333333333
11.8813333333333
11.8733
11.8653666666667
11.8588666666667
11.8570333333333
11.8467
11.8404666666667
11.8252333333333
11.8108666666667
11.8011666666667
11.7936666666667
11.7939
11.7933
11.7900333333333
11.7875
11.7876
11.7837666666667
11.7756333333333
11.77
11.7633666666667
11.7566333333333
11.7464
11.7386333333333
11.732
11.7176
11.7106333333333
11.7
11.6942
11.6872
11.6790666666667
11.6734
11.6723666666667
11.6683
11.6618
11.6542
11.6386
11.6365333333333
11.6279666666667
11.6228666666667
11.6212
11.6136333333333
11.6108333333333
11.6019
11.5924666666667
11.5768333333333
11.5708
11.5640333333333
11.5486666666667
11.5424666666667
11.5389
11.5350666666667
11.5293333333333
11.523
11.5189
11.5169666666667
11.51
11.5014333333333
11.4930333333333
11.4916333333333
11.4896333333333
11.4850333333333
11.4809
11.4708
11.4654666666667
11.4487666666667
11.437
11.4346
11.4311333333333
11.4280666666667
11.4234333333333
11.4200333333333
11.4177666666667
11.4092666666667
11.4080333333333
11.4037
11.3919333333333
11.3826333333333
11.374
11.3584
11.3469
11.3387666666667
11.3336
11.3331666666667
11.334
11.3353666666667
11.332
11.3276333333333
11.3227333333333
11.3169666666667
11.3140333333333
11.3050666666667
11.2980666666667
11.2854333333333
11.2718666666667
11.2637333333333
11.2479666666667
11.2434666666667
11.2346666666667
11.2267666666667
11.2154
11.2072666666667
11.2005333333333
11.1906333333333
11.1881666666667
11.1833
11.1798333333333
11.1711
11.1591666666667
11.1506333333333
11.1434666666667
11.1320333333333
11.1245
11.1213333333333
11.1154666666667
11.1098
11.1035333333333
11.1001333333333
11.0985333333333
11.0909
11.0917333333333
11.0867
11.0846666666667
11.0770333333333
11.0680666666667
11.0599333333333
11.0473666666667
11.0338333333333
11.0213
11.0119666666667
11.0062
11.0013333333333
10.9974333333333
10.9904666666667
10.9828666666667
10.9756
10.9662333333333
10.9603
10.9567333333333
10.9578333333333
10.9540333333333
10.9464
10.9514333333333
10.9451333333333
10.9434
10.9379666666667
10.9319
10.9279
10.9183333333333
10.9107333333333
10.9063
10.8951666666667
10.8871666666667
10.8797666666667
10.8839333333333
10.8817666666667
10.8730666666667
10.8691666666667
10.8705666666667
10.8684333333333
10.8660333333333
10.8566666666667
10.8534666666667
10.8478
10.8434333333333
10.8402
10.8269
10.8174333333333
10.8110333333333
10.802
10.7926666666667
10.7861666666667
10.7791333333333
10.7733333333333
10.7676
10.7629333333333
10.7630666666667
10.7523
10.7484333333333
10.7432
10.7353666666667
10.7256
10.7170333333333
10.7116
10.7096666666667
10.7067333333333
10.6995666666667
10.6977333333333
10.6909
10.6882
10.6740666666667
10.6669
10.6617
10.6544
10.6486666666667
10.6435666666667
10.6370333333333
10.6342666666667
10.6276333333333
10.6206
10.6179
10.6118
10.6109333333333
10.6089
10.6064666666667
10.6005
10.5938333333333
10.5864
10.5701333333333
10.5584666666667
10.5498333333333
10.5397666666667
10.5395333333333
10.5285666666667
10.5242333333333
10.5220333333333
10.5139333333333
10.5121333333333
10.5073
10.5089333333333
10.5073
10.4999333333333
10.4959333333333
10.4891
10.4857
10.4768
10.4724666666667
10.4681333333333
10.4644666666667
10.4608333333333
10.4504666666667
10.4422666666667
10.4352333333333
10.4299
10.4308333333333
10.4203666666667
10.4148
10.4082666666667
10.4021333333333
10.3945666666667
10.384
10.3782
10.3756666666667
10.37
10.3639333333333
10.3570666666667
10.3535333333333
10.3499666666667
10.3467
10.3412333333333
10.3367
10.3311
10.3254666666667
10.3259333333333
10.3236666666667
10.3190333333333
10.3166666666667
10.3108666666667
10.2977333333333
10.2887666666667
10.2769333333333
10.2683666666667
10.2628666666667
10.2560333333333
10.2537333333333
10.2467666666667
10.2339333333333
10.2282
10.2194
10.2224666666667
10.2186666666667
10.2168333333333
10.2164
10.2169666666667
10.2152
10.2110666666667
10.2096666666667
10.2018333333333
10.1999
10.1903333333333
10.1865333333333
10.1800333333333
10.1735333333333
10.1715666666667
10.1686333333333
10.1598333333333
10.1525666666667
10.1468666666667
10.1457333333333
10.1470666666667
10.1415333333333
10.1351
10.1341666666667
10.1261666666667
10.1157666666667
10.1117
10.1025333333333
10.0992333333333
10.0918333333333
10.0786666666667
10.0663
10.0537
10.0465666666667
10.0422333333333
10.0305
10.0258333333333
10.0229333333333
10.0211666666667
10.0198
10.0118666666667
10.0103333333333
10.0091333333333
10.0064333333333
10.0019666666667
9.9872
9.98453333333333
9.9831
9.9768
9.973
9.96813333333333
9.96943333333333
9.97053333333333
9.97006666666667
9.96476666666667
9.96026666666667
9.9573
9.9622
9.95513333333333
9.94643333333333
9.94186666666667
9.9377
9.9286
9.9207
9.91333333333333
9.9077
9.90096666666667
9.901
9.9001
9.89086666666667
9.8887
9.88366666666667
9.8796
9.87873333333333
9.87156666666667
9.86546666666667
9.85733333333333
9.84853333333333
9.83746666666667
9.82086666666667
9.81676666666667
9.81296666666667
9.81623333333333
9.81676666666667
9.81786666666667
9.82223333333333
9.8197
9.8124
9.80133333333333
9.79363333333333
9.78976666666667
9.787
9.78496666666667
9.78033333333333
9.77726666666667
9.77226666666667
9.758
9.75036666666667
9.7444
9.74093333333333
9.73853333333333
9.7312
9.7288
9.7241
9.7194
9.71116666666667
9.70543333333333
9.69856666666667
9.7015
9.70016666666667
9.6941
9.68686666666667
9.68103333333333
9.6771
9.6681
9.66333333333333
9.6593
9.65263333333333
9.64486666666667
9.64163333333333
9.63403333333333
9.62513333333333
9.6133
9.6094
9.60646666666667
9.59723333333333
9.5928
9.59366666666667
9.5855
9.5801
9.57346666666667
9.5665
9.56056666666667
9.56023333333333
9.557
9.55426666666667
9.5452
9.53986666666667
9.54006666666667
9.53243333333333
9.52266666666667
9.51936666666667
9.51616666666667
9.51026666666667
9.5046
9.49943333333333
9.49766666666667
9.491
9.4845
9.48796666666667
9.48666666666667
9.48276666666667
9.47773333333333
9.4764
9.47203333333333
9.4639
9.45143333333333
9.44586666666667
9.44076666666667
9.435
9.42986666666667
9.4309
9.426
9.4193
9.41793333333333
9.4106
9.40313333333333
9.3941
9.3824
9.3799
9.38106666666667
9.376
9.37413333333333
9.36633333333333
9.36526666666667
9.36233333333333
9.3602
9.35943333333333
9.35783333333333
9.36193333333333
9.3589
9.35593333333333
9.34483333333333
9.33703333333333
9.32893333333333
9.32326666666667
9.31893333333333
9.3113
9.30566666666667
9.30603333333333
9.30096666666667
9.29593333333333
9.2894
9.28716666666667
9.28606666666667
9.2892
9.28233333333333
9.27833333333333
9.27533333333333
9.27076666666667
9.26323333333333
9.2527
9.24733333333333
9.24286666666667
9.23583333333333
9.23173333333333
9.23053333333333
9.22933333333333
9.22596666666667
9.22626666666667
9.2217
9.21833333333333
9.20746666666667
9.19936666666667
9.19356666666667
9.1803
9.17286666666667
9.17333333333333
9.17246666666667
9.1734
9.16996666666667
9.16723333333333
9.16536666666667
9.1629
9.16026666666667
9.153
9.14236666666667
9.1413
9.1362
9.1202
9.11386666666667
9.11266666666667
9.11536666666667
9.11016666666667
9.1062
9.10086666666667
9.0925
9.08526666666667
9.07086666666667
9.06036666666667
9.0589
9.05646666666667
9.05233333333333
9.0514
9.05246666666667
9.0482
9.0454
9.0418
9.04106666666667
9.0392
9.03756666666667
9.0342
9.03203333333333
9.02783333333333
9.02673333333333
9.0254
9.02476666666667
9.01943333333333
9.01836666666667
9.01216666666667
9.00413333333333
8.99736666666667
8.98966666666667
8.97763333333333
8.96623333333333
8.95866666666667
8.95143333333333
8.94403333333333
8.92816666666667
8.92446666666667
8.92093333333333
8.9189
8.91933333333333
8.91773333333333
8.91813333333333
8.91366666666667
8.902
8.89116666666667
8.88816666666667
8.88023333333333
8.87786666666667
8.87416666666667
8.8753
8.87416666666667
8.87503333333333
8.86653333333333
8.86296666666667
8.85993333333333
8.85406666666667
8.8505
8.84703333333333
8.84606666666667
8.85073333333333
8.8477
8.84396666666667
8.83966666666667
8.8365
8.83173333333333
8.82573333333333
8.81923333333333
8.8125
8.81103333333333
8.8023
8.79383333333333
8.79246666666667
8.79083333333333
8.78923333333333
8.7827
8.77913333333333
8.7794
8.77686666666667
8.77933333333333
8.77846666666667
8.77636666666667
8.7691
8.76226666666667
8.76043333333333
8.7596
8.75206666666667
8.74883333333333
8.74403333333333
8.7461
8.74713333333333
8.7411
8.74046666666667
8.73303333333333
8.73016666666667
8.7282
8.72203333333333
8.7209
8.7165
8.71363333333333
8.70956666666667
8.70416666666667
8.7073
8.70133333333333
8.69643333333333
8.69436666666667
8.6887
8.68283333333333
8.67676666666667
8.67536666666667
8.67353333333333
8.67156666666667
8.67156666666667
8.6704
8.6704
8.66743333333333
8.65606666666667
8.64683333333333
8.64216666666667
8.6403
8.6308
8.6299
8.62796666666667
8.6312
8.62933333333333
8.62553333333333
8.61756666666667
8.61076666666667
8.60063333333333
8.597
8.5891
8.5812
8.57763333333333
8.56916666666667
8.56773333333333
8.56046666666667
8.54883333333333
8.54353333333333
8.5346
8.534
8.53183333333333
8.5268
8.5248
8.52203333333333
8.51096666666667
8.50533333333333
8.5046
8.5025
8.49306666666667
8.4846
8.48536666666667
8.47723333333333
8.4691
8.46113333333333
8.46063333333333
8.4588
8.4523
8.4523
8.44956666666667
8.44956666666667
8.44513333333333
8.4432
8.4365
8.43136666666667
8.4232
8.42103333333333
8.42213333333333
8.42453333333333
8.424
8.4206
8.41863333333333
8.4178
8.40963333333333
8.4054
8.4037
8.3975
8.3975
8.39156666666667
8.38346666666667
8.3784
8.37256666666667
8.37306666666667
8.36393333333333
8.3592
8.3605
8.3602
8.35416666666667
8.3493
8.34123333333333
8.34246666666667
8.34006666666667
8.3317
8.3176
8.32033333333333
8.31546666666667
8.31003333333333
8.30276666666667
8.2993
8.29733333333333
8.29603333333333
8.2942
8.2884
8.28506666666667
8.27833333333333
8.27603333333333
8.26796666666667
8.2639
8.26336666666667
8.2576
8.2588
8.25066666666667
8.24316666666667
8.23913333333333
8.23356666666667
8.23723333333333
8.23016666666667
8.22606666666667
8.22653333333333
8.2238
8.21803333333333
8.20776666666667
8.19846666666667
8.19883333333333
8.1958
8.1947
8.1934
8.1921
8.18956666666667
8.18456666666667
8.1833
8.17863333333333
8.17416666666667
8.16726666666667
8.15856666666667
8.1484
8.14143333333333
8.1395
8.1338
8.12743333333333
8.12743333333333
8.1283
8.1237
8.11933333333333
8.1156
8.11423333333333
8.11246666666667
8.10883333333333
8.10463333333333
8.10453333333333
8.1004
8.0994
8.09406666666667
8.09123333333333
8.08356666666667
8.07923333333333
8.07613333333333
8.0743
8.06416666666667
8.06473333333333
8.05473333333333
