0.0771895
0.06441
0.0566605
0.071559
0.0916195
0.097432
0.1012025
0.107002
0.108989
0.1169235
0.113754
0.1185255
0.119534
0.1225035
0.128009
0.130426
0.1275575
0.140477
0.14899
0.156535
0.154541
0.1383665
0.1460585
0.1606825
0.162387
0.171176
0.181137
0.190564
0.1939725
0.2005465
0.210251
0.1994705
0.1911315
0.185977
0.1731065
0.151883
0.1519745
0.150154
0.1586685
0.16978
0.1852385
0.1952715
0.208603
0.2147675
0.209976
0.212471
0.2216765
0.2252305
0.2137375
0.2137145
0.2100125
0.19955
0.1892545
-0.0142228
0.3670595
0.223927
0.145756
0.4080015
-0.200525
0.70521
0.1862905
0.4116255
0.3557955
0.3088745
0.3073455
0.3263015
0.346173
0.359343
0.355777
0.3436615
0.3498105
0.364502
0.365843
0.372261
0.37973
0.3826245
0.372691
0.382365
0.3922835
0.395485
0.396919
0.3965715
0.4006055
0.3998535
0.419104
0.429164
0.441368
0.441673
0.438365
0.4404295
0.4470855
0.455885
0.4818435
0.501645
0.520395
0.530855
0.534405
0.524815
0.516895
0.52136
0.523885
0.53921
0.55915
0.56489
0.57762
0.58516
0.598665
0.605855
0.615175
0.62512
0.633615
0.64398
0.65673
0.66845
0.67837
0.690205
0.69282
0.701305
0.70669
0.70303
0.70627
0.70972
0.713795
0.71939
0.73292
0.744425
0.740335
0.746155
0.751855
0.764235
0.775835
0.79029
0.808875
0.81618
0.83204
0.834085
0.831565
0.83263
0.8309
0.830955
0.83929
0.8505
0.86714
0.88685
0.907415
0.92579
0.939245
0.9452
0.9393
0.927235
0.93287
0.93598
0.944965
0.951265
0.96004
0.958375
0.96681
0.975665
0.984715
0.995015
1.00684
1.01982
1.03348
1.038125
1.043525
1.051675
1.052775
1.057745
1.07236
1.083635
1.08685
1.10184
1.11654
1.1199
1.117885
1.123605
1.13801
1.14641
1.15208
1.162165
1.171215
1.18087
1.181025
1.190055
1.200115
1.197805
1.19927
1.21059
1.217385
1.22541
1.24421
1.262515
1.26948
1.27637
1.28508
1.29259
1.301175
1.304255
1.30915
1.31719
1.32638
1.327425
1.337795
1.33872
1.356565
1.358845
1.37093
1.374795
1.373005
1.387125
1.39076
1.39607
1.397805
1.410435
1.422865
1.437305
1.4575
1.475305
1.48514
1.48895
1.496405
1.49384
1.49607
1.50173
1.51655
1.52421
1.53692
1.550225
1.556445
1.562745
1.56572
1.57649
1.59149
1.601875
1.61091
1.609305
1.613145
1.62023
1.61544
1.61535
1.62041
1.63101
1.64262
1.641845
1.65735
1.671515
1.677435
1.681775
1.6913
1.70051
1.7047
1.70633
1.716755
1.717015
1.725235
1.73707
1.746355
1.75841
1.766545
1.77904
1.782975
1.79634
1.797145
1.807115
1.81672
1.827315
1.848975
1.85673
1.86617
1.871495
1.88293
1.891575
1.88619
1.900235
1.909815
1.906805
1.90077
1.907035
1.914125
1.926225
1.93601
1.93813
1.938415
1.958155
1.96721
1.97746
1.987575
2.005355
2.011845
2.02439
2.032975
2.040505
2.04612
2.047985
2.062585
2.07052
2.076955
2.08716
2.097125
2.10884
2.120865
2.119035
2.128005
2.13289
2.144815
2.153425
2.166655
2.16692
2.17518
2.178495
2.18583
2.17842
2.183515
2.1827
2.192865
2.200455
2.20811
2.217415
2.23353
2.24673
2.266755
2.28108
2.291305
2.290485
2.296675
2.30446
2.307555
2.317655
2.323
2.33737
2.35101
2.3575
2.3575
2.35816
2.371765
2.381605
2.38844
2.40005
2.40242
2.400675
2.39731
2.407145
2.412225
2.415465
2.41735
2.432105
2.44779
2.461605
2.482125
2.494975
2.50319
2.515215
2.516535
2.51352
2.51361
2.519425
2.524145
2.527735
2.521535
2.48058
2.510035
2.53805
2.525995
2.54266
2.581245
2.58565
2.56145
2.569765
2.58589
2.588455
2.628255
2.60809
2.60921
2.622615
2.57234
2.60778
2.61423
2.62445
2.632715
2.640405
2.63147
2.625755
2.64206
2.64577
2.6466
2.64806
2.660225
2.669895
2.67837
2.692225
2.695885
2.701965
2.701445
2.70166
2.70144
2.69571
2.696765
2.694465
2.697515
2.69427
2.69853
2.706885
2.70912
2.707315
2.70912
2.717625
2.713995
2.71792
2.712595
2.713355
2.710795
2.7126
2.705155
2.703445
2.702085
2.703915
2.70312
2.707245
2.71243
2.71668
2.718965
2.72385
2.730665
2.72782
2.72895
2.721025
2.718565
2.711305
2.71286
2.71266
2.722225
2.72561
2.733435
2.75142
2.763935
2.767745
2.76171
2.764495
2.76135
2.767385
2.742415
2.67553
2.750825
2.771915
2.77195
2.758355
2.749535
2.751225
2.746945
2.52339
3.18409
2.58325
2.84903
2.893965
2.913585
2.924375
2.928395
2.936485
2.943855
2.964545
2.97052
2.978575
2.985025
3.006695
3.01256
3.022975
3.035195
3.05358
3.059685
3.068215
3.07613
3.086425
3.09323
3.110855
3.106635
3.09719
3.10886
3.11732
3.123105
3.137065
3.15115
3.1583
3.173575
3.1868
3.20181
3.218905
3.223865
3.231845
3.232925
3.22755
3.22884
3.24215
3.257395
3.26806
3.27891
3.29919
3.31783
3.317575
3.330055
3.351555
3.36763
3.37707
3.386165
3.39316
3.39851
3.41275
3.43278
3.44543
3.466775
3.478615
3.498485
3.50849
3.51043
3.523655
3.54004
3.552275
3.55557
3.57395
3.59238
3.60067
3.621865
3.636175
3.65473
3.66922
3.67002
3.677545
3.691365
3.69541
3.69638
3.709315
3.726545
3.74336
3.767415
3.783325
3.791935
3.80738
3.80931
3.812895
3.82175
3.838125
3.856775
3.877245
3.89681
3.915825
3.93095
3.944585
3.94953
3.96005
3.965885
3.97904
3.986435
3.990605
4.000715
4.001005
4.008195
4.025105
4.042895
4.055285
4.06161
4.075445
4.08524
4.09571
4.1059
4.117305
4.131365
4.14513
4.15262
4.171165
4.18399
4.172175
4.17766
4.193135
4.21386
4.227335
4.248055
4.267465
4.27725
4.28201
4.286425
4.292115
4.30627
4.32567
4.346185
4.37158
4.386165
4.38834
4.40228
4.4079
4.412135
4.416855
4.429305
4.44245
4.4506
4.455385
4.47257
4.483365
4.48769
4.498675
4.50775
4.516725
4.529895
4.54133
4.56102
4.572395
4.58228
4.59615
4.60216
4.61587
4.63168
4.650865
4.660265
4.675615
4.692505
4.71105
4.72112
4.740375
4.749425
4.75107
4.750555
4.752835
4.7547
4.76185
4.773255
4.799835
4.820345
4.84135
4.857555
4.867295
4.88301
4.894975
4.905035
4.91561
4.91459
4.93222
4.94625
4.947465
4.95715
4.966925
4.980715
4.991695
5.0069
5.0175
5.0282
5.0416
5.05185
5.0697
5.0813
5.09405
5.1126
5.12375
5.13725
5.14325
5.14895
5.16155
5.1712
5.1772
5.1951
5.19985
5.20885
5.21575
5.2176
5.2214
5.2267
5.24185
5.24485
5.2622
5.2716
5.2809
5.28655
5.2968
5.31265
5.33465
5.3463
5.3574
5.3715
5.37785
5.3811
5.37795
5.39615
5.4034
5.4277
5.4443
5.4431
5.4531
5.4671
5.4793
5.4866
5.5013
5.50725
5.52195
5.52905
5.54545
5.552
5.56305
5.57925
5.6012
5.61355
5.6174
5.62395
5.63715
5.65575
5.66615
5.68095
5.69675
5.7165
5.7252
5.7209
5.73285
5.73835
5.74635
5.7561
5.76905
5.78585
5.8006
5.8074
5.8099
5.80755
5.8181
5.8271
5.84735
5.8651
5.8802
5.8959
5.90245
5.9112
5.91175
5.9138
5.91255
5.9245
5.93115
5.94045
5.9595
5.9665
5.98585
5.9923
6.0012
6.0096
6.01405
6.01785
6.0268
6.03385
6.04465
6.0641
6.08405
6.1077
6.10885
6.1116
6.11805
6.12765
6.11515
6.0797
6.1676
6.1615
6.1661
6.1354
6.1303
6.13955
6.1419
6.1481
6.16245
6.19665
6.21865
6.1761
6.1926
6.16815
6.20145
6.20245
6.2101
6.22415
6.2337
6.2179
6.1816
6.2205
6.2313
6.2187
6.2147
6.22265
6.2342
6.22285
6.22485
6.22065
6.22395
6.22585
6.2322
6.23155
6.22465
6.23175
6.23455
6.23155
6.2349
6.24385
6.24655
6.24415
6.248
6.25155
6.24545
6.23425
6.2325
6.22205
6.21635
6.2153
6.2199
6.2102
6.208
6.21475
6.2118
6.20505
6.2034
6.20365
6.20785
6.2103
6.2134
6.22005
6.2307
6.23495
6.2364
6.23015
6.2309
6.23055
6.2097
6.20265
6.1834
6.17025
6.1899
6.19695
6.1952
6.20125
6.2056
6.20405
6.20655
6.23505
6.1329
6.13595
6.2109
6.21915
6.2105
6.2047
6.2102
6.2054
6.20555
6.0094
6.63325
6.1813
6.3021
6.35655
6.38945
6.40605
6.42125
6.4293
6.44155
6.45025
6.45575
6.47245
6.4792
6.49715
6.5085
6.5215
6.5267
6.54645
6.5592
6.5817
6.5867
6.6009
6.6091
6.63135
6.65495
6.6788
6.7015
6.72865
6.75245
6.7688
6.78525
6.8073
6.8315
6.85265
6.88035
6.89695
6.92205
6.9327
6.9508
6.95935
6.9713
6.9799
6.99785
7.01855
7.0328
7.043
7.05725
7.0797
7.09975
7.131
7.15395
7.17745
7.19885
7.2195
7.2431
7.2634
7.27875
7.3039
7.3137
7.32995
7.34385
7.36265
7.37
7.38725
7.40745
7.43175
7.44535
7.4604
7.4862
7.505
7.52465
7.5416
7.5551
7.57135
7.58195
7.6023
7.6248
7.64745
7.67545
7.7004
7.71985
7.73955
7.76415
7.78035
7.7955
7.8051
7.824
7.84695
7.8698
7.8809
7.89175
7.9147
7.93605
7.95555
7.97505
7.9905
8.0049
8.00495
8.01305
8.0258
8.04115
8.05625
8.0763
8.09905
8.1191
8.13585
8.1628
8.1702
8.1816
8.2091
8.21915
8.24155
8.2628
8.286
8.3027
8.315
8.3294
8.345
8.3598
8.3758
8.39775
8.4289
8.4505
8.47025
8.4996
8.5118
8.52565
8.5346
8.5422
8.5608
8.57715
8.5945
8.60475
8.62185
8.6373
8.65655
8.6669
8.68365
8.7026
8.72685
8.74125
8.7496
8.7701
8.77465
8.7787
8.7854
8.797
8.82145
8.84985
8.8765
8.89795
8.9307
8.94245
8.95955
8.9615
8.9657
8.9759
8.98725
9.0029
9.01185
9.03075
9.0469
9.0539
9.06255
9.07335
9.09635
9.11725
9.12725
9.1452
9.1679
9.177
9.1924
9.2055
9.21695
9.23005
9.2379
9.2602
9.2751
9.2933
9.3149
9.3343
9.34965
9.36805
9.37205
9.3771
9.38585
9.398
9.41135
9.4285
9.45555
9.4743
9.4866
9.5073
9.52845
9.54135
9.5438
9.55655
9.5608
9.56655
9.5866
9.6011
9.6296
9.6426
9.664
9.68425
9.69895
9.71625
9.72995
9.73705
9.7481
9.76775
9.78675
9.79305
9.8118
9.82255
9.84455
9.85815
9.8665
9.88635
9.8966
9.9036
9.9223
9.9357
9.9448
9.95125
9.9599
9.97895
9.9978
10.0146
10.0261
10.04215
10.0612
10.07945
10.092
10.1001
10.1122
10.12785
10.1444
10.15385
10.16655
10.1823
10.20005
10.2048
10.2221
10.24225
10.25285
10.2675
10.2905
10.30935
10.3216
10.33715
10.35165
10.36255
10.37745
10.386
10.3909
10.4015
10.4165
10.42215
10.43365
10.44655
10.45905
10.4768
10.4872
10.4915
10.5052
10.52195
10.5325
10.55225
10.57175
10.588
10.5971
10.6077
10.6165
10.62705
10.638
10.6526
10.66725
10.67525
10.6875
10.7
10.71105
10.72585
10.7314
10.74185
10.7519
10.7622
10.7764
10.7876
10.81105
10.82825
10.8447
10.85675
10.8686
10.87725
10.8821
10.88955
10.9124
10.9288
10.93935
10.9356
10.97515
10.95285
10.9003
10.91885
10.9348
10.9269
10.93075
10.90805
10.88755
10.90925
10.9432
10.89635
10.9095
10.93395
10.91985
10.92905
10.9147
10.9023
10.9076
10.89485
10.87905
10.91835
10.9207
10.89325
10.90615
10.9331
10.92635
10.89415
10.8782
10.8659
10.86535
10.88185
10.893
10.89445
10.8954
10.895
10.89225
10.89445
10.8932
10.8855
10.87525
10.87515
10.87395
10.86415
10.855
10.85705
10.85465
10.85135
10.8499
10.86425
10.8735
10.87025
10.87325
10.86435
10.85505
10.84415
10.8324
10.8245
10.82385
10.81805
10.8111
10.7976
10.79105
10.77905
10.78495
10.79565
10.81375
10.80855
10.8065
10.8066
10.77585
10.76865
10.7629
10.75685
10.7706
10.7712
10.77745
10.7768
10.7714
10.7817
10.64585
10.69525
10.7878
10.7899
10.79035
10.783
10.7687
10.76955
10.7684
10.56335
11.17845
10.63315
10.76745
10.888
10.93035
10.9579
10.98335
11.0123
11.05675
11.09995
11.12685
11.1515
11.18295
11.21435
11.24125
11.2671
11.2918
11.3208
11.3542
11.38195
11.41955
11.4433
11.47115
11.49385
11.5151
11.53235
11.5668
11.59145
11.6159
11.648
11.6766
11.70955
11.73705
11.76625
11.79385
11.8214
11.8446
11.8692
11.89675
11.92195
11.94485
11.9713
11.99975
12.03745
12.06755
12.09815
12.12205
12.147
12.1647
12.1902
12.2244
12.2551
12.28595
12.3165
12.35265
12.3723
12.3901
12.41545
12.4476
12.47
12.49275
12.5105
12.53565
12.5572
12.58445
12.61555
12.64435
12.6699
12.69745
12.71475
12.7253
12.73655
12.7599
12.7761
12.79885
12.83415
12.8639
12.89
12.9153
12.9407
12.9632
12.98385
13.006
13.0354
13.06245
13.08065
13.09235
13.1104
13.13205
13.1562
13.17525
13.1982
13.23085
13.25145
13.2757
13.2899
13.31425
13.3406
13.3583
13.3785
13.40585
13.43355
13.4613
13.4763
13.49815
13.53125
13.5551
13.5722
13.59535
13.61375
13.62625
13.64825
13.67155
13.68595
13.7153
13.7307
13.7514
13.7704
13.7857
13.79675
13.8167
13.83685
13.86115
13.89175
13.91555
13.94005
13.96185
13.98485
13.9981
14.01095
14.03205
14.05925
14.0807
14.09895
14.11395
14.13195
14.1549
14.17195
14.1865
14.21
14.24135
14.2661
14.27985
14.29195
14.31235
14.32515
14.33795
14.36065
14.38215
14.4015
14.41245
14.42945
14.4363
14.4499
14.4636
14.483
14.49875
14.5138
14.5326
14.54615
14.56145
14.57705
14.59845
14.6209
14.64195
14.66045
14.67465
14.69175
14.71885
14.7273
14.72855
14.7373
14.7404
14.7543
14.7569
14.7806
14.80225
14.83245
14.86145
14.88545
14.9033
14.92555
14.94565
14.957
14.96465
14.9734
14.98695
15.00045
15.011
15.03095
15.05385
15.06685
15.07235
15.0826
15.09435
15.10985
15.1222
15.146
15.1665
15.1772
15.18775
15.19825
15.2136
15.22335
15.2328
15.2481
15.2577
15.2726
15.29135
15.30545
15.3206
15.3274
15.3488
15.3667
15.3785
15.39655
15.40215
15.4125
15.4269
15.4313
15.4423
15.45145
15.46205
15.47605
15.49225
15.504
15.51625
15.5284
15.54635
15.56255
15.5839
15.59765
15.6117
15.62625
15.6351
15.64675
15.6566
15.67625
15.686
15.69635
15.7124
15.7224
15.735
15.7448
15.75435
15.76535
15.78325
15.79385
15.80225
15.81655
15.82395
15.8381
15.8542
15.8682
15.8826
15.8944
15.90245
15.9122
15.92095
15.93605
15.94675
15.95615
15.9614
15.9719
15.98135
15.9736
15.973
15.96435
15.967
15.97585
15.97685
15.9914
16.00175
16.01245
16.0157
16.01945
16.0374
16.0465
16.0567
16.06275
16.07665
16.08715
16.09855
16.11715
16.1222
16.1317
16.13705
16.15225
16.16585
16.1766
16.1876
16.1917
16.2025
16.20595
16.20365
16.2087
16.2186
16.2278
16.2376
16.24875
16.2328
16.27555
16.32015
16.2635
16.25305
16.2284
16.2202
16.2134
16.20425
16.1939
16.2076
16.22435
16.1968
16.1943
16.12825
16.19925
16.1926
16.1379
16.12975
16.1341
16.1029
16.0798
16.15745
16.16815
16.133
16.07725
16.08185
16.0961
16.09215
16.0866
16.07455
16.0836
16.07385
16.07775
16.0725
16.0634
16.06385
16.06395
16.05755
16.04895
16.03835
16.02915
16.0226
16.00395
15.99355
15.9838
15.9736
15.9699
15.9682
15.95515
15.9462
15.93975
15.9348
15.9259
15.9243
15.9241
15.9169
15.9176
15.90325
15.8897
15.88945
15.88365
15.88
15.87395
15.88365
15.8756
15.87805
15.8797
15.8651
15.845
15.8327
15.8285
15.8207
15.8267
15.81975
15.8224
15.8213
15.81655
15.81705
15.8159
16.23345
17.0945
16.7391
16.0434
15.83005
15.8031
15.79855
15.80495
15.69985
14.284
14.1436
15.32605
15.71775
15.77565
15.78645
15.7789
15.77135
15.76715
15.69515
15.8481
15.6775
15.88895
15.9074
15.93885
15.9533
15.97145
15.98775
16.00965
16.03985
16.0593
16.07045
16.09145
16.10825
16.1269
16.1497
16.17065
16.2018
16.22825
16.24465
16.2724
16.2962
16.31245
16.3301
16.3559
16.381
16.4005
16.4312
16.4567
16.4695
16.4922
16.51865
16.54085
16.57185
16.6022
16.6292
16.6538
16.669
16.6903
16.7081
16.72585
16.7523
16.78275
16.79485
16.8074
16.82415
16.8442
16.8537
16.8658
16.89295
16.91945
16.94325
16.9764
17.00345
17.01845
17.03055
17.04895
17.07
17.09685
17.1224
17.14385
17.1543
17.1666
17.18725
17.20635
17.22005
17.24165
17.2659
17.27875
17.2867
17.30005
17.3154
17.32465
17.332
17.3461
17.36475
17.38125
17.40525
17.4205
17.43255
17.44765
17.45595
17.4713
17.49285
17.50515
17.52395
17.5265
17.5357
17.5468
17.55
17.5526
17.56375
17.5817
17.60945
17.6216
17.6452
17.67135
17.687
17.7144
17.7299
17.7428
17.75055
17.7591
17.7655
17.76735
17.78545
17.79915
17.81085
17.81585
17.82965
17.8346
17.83985
17.83825
17.84695
17.85655
17.8563
17.86795
17.8914
17.90675
17.9259
17.9448
17.95265
17.9612
17.9651
17.9759
17.9864
17.9962
18.00775
18.022
18.03985
18.05615
18.0592
18.06635
18.0737
18.07235
18.0828
18.0972
18.1058
18.1067
18.1163
18.1253
18.13035
18.1263
18.14285
18.15995
18.15745
18.171
18.19155
18.2039
18.21755
18.23195
18.24655
18.24955
18.25685
18.25695
18.263
18.2767
18.28265
18.29295
18.30295
18.31085
18.3208
18.33135
18.33875
18.3387
18.3421
18.3462
18.35015
18.3541
18.3515
18.35755
18.3698
18.3674
18.37215
18.3808
18.3852
18.3909
18.39565
18.3999
18.40695
18.4161
18.4184
18.436
18.4392
18.45045
18.4471
18.45655
18.46625
18.47185
18.47755
18.47645
18.47685
18.4815
18.4817
18.49215
18.49745
18.51205
18.52665
18.5327
18.5463
18.54775
18.55445
18.5605
18.56245
18.57175
18.57805
18.58155
18.5831
18.5862
18.58715
18.60105
18.6059
18.61715
18.6233
18.637
18.6386
18.64615
18.65165
18.6426
18.64265
18.65145
18.65395
18.66155
18.66695
18.6839
18.70145
18.70125
18.70085
18.7036
18.7013
18.7134
18.7152
18.7278
18.7308
18.73505
18.7358
18.7391
18.73545
18.7268
18.71655
18.7169
18.70715
18.7064
18.7137
18.7305
18.74545
18.7495
18.76585
18.7744
18.7848
18.7779
18.78245
18.79005
18.7898
18.7931
18.7931
18.7965
18.80105
18.79715
18.79385
18.80615
18.80775
18.8156
18.8232
18.83185
18.84685
18.85625
18.86355
18.84755
18.8417
18.8368
18.8305
18.82725
18.83215
18.84115
18.8421
18.85025
18.8549
18.8466
18.8501
18.84695
18.85475
18.85225
18.8569
18.8665
18.87315
18.87725
18.8741
18.8725
18.87625
18.87295
18.87645
18.87645
18.88935
18.89195
18.8962
18.89775
18.90295
18.90385
18.88695
18.86635
18.85585
18.89225
18.81245
18.83485
18.83645
18.83695
18.8293
18.8214
18.82095
18.81355
18.8091
18.7988
18.7861
18.77
18.75455
18.7497
18.75415
18.753
18.74705
18.7375
18.7302
18.7217
18.70965
18.7103
18.7051
18.704
18.69875
18.6933
18.6821
18.66725
18.64915
18.63225
18.61335
18.5993
18.58655
18.57965
18.57285
18.5709
18.5629
18.55445
18.5491
18.55055
18.5481
18.5431
18.5243
18.52015
18.5061
18.4864
18.461
18.4441
18.441
18.4294
18.4187
18.40815
18.3987
18.39335
18.3807
18.3673
18.35495
18.3329
18.3255
18.3118
18.311
18.30005
18.28785
18.27685
18.26315
18.2579
18.24
18.24345
18.2467
18.24405
18.24575
18.2335
18.23175
18.22935
18.21185
18.20165
18.1909
18.18095
18.16035
18.1425
18.1411
18.1368
18.12625
18.1274
18.12745
18.12235
18.11145
18.09705
18.0862
18.073
18.0593
18.05395
18.04285
18.0343
18.02415
18.0145
18.0055
17.9872
17.97765
17.97195
17.9696
17.9573
17.9472
17.94595
17.9425
17.93605
17.91705
17.90745
17.8987
17.89575
17.8813
17.873
17.87255
17.86725
17.86185
17.85705
17.85125
17.84795
17.84585
17.83975
17.83315
17.8256
17.8063
17.797
17.78265
17.7766
17.76315
17.75555
17.75205
17.74225
17.73175
17.7137
17.70785
17.69425
17.6887
17.68615
17.68275
17.68555
17.66885
17.6573
17.6485
17.64075
17.63145
17.62235
17.61245
17.6071
17.5961
17.5795
17.5748
17.5584
17.548
17.54735
17.5465
17.53745
17.53345
17.5358
17.5364
17.5276
17.52845
17.51845
17.517
17.5069
17.49615
17.48255
17.46885
17.4621
17.4485
17.44775
17.4403
17.4401
17.43995
17.43095
17.4122
17.39905
17.38045
17.3741
17.36535
17.36355
17.3635
17.3575
17.34125
17.3313
17.3173
17.3019
17.29325
17.29395
17.28195
17.2724
17.27175
17.26195
17.2565
17.24565
17.2433
17.2321
17.22605
17.2091
17.20635
17.2028
17.2075
17.1942
17.19105
17.1827
17.16765
17.15145
17.13785
17.12825
17.12805
17.12745
17.1277
17.11715
17.1065
17.1068
17.10185
17.09535
17.0763
17.0677
17.0608
17.0388
17.0317
17.01865
17.0197
17.01705
17.0126
17.00915
17.0013
16.9974
16.9925
16.978
16.97195
16.9653
16.9429
16.927
16.91395
16.9081
16.89345
16.8876
16.883
16.87725
16.87075
16.8585
16.85265
16.84225
16.8388
16.8372
16.83215
16.8207
16.80195
16.7884
16.785
16.77025
16.7687
16.7625
16.76375
16.7563
16.75205
16.7516
16.75455
16.7421
16.73745
16.7305
16.7326
16.72605
16.70825
16.70165
16.69075
16.67445
16.659
16.65605
16.64855
16.6388
16.64145
16.64675
16.64515
16.63115
16.6165
16.61555
16.60675
16.597
16.59375
16.58375
16.5807
16.5738
16.562
16.55105
16.5392
16.5348
16.52565
16.51755
16.5147
16.51525
16.5027
16.49445
16.49265
16.48515
16.4718
16.46645
16.4679
16.46935
16.4638
16.47115
16.463
16.4597
16.44835
16.4386
16.4319
16.42685
16.41865
16.40495
16.40085
16.39675
16.3919
16.38715
16.37785
16.37235
16.36225
16.35085
16.3329
16.3282
16.32315
16.3175
16.30785
16.30775
16.30145
16.303
16.2932
16.279
16.27025
16.258
16.2489
16.24325
16.24265
16.2366
16.2376
16.2325
16.21785
16.213
16.20165
16.1894
16.1862
16.18015
16.1763
16.17155
16.16805
16.1624
16.15945
16.15755
16.1425
16.13295
16.12565
16.11685
16.1126
16.1018
16.0954
16.09615
16.0847
16.06815
16.0585
16.0659
16.05775
16.04735
16.0423
16.03725
16.02605
16.0169
16.0071
16.0104
15.99915
16.0014
15.9899
15.9825
15.97925
15.97315
15.97215
15.97135
15.959
15.95375
15.9524
15.94085
15.93335
15.9331
15.93695
15.9327
15.91885
15.90745
15.8982
15.887
15.87725
15.8657
15.8615
15.8571
15.8602
15.8638
15.8616
15.8602
15.8486
15.8398
15.8228
15.81005
15.79795
15.79195
15.77685
15.77135
15.76375
15.7643
15.7522
15.74225
15.73935
15.7366
15.72195
15.70385
15.7015
15.702
15.6956
15.6966
15.7049
15.70715
15.7016
15.6925
15.6786
15.67295
15.6624
15.6544
15.64285
15.637
15.6319
15.62235
15.62245
15.61405
15.61935
15.61305
15.6079
15.6011
15.5849
15.5835
15.57815
15.5683
15.5612
15.5512
15.5468
15.5374
15.5317
15.5227
15.5087
15.5024
15.49405
15.4944
15.4916
15.49175
15.4967
15.49915
15.5016
15.49035
15.47765
15.4728
15.4762
15.46785
15.4622
15.4523
15.4557
15.44835
15.44155
15.4331
15.42805
15.42395
15.41905
15.41175
15.4083
15.40245
15.3876
15.37295
15.3642
15.36275
15.35855
15.35315
15.3579
15.35675
15.35185
15.35105
15.34335
15.3358
15.3315
15.3317
15.3325
15.33245
15.3292
15.3282
15.3191
15.3087
15.3038
15.2881
15.28645
15.28335
15.28175
15.2762
15.26625
15.2599
15.2431
15.24105
15.22875
15.21055
15.2049
15.1863
15.19045
15.18335
15.17725
15.17805
15.1725
15.1715
15.16315
15.15305
15.14105
15.12765
15.12315
15.12215
15.1142
15.11435
15.1133
15.0993
15.08375
15.0778
15.0724
15.0595
15.0516
15.0514
15.04095
15.02565
15.0151
15.0094
15.0011
14.99135
14.986
14.9858
14.97765
14.9739
14.9729
14.9669
14.95385
14.9436
14.9384
14.9228
14.92135
14.9132
14.9116
14.90645
14.9044
14.9075
14.9026
14.8966
14.887
14.8728
14.85985
14.85025
14.8464
14.8439
14.8375
14.8388
14.84305
14.84205
14.83505
14.8374
14.8333
14.8333
14.82265
14.8044
14.79635
14.788
14.7862
14.7721
14.7734
14.77175
14.77035
14.7622
14.76215
14.75695
14.74735
14.7415
14.72685
14.7216
14.7161
14.7094
14.69705
14.687
14.6917
14.68765
14.6821
14.67805
14.6782
14.6813
14.67785
14.66625
14.649
14.64305
14.637
14.6362
14.62315
14.61405
14.618
14.62645
14.61825
14.61325
14.61605
14.61605
14.61225
14.59695
14.59595
14.5823
14.5772
14.57235
14.5665
14.55835
14.5563
14.547
14.5456
14.5368
14.5355
14.52115
14.51105
14.50125
14.48855
14.485
14.47355
14.46705
14.46685
14.45715
14.4506
14.44655
14.44245
14.4382
14.428
14.42375
14.42065
14.41835
14.40895
14.4018
14.39445
14.39105
14.3761
14.36405
14.37015
14.3644
14.367
14.366
14.36745
14.35805
14.35555
14.3362
14.3222
14.31215
14.312
14.30675
14.304
14.31135
14.3085
14.311
14.3014
14.2988
14.2959
14.29195
14.2923
14.2843
14.2837
14.28695
14.2851
14.2887
14.29245
14.28505
14.2856
14.2735
14.26925
14.2569
14.2405
14.22665
14.20955
14.1959
14.19035
14.18015
14.17245
14.17715
14.18
14.18035
14.1781
14.17805
14.1816
14.17605
14.1638
14.155
14.1569
14.14935
14.14795
14.152
14.1495
14.1518
14.1394
14.138
14.13405
14.1288
14.12235
14.11635
14.1038
14.10695
14.1022
14.09695
14.09035
14.08735
14.08545
14.08055
14.0813
14.0753
14.06845
14.0657
14.0569
14.05465
14.04815
14.03675
14.0306
14.0251
14.02605
14.027
14.0317
14.0335
14.03815
14.0241
14.01945
14.0177
14.0122
14.00515
13.99495
13.98725
13.9835
13.98225
13.9835
13.9745
13.96495
13.9581
13.94735
13.9415
13.92875
13.92625
13.9253
13.9199
13.9219
13.9312
13.9352
13.93115
13.9272
13.92625
13.9179
13.9075
13.8938
13.89675
13.89285
13.89285
13.89775
13.90265
13.9049
13.8953
13.8889
13.88485
13.8821
13.877
13.8673
13.8626
13.8708
13.87055
13.8632
13.86665
13.8624
13.8536
13.8476
13.84125
13.8308
13.81995
13.81165
13.81025
13.8012
13.78785
13.7737
13.76945
13.7587
13.7514
13.7382
13.73265
13.72995
13.7216
13.71625
13.71365
13.7114
13.70225
13.68445
13.679
13.6728
13.6655
13.6616
13.66655
13.6655
13.6655
13.6606
13.65655
13.64755
13.6427
13.638
13.6271
13.6258
13.6222
13.61845
13.6144
13.6178
13.6227
13.62395
13.61925
13.61865
13.6219
13.615
13.60785
13.59795
13.58815
13.5805
13.55835
13.5509
13.53675
13.5278
13.52745
13.5317
13.5327
13.5393
13.53805
13.54145
13.53345
13.53265
13.5292
13.5266
13.5144
13.5087
13.4964
13.48255
13.4764
13.47705
13.47625
13.4858
13.48695
13.4931
13.49065
13.4791
13.4713
13.45875
13.44835
13.4386
13.43795
13.42765
13.4179
13.4124
13.41135
13.41575
13.42375
13.42135
13.422
13.4224
13.4184
13.4184
13.42215
13.4106
13.40225
13.39675
13.39595
13.3884
13.3813
13.37785
13.3733
13.37235
13.37335
13.3704
13.36235
13.3507
13.34035
13.32415
13.31705
13.3128
13.29405
13.29325
13.28735
13.2872
13.2774
13.2669
13.26305
13.2612
13.2508
13.23905
13.24265
13.2461
13.24245
13.23805
13.2411
13.24555
13.2362
13.22685
13.22025
13.2127
13.21515
13.19495
