-4.15382
-4.14156
-4.40132
-4.77399
-5.14774
-5.51538
-6.08727
-6.44038
-6.69078
-7.0025
-7.31296
-7.83321
-8.22321
-8.44196
-8.59734
-8.20328
-2.8243
5.79953
4.12845
-3.55271E-14
-3.12054
-4.34937
-4.97874
-5.6678
-6.18929
-6.61694
-4.15475
-3.65945
-12.0693
-26.1466
-25.7545
-12.9388
14.5287
28.7867
34.9011
37.207
38.2722
38.8652
39.1561
39.3226
39.4422
39.4878
39.5258
39.5632
39.5828
39.591
39.6109
39.6402
39.6645
39.7087
39.7383
39.7891
39.8082
39.8117
39.8379
39.8539
39.8852
39.9227
40.0032
40.0781
40.1583
40.2009
40.2184
40.2384
40.2614
40.2484
40.2384
40.2348
40.2286
40.2368
40.2204
40.1926
40.145
40.0961
40.0337
39.9852
39.8754
37.8309
35.0576
34.095
33.6931
35.1227
36.0099
36.9691
40.4292
41.112
40.9647
40.8468
40.7424
40.6248
40.492
40.3201
40.1665
39.9918
39.813
39.6289
39.4457
39.2774
39.0797
38.8902
38.7117
38.5176
38.3543
38.2023
38.0602
37.9117
37.7726
37.643
37.4945
37.3523
37.2726
37.2184
37.143
37.0844
37.0159
36.9535
36.8852
36.8512
36.7937
36.7613
36.7231
36.6773
36.6383
36.6058
36.6234
36.6383
36.6613
36.7121
36.7547
36.7973
36.8395
36.8707
36.9375
36.9684
37.0012
37.0144
37.0336
37.0828
37.1223
37.1926
37.2492
37.3214
37.4012
37.4832
37.6105
37.7711
37.9359
38.0977
38.2496
37.6399
6.88048
3.51907
2.78876
2.38048
2.16797
2.03711
1.91954
1.8297
1.74767
1.66954
1.59923
1.53868
1.4668
1.41093
1.35899
1.32149
1.28868
1.26602
1.27586
1.25626
1.24649
1.20868
1.1711
1.13672
1.1254
1.0961
1.05469
1.04539
1.01602
0.978516
0.937576
0.916412
0.896881
0.885162
0.868835
0.829697
0.790634
0.758209
0.725006
0.73172
0.725388
0.710236
0.694138
0.675858
0.650391
0.625397
0.602737
0.592667
0.573135
0.563675
0.543839
0.507813
0.458984
0.455856
0.416092
0.359375
0.331253
0.318436
0.305466
0.350784
0.426254
0.463669
0.523911
0.524216
0.444138
0.365707
0.20079
-3.45811
-8.04601
-8.53593
-9.79805
-6.355
1.67618
0.807114
-6.00508
-5.45625
-5.45305
-6.10469
-6.10312
-6.51172
-6.48741
-6.55539
-6.58827
-7.53624
-10.3793
-12.7964
-13.7047
-6.0461
2.10243
22.954
18.9344
10.6126
15.2234
16.7609
21.4833
21.263
19.2516
17.1024
14.9652
13.2332
11.9649
10.8723
9.71219
8.86102
8.16016
7.46063
6.7825
6.22383
5.79189
5.41336
5.22383
5.21024
5.15157
5.81337
11.2516
14.4325
14.8821
14.2742
13.0945
11.6239
10.0129
8.27274
6.5993
5.17157
3.98009
3.18094
2.70235
2.39345
2.21056
2.03876
2.01297
2.21219
2.55235
2.38564
-0.489059
-273.159
-294.12
-278.219
-275.198
-276.647
-278.649
-280.327
-281.289
-281.67
-281.548
-280.742
-279.434
-277.678
-275.737
-273.729
-271.551
-269.151
-266.567
-264.041
-261.481
-258.78
-256.08
-253.44
-250.788
-248.059
-245.319
-242.497
-239.739
-236.979
-234.245
-231.471
-228.7
-225.969
-223.159
-220.461
-217.84
-215.129
-212.381
-209.732
-207
-204.409
-201.764
-199.159
-196.551
-193.951
-191.341
-188.768
-186.253
-183.667
-181.116
-178.596
-176.052
-173.541
-171.043
-168.61
-166.167
-163.631
-161.221
-158.83
-156.402
-154.072
-151.671
-149.26
-146.92
-144.571
-142.381
-140.103
-137.869
-135.639
-133.34
-131.143
-128.98
-126.84
-124.701
-122.57
-120.559
-118.49
-116.441
-114.368
-112.34
-110.371
-108.401
-106.41
-104.467
-102.543
-100.695
-98.8339
-96.9546
-95.0839
-93.2847
-91.4101
-89.5984
-87.8105
-85.982
-84.1898
-82.4515
-80.662
-78.9105
-77.3116
-75.9835
-74.3214
-72.68
-70.9922
-69.3521
-67.8686
-66.3721
-64.8459
-63.3983
-61.9259
-60.1543
-58.3519
-56.7564
-54.7138
-53.18
-51.5939
-49.8027
-48.104
-46.47
-44.852
-43.1891
-41.6472
-40.1534
-38.7093
-37.1908
-35.6677
-34.1924
-32.7548
-31.3002
-29.8069
-28.4182
-27.0225
-25.619
-24.23
-22.8416
-21.4394
-20.1713
-18.8201
-17.4405
-16.1522
-14.8237
-13.4425
-12.144
-10.8155
-9.50453
-8.16469
-6.87405
-5.60414
-4.26437
-2.99867
-1.72719
-0.504913
0.74704
1.98845
3.22743
4.47868
5.7486
6.99696
8.27634
9.48375
10.7009
11.9627
13.1893
14.4236
15.5838
16.7798
17.9822
19.1588
20.4166
21.6572
22.9284
24.2111
25.1146
26.2798
27.438
28.5896
29.7501
30.8627
31.9856
33.1048
34.3097
35.6517
36.7686
37.9463
39.0049
40.0787
41.1997
42.2795
43.4247
42.5531
44.5497
48.0172
49.9099
51.2117
52.3686
53.4956
54.6248
55.7811
56.8388
57.9341
59.0845
60.0993
61.1059
62.1746
63.173
64.1856
65.1695
66.1793
67.1598
68.15
69.1043
70.0665
71.0652
72.0391
73.0207
73.9488
74.9703
75.9438
76.8786
77.8691
78.859
79.8117
80.7496
81.668
82.6402
83.5977
84.5309
85.4895
86.3949
87.284
88.1714
89.1286
90.0848
91.0063
91.957
92.8591
93.7434
94.6598
95.5766
96.5027
97.418
98.3656
99.2578
100.148
101.018
101.879
102.727
103.648
104.566
105.438
106.218
107.109
107.986
108.868
109.745
110.625
111.469
112.368
113.194
114.049
114.934
115.812
116.658
117.436
118.276
119.106
119.904
120.733
121.603
122.428
123.211
124.02
124.828
125.624
126.452
127.273
128.084
128.933
129.746
130.596
131.451
132.271
133.054
133.871
134.701
135.528
136.296
137.084
137.915
138.664
139.444
140.204
140.946
141.764
142.495
143.243
143.984
144.792
145.536
146.313
147.034
147.745
148.531
149.351
150.021
150.722
151.444
152.181
152.884
153.59
154.341
155.101
155.81
156.56
157.264
157.964
158.654
159.302
160.024
160.741
161.462
162.202
162.944
163.64
164.329
165
165.771
166.45
167.093
167.814
168.511
169.171
169.872
170.589
171.263
171.97
172.601
173.271
173.99
174.67
175.371
176.06
176.702
177.352
178.003
178.681
179.372
179.982
180.662
181.333
181.99
182.613
183.224
183.809
184.45
185.122
185.701
186.381
187.039
187.74
188.348
188.938
189.601
190.234
190.864
191.46
192.101
192.722
193.274
193.82
194.42
195.072
195.679
196.289
196.881
197.47
198.1
198.691
199.277
199.881
200.471
201.039
201.64
202.201
202.8
203.431
203.978
204.572
205.16
205.761
206.351
206.871
207.42
207.998
208.629
209.109
209.678
210.279
210.822
211.359
211.893
212.472
212.972
213.49
214.08
214.611
215.149
215.718
216.307
216.81
217.379
217.92
218.439
218.961
219.52
220.042
220.541
221.059
221.599
222.101
222.615
223.11
223.689
224.21
224.73
225.217
225.728
226.23
226.75
227.278
227.768
228.239
228.758
229.289
229.797
230.297
230.857
231.349
231.84
232.359
232.818
233.31
233.771
234.238
234.747
235.247
235.749
236.219
236.727
237.248
237.68
238.17
238.68
239.141
239.572
240.166
240.416
240.736
241.201
241.663
242.201
242.779
243.06
243.456
243.987
244.407
244.879
245.397
245.857
246.299
246.779
247.258
247.735
248.189
248.678
249.139
249.568
250.086
250.559
250.998
251.416
251.875
252.318
252.768
253.236
253.678
254.107
254.558
255.039
255.506
255.673
255.72
256.281
256.719
257.207
257.547
257.737
258.008
258.358
258.634
258.89
259.475
260.027
260.574
261.351
261.747
262.238
262.843
263.393
263.896
264.465
265.112
265.518
265.972
266.48
266.958
267.396
267.815
268.23
268.663
269.111
269.547
269.99
270.433
270.854
271.288
271.71
272.159
272.606
273.047
273.467
273.884
274.317
274.748
275.167
275.58
275.981
276.379
276.85
277.286
277.724
278.193
278.644
279.064
279.454
279.874
280.295
280.726
281.155
281.595
282.015
282.438
282.845
283.245
283.664
284.1
284.577
285.013
285.431
285.844
286.285
286.714
287.129
287.557
287.979
288.399
288.809
289.163
289.529
289.922
290.26
290.761
291.335
291.75
292.116
292.481
292.851
293.215
293.554
293.967
292.555
293.766
296.443
297.598
298.177
298.695
299.156
299.576
299.995
300.373
300.757
301.111
301.433
301.802
302.163
302.488
302.807
303.117
303.429
303.781
304.099
304.405
304.736
305.045
305.376
305.686
306.006
306.316
306.625
306.978
307.318
307.619
307.939
308.25
308.529
308.836
309.125
309.431
309.74
310.042
310.361
310.67
310.968
311.295
311.634
311.946
312.256
312.575
312.906
313.217
313.555
313.875
314.158
314.447
314.766
315.119
315.446
315.738
316.057
316.359
316.686
317.016
317.356
317.686
317.985
318.277
318.619
318.965
319.323
319.658
319.975
320.294
320.624
320.947
321.276
321.586
321.895
322.196
322.504
322.784
323.068
323.397
323.76
324.059
324.344
324.661
324.983
325.325
325.893
326.196
326.325
326.526
326.823
327.119
327.442
327.78
328.106
328.434
328.766
329.055
329.351
329.653
329.982
330.302
330.604
330.923
331.243
331.532
331.853
332.181
332.501
332.813
333.082
333.402
333.734
334.05
334.333
334.634
334.954
335.241
335.542
335.863
336.183
336.48
336.761
337.081
337.361
337.64
337.949
338.291
338.593
338.872
339.163
339.464
339.759
340.047
340.34
340.668
340.98
341.283
341.603
341.882
342.193
342.475
342.743
343.034
343.345
343.652
343.949
344.25
344.529
344.83
345.113
345.4
345.702
346.013
346.34
346.642
346.943
347.211
347.474
347.725
347.993
348.298
348.579
348.863
349.158
349.459
349.769
350.027
350.312
350.61
350.91
351.202
351.482
351.742
352.041
352.32
352.588
352.87
353.197
353.488
353.789
354.069
354.366
354.676
354.969
355.228
355.488
355.75
356.019
356.289
356.561
356.819
357.1
357.387
357.681
358
358.279
358.568
358.841
359.117
359.379
359.648
359.921
360.201
360.471
360.73
360.98
361.24
361.529
361.838
362.149
362.428
362.697
362.99
363.292
363.56
363.838
364.116
364.377
364.647
364.916
365.207
365.48
365.732
365.959
366.219
366.482
366.75
367.018
367.298
367.57
367.81
368.09
368.332
368.581
368.838
369.098
369.34
369.617
369.908
370.157
370.402
370.648
370.949
371.205
371.486
371.75
372.027
372.289
372.539
372.818
373.09
373.338
373.567
373.835
374.127
374.398
374.647
374.898
375.16
375.402
375.67
375.957
376.22
376.47
376.699
376.946
377.197
377.449
377.709
377.995
378.268
378.539
378.827
379.094
379.385
379.629
379.869
380.098
380.348
380.627
380.869
381.118
381.35
381.579
381.846
382.107
382.375
382.607
382.857
383.117
383.367
383.639
383.879
384.137
384.405
384.676
384.944
385.209
385.173
385.042
385.297
385.582
385.841
385.996
386.059
386.121
386.234
386.268
386.31
386.743
387.15
387.522
388.147
388.318
388.616
389.03
389.403
389.754
390.098
390.514
390.83
391.08
391.347
391.641
391.928
392.156
392.401
392.679
392.967
393.267
393.497
393.728
393.981
394.247
394.498
394.774
395.015
395.227
395.446
395.668
395.888
396.131
396.401
396.639
396.889
397.137
397.419
397.673
397.946
398.215
398.485
398.745
398.977
399.225
399.458
399.716
399.958
400.208
400.466
400.708
401.002
401.27
401.549
401.817
402.098
402.382
402.67
402.962
403.239
403.526
403.797
404.07
404.309
404.539
404.742
404.962
405.203
405.42
405.575
405.88
406.336
406.585
406.797
407.01
407.222
407.452
407.696
407.98
406.348
407.326
410.095
411.101
411.445
411.767
412.074
412.355
412.627
412.885
413.113
413.33
413.516
413.717
413.907
414.124
414.315
414.495
414.66
414.798
414.959
415.119
415.315
415.485
415.666
415.856
416.009
416.199
416.357
416.547
416.77
416.939
417.121
417.271
417.461
417.611
417.789
417.961
418.17
418.331
418.518
418.679
418.864
419.045
419.225
419.416
419.588
419.75
419.929
420.135
420.333
420.527
420.715
420.9
421.078
421.26
421.426
421.604
421.762
422.024
422.908
422.707
422.568
422.646
422.866
423.064
423.274
423.464
423.694
423.916
424.1
424.288
424.483
424.659
424.854
425.044
425.245
425.434
425.627
425.813
425.996
426.166
426.343
426.536
426.743
426.942
427.124
427.344
427.526
427.696
427.872
428.052
428.253
428.433
428.645
428.872
429.078
429.268
429.424
429.616
429.784
429.985
430.166
430.353
430.542
430.742
430.95
431.142
431.33
431.521
431.704
431.874
432.063
432.302
432.519
432.693
432.841
433.031
433.224
433.413
433.612
433.799
433.978
434.155
434.374
434.573
434.755
434.952
435.13
435.318
435.516
435.709
435.889
436.07
436.289
436.482
436.681
436.863
437.068
437.261
437.443
437.631
437.83
438.033
438.193
438.384
438.574
438.745
438.933
439.109
439.29
439.482
439.668
439.871
440.062
440.261
440.459
440.648
440.83
441.003
441.181
441.381
441.58
441.781
441.98
442.179
442.381
442.572
442.751
442.952
443.129
443.328
443.541
443.732
443.89
444.068
444.23
444.429
444.603
444.82
444.993
445.178
445.382
445.572
445.759
445.949
446.101
446.271
446.447
446.63
446.84
447.02
447.199
447.39
447.568
447.758
447.967
448.139
448.317
448.497
448.668
448.841
449.011
449.201
449.39
449.566
449.742
449.94
450.119
450.277
450.449
450.631
450.84
451.008
451.196
451.368
451.545
451.728
451.889
452.049
452.22
452.388
452.547
452.77
452.941
453.132
453.309
453.488
453.672
453.861
454.02
454.217
454.388
454.539
454.729
454.898
455.049
455.211
455.418
455.627
455.799
455.977
456.168
456.356
456.518
456.668
456.866
457.041
457.217
457.39
457.54
457.711
457.889
458.078
458.256
458.459
458.657
458.846
458.988
459.119
459.286
459.456
459.665
459.848
460.027
460.209
460.397
460.591
460.749
460.928
461.129
461.279
461.422
461.579
461.758
461.926
462.076
462.276
462.456
462.648
462.827
463.021
463.219
463.428
463.598
463.746
463.905
464.075
464.237
464.407
464.567
464.756
464.916
465.05
465.229
465.369
465.549
465.719
465.907
466.104
466.289
466.168
466.193
466.071
466.35
466.575
466.653
466.633
466.603
466.626
466.561
466.519
466.939
467.264
467.446
468.082
468.168
468.365
468.689
468.975
469.237
469.558
469.948
470.161
470.284
470.448
470.675
470.896
471.056
471.24
471.422
471.608
471.768
471.954
472.134
472.304
472.474
472.667
472.847
473.018
473.18
473.328
473.516
473.678
473.856
474.028
474.198
474.36
474.556
474.706
474.876
475.046
475.236
475.427
475.606
475.804
475.975
476.154
476.317
476.497
476.677
476.848
477.028
477.232
477.441
477.639
477.86
478.051
478.224
478.415
478.62
478.838
479.075
479.306
479.483
479.67
479.838
480.01
480.18
480.322
480.5
480.641
479.415
477.881
477.458
477.461
477.536
477.668
477.812
477.938
478.41
481.551
482.676
482.931
483.059
483.176
483.32
483.427
483.568
483.31
481.015
484.42
485.649
486.071
486.344
486.58
486.804
487.051
487.251
487.408
487.58
487.728
487.862
488.001
488.151
488.272
488.391
488.496
488.578
488.648
488.745
488.849
488.968
489.07
489.179
489.298
489.38
489.498
489.627
489.758
489.872
489.954
490.062
490.162
490.268
490.398
490.549
490.697
490.822
490.929
491.05
491.178
491.287
491.425
491.547
491.656
491.751
491.868
491.986
492.124
492.256
492.375
492.49
492.639
492.779
492.897
493.025
493.155
493.266
493.38
493.48
493.591
493.71
493.827
493.959
494.075
494.216
494.374
494.523
494.624
494.761
494.9
495.034
495.176
495.305
495.429
495.559
495.688
495.831
495.936
496.039
496.184
496.315
496.418
496.554
496.681
496.784
496.944
497.103
497.243
497.374
497.498
497.64
497.786
497.923
498.065
498.202
498.334
498.433
498.54
498.671
498.804
498.913
499.059
499.202
499.351
499.508
499.65
499.771
499.902
500.031
500.114
500.24
500.377
500.513
500.66
500.8
500.923
501.034
501.161
501.279
501.423
501.552
501.68
501.779
501.915
502.031
502.152
502.304
502.472
502.595
502.711
502.843
502.998
503.142
503.26
503.4
503.542
503.663
503.753
503.877
504.007
504.137
504.281
504.413
504.542
504.652
504.773
504.908
505.05
505.188
505.289
505.419
505.524
505.663
505.802
505.931
506.08
506.22
506.341
506.449
506.582
506.709
506.832
506.951
507.078
507.199
507.343
507.5
507.611
507.738
507.879
507.99
508.127
508.252
508.388
508.508
508.649
508.77
508.879
509.016
509.122
509.266
509.408
509.539
509.686
509.82
509.932
510.058
510.171
510.31
510.438
510.566
510.67
510.787
510.938
511.05
511.18
511.297
511.429
511.56
511.671
511.809
511.928
512.008
512.137
512.266
512.408
512.523
512.631
512.74
512.887
513.008
513.138
513.258
513.367
513.49
513.619
513.75
513.889
514.029
514.137
514.259
514.348
514.469
514.591
514.711
514.809
514.928
515.05
515.152
515.276
515.379
515.486
515.629
515.747
515.897
516.038
516.159
516.297
516.407
516.545
516.688
516.817
516.93
517.07
517.18
517.311
517.421
517.523
517.64
517.761
517.851
517.951
518.098
518.217
518.336
518.448
518.586
518.698
518.818
518.948
519.096
519.22
519.338
519.441
519.549
519.668
519.768
519.875
519.99
520.118
520.278
520.43
520.559
520.688
520.788
520.897
521.026
521.127
521.247
521.405
521.544
521.696
521.818
521.946
522.034
522.135
522.264
522.375
522.475
522.596
522.709
522.828
522.957
523.108
523.217
523.358
523.499
523.639
523.778
523.403
523.37
523.463
523.508
523.563
523.653
523.776
523.89
524
524.13
524.253
524.389
524.5
524.64
524.679
524.74
524.848
524.93
525.021
525.149
525.258
525.352
525.443
525.55
525.657
525.759
525.887
526.018
526.139
526.286
526.408
526.538
526.665
526.779
526.868
526.97
527.09
527.209
527.319
527.436
527.565
527.676
527.788
527.926
528.028
528.127
528.246
528.348
528.456
528.567
528.676
528.788
528.897
529.008
529.116
529.227
529.336
529.487
529.624
529.776
529.907
530.028
530.149
530.258
530.377
530.516
530.609
530.697
530.777
530.877
530.99
531.101
531.219
531.33
531.428
531.536
531.637
531.743
531.856
531.975
532.085
532.215
532.307
532.436
532.537
532.627
532.739
532.832
532.94
533.029
533.131
533.209
533.309
533.407
533.524
533.634
533.766
533.913
534.055
534.176
534.283
534.371
534.449
534.547
534.66
534.758
534.889
534.979
535.108
535.231
535.359
535.479
535.606
535.729
535.827
535.959
536.058
536.168
536.289
536.4
536.527
536.63
536.758
536.889
537.01
537.137
537.295
537.479
537.657
685.34
858.088
865.34
868.4
870.748
872.627
874.237
875.479
876.618
877.667
878.568
879.349
880.052
880.75
881.371
881.97
882.516
883.01
883.479
883.92
884.329
884.718
885.099
885.421
885.76
886.099
886.42
886.718
887.01
887.301
887.568
887.83
888.059
888.288
888.516
888.756
888.98
889.186
889.387
889.588
889.781
889.951
890.138
890.31
890.48
890.621
890.77
890.928
891.059
891.196
891.358
891.536
891.714
891.858
891.997
892.109
892.237
892.356
892.466
892.555
892.795
893.258
893.436
893.438
893.497
893.545
893.575
893.415
889.194
889.145
889.135
887.426
888.729
894.874
896.516
891.765
890.926
890.684
890.134
890.085
889.952
889.874
889.796
889.774
889.536
886.686
883.083
880.895
883.186
891.492
894.745
898.585
883.766
882.253
884.163
886.622
892.647
893.814
894.194
890.844
893.462
887.844
886.337
886.422
886.376
886.718
887.019
887.203
887.386
887.554
887.693
887.699
887.793
888.167
888.272
888.386
888.518
888.688
888.863
889.017
889.175
889.331
889.509
889.677
889.796
889.882
889.958
890.056
890.103
890.19
890.312
890.399
890.524
890.596
890.669
890.758
890.82
890.901
890.989
891.1
891.172
891.222
891.278
891.309
891.358
891.399
891.458
891.52
891.579
891.638
891.69
891.738
891.77
891.81
891.836
891.859
891.877
891.902
891.923
892.011
891.891
893.495
893.046
890.105
888.431
888.15
887.952
887.941
887.973
887.96
887.995
888.021
888.099
888.256
888.431
888.558
888.665
888.777
888.884
888.965
889.073
889.176
889.277
889.376
889.467
889.552
889.629
889.724
889.88
890.03
890.146
890.244
890.302
890.358
890.436
890.551
890.67
890.765
890.837
890.93
891.015
891.083
891.17
891.27
891.344
891.414
891.469
891.512
891.559
891.642
891.76
891.871
891.938
891.994
892.072
892.133
892.2
892.278
892.358
892.412
892.479
892.549
892.629
892.716
892.817
892.891
892.925
892.974
893.031
893.09
893.177
893.25
893.324
893.386
893.438
893.487
893.507
893.578
893.64
893.699
893.753
893.786
893.819
893.835
893.882
893.954
893.995
894.046
894.105
894.147
894.214
894.263
894.324
894.376
894.388
894.41
894.43
894.458
894.483
894.533
894.603
894.663
894.722
894.766
894.819
894.866
894.894
894.918
894.928
894.93
894.966
894.988
895.036
895.067
895.115
895.149
895.188
895.201
895.245
895.278
895.319
895.358
895.399
895.41
895.438
895.477
895.51
895.547
895.593
895.637
895.678
895.698
895.72
895.742
895.748
895.769
895.807
895.83
895.849
895.879
895.91
895.922
895.951
895.979
896
896.018
896.052
896.072
896.086
896.145
896.17
896.19
896.207
896.235
896.289
896.301
896.352
896.387
896.411
896.434
896.462
896.481
896.511
896.523
896.57
896.583
896.601
896.624
896.65
896.661
896.689
896.727
896.744
896.762
896.779
896.827
896.833
896.879
896.913
896.945
896.946
896.936
896.965
896.972
896.989
897.019
897.059
897.074
897.08
897.091
897.094
897.113
897.16
897.182
897.196
897.226
897.236
897.262
897.271
897.318
897.348
897.363
897.399
897.423
897.453
897.474
897.474
897.485
897.503
897.513
897.516
897.541
897.574
897.564
897.573
897.583
897.619
897.622
897.658
897.689
897.703
897.722
897.742
897.752
897.763
897.761
897.799
897.832
897.832
897.862
897.884
897.913
897.943
897.964
897.967
897.974
897.993
897.997
898.011
898.024
898.042
898.082
898.085
898.083
898.091
898.078
898.075
898.067
898.083
898.095
898.095
898.116
898.154
898.185
898.196
898.232
898.245
898.257
898.266
898.276
898.284
898.296
898.296
898.292
898.302
898.294
898.304
898.312
898.351
898.376
898.376
898.402
898.415
898.434
898.415
898.417
898.397
898.412
898.431
898.432
898.452
898.492
898.538
898.542
898.552
898.555
898.574
898.577
898.593
898.593
898.616
898.624
898.636
898.645
898.665
898.667
898.693
898.714
898.716
898.735
898.735
898.752
898.763
898.784
898.802
898.809
898.798
898.789
898.778
898.796
898.799
898.796
898.832
898.843
898.882
898.886
898.902
898.931
898.934
898.944
898.954
898.972
898.977
898.985
899.002
899.006
899.024
899.029
899.036
899.049
899.063
899.083
899.075
899.093
899.095
899.095
899.088
899.104
899.114
899.125
899.147
899.157
899.167
899.203
899.234
899.227
899.225
899.232
899.252
899.247
899.263
899.284
899.311
899.351
899.364
899.377
899.387
899.379
899.369
899.356
899.363
899.387
899.635
900.034
899.903
900.079
900.132
900.157
900.187
900.218
900.244
900.265
900.296
900.325
900.366
900.399
900.411
900.417
900.413
900.423
900.405
900.405
900.404
900.42
900.433
900.453
900.472
900.487
900.499
900.526
900.529
900.547
900.549
900.556
900.575
900.567
900.577
900.573
900.585
900.593
900.613
900.633
900.644
900.675
900.683
900.696
900.699
900.704
900.715
900.727
900.737
900.747
900.745
900.747
900.763
900.772
900.781
900.784
900.831
900.841
900.843
900.864
900.885
900.879
900.886
900.89
900.899
900.906
900.925
900.941
900.954
900.954
900.956
900.947
900.926
900.917
900.917
900.936
900.946
900.982
900.987
901.005
901.011
901.003
901.003
901.004
901.014
901.004
901.016
901.026
901.067
901.077
901.079
901.097
901.106
901.109
901.088
901.097
901.088
901.106
901.108
901.109
901.134
901.139
901.157
901.155
901.157
901.184
901.204
901.214
901.225
901.236
901.238
901.224
901.214
901.213
901.219
901.215
901.224
901.227
901.253
901.254
901.254
901.284
901.297
901.286
901.286
901.315
901.305
901.299
901.295
901.307
901.325
901.315
901.345
901.325
901.322
901.313
901.317
901.307
901.286
901.305
901.308
901.317
901.325
901.337
901.358
901.348
901.358
901.35
901.34
901.364
901.366
901.364
901.368
901.376
901.383
901.402
901.407
901.418
901.425
901.444
901.449
901.461
901.469
901.461
901.479
901.479
901.495
901.515
901.544
901.567
901.579
901.588
901.588
901.561
901.53
901.547
901.549
901.541
901.559
901.578
901.536
901.531
901.511
901.723
900.69
900.578
900.655
900.815
900.874
901.39
902.806
904.105
906.834
906.909
904.58
903.16
903.133
903.183
903.247
903.25
899.941
898.391
898.739
899.11
898.58
894.485
888.094
882.937
882.326
886.59
893.924
906.217
895.056
884.491
883.745
886.38
888.975
889.952
889.863
889.956
896.379
900.667
901.726
901.99
902.125
902.283
902.522
900.814
894.316
