0.078854
0.098092
0.1174775
0.1334395
0.13523
0.1315895
0.1206145
0.112503
0.122574
0.1366575
0.153813
0.17519
0.1800085
0.183094
0.186814
0.182171
0.180269
0.187861
0.189369
0.196672
0.1968695
0.190059
0.194316
0.181473
0.1823585
0.1769715
0.1746595
0.181267
0.1789205
0.1810045
0.1791265
0.1909025
0.1911505
0.2008485
0.2010565
0.198349
0.197239
0.198478
0.1908495
0.186402
0.193125
0.185669
0.1810815
0.1867785
0.193596
0.1919665
0.1953085
0.19228
0.1866805
0.1758765
0.177186
0.175598
0.1877325
-0.1060845
0.4375425
0.1788605
0.1279355
0.4632525
-0.335045
0.86417
-0.101527
0.764025
0.298134
0.293274
0.28947
0.2843515
0.273755
0.2831235
0.2884295
0.3006135
0.3123565
0.3187675
0.3252715
0.3249715
0.327037
0.326084
0.3228675
0.332424
0.3349845
0.3523515
0.361107
0.3667145
0.3687795
0.3654875
0.365486
0.376249
0.391616
0.3892905
0.394181
0.4023515
0.4222985
0.4397635
0.44767
0.453742
0.448828
0.443659
0.4397415
0.435249
0.4261175
0.4472275
0.4648795
0.474891
0.483342
0.4920045
0.50533
0.52192
0.539295
0.55452
0.568275
0.576795
0.57094
0.56733
0.556765
0.55168
0.557305
0.568755
0.570325
0.572985
0.577275
0.577165
0.582405
0.60197
0.616915
0.63922
0.649565
0.659625
0.673485
0.680955
0.687785
0.69163
0.688745
0.68595
0.69185
0.69307
0.69934
0.71266
0.719925
0.73303
0.73513
0.740545
0.73832
0.731115
0.72512
0.72504
0.729175
0.74027
0.74729
0.7628
0.77126
0.783815
0.78641
0.793955
0.804145
0.80757
0.82593
0.829555
0.839085
0.84619
0.854715
0.861045
0.86511
0.87846
0.880965
0.882665
0.89202
0.904335
0.909805
0.918355
0.93134
0.940055
0.949075
0.952285
0.962735
0.96794
0.98526
0.991015
0.99675
1.00212
0.99436
0.99037
0.99956
1.008645
1.017765
1.035015
1.05036
1.049475
1.04888
1.04405
1.0361
1.034435
1.03438
1.04019
1.052235
1.071095
1.0726
1.0782
1.087345
1.0974
1.10483
1.10497
1.099715
1.09637
1.088855
1.085565
1.09078
1.095275
1.10279
1.127895
1.13993
1.161385
1.17243
1.18931
1.194145
1.19168
1.1916
1.18648
1.183885
1.189735
1.195755
1.20359
1.206975
1.214945
1.23269
1.244345
1.254645
1.252275
1.25536
1.25673
1.25636
1.2578
1.269825
1.28695
1.29588
1.30148
1.311965
1.324095
1.33331
1.337915
1.342575
1.34807
1.35415
1.37038
1.377055
1.376205
1.37755
1.374005
1.377305
1.380885
1.38582
1.39454
1.402845
1.406705
1.40869
1.411195
1.42338
1.441535
1.461885
1.47364
1.483985
1.49235
1.49551
1.49462
1.502985
1.51138
1.51368
1.52204
1.531965
1.54137
1.5485
1.550565
1.555705
1.564775
1.57048
1.576915
1.58116
1.583085
1.58785
1.592905
1.60245
1.60823
1.602945
1.60354
1.60778
1.61201
1.61058
1.61385
1.621625
1.636585
1.643615
1.64192
1.646545
1.653395
1.656245
1.65827
1.67306
1.68682
1.696815
1.71557
1.724385
1.734845
1.74506
1.752665
1.76131
1.766095
1.771395
1.78675
1.796645
1.80207
1.810245
1.817605
1.81859
1.8193
1.826595
1.83845
1.839905
1.843805
1.84262
1.84337
1.843665
1.846335
1.84656
1.857635
1.86333
1.867045
1.86672
1.874535
1.88683
1.89247
1.91285
1.922385
1.935205
1.940005
1.945515
1.94425
1.94879
1.959005
1.971
1.971455
1.97841
1.980175
1.99309
1.99956
1.99827
1.999125
2.00346
2.00146
2.000185
2.00318
2.00349
2.01215
2.023205
2.03219
2.05052
2.05578
2.066465
2.072125
2.08117
2.09313
2.10601
2.08838
2.88358
1.33093
2.070735
2.060505
2.020215
2.00252
2.005805
2.01813
2.011685
2.023275
2.080935
2.053875
2.06508
2.091435
2.073105
2.088225
2.10986
2.13134
2.125085
2.126015
2.115795
2.1091
2.133085
2.141055
2.11706
2.101715
2.11296
2.111165
2.12019
2.13242
2.13507
2.15399
2.15752
2.15153
2.143585
2.13402
2.13013
2.121045
2.122905
2.119605
2.120235
2.12791
2.12889
2.12821
2.135805
2.144945
2.14942
2.14655
2.145205
2.144135
2.13991
2.14225
2.133815
2.130085
2.13084
2.12995
2.12605
2.12658
2.131055
2.12819
2.123805
2.124345
2.12483
2.12134
2.123015
2.120535
2.114995
2.11614
2.121375
2.12618
2.126735
2.120635
2.12481
2.132735
2.140085
2.146555
2.145125
2.148015
2.142995
2.16622
2.14938
2.070945
2.121655
2.12572
2.130725
2.129595
2.125895
2.125765
2.12605
1.870975
2.76296
2.261915
2.381015
2.265925
2.28778
2.29017
2.29394
2.278345
2.29068
2.29234
2.295515
2.302075
2.295985
2.28456
2.27613
2.26977
2.269905
2.27214
2.28439
2.292355
2.304285
2.306265
2.308955
2.31394
2.327135
2.345815
2.36409
2.377855
2.38742
2.397265
2.39468
2.402195
2.4179
2.425575
2.438825
2.43943
2.451615
2.45241
2.4582
2.46774
2.48199
2.49688
2.50831
2.5192
2.531595
2.53805
2.55487
2.561485
2.562715
2.570675
2.586525
2.594055
2.599285
2.608115
2.6171
2.62716
2.633225
2.64739
2.65792
2.674215
2.693205
2.70128
2.716755
2.72548
2.729695
2.736835
2.75164
2.74506
2.75378
2.75892
2.768
2.77308
2.78623
2.793825
2.804675
2.809725
2.81759
2.82506
2.83995
2.85302
2.857025
2.860145
2.8671
2.87669
2.892495
2.902605
2.914465
2.91859
2.93441
2.946185
2.96239
2.9761
2.98617
2.993915
3.003155
3.01318
3.02519
3.0443
3.05838
3.073005
3.08385
3.093965
3.114065
3.122375
3.129955
3.12879
3.13818
3.149925
3.15357
3.162335
3.17354
3.18477
3.188925
3.196815
3.19654
3.201125
3.20065
3.207865
3.220295
3.21721
3.233475
3.24903
3.261025
3.279325
3.285525
3.29774
3.30226
3.30291
3.312255
3.318265
3.322735
3.332515
3.35709
3.37144
3.39047
3.400945
3.420635
3.43051
3.43882
3.43896
3.44387
3.45422
3.465815
3.47332
3.49516
3.51339
3.53439
3.5464
3.54607
3.54815
3.552255
3.555935
3.565675
3.576615
3.58386
3.594305
3.607695
3.618475
3.62341
3.63268
3.6406
3.660475
3.66654
3.66545
3.674315
3.68817
3.695155
3.692575
3.698855
3.710015
3.715635
3.72765
3.74528
3.759165
3.771715
3.778065
3.784825
3.79408
3.79781
3.79847
3.79736
3.805525
3.81745
3.82859
3.839795
3.8594
3.87456
3.87683
3.879025
3.89164
3.899035
3.90544
3.917675
3.932015
3.95153
3.964855
3.97773
3.984475
4.00174
4.017315
4.023495
4.027715
4.03249
4.048415
4.06598
4.07834
4.08717
4.10297
4.111615
4.1157
4.11823
4.113195
4.10861
4.114675
4.124855
4.1388
4.14899
4.170645
4.18573
4.19877
4.205435
4.211555
4.22033
4.22863
4.237355
4.24782
4.252155
4.260305
4.272865
4.277875
4.28439
4.28991
4.291
4.29771
4.29607
4.3089
4.316265
4.32188
4.318475
4.32771
4.339065
4.34395
4.357835
4.367835
4.38507
4.4049
4.417105
4.433065
4.4378
4.44338
4.44933
4.44953
4.456005
4.467405
4.479105
4.489245
4.49982
4.51807
4.519225
4.533485
4.5466
4.555575
4.56125
4.566955
4.572225
4.57599
4.58724
4.604005
4.608745
4.613935
4.607935
4.61211
4.611245
4.606885
4.61885
4.62715
4.630805
4.63337
4.637455
4.64209
4.647755
4.65871
4.6692
4.67529
4.68225
4.70209
4.70752
4.7151
4.7273
4.73517
4.75366
4.748045
4.75504
4.766175
4.777555
4.78662
4.79709
4.81371
4.82781
4.853605
4.824205
5.35065
4.329815
4.867765
4.851445
4.844645
4.838015
4.817085
4.804225
4.81079
4.846195
4.85914
4.80856
4.8459
4.821975
4.827795
4.843875
4.818405
4.82729
4.83234
4.81382
4.809735
4.854825
4.860045
4.849455
4.83602
4.8501
4.86809
4.872985
4.874075
4.861995
4.85332
4.853705
4.84626
4.85261
4.85455
4.85774
4.85655
4.86268
4.859615
4.85842
4.86263
4.86778
4.861985
4.854655
4.85598
4.854885
4.844495
4.83568
4.838065
4.83884
4.84483
4.843525
4.85108
4.849615
4.844355
4.854305
4.86062
4.866435
4.86773
4.876155
4.870955
4.86079
4.849435
4.84517
4.847545
4.848975
4.863595
4.867585
4.851735
4.841175
4.821855
4.81708
4.81525
4.82242
4.824065
4.829915
4.832205
4.83404
4.83344
4.828345
4.73307
4.731625
4.809805
4.825865
4.8371
4.835695
4.82923
4.82592
4.83076
4.569795
5.38495
4.948885
5.1737
4.965935
5.01465
5.03585
5.066
5.0756
5.07545
5.08635
5.0885
5.0789
5.0723
5.0737
5.08505
5.0877
5.1011
5.12015
5.1337
5.15885
5.17545
5.1942
5.20125
5.216
5.23955
5.2636
5.2842
5.30475
5.3115
5.32385
5.3314
5.3469
5.3652
5.37815
5.3831
5.3931
5.39995
5.405
5.4116
5.4301
5.45525
5.47795
5.4907
5.49665
5.51
5.51895
5.52925
5.55545
5.58015
5.58965
5.60955
5.62645
5.6423
5.655
5.67445
5.70475
5.71725
5.73525
5.7523
5.7661
5.77365
5.79215
5.81035
5.82105
5.8339
5.8419
5.8574
5.86725
5.88805
5.8988
5.91905
5.92885
5.95245
5.97525
5.99915
6.02215
6.0387
6.0614
6.07905
6.09295
6.1004
6.11715
6.13165
6.14855
6.1495
6.15965
6.16675
6.17635
6.185
6.19535
6.2087
6.2233
6.24275
6.2667
6.2956
6.3153
6.3291
6.3493
6.36445
6.37185
6.3844
6.3911
6.4165
6.43445
6.4507
6.47055
6.48105
6.4885
6.5037
6.51645
6.53125
6.54395
6.5521
6.56465
6.5805
6.59575
6.6014
6.6146
6.62825
6.63645
6.64455
6.65695
6.6713
6.68045
6.70005
6.7156
6.72865
6.73655
6.74415
6.7692
6.77535
6.77445
6.77975
6.79205
6.8061
6.8198
6.8376
6.8588
6.87925
6.89555
6.91635
6.9321
6.94595
6.9556
6.9658
6.9754
6.98185
6.9922
7.00875
7.0262
7.03755
7.05515
7.06685
7.08755
7.1054
7.12405
7.1402
7.1485
7.16305
7.1711
7.1787
7.1793
7.1875
7.1986
7.2067
7.21605
7.2269
7.2506
7.27635
7.2856
7.3025
7.31715
7.331
7.34135
7.35035
7.35355
7.36835
7.3813
7.38515
7.39455
7.406
7.42535
7.4489
7.4677
7.48295
7.4986
7.5179
7.53765
7.54485
7.5562
7.5618
7.58175
7.59535
7.6019
7.61805
7.63595
7.6538
7.6658
7.66945
7.6859
7.70265
7.7141
7.71645
7.72555
7.7382
7.748
7.7568
7.76535
7.7802
7.7993
7.82405
7.84315
7.85365
7.864
7.87825
7.88665
7.8897
7.89605
7.9181
7.9308
7.94235
7.95235
7.97195
7.9843
7.99145
7.9979
8.00855
8.0209
8.0318
8.0484
8.06225
8.0767
8.08725
8.095
8.1142
8.1225
8.13495
8.15275
8.16035
8.1672
8.1746
8.17925
8.18545
8.1881
8.18585
8.2024
8.2099
8.22465
8.2403
8.26215
8.2841
8.2987
8.31635
8.3277
8.3371
8.34435
8.3523
8.35375
8.3687
8.37915
8.38825
8.3929
8.40585
8.4152
8.42925
8.44365
8.45585
8.4599
8.477
8.482
8.48125
8.4876
8.50825
8.5203
8.5395
8.55555
8.57295
8.58715
8.58575
8.5862
8.5923
8.6033
8.61355
8.62505
8.6407
8.65405
8.66525
8.6726
8.6744
8.67895
8.6885
8.7082
8.72705
8.7424
8.7613
8.7683
8.78315
8.80165
8.81465
8.83345
8.81805
9.3201
8.30315
8.81615
8.77375
8.74525
8.7394
8.7483
8.76265
8.7678
8.7684
8.8047
8.77485
8.7789
8.78805
8.7594
8.7783
8.7802
8.77145
8.7861
8.75655
8.73385
8.77305
8.8061
8.7964
8.76925
8.7651
8.7737
8.7651
8.76805
8.7649
8.76115
8.77435
8.77425
8.7698
8.7656
8.7488
8.7433
8.7415
8.7378
8.7343
8.7261
8.72635
8.71935
8.7119
8.70955
8.70785
8.7097
8.7102
8.709
8.7066
8.71195
8.7101
8.71105
8.71055
8.7074
8.69045
8.67585
8.67135
8.6744
8.6766
8.6773
8.66115
8.6626
8.65355
8.651
8.65595
8.66925
8.6613
8.64575
8.62985
8.6097
8.60475
8.6117
8.6275
8.6258
8.634
8.6347
8.6255
8.62545
8.61615
8.48125
8.5022
8.595
8.60685
8.5937
8.588
8.5762
8.5698
8.57445
8.3106
9.09025
8.62385
8.96815
8.7478
8.80285
8.85185
8.88345
8.89795
8.9226
8.9354
8.9544
8.9731
8.9924
9.0076
9.0284
9.04945
9.06685
9.091
9.11655
9.1427
9.1681
9.1891
9.2057
9.2278
9.26105
9.29925
9.33845
9.36125
9.38095
9.4114
9.44515
9.46965
9.4884
9.51495
9.53935
9.5644
9.58565
9.60735
9.62705
9.6404
9.65925
9.69075
9.71715
9.74775
9.7699
9.7927
9.821
9.8427
9.8601
9.8951
9.92735
9.95245
9.98055
10.0065
10.0225
10.03825
10.06255
10.0861
10.1117
10.14145
10.1684
10.1891
10.219
10.2422
10.2662
10.2905
10.31935
10.34385
10.37365
10.39535
10.40505
10.42025
10.4412
10.46715
10.4899
10.5149
10.5458
10.56835
10.5862
10.6049
10.6194
10.64055
10.67215
10.69965
10.72125
10.7508
10.77645
10.8007
10.8175
10.8305
10.8501
10.87515
10.89595
10.92085
10.94315
10.96825
10.99495
11.0229
11.03665
11.0569
11.07215
11.0879
11.0965
11.1087
11.12535
11.1446
11.16085
11.17755
11.20275
11.2204
11.2353
11.2667
11.28475
11.297
11.31795
11.3413
11.36325
11.38375
11.40165
11.4292
11.442
11.46
11.4795
11.5037
11.52125
11.53955
11.555
11.5716
11.5869
11.60095
11.62045
11.64055
11.66315
11.67705
11.6845
11.69325
11.71025
11.729
11.75105
11.7756
11.80325
11.82745
11.85205
11.8604
11.87115
11.88195
11.89935
11.908
11.9129
11.92175
11.94175
11.96195
11.98475
12.01355
12.03565
12.0527
12.073
12.08835
12.10335
12.11825
12.1286
12.1467
12.1626
12.1785
12.2009
12.21705
12.23555
12.2516
12.2712
12.2835
12.30755
12.32565
12.33745
12.348
12.36735
12.39465
12.41165
12.42605
12.44665
12.4655
12.4787
12.49565
12.5115
12.52265
12.53745
12.55
12.55715
12.5693
12.58975
12.60335
12.61775
12.62345
12.6338
12.658
12.6765
12.69605
12.72145
12.7374
12.75725
12.76805
12.7863
12.7995
12.80365
12.81855
12.8424
12.85655
12.8704
12.88645
12.90145
12.9243
12.92795
12.93705
12.9486
12.9713
12.9885
13.00425
13.0214
13.0364
13.04295
13.0566
13.06285
13.07185
13.08465
13.09885
13.1072
13.1242
13.1327
13.1523
13.17185
13.1859
13.19805
13.2158
13.2215
13.2275
13.2368
13.24515
13.2509
13.2591
13.2882
13.3017
13.31325
13.3233
13.33035
13.3445
13.35275
13.36865
13.3839
13.39895
13.40995
13.423
13.43275
13.44735
13.467
13.4747
13.4887
13.50515
13.52345
13.5361
13.5456
13.55835
13.571
13.58575
13.6032
13.61425
13.6228
13.6336
13.65065
13.6571
13.66275
13.68055
13.69115
13.69295
13.70855
13.72785
13.74315
13.7425
13.75075
13.7668
13.7835
13.7952
13.8068
13.8158
13.8248
13.8348
13.84785
13.86805
13.8724
13.8765
13.8879
13.897
13.90185
13.90675
13.91885
13.93275
13.9339
13.9441
13.95925
13.96685
13.9773
13.99815
13.9633
14.5281
13.50255
13.952
13.96285
13.96075
13.9475
13.9345
13.9248
13.89825
13.8919
13.9146
13.89445
13.91205
13.89125
13.8846
13.88415
13.88125
13.8765
13.87305
13.8631
13.8651
13.92355
13.92375
13.8807
13.8396
13.8511
13.85635
13.8508
13.8464
13.8354
13.83125
13.8213
13.8166
13.81505
13.80885
13.8045
13.8044
13.79405
13.78525
13.7795
13.7616
13.7549
13.74665
13.74165
13.73175
13.71585
13.70885
13.6997
13.6873
13.6815
13.6783
13.6811
13.6761
13.6682
13.66425
13.65735
13.6504
13.64375
13.6377
13.6306
13.6214
13.6129
13.59485
13.5846
13.57615
13.5714
13.5694
13.57305
13.5627
13.5562
13.55835
13.55695
13.56445
13.55985
13.55575
13.54965
13.5482
13.53285
13.5338
13.90585
14.72835
14.3583
13.77665
13.5926
13.5537
13.544
13.5349
13.46065
12.10435
11.9918
13.0866
13.45475
13.5077
13.5052
13.49085
13.4794
13.46885
13.41345
13.53955
13.11165
14.3778
13.52365
13.5795
13.6447
13.67895
13.70515
13.72515
13.7475
13.7612
13.79025
13.8093
13.8251
13.8439
13.86475
13.8897
13.9137
13.93235
13.946
13.96465
13.985
14.0052
14.01455
14.02815
14.0533
14.09425
14.11925
14.14775
14.1729
14.19805
14.21285
14.2311
14.26075
14.29155
14.31875
14.34485
14.36825
14.394
14.4192
14.45545
14.481
14.5045
14.52645
14.5489
14.5751
14.5941
14.61125
14.63695
14.6555
14.6799
14.7083
14.72295
14.73935
14.75755
14.77265
14.79105
14.80525
14.8311
14.85605
14.87465
14.8902
14.89975
14.9153
14.9365
14.95465
14.97695
15.0047
15.0292
15.0413
15.0567
15.08065
15.1043
15.13035
15.14675
15.1619
15.17395
15.18535
15.2019
15.21805
15.2285
15.24285
15.26815
15.2863
15.30455
15.32235
15.3346
15.3431
15.3624
15.389
15.4067
15.428
15.4358
15.4475
15.46615
15.48135
15.5047
15.524
15.53895
15.55625
15.57185
15.57965
15.57945
15.5915
15.61965
15.65105
15.66775
15.68095
15.69685
15.7126
15.7256
15.7332
15.7413
15.7559
15.7668
15.7858
15.78755
15.8052
15.82
15.82945
15.8418
15.84765
15.86255
15.87565
15.88495
15.89445
15.9161
15.9305
15.93715
15.9541
15.9675
15.97795
15.9866
16.00675
16.0224
16.03805
16.05165
16.06225
16.0704
16.08365
16.09505
16.11865
16.1318
16.14645
16.1606
16.1723
16.17145
16.17725
16.189
16.1931
16.2092
16.22575
16.23785
16.2554
16.26765
16.2741
16.2736
16.2798
16.2917
16.2869
16.29185
16.30015
16.31515
16.31655
16.33155
16.3416
16.35685
16.3678
16.38175
16.402
16.41285
16.4221
16.42735
16.43315
16.44345
16.4465
16.44735
16.4468
16.45755
16.4665
16.4633
16.4697
16.4752
16.48695
16.49315
16.50345
16.5209
16.52615
16.53675
16.5452
16.5404
16.554
16.5641
16.57545
16.5738
16.59025
16.59715
16.6062
16.60395
16.6066
16.6092
16.62035
16.62275
16.63425
16.6454
16.65755
16.67755
16.68305
16.6953
16.69685
16.6934
16.7053
16.71385
16.7232
16.7242
16.7334
16.74345
16.7467
16.74965
16.74715
16.75175
16.75275
16.7533
16.7618
16.7668
16.7774
16.77985
16.7835
16.7937
16.80515
16.8059
16.808
16.8065
16.81385
16.81835
16.8197
16.82325
16.8309
16.83985
16.84475
16.85685
16.8666
16.87405
16.88715
16.89155
16.89355
16.89925
16.9077
16.9023
16.9005
16.89605
16.8928
16.89195
16.89835
16.89725
16.9043
16.9074
16.9092
16.9133
16.9224
16.9267
16.9356
16.94405
16.94645
16.9496
16.95215
16.95765
16.95505
16.95635
16.95855
16.95965
16.9601
16.9743
16.9869
16.99495
17.00105
17.0163
17.017
17.0188
17.0303
17.0371
17.04855
17.05805
17.06685
17.0728
17.0746
17.07405
17.0767
17.07055
17.0757
17.0772
17.0767
17.0822
17.08865
17.1013
17.11405
17.12405
17.13625
17.1452
17.1526
17.1661
17.1761
17.25465
16.9425
17.1059
17.0818
17.0643
17.05315
17.0626
17.061
17.0477
17.04415
17.04095
17.0292
17.0186
17.007
16.98855
16.98205
16.9771
16.96975
16.96425
16.9547
16.94525
16.92995
16.9196
16.90765
16.89335
16.88
16.87505
16.8748
16.86855
16.863
16.85485
16.85065
16.84355
16.8197
16.8118
16.7994
16.78575
16.7784
16.76735
16.7666
16.7653
16.75645
16.75275
16.7531
16.7418
16.7293
16.7122
16.6988
16.6893
16.67315
16.66165
16.638
16.6277
16.6148
16.6094
16.6019
16.5919
16.5901
16.5804
16.5686
16.5594
16.54985
16.5392
16.52985
16.5144
16.51025
16.4945
16.4824
16.46855
16.4618
16.4549
16.45205
16.44855
16.43875
16.42505
16.41775
16.41
16.4028
16.39355
16.38435
16.3735
16.3655
16.34285
16.3271
16.31545
16.30125
16.28505
16.274
16.2596
16.2469
16.2285
16.21885
16.1996
16.1946
16.19485
16.1943
16.19265
16.19255
16.18285
16.1715
16.1527
16.1288
16.10925
16.0983
16.0909
16.0943
16.09375
16.08545
16.08665
16.075
16.05375
16.03875
16.02925
16.0191
16.00955
16.01155
16.0086
16.00715
16.00655
15.9912
15.9858
15.973
15.9591
15.95495
15.94895
15.94395
15.9316
15.9155
15.9013
15.88215
15.87205
15.86015
15.85065
15.84605
15.84655
15.8472
15.83925
15.82815
15.81705
15.80805
15.79105
15.77405
15.7726
15.7637
15.76125
15.7568
15.75465
15.75235
15.748
15.7385
15.73195
15.71765
15.7014
15.6887
15.66825
15.6597
15.65075
15.63865
15.62865
15.6179
15.60405
15.595
15.59775
15.5871
15.57495
15.55815
15.54805
15.5417
15.5363
15.52765
15.52165
15.51475
15.5024
15.48435
15.47515
15.4685
15.45775
15.44465
15.4389
15.42605
15.4179
15.40945
15.40555
15.39765
15.39195
15.39425
15.39835
15.39645
15.38205
15.37185
15.3606
15.34645
15.3329
15.32325
15.3028
15.29465
15.29805
15.28055
15.2712
15.26515
15.2689
15.26005
15.25415
15.25025
15.2444
15.23
15.21515
15.20275
15.1995
15.19015
15.18375
15.17795
15.1675
15.1592
15.14505
15.14305
15.13305
15.1181
15.11115
15.10435
15.09455
15.0819
15.07345
15.0622
15.0517
15.04185
15.0353
15.02835
15.02515
15.02135
15.0127
15.006
14.9949
14.98495
14.97545
14.97545
14.967
14.95755
14.949
14.9487
14.9336
14.91915
14.90545
14.90505
14.9021
14.89005
14.8797
14.87525
14.8687
14.85825
14.84435
14.84035
14.8369
14.83025
14.8218
14.8147
14.81415
14.8072
14.79635
14.79665
14.77855
14.7729
14.7657
14.75565
14.7463
14.73295
14.73075
14.72945
14.72855
14.7132
14.70005
14.6875
14.6737
14.66115
14.6492
14.644
14.6382
14.636
14.6235
14.6125
14.59865
14.59375
14.59375
14.58845
14.58045
14.57505
14.5604
14.54575
14.5372
14.53025
14.5293
14.521
14.5144
14.50905
14.5047
14.4988
14.49795
14.4955
14.48885
14.4802
14.4629
14.45315
14.4405
14.4273
14.4151
14.41605
14.4123
14.4021
14.39095
14.3838
14.3767
14.3653
14.35865
14.3443
14.333
14.32715
14.31455
14.3132
14.3023
14.2938
14.2881
14.28685
14.27425
14.274
14.2717
14.2676
14.2627
14.2596
14.2588
14.2485
14.24265
14.2342
14.2293
14.21545
14.21045
14.20775
14.19445
14.1888
14.18455
14.18725
14.1729
14.17305
14.16815
14.16
14.15
14.1386
14.1182
14.1009
14.10135
14.09265
14.08825
14.07895
14.0747
14.073
14.0607
14.0474
14.0376
14.02255
14.00775
13.9963
13.9845
13.9856
13.9898
13.9861
13.98145
13.97185
13.9701
13.959
13.9526
13.9386
13.9369
13.93215
13.92235
13.91565
13.9195
13.91295
13.9043
13.89585
13.89355
13.8872
13.87525
13.8776
13.87255
13.8621
13.85505
13.8496
13.84665
13.82965
13.8163
13.80475
13.80495
13.79445
13.7852
13.77225
13.75935
13.7478
13.73275
13.7166
13.7012
13.68845
13.67885
13.6693
13.65875
13.6472
13.6407
13.64015
13.6497
13.6381
13.63285
13.6341
13.63445
13.6323
13.6277
13.624
13.6282
13.62075
13.61275
13.6092
13.5948
13.592
13.581
13.5728
13.5618
13.55075
13.54355
13.532
13.5232
13.5178
13.50395
13.5008
13.48475
13.47975
13.47855
13.46955
13.46745
13.459
13.44725
13.43695
13.4265
13.4134
13.4062
13.3948
13.395
13.39895
13.3981
13.3908
13.3938
13.38945
13.3797
13.37215
13.35965
13.3556
13.3499
13.3432
13.33425
13.3276
13.31415
13.31585
13.31255
13.3101
13.30405
13.30735
13.2996
13.29685
13.29095
13.27985
13.2683
13.25695
13.24765
13.23825
13.23135
13.2291
13.2098
13.1995
13.191
13.1802
13.16745
13.15335
13.14235
13.138
13.13705
13.1367
13.1263
13.1202
13.10995
13.0999
13.0973
13.0991
13.0971
13.0979
13.10075
13.10875
13.10785
13.10375
13.09385
13.07845
13.06115
13.054
13.04125
13.03575
13.03365
13.0317
13.02745
13.02265
13.02535
13.0199
13.01315
13.01285
13.01645
13.01075
13.00325
12.99495
12.9878
12.97065
12.9557
12.9492
12.9471
12.93655
12.9313
12.92875
12.9302
12.91975
12.9141
12.8979
12.89325
12.8888
12.8786
12.8711
12.86705
12.8639
12.86225
12.85175
12.84175
12.83615
12.83275
12.8226
12.8143
12.81575
12.81225
12.7996
12.79215
12.7915
12.79515
12.78595
12.7814
12.76955
12.7537
12.7485
12.7383
12.72365
12.71835
12.70805
12.6983
12.68675
12.6721
12.66445
12.6548
12.65365
12.6429
12.6307
12.6188
12.61045
12.60595
12.58925
12.57535
12.5635
12.56315
12.5625
12.55765
12.55715
12.56105
12.5656
12.5634
12.55805
12.5503
12.5503
12.5432
12.52965
12.5237
12.51505
12.50735
12.49495
12.49005
12.48925
12.47645
12.4682
12.46145
12.4503
12.4418
12.43455
12.4391
12.4343
12.43435
12.4369
12.4314
12.4215
12.40685
12.39635
12.38335
12.36635
12.358
12.35105
12.34935
12.34305
12.33845
12.3385
12.34215
12.3469
12.34245
12.33835
12.33615
12.3287
12.3218
12.31375
12.3102
12.304
12.30185
12.2993
12.29245
12.2801
12.2742
12.27095
12.2637
12.267
12.26315
12.26595
12.2763
12.26445
12.2596
12.2465
12.22965
12.22355
12.21685
12.2178
12.2032
12.19335
12.19405
12.19215
12.18415
12.17875
12.1736
12.17065
12.1634
12.1539
12.1465
12.14845
12.1438
12.1427
12.13965
12.1348
12.1319
12.1328
12.12245
12.11275
12.1025
12.0973
12.09295
12.09175
12.08735
12.07815
12.07965
12.0791
12.06915
12.05675
12.0484
12.03165
12.0243
12.00875
12.00025
11.98885
11.98345
11.98135
11.97695
11.9721
11.96315
11.9533
11.9562
11.9527
11.9531
11.94205
11.9397
11.93005
11.91685
11.9072
11.90065
11.89865
11.8925
11.88505
11.88325
11.8797
11.86285
11.85555
11.846
11.85445
11.84585
11.84095
11.83955
11.8391
11.8341
11.8185
11.81255
11.8035
11.79465
11.78555
11.77785
11.777
11.7744
11.77965
11.771
11.76505
11.76
11.7591
11.7496
11.74315
11.7345
11.72985
11.7231
11.7212
11.72255
11.71365
11.7072
11.6968
11.68605
11.6714
11.65755
11.65075
11.6458
11.64085
11.64155
11.63705
11.6334
11.6288
11.6092
11.59875
11.58325
11.5787
11.5694
11.57325
11.57625
11.58245
11.584
11.5735
11.573
11.5686
11.5587
11.54385
11.53195
11.52435
11.5138
11.5096
11.51025
11.51625
11.51495
11.5135
11.50635
11.50075
11.5003
11.4893
11.47855
11.48285
11.47375
11.45785
11.44855
11.44025
11.43715
11.43425
11.42695
11.42355
11.418
11.4213
11.41805
11.41125
11.4172
11.41725
11.4141
11.41555
11.4175
11.4079
11.4051
11.399
11.3943
11.38125
11.37325
11.37635
11.3665
11.3596
11.35375
11.34435
11.3378
11.3243
11.31305
11.29995
11.2864
11.28655
11.28265
11.27685
11.26935
11.25835
11.2506
11.24175
11.2342
11.22445
11.22055
11.21855
11.21285
11.20425
11.20505
11.20435
11.19465
11.19525
11.19385
11.19135
11.18945
11.18605
11.18605
11.17335
11.16385
11.16355
11.16475
11.1582
11.14585
11.14655
11.14865
11.1431
11.13005
11.13515
11.13725
11.14155
11.13575
11.131
11.1244
11.11095
11.1094
11.0958
11.0976
11.09425
11.0908
11.08915
11.0979
11.09665
11.09275
11.084
11.0798
11.0696
11.0589
11.04375
11.03855
11.02875
11.02645
11.0293
11.0259
11.0308
11.03545
11.0373
11.0289
11.0206
11.0117
10.99535
10.9778
10.97415
10.9689
10.97215
10.96235
10.95245
10.94755
10.9427
10.9336
10.92385
10.9229
10.9236
10.9235
10.92355
10.9236
10.91435
10.90745
10.90425
10.90385
10.90065
10.9016
10.89915
10.89175
10.8778
10.87135
10.8633
10.8591
10.8535
10.84985
10.85155
10.844
10.8386
10.84165
10.8359
10.83495
10.82015
10.8135
10.8154
10.80975
10.80775
10.81395
10.81
10.80315
