0.138604
0.125871
0.137054
0.17557
0.180739
0.180415
0.168292
0.177826
0.196503
0.214722
0.231149
0.242653
0.241365
0.249123
0.252962
0.253502
0.257877
0.2813
0.295303
0.29581
0.296144
0.280875
0.280905
0.261871
0.263643
0.255981
0.26973
0.279404
0.294365
0.31019
0.331032
0.339691
0.323769
0.331445
0.347121
0.380829
0.391182
0.397444
0.398544
0.401003
0.40627
0.387817
0.390056
0.406882
0.438461
0.427023
0.432121
0.43766
0.432443
0.420662
0.382875
0.374268
0.364235
-0.225047
0.549096
0.39068
0.342846
0.900748
-0.366013
1.44117
0.266367
0.609167
0.592239
0.582336
0.561179
0.549599
0.520227
0.522607
0.52034
0.525055
0.51192
0.50399
0.492401
0.501567
0.507284
0.513984
0.50395
0.532585
0.567735
0.592337
0.61644
0.621002
0.62324
0.612018
0.616897
0.610469
0.623442
0.6205
0.612276
0.62355
0.650566
0.659251
0.67482
0.679396
0.705151
0.70464
0.688565
0.682754
0.687745
0.716415
0.732188
0.739333
0.746469
0.760254
0.790445
0.826857
0.861793
0.900116
0.927989
0.933012
0.933017
0.925859
0.912851
0.901399
0.917044
0.910645
0.910669
0.927223
0.94575
0.95401
0.973892
1.00637
1.02534
1.05157
1.06292
1.07944
1.09893
1.10538
1.121
1.11697
1.10027
1.09467
1.10647
1.09909
1.11126
1.13467
1.14273
1.14898
1.15202
1.1609
1.15175
1.1471
1.15178
1.17243
1.1992
1.21809
1.23531
1.25619
1.25712
1.26227
1.27448
1.28755
1.29824
1.31802
1.32374
1.33264
1.34193
1.36426
1.37318
1.36283
1.37915
1.37814
1.38821
1.41462
1.44273
1.45131
1.47995
1.49851
1.51502
1.51261
1.53731
1.54526
1.54662
1.54568
1.56213
1.56223
1.5806
1.59274
1.59034
1.58895
1.60398
1.6009
1.58955
1.62283
1.64992
1.6678
1.66161
1.65103
1.65234
1.63931
1.63803
1.65747
1.67845
1.6934
1.71405
1.70767
1.724
1.73276
1.73945
1.74595
1.73898
1.72405
1.7255
1.7221
1.73118
1.73162
1.75685
1.78246
1.80141
1.80806
1.82735
1.84151
1.85094
1.85095
1.85403
1.84409
1.83701
1.86195
1.88028
1.88618
1.91254
1.93074
1.95574
1.97624
1.98836
2.00192
2.00773
2.00223
1.99685
1.99808
2.01078
2.03295
2.05123
2.07226
2.09195
2.10931
2.10656
2.10594
2.10361
2.0983
2.1076
2.12327
2.12532
2.14005
2.14426
2.14693
2.16373
2.17864
2.21628
2.23031
2.23586
2.23571
2.23937
2.23304
2.22768
2.25423
2.25745
2.26967
2.27894
2.27748
2.26251
2.28545
2.30694
2.30444
2.30367
2.32197
2.33236
2.32316
2.32436
2.33483
2.34988
2.35855
2.36997
2.38479
2.39987
2.41196
2.41453
2.43471
2.45215
2.45529
2.45638
2.46733
2.50194
2.51357
2.51071
2.50748
2.52462
2.52525
2.51153
2.50497
2.50421
2.51981
2.54028
2.55531
2.57835
2.59477
2.60622
2.61284
2.63023
2.63344
2.64924
2.66598
2.67032
2.68935
2.70161
2.72279
2.72109
2.72542
2.73731
2.71382
2.71585
2.72582
2.73015
2.75363
2.76862
2.77635
2.78534
2.78531
2.78908
2.79466
2.79163
2.80713
2.82523
2.82443
2.82378
2.83128
2.85294
2.85727
2.86678
2.88597
2.9005
2.91956
2.92081
2.90852
2.9176
2.93802
2.9503
2.94145
2.95377
2.96053
2.9639
2.96684
2.96419
2.97738
2.98635
3.00023
3.0188
3.04279
3.06301
3.05604
3.07619
3.09416
3.09988
3.10198
3.12207
3.14474
3.14171
3.15745
3.17967
3.14759
3.39686
3.05994
3.12841
3.10508
3.09799
3.1232
3.14918
3.14093
3.1297
3.19871
3.32886
3.20937
3.2189
3.22389
3.23349
3.26837
3.29992
3.33336
3.3499
3.34706
3.33644
3.3003
3.38232
3.41309
3.30455
3.25311
3.31155
3.33024
3.3616
3.37
3.36401
3.35419
3.35654
3.34261
3.33533
3.32743
3.32911
3.33566
3.33962
3.32447
3.30296
3.30831
3.30581
3.29401
3.31947
3.33139
3.33827
3.33424
3.32996
3.31922
3.31937
3.31386
3.29894
3.30949
3.31917
3.31898
3.32253
3.33055
3.33096
3.32523
3.34429
3.34721
3.35641
3.36896
3.35748
3.33299
3.31873
3.34879
3.36244
3.39023
3.36804
3.37066
3.38884
3.42294
3.43063
3.45375
3.45871
3.44813
3.447
3.45206
3.38208
3.265
3.36453
3.4122
3.42399
3.43112
3.44015
3.45123
3.47799
2.9267
4.28281
3.52248
3.62232
3.57909
3.5838
3.58552
3.57823
3.55876
3.55713
3.56527
3.54703
3.56717
3.58104
3.59078
3.60158
3.60057
3.60238
3.58877
3.58526
3.59484
3.61882
3.63877
3.67351
3.69862
3.70639
3.71818
3.72354
3.74802
3.75384
3.7559
3.76995
3.76234
3.76897
3.77619
3.78323
3.80549
3.81387
3.82169
3.81686
3.81994
3.82378
3.84343
3.86012
3.86854
3.87538
3.86919
3.87311
3.88322
3.88728
3.91131
3.94618
3.96124
3.96846
3.98589
3.99561
3.99467
4.00876
4.01719
4.02721
4.04155
4.06622
4.07925
4.1102
4.14756
4.1591
4.17338
4.20293
4.20435
4.21392
4.23586
4.25677
4.2881
4.30683
4.31348
4.32065
4.33716
4.36272
4.36783
4.36984
4.36827
4.35162
4.35151
4.34876
4.36678
4.38344
4.4296
4.44032
4.44704
4.47203
4.46622
4.4788
4.4953
4.52831
4.5438
4.56228
4.59533
4.60165
4.60032
4.61377
4.63484
4.64353
4.65527
4.6779
4.67334
4.67837
4.67763
4.67687
4.6956
4.70106
4.70595
4.71012
4.70822
4.73423
4.75349
4.7596
4.78989
4.81
4.83107
4.82975
4.84152
4.85764
4.86739
4.87562
4.88256
4.90003
4.93581
4.96121
4.96416
4.98248
4.99474
5.00338
4.99529
5.01697
5.0555
5.07556
5.09187
5.11483
5.13763
5.15108
5.13976
5.15776
5.16204
5.19189
5.19713
5.21304
5.22685
5.25054
5.25185
5.25748
5.26488
5.26357
5.27917
5.2854
5.28451
5.30383
5.29884
5.30248
5.29414
5.31096
5.3046
5.32729
5.34213
5.35628
5.36539
5.38146
5.39276
5.40532
5.4153
5.44574
5.45811
5.47278
5.48704
5.50588
5.52541
5.53543
5.53867
5.56703
5.58388
5.60246
5.61537
5.61278
5.62606
5.6338
5.64644
5.66714
5.67668
5.70554
5.73303
5.75542
5.77413
5.78086
5.79184
5.82607
5.84498
5.85265
5.87911
5.89382
5.90737
5.92542
5.94527
5.94787
5.94807
5.95609
5.97
5.98041
6.00647
6.02291
6.04316
6.06209
6.06856
6.0475
6.03743
6.02008
6.00901
6.01625
6.0359
6.0564
6.07854
6.11371
6.14455
6.17118
6.17708
6.18956
6.1964
6.21543
6.21683
6.22233
6.21848
6.22591
6.24416
6.25561
6.26824
6.26681
6.28194
6.29691
6.29645
6.30306
6.29311
6.28624
6.28671
6.28604
6.29739
6.31534
6.32716
6.34051
6.36735
6.3917
6.40721
6.42491
6.43608
6.44639
6.44997
6.47109
6.49596
6.49807
6.50674
6.52979
6.53663
6.54712
6.5658
6.59174
6.60467
6.60498
6.61475
6.6168
6.63294
6.63902
6.65967
6.66097
6.65646
6.66088
6.67081
6.66243
6.67019
6.68936
6.7142
6.72303
6.72658
6.73438
6.75342
6.76475
6.77878
6.79946
6.80028
6.81226
6.83405
6.82568
6.84908
6.86524
6.87744
6.86877
6.89032
6.891
6.89374
6.89545
6.90381
6.90833
6.91698
6.92405
6.94788
6.92008
7.10813
6.81191
6.9743
6.93861
6.95296
6.91992
6.88929
6.92425
6.94861
6.97699
7.06496
6.95586
6.97269
7.04696
6.95478
6.943
6.92172
6.9523
6.97058
6.97743
6.97927
6.97442
6.98358
6.95917
6.95695
6.98188
7.01914
7.02764
7.01975
7.0053
6.99149
6.97901
6.98207
6.985
6.97906
6.96914
6.98196
6.9875
6.99554
6.99663
6.98869
7.00552
6.9971
6.98904
6.99456
6.97503
6.97659
6.96244
6.94927
6.94098
6.95772
6.9669
6.97376
6.96766
6.95091
6.93945
6.94359
6.94191
6.93834
6.95189
6.95145
6.95718
6.96388
6.97049
6.96511
6.96638
6.97926
7.00055
6.99967
6.9879
6.9935
6.98572
6.99037
7.00275
7.01929
7.02128
7.01292
7.01152
7.02515
7.02009
6.8307
6.78015
6.92552
6.96112
6.97669
6.97107
6.94959
6.93133
6.93154
6.42133
7.85291
7.06848
7.03822
7.07854
7.18174
7.23238
7.27624
7.27899
7.26702
7.26417
7.26538
7.26605
7.26419
7.27329
7.28035
7.29187
7.30232
7.33886
7.35617
7.39007
7.42166
7.43772
7.44055
7.44217
7.45969
7.47998
7.51466
7.5311
7.55633
7.56614
7.58137
7.58293
7.60509
7.6162
7.63111
7.66244
7.65985
7.66196
7.6732
7.69033
7.69497
7.70796
7.73498
7.74851
7.75761
7.78697
7.81566
7.83357
7.84522
7.85122
7.87
7.8955
7.90424
7.92648
7.96541
8.00143
8.03106
8.05075
8.06398
8.09952
8.12473
8.12575
8.14856
8.16995
8.16978
8.18397
8.20865
8.25174
8.28786
8.30755
8.32055
8.34027
8.33181
8.34125
8.36127
8.38613
8.40909
8.45142
8.47073
8.47707
8.49341
8.50701
8.51536
8.52963
8.52993
8.54994
8.56097
8.56216
8.57133
8.59394
8.61702
8.62801
8.6476
8.68544
8.72369
8.7335
8.74221
8.75099
8.75708
8.75367
8.76103
8.77913
8.80382
8.8384
8.8641
8.89438
8.91369
8.91842
8.94893
8.9826
9.00555
9.03142
9.03942
9.06426
9.07506
9.0841
9.09197
9.11014
9.12609
9.12295
9.13881
9.1668
9.1942
9.20275
9.22406
9.24214
9.25984
9.26296
9.25991
9.29205
9.28982
9.3073
9.31812
9.3342
9.35248
9.36038
9.3714
9.39299
9.40273
9.41574
9.42925
9.44945
9.4626
9.47343
9.48279
9.49346
9.50475
9.5239
9.55013
9.56575
9.56694
9.59908
9.60451
9.61655
9.66365
9.68179
9.70547
9.72041
9.72969
9.74259
9.73145
9.72654
9.74617
9.75231
9.76378
9.7756
9.79451
9.82671
9.84577
9.86397
9.87024
9.89614
9.9125
9.93477
9.94142
9.94585
9.95909
9.96391
9.96172
9.96893
9.99994
10.0324
10.078
10.1073
10.1375
10.1641
10.164
10.1609
10.1718
10.193
10.2042
10.2163
10.2436
10.2582
10.2805
10.2954
10.3014
10.3156
10.3264
10.3525
10.3586
10.37
10.3924
10.4043
10.41
10.4211
10.4273
10.4331
10.4151
10.4303
10.4571
10.4838
10.505
10.5273
10.546
10.5547
10.569
10.5636
10.5878
10.6118
10.6188
10.6439
10.6634
10.6764
10.6823
10.6872
10.6971
10.7071
10.7176
10.7296
10.7473
10.7745
10.7761
10.7994
10.8137
10.8091
10.8109
10.8283
10.8423
10.8364
10.8478
10.859
10.8714
10.8865
10.8984
10.9116
10.9379
10.9678
10.9991
11.0248
11.0455
11.0679
11.0824
11.0773
11.0849
11.0958
11.102
11.1084
11.109
11.1166
11.1266
11.1179
11.1145
11.1102
11.1265
11.1473
11.1441
11.1605
11.1834
11.2129
11.2208
11.2433
11.2666
11.281
11.3033
11.3241
11.3476
11.3465
11.3404
11.3346
11.3417
11.3457
11.3565
11.3795
11.4089
11.4395
11.452
11.4649
11.4684
11.4873
11.5115
11.5196
11.5343
11.5373
11.5527
11.5716
11.5943
11.6135
11.6298
11.6397
11.5729
11.7777
11.5267
11.6569
11.6247
11.566
11.5512
11.5591
11.5777
11.5736
11.5995
11.6869
11.6154
11.6285
11.6958
11.5891
11.6551
11.5897
11.5547
11.5824
11.5625
11.5025
11.584
11.6502
11.6139
11.5585
11.5565
11.5835
11.578
11.5706
11.5596
11.5521
11.5801
11.5701
11.5597
11.5625
11.55
11.5211
11.5242
11.5202
11.5081
11.4918
11.4925
11.4778
11.483
11.4735
11.4751
11.4898
11.4943
11.4985
11.4934
11.4783
11.45
11.4633
11.4494
11.4449
11.4447
11.4304
11.4311
11.4294
11.4302
11.4254
11.4126
11.4233
11.4103
11.4149
11.4281
11.4354
11.4309
11.4295
11.4169
11.4157
11.4208
11.4099
11.4253
11.4412
11.4466
11.4379
11.4378
11.4358
11.4059
11.167
11.199
11.3553
11.3661
11.3477
11.3187
11.2997
11.2803
11.2865
10.7556
12.0456
11.4478
11.6061
11.5796
11.5895
11.6139
11.6463
11.6523
11.7
11.7385
11.7522
11.7651
11.7857
11.7966
11.8068
11.8377
11.8744
11.8981
11.9327
11.9719
12.0179
12.0454
12.0623
12.0705
12.0991
12.1447
12.1887
12.2296
12.2718
12.2873
12.3221
12.3449
12.3628
12.3867
12.4013
12.4133
12.4347
12.4651
12.5144
12.5309
12.5685
12.6034
12.6352
12.6573
12.6707
12.6936
12.7222
12.7343
12.7593
12.7934
12.8189
12.8447
12.8862
12.8991
12.9146
12.9461
12.9862
13.0219
13.0633
13.0951
13.1377
13.1678
13.1983
13.2247
13.2531
13.2835
13.3187
13.3546
13.3818
13.4204
13.4297
13.4372
13.4551
13.4657
13.4818
13.5024
13.533
13.5568
13.5619
13.581
13.6116
13.6526
13.696
13.7413
13.7762
13.7961
13.8162
13.8319
13.8363
13.8343
13.8592
13.8911
13.9132
13.9257
13.9587
13.9909
14.0165
14.0399
14.0539
14.0929
14.1205
14.1467
14.1513
14.1786
14.2106
14.2424
14.2648
14.2787
14.2899
14.3006
14.3235
14.3377
14.3524
14.3655
14.3864
14.4132
14.4445
14.4884
14.4952
14.5106
14.5333
14.5623
14.5888
14.6091
14.6496
14.6546
14.671
14.6894
14.6972
14.7153
14.7426
14.7633
14.7709
14.7909
14.8071
14.8085
14.8197
14.8371
14.8619
14.8912
14.9172
14.9347
14.9659
14.9811
14.9928
15.0159
15.0313
15.0567
15.0747
15.076
15.1047
15.1236
15.1332
15.1334
15.1371
15.1567
15.1761
15.1865
15.2037
15.2171
15.2366
15.2646
15.2961
15.3282
15.3546
15.3935
15.4224
15.4447
15.4738
15.4875
15.5057
15.5256
15.5347
15.5461
15.5387
15.5644
15.5734
15.5843
15.5964
15.6291
15.6552
15.6894
15.6965
15.7075
15.7159
15.713
15.7078
15.7226
15.7401
15.7658
15.7749
15.7846
15.8072
15.8458
15.873
15.8828
15.9254
15.9558
15.9657
15.9662
15.9762
15.9732
15.967
15.9787
16.0072
16.0142
16.0206
16.0445
16.0651
16.0877
16.0865
16.1145
16.1347
16.1537
16.1684
16.197
16.2151
16.2299
16.2365
16.2426
16.2535
16.2598
16.2772
16.3092
16.336
16.3405
16.3573
16.3765
16.3961
16.4032
16.4176
16.4433
16.4415
16.4551
16.4641
16.4614
16.4515
16.4582
16.4867
16.5039
16.5075
16.5064
16.5385
16.552
16.549
16.5777
16.6014
16.607
16.6193
16.6273
16.6273
16.6288
16.6552
16.669
16.6865
16.7096
16.7368
16.7621
16.7566
16.7656
16.7714
16.7715
16.7948
16.797
16.8044
16.8083
16.8311
16.8341
16.8338
16.8629
16.8862
16.8949
16.8995
16.9086
16.9279
16.9347
16.9348
16.9556
16.9693
16.9975
17.0208
17.0286
17.0469
17.0474
17.0638
17.0862
17.0917
17.0999
17.106
17.1132
17.105
17.1034
17.0897
17.0928
17.0933
17.104
17.1248
17.1494
17.1703
17.1941
17.1096
17.3221
17.1235
17.0579
17.0828
17.0818
17.0689
17.0605
17.056
17.0157
16.9917
17.1142
17.1065
17.0871
17.1229
17.1044
17.1056
17.0765
17.0652
17.0817
16.9911
16.8951
17.0026
17.0031
16.9482
16.8755
16.9055
16.9304
16.911
16.9071
16.8837
16.8849
16.8607
16.8688
16.8608
16.8682
16.8611
16.864
16.8697
16.8694
16.8499
16.8424
16.8369
16.8321
16.8286
16.8183
16.7995
16.7775
16.7628
16.7458
16.7263
16.7098
16.7139
16.7054
16.6881
16.6883
16.7058
16.7114
16.7048
16.7134
16.7027
16.684
16.6595
16.6378
16.6205
16.6132
16.5922
16.6097
16.6087
16.5868
16.5784
16.5595
16.5707
16.6048
16.5889
16.5807
16.5767
16.5671
16.5529
16.5482
17.1729
18.8859
18.1683
17.0457
16.6791
16.6173
16.5854
16.5656
16.5121
13.8587
13.6458
15.7142
16.3772
16.5061
16.5172
16.5181
16.5062
16.5034
16.3726
16.2886
16.8949
16.7221
16.5493
16.6395
16.6916
16.7231
16.7847
16.8282
16.8467
16.8725
16.9025
16.9198
16.9184
16.9366
16.9551
16.9825
17.0088
17.0448
17.0801
17.1111
17.1501
17.1542
17.1714
17.1872
17.2211
17.2639
17.2913
17.3268
17.3557
17.3782
17.3766
17.3858
17.4157
17.4559
17.4794
17.5296
17.58
17.62
17.6456
17.6855
17.7368
17.7626
17.7854
17.8104
17.8221
17.8243
17.8371
17.8509
17.8719
17.9123
17.9429
17.9596
17.9804
18.0007
18.0376
18.0564
18.0828
18.117
18.1196
18.1322
18.1433
18.1476
18.1558
18.1757
18.2137
18.2372
18.2826
18.3003
18.3331
18.354
18.3915
18.4115
18.4408
18.467
18.4861
18.4826
18.4852
18.4956
18.5112
18.5207
18.5496
18.571
18.5962
18.631
18.6796
18.699
18.7062
18.7285
18.7425
18.7479
18.7682
18.7819
18.7958
18.8133
18.8065
18.8236
18.8247
18.8302
18.8329
18.8516
18.8606
18.8785
18.8956
18.9241
18.956
18.9778
19.001
19.0212
19.0218
19.0315
19.0356
19.0596
19.0642
19.0861
19.1061
19.1326
19.1316
19.1222
19.1281
19.1447
19.1438
19.1518
19.1714
19.1691
19.1796
19.1939
19.1947
19.1884
19.1893
19.2066
19.2063
19.2121
19.2495
19.2852
19.3055
19.3209
19.347
19.3518
19.3587
19.3602
19.3799
19.3961
19.4044
19.4048
19.4056
19.4133
19.4249
19.4273
19.4438
19.4596
19.4797
19.4856
19.4914
19.498
19.501
19.5149
19.537
19.5539
19.5629
19.5728
19.5824
19.5834
19.5727
19.5733
19.5835
19.5947
19.6133
19.6395
19.6736
19.6774
19.686
19.6933
19.6966
19.7093
19.7122
19.7299
19.7321
19.7179
19.7261
19.7459
19.7406
19.7317
19.7471
19.7466
19.7588
19.7626
19.7813
19.7846
19.7987
19.818
19.8453
19.8392
19.8404
19.8372
19.8704
19.8792
19.8809
19.8928
19.9193
19.9247
19.9307
19.9159
19.9194
19.9237
19.9183
19.9243
19.9232
19.9396
19.9414
19.9264
19.9207
19.9279
19.9352
19.9387
19.9474
19.9546
19.9741
19.9869
19.9932
19.9926
19.9944
19.9973
20.0128
20.0244
20.0158
20.0094
20.0069
19.9979
20.0026
19.983
19.9825
19.9909
19.9957
20.006
20.0156
20.0326
20.0474
20.0736
20.0849
20.0928
20.0946
20.1079
20.1275
20.1234
20.1274
20.1357
20.144
20.1414
20.1116
20.0931
20.0771
20.0867
20.0865
20.102
20.1259
20.1337
20.1357
20.1454
20.1425
20.1414
20.1413
20.1483
20.1728
20.1793
20.1778
20.1872
20.1722
20.1647
20.1461
20.1401
20.1379
20.1483
20.1586
20.1779
20.1901
20.1929
20.1849
20.1885
20.2015
20.1953
20.2054
20.226
20.242
20.2422
20.2457
20.2545
20.2519
20.2577
20.2616
20.2548
20.2616
20.2544
20.2574
20.2729
20.2903
20.3075
20.3218
20.3398
20.3529
20.3701
20.2194
20.2876
20.3629
20.2838
20.2407
20.2076
20.1833
20.1957
20.1912
20.1861
20.1985
20.2132
20.2125
20.2126
20.207
20.178
20.1635
20.1618
20.1506
20.1415
20.1177
20.092
20.0792
20.0584
20.0427
20.0454
20.0398
20.038
20.0275
20.0231
20.0234
20.0091
20.0007
19.9946
19.9798
19.9722
19.952
19.9119
19.8971
19.8719
19.8615
19.8771
19.879
19.8931
19.9149
19.9037
19.8872
19.8761
19.8672
19.8498
19.8253
19.814
19.7945
19.7852
19.7594
19.7482
19.7234
19.7218
19.7131
19.6925
19.6869
19.6712
19.6588
19.6456
19.627
19.6095
19.5995
19.586
19.5927
19.588
19.5764
19.572
19.5826
19.5675
19.5398
19.5303
19.5137
19.5002
19.4858
19.4868
19.4668
19.4643
19.4502
19.4163
19.4043
19.3813
19.3757
19.3597
19.3395
19.3466
19.3243
19.3055
19.2664
19.2298
19.2116
19.1925
19.1817
19.1749
19.1879
19.1947
19.1915
19.1653
19.1292
19.1045
19.0842
19.0709
19.0698
19.0748
19.0781
19.0772
19.0607
19.0439
19.019
19
18.9879
18.9871
18.9941
18.9762
18.9817
18.9761
18.9583
18.9506
18.9203
18.9073
18.9067
18.8981
18.9094
18.8945
18.8725
18.8519
18.8335
18.8242
18.7989
18.7932
18.7887
18.8027
18.8062
18.7919
18.7841
18.7733
18.7666
18.751
18.728
18.7175
18.7056
18.7023
18.7052
18.6909
18.6962
18.7039
18.713
18.7109
18.6905
18.6694
18.6556
18.6343
18.6124
18.6188
18.6275
18.6092
18.5922
18.5762
18.5694
18.5683
18.5536
18.5488
18.5465
18.5326
18.5311
18.5125
18.487
18.4636
18.446
18.4166
18.4052
18.3918
18.3789
18.3555
18.3309
18.2998
18.3002
18.307
18.308
18.3378
18.3349
18.3433
18.3394
18.3296
18.3047
18.2841
18.2653
18.2366
18.2246
18.2057
18.1877
18.1745
18.1663
18.1732
18.1694
18.1558
18.1519
18.1378
18.1182
18.1049
18.0905
18.0756
18.0665
18.0683
18.0728
18.0807
18.0801
18.0855
18.0767
18.0624
18.0474
18.0371
18.0248
17.9968
17.9851
17.9809
17.9686
17.9493
17.942
17.9446
17.9248
17.9024
17.8963
17.8832
17.8578
17.8414
17.8522
17.838
17.8216
17.7907
17.7813
17.7814
17.783
17.758
17.757
17.7677
17.7736
17.7533
17.7276
17.7168
17.7192
17.705
17.6852
17.6877
17.6803
17.6793
17.6764
17.6697
17.6582
17.6528
17.6395
17.6128
17.5967
17.5878
17.5738
17.5521
17.5348
17.515
17.5135
17.5088
17.5118
17.511
17.5168
17.5124
17.502
17.5083
17.4855
17.4689
17.4522
17.4166
17.4009
17.3786
17.3764
17.3664
17.3425
17.3373
17.3267
17.3087
17.3072
17.3286
17.3278
17.3102
17.2993
17.2978
17.2993
17.2839
17.2797
17.2876
17.3023
17.3005
17.2784
17.2583
17.2579
17.2464
17.2235
17.2071
17.203
17.1978
17.1665
17.1592
17.1723
17.1428
17.1415
17.1435
17.1329
17.1203
17.1158
17.1133
17.1002
17.1065
17.0989
17.0865
17.0747
17.0593
17.0566
17.043
17.0259
17.0064
16.9942
17.0048
17.0039
16.9931
16.9931
16.9947
16.9806
16.9872
16.9698
16.9564
16.9591
16.9673
16.9556
16.9308
16.9254
16.9054
16.8777
16.8693
16.8582
16.8463
16.8286
16.8353
16.8072
16.7953
16.7855
16.7744
16.7773
16.7716
16.803
16.7977
16.7794
16.7808
16.761
16.7461
16.7046
16.6831
16.6729
16.6644
16.661
16.6653
16.6627
16.6698
16.6637
16.6462
16.6255
16.6122
16.608
16.6033
16.6046
16.5853
16.5804
16.5526
16.531
16.5433
16.5237
16.5181
16.5113
16.4966
16.4937
16.4811
16.476
16.466
16.4567
16.4489
16.4298
16.4125
16.3883
16.3701
16.3647
16.3584
16.3492
16.3698
16.3617
16.3375
16.3324
16.3136
16.2895
16.2603
16.2544
16.239
16.2101
16.2067
16.205
16.1998
16.2003
16.2162
16.2061
16.2056
16.1967
16.207
16.2146
16.2071
16.1961
16.2061
16.2091
16.1963
16.1779
16.1689
16.1646
16.1426
16.1149
16.096
16.0742
16.0582
16.0531
16.0567
16.0556
16.0541
16.0314
15.9977
15.9893
15.9869
15.9576
15.9483
15.9478
15.9438
15.9314
15.9121
15.8875
15.8797
15.86
15.8705
15.8703
15.8865
15.8915
15.8975
15.8986
15.9067
15.9131
15.8995
15.8848
15.8718
15.8682
15.8503
15.8272
15.8019
15.7876
15.7778
15.7707
15.7684
15.757
15.7563
15.7622
15.7508
15.7282
15.7149
15.7023
15.6935
15.6762
15.6608
15.6563
15.647
15.6362
15.6388
15.6288
15.6213
15.6044
15.5938
15.5788
15.5656
15.5648
15.5601
15.5592
15.5403
15.5319
15.5365
15.5124
15.5181
15.5247
15.5317
15.5477
15.5642
15.5772
15.5737
15.546
15.5392
15.5183
15.5045
15.4935
15.4795
15.4557
15.4359
15.4247
15.4106
15.4032
15.3995
15.4086
15.4158
15.4012
15.4152
15.4165
15.4054
15.3828
15.3514
15.3497
15.3275
15.2934
15.299
15.299
15.3101
15.3185
15.3087
15.3042
15.2984
15.2863
15.2772
15.2657
15.2382
15.2317
15.2348
15.2149
15.2051
15.1825
15.1856
15.1718
15.1568
15.1597
15.1559
15.147
15.1516
15.1437
15.1412
15.131
15.1332
15.0998
15.0879
15.0889
15.0849
15.0586
15.043
15.0354
15.0177
15.0108
14.9768
14.9696
14.9781
14.9855
14.9742
14.9693
14.9667
14.96
14.9429
14.9078
14.8797
14.8579
14.8394
14.8365
14.8447
14.8566
14.8547
14.8621
14.8414
14.8276
14.83
14.8199
14.8158
14.8164
14.8076
14.7903
14.7847
14.7599
14.7466
14.7368
14.7295
14.7424
14.7437
14.7393
14.7466
14.7602
14.7708
14.7675
14.7692
14.7548
14.7504
14.7326
14.7111
14.6901
14.6754
14.6579
14.6442
14.632
14.6191
14.6229
14.6266
14.6349
14.6437
14.6337
14.6342
14.6198
14.6138
14.5891
14.5753
14.5475
14.5552
14.5573
14.5694
14.576
14.59
14.5946
14.5958
14.5894
14.5849
14.5849
14.5674
14.5699
14.548
14.5294
14.5212
14.5115
14.5074
14.5015
14.5208
14.5243
14.5163
14.4966
14.4718
14.473
14.4668
14.4755
14.4668
14.4594
14.4726
14.4551
14.4319
14.4084
14.4056
14.4049
14.4052
14.3892
14.403
14.4161
14.397
14.3861
14.3868
14.3959
14.3888
14.377
14.3666
14.356
14.341
14.3365
14.3185
14.3101
14.3063
14.2974
14.3037
14.2876
14.2709
14.2559
14.2548
14.2437
14.2189
14.2173
14.1994
14.1896
14.1676
14.1559
14.1567
14.1424
14.1459
14.1481
14.1397
14.1332
14.1218
14.1259
14.1137
14.1006
14.0987
14.0982
14.0844
14.0827
14.0832
14.0801
14.0891
14.0808
14.0698
14.0576
14.0363
14.0054
13.987
13.9883
13.9886
13.9915
13.9777
13.9858
13.9922
13.9813
13.964
13.9488
13.9483
13.9366
13.9293
13.9247
13.9223
13.9098
13.9076
13.9055
13.8984
13.8985
13.8954
13.8781
13.8531
13.8417
13.8156
13.7938
13.792
13.7939
13.7872
13.7667
13.7704
13.7663
13.7447
13.7401
13.7338
13.7345
13.7342
13.7271
13.7131
13.7173
13.7142
13.7064
13.7087
13.7064
13.7128
13.7124
13.7128
13.6992
13.6945
13.6794
13.673
13.6752
13.6613
13.6649
13.6538
13.6407
13.6367
13.6342
13.6173
13.6065
13.5964
13.5861
13.587
13.5802
13.5919
13.5796
13.5669
13.5581
13.5486
13.5275
13.5079
13.5007
13.5126
13.5046
13.4888
13.4917
13.494
13.4862
13.4822
13.47
13.4605
13.4443
13.4279
13.4244
13.4014
13.391
13.3842
13.3869
13.3756
13.3568
13.3356
13.3191
13.3038
13.2861
13.2768
13.2668
13.2665
13.2821
13.2696
13.2812
13.2873
13.2857
13.2795
13.2774
13.2645
13.2617
13.2746
13.2764
13.2554
13.2566
13.2589
13.2441
13.2387
13.23
13.2331
13.2355
13.2102
13.2162
13.2155
13.209
13.1923
13.1823
13.1962
13.175
13.1591
13.1494
13.1543
13.1547
13.1512
13.1479
13.1543
13.147
13.147
13.1479
13.1546
13.1562
13.1508
13.1476
13.149
13.1512
13.127
13.1161
13.1273
13.1264
13.1245
13.1172
13.1069
13.1084
13.094
13.0802
13.0699
13.0698
13.0772
13.0728
13.0645
13.0577
13.0512
13.03
13.0166
13.0191
13.0168
13.0167
12.9971
12.9937
12.9855
12.9675
12.9412
12.9298
12.9181
12.9212
12.9209
12.9159
12.9176
12.919
12.9247
12.9184
12.9176
12.9209
12.9131
12.9
12.8918
12.8674
12.8463
12.8286
12.8183
12.8055
12.8177
12.8145
12.8178
12.8265
12.8354
12.8223
12.8107
12.7826
12.7759
12.7633
12.7685
12.7711
12.7881
12.7869
12.8029
