1.16649
1.2686
1.09673
0.75531
0.449921
0.111572
-0.497421
-0.842728
-1.06187
-1.34235
-1.66452
-2.22383
-2.60406
-2.83258
-3.08952
-2.63492
1.14445
3.29953
2.05814
-3.73035E-14
0.109924
3.27173
7.67165
11.3908
13.8205
15.5002
16.4761
16.4597
10.8291
-20.4669
-55.1548
-43.6497
-20.1412
-7.95358
-3.01883
-1.23445
-0.428986
-0.00593567
0.234222
0.461258
0.719528
0.978058
1.24454
1.54172
1.81133
2.12032
2.44688
2.78868
3.13516
3.54657
3.96875
4.41797
4.87657
5.26875
5.59766
5.88516
6.18602
6.43242
6.6907
7.0293
7.34578
7.55829
7.74969
7.9864
8.20087
8.4086
8.58601
8.76414
8.95906
9.13719
9.31805
9.47188
9.60399
9.71524
9.82469
9.94414
10.0063
8.11797
5.51852
4.7532
4.56219
6.20079
7.29704
8.45735
12.146
13.0398
13.1327
13.2159
13.301
13.3728
13.4509
13.5095
13.5571
13.5895
13.602
13.6367
13.6352
13.6563
13.6481
13.6402
13.6414
13.6465
13.6512
13.6809
13.7086
13.7301
13.7413
13.7309
13.725
13.7527
13.7823
13.8277
13.8832
13.9535
13.9847
14.0219
14.0629
14.1188
14.1434
14.1695
14.2113
14.2476
14.277
14.3265
14.3715
14.4664
14.5598
14.6711
14.7723
14.8266
14.8981
14.9586
15.0566
15.1305
15.1984
15.2527
15.3109
15.3699
15.4602
15.5617
15.6301
15.7316
15.8309
15.9422
16.0598
16.1969
16.3559
16.5371
16.7262
17.1087
22.2086
20.8687
20.1989
19.8785
19.6758
19.5566
19.4488
19.359
19.277
19.2086
19.1481
19.0777
19.0371
18.9793
18.9274
18.8801
18.8375
18.8129
18.813
18.7836
18.7641
18.7263
18.6711
18.6348
18.6137
18.6039
18.5547
18.5337
18.5258
18.4961
18.4473
18.4164
18.3949
18.3637
18.3376
18.2789
18.2281
18.2055
18.1957
18.1927
18.1648
18.1692
18.1531
18.1055
18.0684
18.0648
18.0305
18.0106
17.9813
17.9641
17.9423
17.8984
17.8672
17.8543
17.8458
17.8066
17.7805
17.7657
17.7449
17.7707
17.8345
17.8719
17.9126
17.8934
17.8133
17.7446
17.5895
12.5927
9.34071
8.50313
7.63164
11.9829
19.0434
16.6352
11.3953
11.7742
11.6563
11.0652
11.0941
10.707
10.7411
10.6516
10.5797
9.25282
6.39024
4.08446
3.70547
12.4227
33.7216
70.2528
63.5242
55.5013
57.7742
60.5012
66.1727
65.9114
64.1305
61.8309
59.0531
56.3836
53.9141
51.5813
49.1106
47.1794
45.2363
43.2888
41.4407
39.7512
38.3212
36.9114
35.591
34.8196
34.091
33.4227
36.3492
40.2118
40.6614
39.8035
39.034
38.3017
37.2531
35.7591
33.9079
32.0817
30.5895
29.3391
28.2805
27.5419
26.9098
26.3884
26.0813
25.7903
25.4781
24.9032
22.4914
3.20828
-318.819
-299.63
-287.821
-288.981
-292.899
-296.366
-299.391
-301.612
-302.889
-303.373
-303.195
-302.43
-301.329
-299.95
-298.301
-296.573
-294.708
-292.711
-290.61
-288.5
-286.301
-284.151
-281.948
-279.67
-277.248
-274.909
-272.6
-270.288
-268.036
-265.732
-263.3
-260.91
-258.5
-256.082
-253.701
-251.291
-248.932
-246.542
-244.172
-241.739
-239.353
-237.05
-234.771
-232.481
-230.12
-227.86
-225.556
-223.3
-221.06
-218.837
-216.593
-214.342
-212.115
-209.922
-207.717
-205.561
-203.391
-201.211
-199.062
-196.873
-194.822
-192.692
-190.612
-188.483
-186.402
-184.344
-182.26
-180.27
-178.17
-176.162
-174.143
-172.143
-170.174
-168.211
-166.231
-164.301
-162.373
-160.458
-158.53
-156.592
-154.733
-152.801
-150.909
-149.115
-147.197
-145.285
-143.394
-141.562
-139.736
-137.932
-136.128
-134.312
-132.543
-130.752
-128.992
-127.172
-125.371
-123.782
-122.464
-120.821
-119.112
-117.314
-115.684
-114.181
-112.694
-111.158
-109.658
-108.197
-106.416
-104.592
-102.926
-100.854
-99.3011
-97.6154
-95.7246
-94.0649
-92.3997
-90.6626
-88.9
-87.2077
-85.7355
-84.18
-82.5326
-80.9587
-79.3741
-77.8154
-76.2924
-74.7698
-73.219
-71.7451
-70.2518
-68.7534
-67.2537
-65.8515
-64.3745
-62.9119
-61.4737
-60.033
-58.5737
-57.1534
-55.6733
-54.2354
-52.817
-51.3561
-49.9951
-48.5553
-47.1862
-45.8073
-44.4284
-43.0772
-41.6846
-40.283
-38.923
-37.6131
-36.2729
-34.9444
-33.5948
-32.2565
-30.9299
-29.6096
-28.299
-26.9377
-25.6565
-24.351
-23.0491
-21.7514
-20.4154
-19.0752
-17.7923
-16.5213
-15.237
-13.9721
-12.6929
-11.4787
-10.2187
-9.02992
-7.83859
-6.66867
-5.39148
-4.00063
-2.7646
-1.60452
-0.426788
0.717346
1.86766
2.97868
4.23524
3.42032
5.39735
8.96446
10.9275
12.241
13.4877
14.7242
15.8728
17.0604
18.1669
19.1743
20.3149
21.4391
22.4848
23.534
24.6008
25.6641
26.6774
27.7184
28.7184
29.6891
30.6727
31.6954
32.7547
33.7871
34.7805
35.7184
36.7496
37.7641
38.7399
39.7285
40.7086
41.6711
42.6598
43.6563
44.6188
45.5566
46.5387
47.4992
48.4731
49.3523
50.3101
51.277
52.202
53.1449
54.1055
55.0583
55.9504
56.9293
57.7953
58.6824
59.5762
60.4555
61.3965
62.3164
63.1758
64.0957
64.9845
65.9063
66.7773
67.6973
68.5777
69.4098
70.3165
71.2367
72.0941
72.9438
73.877
74.7172
75.5437
76.4177
77.2723
78.1301
78.9763
79.8637
80.7137
81.563
82.4309
83.2802
84.091
84.9161
85.7496
86.5781
87.4258
88.3328
89.1102
89.9426
90.7524
91.632
92.3751
93.2152
94.0191
94.8391
95.6829
96.5602
97.3199
98.1548
98.9441
99.7836
100.561
101.303
102.093
102.852
103.616
104.454
105.192
106.001
106.782
107.511
108.296
109.042
109.743
110.495
111.261
112.06
112.828
113.57
114.323
115.089
115.811
116.576
117.31
118.011
118.73
119.429
120.143
120.913
121.601
122.32
123.112
123.82
124.55
125.302
126.032
126.779
127.509
128.16
128.861
129.55
130.241
130.921
131.601
132.331
133.001
133.699
134.421
135.111
135.751
136.45
137.15
137.871
138.529
139.129
139.652
140.311
141.023
141.709
142.64
143.079
143.429
144.132
144.81
145.491
146.15
146.787
147.49
148.151
148.742
149.42
150.078
150.701
151.276
151.945
152.658
153.232
153.864
154.531
155.172
155.779
156.391
157.019
157.609
158.241
158.83
159.488
160.111
160.73
161.338
161.97
162.557
163.131
163.758
164.346
164.941
165.531
166.131
166.771
167.359
167.951
168.529
169.101
169.65
170.23
170.818
171.416
171.986
172.537
173.086
173.688
174.271
174.859
175.372
175.92
176.529
177.107
177.678
178.258
178.807
179.379
179.916
180.5
181.039
181.58
182.097
182.629
183.178
183.7
184.22
184.789
185.328
185.89
186.423
186.989
187.549
188.12
188.619
189.116
189.668
190.17
190.73
191.278
191.788
192.336
192.866
193.447
193.967
194.557
194.986
195.498
195.978
196.478
196.938
197.478
198.04
198.537
198.987
199.497
200.047
200.598
201.067
201.527
202.059
202.566
203.057
203.559
204.029
204.567
205.096
205.606
206.131
206.642
207.1
207.518
208.009
208.526
209.016
209.526
209.936
210.385
210.877
211.447
211.887
212.324
212.823
213.357
213.856
214.277
214.719
215.198
215.658
216.158
216.637
217.075
217.566
218.057
218.527
218.967
219.438
219.879
220.367
220.875
221.091
221.129
221.641
222.057
222.566
222.965
223.186
223.448
223.759
224.103
224.359
224.924
225.558
226.123
226.92
227.235
227.714
228.333
228.951
229.505
230.064
230.671
231.156
231.601
232.07
232.606
233.095
233.544
234.029
234.492
234.92
235.426
235.83
236.244
236.692
237.165
237.606
238.047
238.476
238.885
239.295
239.724
240.176
240.617
241.046
241.459
241.899
242.317
242.768
243.206
243.644
244.103
244.712
245.093
245.374
245.813
246.276
246.694
247.153
247.593
248.013
248.477
248.964
249.394
249.851
250.279
250.737
251.213
251.662
252.072
252.533
252.974
253.419
253.827
254.247
254.676
255.107
255.501
255.899
256.32
256.678
257.149
257.694
258.141
258.565
258.933
259.281
259.655
260.073
260.486
259.053
260.286
262.999
264.217
264.836
265.365
265.844
266.283
266.714
267.099
267.474
267.83
268.202
268.563
268.901
269.256
269.616
269.986
270.277
270.57
270.869
271.205
271.514
271.825
272.165
272.477
272.795
273.137
273.473
273.818
274.148
274.447
274.787
275.089
275.379
275.695
275.984
276.269
276.589
276.911
277.249
277.57
277.879
278.225
278.595
278.934
279.275
279.614
279.926
280.254
280.584
280.924
281.256
281.586
281.943
282.277
282.604
282.916
283.246
283.549
283.907
284.245
284.574
284.873
285.173
285.506
285.848
286.194
286.544
286.966
287.284
287.553
287.854
288.148
288.485
288.834
289.102
289.432
289.803
290.122
290.436
290.786
291.107
291.387
291.674
292.022
292.325
292.635
292.923
293.235
293.584
293.885
294.231
294.58
294.952
295.271
295.565
295.893
296.225
296.526
296.849
297.151
297.439
297.769
298.094
298.423
298.743
299.062
299.392
299.711
299.99
300.272
300.562
300.87
301.161
301.478
301.8
302.103
302.423
302.702
303.013
303.353
303.652
303.95
304.289
304.609
304.9
305.189
305.507
305.84
306.152
306.44
306.71
306.993
307.289
307.616
307.939
308.287
308.609
308.9
309.181
309.499
309.81
310.124
310.411
310.712
311.011
311.329
311.638
311.928
312.218
312.509
312.79
313.07
313.382
313.681
314.039
314.331
314.632
314.92
315.192
315.454
315.741
316.058
316.339
316.62
316.889
317.197
317.478
317.777
318.091
318.387
318.709
319.011
319.269
319.519
319.83
320.109
320.369
320.64
320.938
321.246
321.578
321.877
322.173
322.495
322.746
323.027
323.328
323.638
323.929
324.217
324.52
324.797
325.068
325.348
325.63
325.939
326.209
326.498
326.771
327.068
327.328
327.619
327.868
328.179
328.498
328.759
329.007
329.248
329.547
329.846
330.166
330.447
330.717
330.988
331.281
331.529
331.817
332.125
332.398
332.647
332.916
333.227
333.488
333.741
333.937
334.137
334.38
334.66
334.938
335.199
335.459
335.718
336.027
336.3
336.531
336.777
337.068
337.34
337.607
337.865
338.165
338.431
338.688
338.957
339.184
339.496
339.81
340.107
340.34
340.609
340.908
341.179
341.415
341.706
341.974
342.215
342.457
342.747
342.998
343.259
343.539
343.799
344.066
344.31
344.55
344.828
345.096
345.348
345.57
345.81
346.106
346.375
346.648
346.926
347.184
347.454
347.668
347.908
348.127
348.357
348.647
348.938
349.196
349.43
349.657
349.915
350.147
350.395
350.647
350.916
351.176
351.397
351.637
351.867
352.116
352.354
352.616
352.915
353.188
353.152
353.049
353.363
353.709
354.048
354.095
354.04
354.09
354.203
354.227
354.288
354.772
355.22
355.6
356.196
356.348
356.646
357.028
357.381
357.752
358.115
358.551
358.877
359.137
359.393
359.69
359.997
360.263
360.52
360.788
361.046
361.326
361.544
361.784
362.047
362.274
362.527
362.813
363.073
363.335
363.555
363.797
364.034
364.267
364.537
364.788
365.047
365.276
365.507
365.765
366.036
366.325
366.575
366.784
367.026
367.286
367.528
367.763
368.026
368.296
368.554
368.795
369.043
369.287
369.547
369.846
370.167
370.441
370.709
370.972
371.256
371.563
371.897
372.18
372.418
372.629
372.832
373.042
373.269
373.529
373.745
374.058
374.497
374.735
374.936
375.139
375.322
375.523
375.733
375.98
374.367
375.355
378.105
379.111
379.453
379.816
380.133
380.394
380.659
380.885
381.093
381.308
381.545
381.766
381.944
382.081
382.253
382.424
382.607
382.757
382.918
383.078
383.264
383.436
383.627
383.795
383.957
384.137
384.316
384.494
384.717
384.908
385.089
385.228
385.418
385.579
385.777
385.949
386.119
386.241
386.418
386.58
386.772
386.956
387.124
387.334
387.5
387.679
387.857
388.055
388.262
388.445
388.635
388.83
389.006
389.168
389.315
389.503
389.714
389.915
390.107
390.277
390.437
390.607
390.813
391.032
391.235
391.413
391.593
391.805
391.978
392.286
392.522
392.586
392.653
392.852
393.044
393.254
393.438
393.612
393.805
394.004
394.2
394.395
394.571
394.763
394.962
395.165
395.374
395.543
395.741
395.939
396.122
396.32
396.513
396.71
396.916
397.135
397.332
397.524
397.733
397.924
398.106
398.282
398.462
398.65
398.849
399.04
399.228
399.398
399.573
399.753
399.913
400.111
400.308
400.523
400.691
400.878
401.085
401.28
401.501
401.678
401.877
402.063
402.232
402.411
402.595
402.792
402.951
403.107
403.295
403.527
403.736
403.92
404.119
404.293
404.5
404.661
404.859
405.04
405.232
405.398
405.578
405.779
405.961
406.161
406.351
406.514
406.671
406.85
407.04
407.241
407.437
407.64
407.81
407.978
408.178
408.385
408.597
408.79
408.961
409.129
409.308
409.509
409.699
409.898
410.09
410.291
410.482
410.661
410.857
411.037
411.209
411.388
411.58
411.797
411.969
412.129
412.292
412.488
412.652
412.836
413.009
413.201
413.371
413.55
413.74
413.921
414.137
414.322
414.547
414.748
414.927
415.09
415.236
415.408
415.606
415.817
416.026
416.206
416.397
416.548
416.73
416.89
417.07
417.246
417.4
417.609
417.789
417.975
418.17
418.338
418.507
418.674
418.844
419.038
419.206
419.357
419.518
419.727
419.908
420.09
420.228
420.418
420.699
421.491
421.199
421.197
421.361
421.542
421.709
421.895
422.08
422.25
422.408
422.568
422.719
422.869
423.045
423.215
423.387
423.547
423.727
423.895
424.047
424.227
424.415
424.558
424.746
424.919
425.099
425.268
425.428
425.588
425.745
425.916
426.094
426.276
426.467
426.627
426.766
426.905
427.073
427.236
427.418
427.609
427.778
427.939
428.067
428.248
428.408
428.559
428.73
428.887
429.076
429.256
429.428
429.645
429.825
430.029
430.174
430.33
430.479
430.666
430.866
431.057
431.225
431.395
431.545
431.725
431.895
432.065
432.235
432.388
432.559
432.709
432.885
433.066
433.225
433.413
433.578
433.467
433.492
433.39
433.671
433.833
433.881
433.832
433.802
433.826
433.76
433.718
434.148
434.463
434.626
435.262
435.357
435.564
435.878
436.152
436.446
436.757
437.116
437.322
437.442
437.616
437.853
438.103
438.265
438.44
438.601
438.788
438.997
439.191
439.351
439.521
439.692
439.874
440.044
440.196
440.358
440.518
440.706
440.918
441.126
441.317
441.506
441.688
441.886
442.056
442.245
442.435
442.624
442.794
442.954
443.152
443.315
443.503
443.665
443.835
444.005
444.196
444.387
444.572
444.752
444.938
445.149
445.338
445.511
445.673
445.877
446.077
446.315
446.526
446.714
446.877
447.065
447.268
447.426
447.59
447.758
447.91
446.704
445.163
444.749
444.738
444.804
444.907
445.001
445.118
445.59
448.76
449.894
450.133
450.176
450.184
450.318
450.446
450.588
450.298
447.974
451.359
452.588
452.991
453.254
453.471
453.714
453.941
454.132
454.309
454.48
454.658
454.802
454.93
455.071
455.173
455.302
455.406
455.498
455.576
455.813
455.959
456.007
456.019
456.058
456.158
456.261
456.367
456.487
456.607
456.691
456.772
456.921
457.109
457.256
457.316
457.398
457.457
457.53
457.629
457.759
457.846
457.938
458.063
458.197
458.336
458.441
458.56
458.687
458.864
459.045
459.184
459.277
459.365
459.447
459.565
459.684
459.835
459.963
460.097
460.208
460.3
460.419
460.536
460.697
460.825
460.964
461.11
461.239
461.372
461.521
461.66
461.804
461.946
462.083
462.207
462.326
462.465
462.611
462.725
462.838
462.975
463.114
463.215
463.362
463.501
463.632
463.782
463.991
464.212
464.333
464.366
464.459
464.614
464.722
464.874
465.023
465.165
465.273
465.4
465.511
465.624
465.753
465.898
466.052
466.202
466.35
466.478
466.609
466.75
466.88
466.981
467.121
467.258
467.411
467.611
467.771
467.862
467.915
467.99
468.107
468.222
468.34
468.459
468.568
468.663
468.779
468.9
469.052
469.193
469.335
469.457
469.581
469.727
469.881
470.029
470.15
470.302
470.413
470.524
470.666
470.808
470.957
471.121
471.243
471.343
471.46
471.579
471.707
471.859
472.006
472.119
472.247
472.382
472.501
472.64
472.769
472.908
473.048
473.169
473.277
473.41
473.547
473.699
473.848
473.978
474.117
474.23
474.389
474.519
474.647
474.777
474.9
475.026
475.15
475.289
475.426
475.566
475.709
475.84
475.975
476.101
476.206
476.336
476.467
476.596
476.73
476.809
476.949
477.24
477.459
477.455
477.475
477.558
477.695
477.827
477.949
478.088
478.215
478.369
478.517
478.64
478.758
478.905
479.036
479.176
479.293
479.436
479.572
479.679
479.818
479.947
480.076
480.199
480.357
480.498
480.617
480.738
480.857
480.957
481.068
481.157
481.277
481.416
481.566
481.73
481.889
481.998
482.117
482.218
482.322
482.446
482.578
482.707
482.838
482.956
483.096
483.237
483.377
483.538
483.674
483.825
483.977
484.106
484.217
484.338
484.438
484.537
484.63
484.72
484.81
484.909
485.021
485.139
485.276
485.397
485.524
485.655
485.795
485.915
486.027
486.184
486.315
486.429
486.557
486.661
486.768
486.879
487.006
487.125
487.228
487.346
487.477
487.609
487.748
487.887
488.006
488.127
488.235
488.357
488.495
488.655
488.782
488.915
489.035
489.155
489.274
489.375
489.514
489.625
489.756
489.883
489.988
490.106
490.207
490.327
490.457
490.596
490.737
490.887
491.026
490.67
490.657
490.762
490.807
490.871
490.962
491.084
491.21
491.349
491.47
491.593
491.719
491.847
491.96
492.078
492.17
492.286
492.416
492.529
492.637
492.777
492.908
493.011
493.16
493.276
493.388
493.536
493.658
493.768
493.907
494.006
494.125
494.233
494.338
494.446
494.519
494.629
494.748
494.858
494.963
495.092
495.225
495.346
495.475
495.577
495.676
495.795
495.916
496.034
496.165
496.284
496.385
496.495
496.607
496.737
496.856
496.977
497.125
497.255
497.393
497.526
497.635
497.756
497.867
497.956
498.077
498.189
498.309
498.416
498.547
498.65
498.75
498.879
498.969
499.068
499.166
499.277
499.403
499.534
499.655
499.772
499.905
500.006
500.084
500.197
500.287
500.397
500.509
500.629
500.748
500.859
500.977
501.096
501.196
501.313
501.442
501.575
501.702
501.834
501.975
502.062
502.16
502.279
502.387
502.519
502.647
502.777
502.897
503.016
503.139
503.248
503.346
503.456
503.547
503.625
503.736
503.83
503.928
504.057
504.168
504.285
504.4
504.527
504.658
504.809
504.938
505.065
505.186
505.295
506.217
723.438
856.869
864.08
868.149
871.239
873.706
875.737
877.426
878.856
880.086
881.228
882.249
883.229
884.049
884.789
885.565
886.258
886.869
887.459
888.057
888.578
889.049
889.54
890.02
890.439
890.799
891.199
891.588
891.979
892.356
892.677
893.018
893.336
893.635
893.965
894.269
894.526
894.766
895.016
895.259
895.5
895.75
896
896.23
896.461
896.658
896.858
897.049
897.257
897.467
897.645
897.813
898.006
898.194
898.358
898.546
898.714
898.893
899.045
899.194
899.506
899.854
900.016
900.114
900.225
900.304
900.364
898.704
896.034
896.084
895.575
894.778
897.235
902.555
902.153
897.774
897.915
897.663
897.263
897.329
896.901
897.104
897.093
897.044
896.224
892.503
889.213
887.696
893.783
898.003
905.393
905.444
887.273
890.122
891.872
897.614
901.033
901.626
901.975
902.107
899.437
894.744
893.887
894.01
894.22
894.533
894.794
895.011
895.186
895.37
895.515
895.467
895.817
896.092
896.213
896.35
896.517
896.69
896.87
897.068
897.248
897.421
897.59
897.726
897.848
897.953
898.073
898.165
898.26
898.391
898.503
898.633
898.742
898.863
898.982
899.058
899.14
899.238
899.341
899.431
899.494
899.574
899.636
899.694
899.747
899.814
899.878
899.928
900.007
900.069
900.127
900.199
900.252
900.314
900.368
900.417
900.459
900.492
900.562
900.662
900.469
903.21
900.245
897.342
896.867
896.614
896.472
896.49
896.539
896.585
896.597
896.633
896.731
896.944
897.12
897.248
897.393
897.501
897.588
897.704
897.795
897.913
898.049
898.173
898.281
898.371
898.47
898.611
898.785
898.914
899
899.101
899.191
899.274
899.364
899.466
899.58
899.685
899.794
899.904
899.99
900.081
900.173
900.27
900.362
900.471
900.536
900.6
900.665
900.765
900.847
900.933
901
901.095
901.187
901.278
901.376
901.446
901.537
901.616
901.691
901.778
901.85
901.949
902.028
902.081
902.142
902.213
902.278
902.353
902.412
902.482
902.562
902.608
902.647
902.694
902.769
902.84
902.936
903.001
903.044
903.103
903.134
903.185
903.253
903.297
903.355
903.413
903.474
903.515
903.562
903.629
903.693
903.75
903.786
903.827
903.858
903.859
903.904
903.964
904.023
904.091
904.152
904.208
904.237
904.268
904.287
904.317
904.312
904.356
904.397
904.436
904.495
904.552
904.614
904.667
904.709
904.745
904.779
904.824
904.866
904.911
904.974
904.998
905.029
905.067
905.114
905.156
905.194
905.243
905.286
905.315
905.347
905.385
905.426
905.466
905.492
905.503
905.527
905.534
905.541
905.588
905.644
905.676
905.691
905.722
905.75
905.766
905.807
905.838
905.866
905.89
905.936
905.988
906.037
906.08
906.126
906.171
906.201
906.214
906.211
906.229
906.242
906.276
906.315
906.338
906.37
906.41
906.438
906.452
906.497
906.531
906.533
906.57
906.608
906.631
906.66
906.691
906.748
906.753
906.763
906.791
906.818
906.84
906.867
906.908
906.922
906.941
906.943
906.962
907.003
907.057
907.082
907.103
907.114
907.132
907.151
907.17
907.217
907.268
907.293
907.33
907.363
907.402
907.425
907.444
907.454
907.474
907.477
907.467
907.492
907.511
907.538
907.568
907.596
907.637
907.668
907.707
907.748
907.753
907.799
907.804
907.813
907.813
907.805
907.83
907.861
907.863
907.89
907.923
907.943
907.962
907.992
908.005
908.013
908.013
908.023
908.042
908.063
908.07
908.101
908.131
908.141
908.141
908.145
908.152
908.152
908.171
908.21
908.214
908.233
908.283
908.323
908.345
908.371
908.382
908.405
908.403
908.415
908.433
908.449
908.462
908.461
908.482
908.483
908.475
908.503
908.531
908.544
908.534
908.55
908.563
908.573
908.567
908.568
908.593
908.613
908.632
908.66
908.679
908.72
908.75
908.743
908.773
908.768
908.794
908.805
908.823
908.843
908.854
908.872
908.875
908.877
908.885
908.903
908.939
908.954
908.97
909.018
909.039
909.07
909.073
909.104
909.133
909.137
909.126
909.125
909.126
909.154
909.149
909.143
909.171
909.199
909.222
909.224
909.24
909.268
909.297
909.302
909.323
909.333
909.356
909.366
909.374
909.395
909.395
909.405
909.425
909.438
909.454
909.465
909.484
909.503
909.521
909.532
909.544
909.575
909.575
909.596
909.598
909.616
909.622
909.64
909.661
909.655
909.661
909.683
909.706
909.697
909.724
909.737
909.763
909.768
909.766
909.76
909.768
909.766
909.776
909.766
909.784
909.807
909.83
910.179
910.525
910.516
910.556
910.607
910.649
910.688
910.703
910.724
910.763
910.786
910.807
910.83
910.84
910.844
910.843
910.841
910.851
910.861
910.871
910.882
910.889
910.911
910.923
910.933
910.944
910.964
910.978
910.995
911.015
911.016
911.032
911.024
911.044
911.052
911.036
911.052
911.073
911.085
911.086
911.114
911.142
911.165
911.197
911.206
911.222
911.243
911.236
911.247
911.247
911.253
911.265
911.264
911.289
911.312
911.348
911.354
911.356
911.377
911.379
911.371
911.377
911.361
911.376
911.386
911.405
911.441
911.462
911.482
911.485
911.485
911.473
911.447
911.454
911.466
911.485
911.523
911.524
911.554
911.562
911.565
911.563
911.563
911.576
911.591
911.596
911.615
911.655
911.667
911.681
911.696
911.712
911.717
911.716
911.708
911.699
911.697
911.688
911.697
911.715
911.733
911.761
911.764
911.754
911.781
911.808
911.821
911.811
911.824
911.833
911.848
911.83
911.833
911.858
911.867
911.866
911.893
911.903
911.913
911.913
911.936
911.938
911.926
911.936
911.957
911.964
911.957
911.972
911.977
911.975
911.954
911.975
911.982
911.982
911.974
911.993
912.014
911.997
912.006
912.001
912.005
911.995
911.995
911.998
911.995
911.997
911.99
911.988
912.002
912.021
912.042
912.063
912.054
912.07
912.103
912.127
912.127
912.135
912.145
912.147
912.165
912.167
912.184
912.204
912.206
912.204
912.216
912.235
912.237
912.247
912.256
912.266
912.266
912.256
912.266
912.276
912.276
912.297
912.307
912.299
912.259
912.217
912.312
912.264
911.259
911.182
911.336
911.461
911.469
912.237
913.818
915.015
918.123
917.564
914.82
914.07
914.059
914.109
914.129
914.174
909.582
909.314
909.732
909.75
908.772
903.252
896.819
892.356
893.005
894.763
911.029
919.713
897.597
893.546
894.531
898.19
899.862
900.417
900.386
901.448
909.536
912.098
912.643
912.793
912.919
913.043
913.236
909.228
903.55
