-2.96429
-2.53047
-2.36375
-2.36531
-2.36844
-2.42773
-2.70164
-2.82773
-2.81258
-2.87352
-2.95195
-3.27296
-3.47046
-3.61726
-3.71695
-3.29382
1.01563
5.55977
3.84891
0
-2.2318
-2.97781
-3.45055
-3.97516
-4.47171
-4.93562
-5.83875
-6.61023
-12.0988
-29.7196
-56.3898
-51.1024
-34.4488
-24.1282
-19.1492
-16.6934
-15.1785
-14.1477
-13.2492
-12.4418
-11.7492
-11.0953
-10.4891
-9.90109
-9.41719
-8.80922
-8.21906
-7.71906
-7.21086
-6.66203
-6.17375
-5.69484
-5.25218
-4.83195
-4.34172
-3.9007
-3.5132
-3.16203
-2.81235
-2.41203
-2.05101
-1.67328
-1.32367
-0.952972
-0.611557
-0.263123
0.0505524
0.341873
0.628677
0.955627
1.26149
1.5325
1.7822
1.9868
2.20515
2.42273
2.66609
0.882889
-1.55281
-2.21507
-2.29398
-0.220703
0.540314
2.29312
6.05812
6.8586
7.01375
7.2379
7.44875
7.69141
7.83696
7.97055
8.05055
8.17
8.27281
8.36571
8.45718
8.54382
8.61571
8.68719
8.75125
8.8118
8.87234
8.93719
9.00946
9.08954
9.14148
9.19579
9.2332
9.27234
9.34109
9.40164
9.47
9.55516
9.63203
9.71179
9.80048
9.8786
9.96844
10.0302
10.0845
10.1418
10.1774
10.238
10.3035
10.3904
10.4997
10.5813
10.6711
10.7723
10.854
10.9606
11.0372
11.1352
11.2282
11.3196
11.4016
11.511
11.6122
11.6989
11.7903
11.8899
11.993
12.1125
12.2333
12.3884
12.5274
12.6892
12.9099
13.2614
23.9802
23.4114
22.8216
22.5587
22.3692
22.2399
22.1599
22.1059
22.0583
21.9899
21.9376
21.8903
21.8509
21.8391
21.8114
21.7903
21.7872
21.774
21.7825
21.7759
21.738
21.7106
21.6712
21.6501
21.6419
21.624
21.5981
21.5669
21.5259
21.4783
21.477
21.4556
21.4326
21.4243
21.3966
21.3692
21.3282
21.2673
21.2838
21.2548
21.2349
21.2255
21.2236
21.1958
21.1844
21.1826
21.1829
21.1662
21.1372
21.1223
21.1173
21.0782
21.0376
21.0064
20.9868
20.9571
20.9032
20.8752
20.8755
20.9134
20.9994
21.0556
21.113
21.142
21.0751
20.9669
20.774
17.1911
12.5373
12.804
10.6041
12.4524
21.3658
22.9329
14.2939
15.1274
15.1962
14.5963
14.6434
14.1158
14.1716
14.0732
14.0524
13.4834
10.7532
8.27554
6.99304
12.4814
16.9805
24.892
23.722
6.09305
8.50633
9.88336
15.5243
18.6416
18.9899
19.0634
19.0227
19.1158
19.4212
19.7627
19.8513
20.0291
20.3494
20.4177
20.49
20.5309
20.583
20.6438
20.642
20.8919
21.2627
21.343
23.3529
27.4002
28.0403
27.4115
26.5209
25.3661
23.874
22.3723
20.9295
19.6091
18.722
18.1224
17.7106
17.4623
17.2744
17.093
17.013
16.9688
16.9638
16.7826
16.1505
13.447
-219.688
-301.94
-282.76
-278.912
-281.59
-284.458
-286.819
-288.897
-290.061
-290.352
-290.072
-289.149
-287.897
-286.418
-284.759
-282.787
-280.701
-278.52
-276.288
-274.018
-271.659
-269.262
-266.811
-264.351
-261.852
-259.24
-256.762
-254.306
-251.731
-249.221
-246.678
-244.079
-241.536
-239.048
-236.518
-233.981
-231.479
-229.003
-226.471
-223.981
-221.531
-219.012
-216.539
-214.121
-211.708
-209.299
-206.917
-204.52
-202.186
-199.871
-197.451
-195.121
-192.801
-190.471
-188.133
-185.77
-183.521
-181.229
-178.953
-176.709
-174.51
-172.329
-170.131
-167.899
-165.75
-163.69
-161.492
-159.273
-157.16
-155.03
-152.879
-150.763
-148.623
-146.481
-144.451
-142.44
-140.391
-138.379
-136.401
-134.373
-132.351
-130.389
-128.382
-126.441
-124.573
-122.622
-120.613
-118.711
-116.789
-114.928
-113.057
-111.217
-109.369
-107.539
-105.672
-103.85
-102.038
-100.528
-99.1127
-97.4041
-95.5944
-93.7129
-91.9341
-90.3166
-88.7904
-87.14
-85.6369
-84.0969
-82.2229
-80.3632
-78.5809
-76.4685
-74.8745
-73.1629
-71.3812
-69.5941
-67.8129
-66.0054
-64.246
-62.6093
-60.953
-59.3205
-57.697
-56.0552
-54.4361
-52.8673
-51.2466
-49.6826
-48.1173
-46.5947
-45.1337
-43.6044
-42.1045
-40.6615
-39.1208
-37.6303
-36.1599
-34.6733
-33.1748
-31.7419
-30.3119
-28.9623
-27.5146
-26.0736
-24.585
-23.1763
-21.7271
-20.317
-18.9365
-17.5541
-16.1244
-14.7647
-13.381
-12.0521
-10.7268
-9.35445
-7.97516
-6.57672
-5.20093
-3.91649
-2.55835
-1.23022
0.109619
1.46938
2.82024
4.10962
5.38579
6.69759
8.05922
9.31235
10.6049
11.9069
13.1783
14.3823
15.6193
16.8006
18.0834
19.2306
20.4911
21.8752
23.0491
24.2612
25.392
26.5705
27.6826
28.8151
30.0704
28.9424
31.3779
35.1127
36.8889
38.1122
39.4012
40.5773
41.7374
42.8843
44.0639
45.1455
46.2482
47.3513
48.4329
49.5126
50.567
51.5848
52.6173
53.611
54.6075
55.6384
56.6352
57.647
58.6369
59.6778
60.6403
61.5782
62.547
63.5864
64.5275
65.5063
66.4977
67.5095
68.4259
69.3555
70.3689
71.338
72.2907
73.1942
74.132
75.0438
75.9587
76.8834
77.8759
78.8544
79.7755
80.6665
81.5489
82.4782
83.4556
84.4329
85.3427
86.2498
87.1259
87.9864
88.8852
89.7853
90.6958
91.6141
92.5173
93.3786
94.2708
95.1481
96.0485
96.9228
97.7872
98.645
99.5045
100.434
101.246
102.117
103.005
103.884
104.715
105.545
106.366
107.241
108.043
108.876
109.725
110.595
111.388
112.229
113.078
113.864
114.692
115.5
116.305
117.13
117.923
118.733
119.574
120.372
121.14
121.993
122.804
123.555
124.337
125.102
125.911
126.694
127.454
128.176
128.875
129.656
130.474
131.242
132.021
132.792
133.554
134.333
135.046
135.771
136.531
137.279
138.01
138.771
139.492
140.251
141.016
141.714
142.462
143.15
143.843
144.59
145.329
146.044
146.742
147.461
148.181
148.899
149.611
150.343
151.04
151.732
152.454
153.151
153.864
154.552
155.233
155.884
156.56
157.261
157.982
158.662
159.349
159.975
160.621
161.253
161.972
162.649
163.339
164.021
164.691
165.351
165.961
166.64
167.287
167.928
168.59
169.242
169.871
170.581
171.261
171.91
172.562
173.181
173.781
174.394
175.021
175.627
176.251
176.961
177.618
178.229
178.851
179.511
180.129
180.731
181.328
181.96
182.66
183.343
183.979
184.591
185.24
185.783
186.342
186.881
187.478
188.051
188.599
189.18
189.797
190.39
191.072
191.541
192.08
192.66
193.31
193.818
194.363
194.97
195.568
196.121
196.679
197.292
197.797
198.369
198.911
199.451
200.049
200.518
201.106
201.64
202.119
202.68
203.2
203.756
204.349
204.859
205.447
205.957
206.49
207.117
207.72
208.248
208.799
209.357
209.851
210.353
210.908
211.423
211.922
212.469
213.108
213.588
214.137
214.617
215.16
215.732
216.288
216.789
217.322
217.809
218.348
218.85
219.42
219.92
220.367
220.859
221.373
221.85
222.417
222.897
223.459
223.994
224.407
224.858
225.367
225.869
226.367
226.819
227.297
227.792
228.318
228.841
229.291
229.789
230.288
230.797
231.289
231.758
232.227
232.776
233.264
233.758
234.276
234.987
235.11
235.368
235.86
236.328
236.779
237.229
237.698
238.149
238.652
239.108
239.575
240.098
240.527
240.965
241.459
242
242.41
242.807
243.269
243.769
244.229
244.603
244.723
244.787
245.441
245.885
246.384
246.692
246.999
247.308
247.64
247.904
248.174
248.861
249.452
249.925
250.79
251.115
251.631
252.239
252.845
253.414
253.94
254.578
255.039
255.47
255.92
256.422
256.927
257.337
257.814
258.253
258.701
259.172
259.664
260.198
260.618
261.186
261.565
261.915
262.386
262.857
263.289
263.74
264.171
264.578
264.954
265.4
265.809
266.209
266.639
267.076
267.582
268.033
268.441
268.856
269.323
269.788
270.206
270.634
271.062
271.495
271.915
272.345
272.775
273.242
273.705
274.133
274.592
275.015
275.415
275.879
276.342
276.762
277.186
277.578
277.99
278.418
278.822
279.232
279.631
279.999
280.387
280.936
281.581
281.949
282.261
282.592
282.943
283.333
283.724
284.153
282.311
284.334
286.941
287.913
288.447
288.922
289.386
289.787
290.167
290.546
290.887
291.258
291.599
291.982
292.324
292.662
293.065
293.404
293.676
294.008
294.24
294.506
294.818
295.135
295.458
295.799
296.131
296.438
296.725
297.036
297.367
297.715
298.037
298.369
298.748
299.047
299.318
299.617
299.918
300.271
300.598
300.881
301.214
301.547
301.886
302.217
302.545
302.849
303.158
303.497
303.833
304.183
304.515
304.826
305.173
305.488
305.776
306.059
306.368
306.725
307.039
307.326
307.617
307.928
308.243
308.565
308.915
309.215
309.534
309.857
310.167
310.426
310.724
311.045
311.367
311.686
312.003
312.366
312.743
313.086
313.404
313.737
314.055
314.325
314.614
314.943
315.294
315.644
315.941
316.233
316.651
317.12
317.251
317.451
317.792
318.124
318.434
318.725
319.018
319.333
319.653
319.954
320.254
320.585
320.885
321.204
321.54
321.814
322.081
322.39
322.733
323.072
323.371
323.719
324.072
324.389
324.681
324.982
325.273
325.583
325.879
326.207
326.511
326.841
327.152
327.454
327.774
328.075
328.381
328.681
328.982
329.281
329.56
329.851
330.168
330.499
330.802
331.101
331.402
331.683
331.952
332.292
332.648
332.902
333.144
333.422
333.722
334.07
334.375
334.678
334.957
335.268
335.56
335.881
336.194
336.491
336.761
337.013
337.33
337.632
337.921
338.183
338.452
338.74
339.019
339.338
339.67
339.99
340.283
340.57
340.85
341.119
341.389
341.64
341.93
342.242
342.557
342.818
343.09
343.371
343.631
343.918
344.22
344.511
344.811
345.072
345.312
345.559
345.849
346.178
346.488
346.758
347.037
347.33
347.619
347.892
348.191
348.461
348.781
349.069
349.322
349.608
349.889
350.17
350.431
350.701
350.998
351.289
351.56
351.818
352.078
352.356
352.627
352.897
353.188
353.486
353.771
354.037
354.317
354.59
354.828
355.059
355.32
355.59
355.851
356.109
356.401
356.662
356.938
357.261
357.539
357.789
358.041
358.307
358.57
358.828
359.108
359.397
359.66
359.92
360.188
360.438
360.699
360.975
361.248
361.526
361.777
362.036
362.295
362.56
362.83
363.07
363.348
363.608
363.897
364.108
364.358
364.618
364.879
365.141
365.399
365.649
365.918
366.191
366.479
366.738
366.969
367.207
367.469
367.729
367.979
368.227
368.479
368.758
369.018
369.278
369.547
369.807
370.086
370.34
370.586
370.82
371.059
371.309
371.557
371.809
372.028
372.268
372.495
372.776
373.006
373.276
373.518
373.797
374.026
374.277
374.521
374.789
375.037
375.287
375.547
375.499
375.392
375.571
375.922
376.264
376.43
376.495
376.533
376.625
376.667
376.771
377.281
377.686
377.943
378.591
378.731
379.068
379.491
379.847
380.196
380.565
381.024
381.25
381.398
381.701
382.094
382.394
382.644
382.881
383.133
383.381
383.652
383.896
384.128
384.386
384.619
384.874
385.118
385.456
385.749
385.946
386.139
386.381
386.639
386.851
387.098
387.326
387.578
387.845
388.124
388.437
388.699
388.948
389.149
389.391
389.606
389.889
390.146
390.386
390.616
390.86
391.137
391.406
391.683
391.969
392.251
392.548
392.784
393.021
393.264
393.541
393.863
394.159
394.368
394.588
394.83
395.082
395.31
395.513
395.742
395.908
396.306
396.756
396.966
397.198
397.419
397.621
397.86
398.074
398.343
396.382
397.885
400.393
401.288
401.678
401.979
402.27
402.548
402.803
403.054
403.283
403.492
403.711
403.892
404.072
404.266
404.454
404.647
404.787
404.928
405.116
405.285
405.456
405.59
405.725
405.887
406.076
406.265
406.454
406.624
406.825
407.006
407.169
407.326
407.5
407.689
407.849
408.018
408.199
408.359
408.501
408.66
408.864
409.067
409.238
409.417
409.604
409.779
409.941
410.119
410.333
410.537
410.719
410.887
411.093
411.25
411.444
411.653
411.836
411.977
412.158
412.322
412.49
412.656
412.843
413.044
413.253
413.444
413.63
413.817
414.006
414.212
414.424
414.596
414.772
414.944
415.114
415.335
415.554
415.753
415.933
416.085
416.274
416.485
416.663
416.853
417.026
417.184
417.343
417.544
417.771
417.993
418.24
418.451
418.634
418.804
418.972
419.156
419.315
419.493
419.681
419.901
420.152
420.344
420.513
420.692
420.861
421.042
421.252
421.431
421.593
421.771
421.934
422.121
422.322
422.511
422.684
422.869
423.073
423.233
423.421
423.611
423.791
423.972
424.16
424.34
424.54
424.74
424.941
425.14
425.322
425.529
425.709
425.902
426.068
426.24
426.439
426.63
426.812
427
427.203
427.41
427.611
427.802
427.974
428.152
428.32
428.502
428.672
428.851
429.029
429.209
429.372
429.56
429.752
429.959
430.181
430.381
430.609
430.792
430.974
431.126
431.292
431.479
431.654
431.851
432.021
432.201
432.388
432.56
432.719
432.9
433.062
433.258
433.422
433.581
433.76
433.94
434.12
434.308
434.492
434.688
434.869
435.059
435.266
435.461
435.647
435.838
436.01
436.197
436.379
436.559
436.74
436.929
437.106
437.277
437.418
437.617
437.797
437.988
438.16
438.332
438.501
438.681
438.85
439.011
439.189
439.39
439.61
439.817
439.959
440.109
440.281
440.479
440.66
440.863
441.021
441.209
441.398
441.576
441.76
441.899
442.078
442.258
442.42
442.608
442.789
442.951
443.121
443.281
443.433
443.611
443.807
443.996
444.178
444.338
444.508
444.686
444.866
444.979
445.098
445.199
445.335
445.467
445.6
445.748
445.946
446.108
446.299
446.49
446.668
446.866
447.047
447.197
447.377
447.554
447.736
447.938
448.116
448.289
448.449
448.61
448.797
448.977
449.119
449.268
449.392
449.539
449.918
451.738
451.809
450.059
450.128
450.279
450.44
450.598
450.776
450.965
451.139
451.309
451.479
451.629
451.771
451.969
452.128
452.296
452.456
452.604
452.784
452.936
453.098
453.268
453.42
453.572
453.693
453.832
453.99
454.156
454.318
454.49
454.639
454.492
454.344
454.547
455.058
455.266
455.079
454.909
454.855
454.864
454.808
454.846
455.456
455.93
456.595
456.327
457.29
456.318
456.651
456.926
457.204
457.508
457.845
458.001
458.157
458.342
458.548
458.748
458.896
459.072
459.24
459.426
459.608
459.783
459.944
460.096
460.245
460.404
460.554
460.699
460.94
461.481
462.15
461.342
461.412
461.516
461.707
461.856
462.036
462.206
462.358
462.556
462.728
462.926
463.116
463.278
463.448
463.636
463.829
464.007
464.206
464.371
464.562
464.761
464.989
465.191
465.401
465.61
465.804
465.974
466.198
466.419
466.646
466.862
467.047
467.221
467.419
467.582
467.76
467.91
468.031
468.201
467.081
465.462
465.035
465.067
465.167
465.32
465.44
465.505
465.962
469.11
470.242
470.515
470.661
470.786
470.9
471.031
471.178
470.706
468.854
472.345
473.511
473.834
474.06
474.273
474.471
474.615
474.767
474.922
475.098
475.263
475.418
475.549
475.679
475.781
475.888
475.993
476.072
476.181
476.281
476.408
476.555
476.681
476.771
476.841
476.898
477.006
477.117
477.235
477.348
477.485
477.606
477.737
477.857
477.985
478.1
478.211
478.31
478.438
478.518
478.637
478.766
478.892
479.027
479.153
479.276
479.369
479.504
479.643
479.802
479.944
480.055
480.206
480.305
480.446
480.562
480.685
480.824
480.938
481.059
481.169
481.307
481.462
481.595
481.724
481.864
481.975
482.088
482.233
482.372
482.472
482.593
482.722
482.862
483.005
483.135
483.263
483.374
483.534
483.697
483.865
483.974
484.056
484.161
484.283
484.42
484.534
484.655
484.786
484.918
485.049
485.199
485.342
485.47
485.601
485.744
485.913
486.074
486.194
486.302
486.413
486.515
486.616
486.722
486.861
487.019
487.201
487.322
487.431
487.536
487.625
487.761
487.911
488.003
488.113
488.248
488.343
488.472
488.619
488.748
488.902
488.991
489.111
489.253
489.38
489.521
489.658
489.809
489.94
490.051
490.152
490.25
490.341
490.482
490.639
490.801
490.943
491.074
491.201
491.318
491.441
491.57
491.709
491.823
491.93
492.063
492.23
492.399
492.549
492.662
492.761
492.922
493.052
493.17
493.309
493.459
493.59
493.717
493.84
493.99
494.141
494.256
494.379
494.49
494.631
494.75
494.859
494.972
495.09
495.238
495.381
495.523
495.652
495.777
495.898
496.019
496.127
496.238
496.369
496.471
496.599
496.732
496.889
496.99
497.119
497.268
497.39
497.545
497.67
497.799
497.949
498.099
498.25
498.368
498.518
498.666
498.797
498.938
499.06
499.199
499.311
499.431
499.559
499.679
499.807
499.938
500.078
500.178
500.318
500.438
500.551
500.688
500.828
500.947
501.096
501.207
501.311
501.429
501.56
501.672
501.799
501.933
502.041
502.19
502.299
502.438
502.58
502.689
502.809
502.91
503.063
503.195
503.344
503.475
503.604
503.707
503.817
503.949
504.037
504.139
504.258
504.381
504.536
504.65
504.787
504.899
505.015
505.149
505.261
505.387
505.526
505.629
505.758
505.887
505.997
506.127
506.248
506.397
506.536
506.676
506.813
506.93
507.065
507.19
507.327
507.439
507.51
507.611
507.719
507.846
507.967
508.076
508.215
508.346
508.485
508.608
508.73
508.848
508.947
509.069
509.168
509.276
509.417
509.538
509.645
509.776
509.917
510.028
510.158
510.295
510.395
510.508
510.588
510.708
510.856
510.987
511.092
511.188
511.297
511.302
511.048
510.83
511.091
511.213
511.35
511.456
511.559
511.676
511.786
511.913
512.042
512.145
512.251
512.353
512.462
512.59
512.722
512.831
512.951
513.062
513.189
513.292
513.421
513.549
513.681
513.789
513.889
514.006
514.137
514.248
514.366
514.51
514.641
514.747
514.859
514.987
515.09
515.247
515.36
515.497
515.629
515.717
515.828
515.928
516.036
516.149
516.24
516.33
516.422
516.547
516.66
516.768
516.876
517.003
517.135
517.232
517.354
517.456
517.557
517.674
517.766
517.885
517.988
518.098
518.188
518.297
518.399
518.51
518.637
518.778
518.899
519.006
519.127
519.266
519.376
519.479
519.586
519.717
519.846
519.958
520.047
520.145
520.237
520.319
520.408
520.52
520.641
520.748
520.868
521.006
521.099
521.217
521.336
521.457
521.557
521.67
521.807
521.926
522.019
522.108
522.215
522.317
522.428
522.537
522.655
522.77
522.869
522.959
523.059
523.19
523.319
523.418
523.551
523.657
523.768
523.865
523.987
524.108
524.229
524.349
524.459
524.578
524.708
524.817
524.922
525.049
525.181
525.324
525.498
525.744
623.541
862.629
878.62
883.018
886.35
888.909
891.055
892.778
894.276
895.529
896.65
897.629
898.58
899.389
900.23
900.931
901.592
902.242
902.765
903.31
903.813
904.302
904.779
905.24
905.638
906.049
906.459
906.89
907.24
907.551
907.871
908.19
908.519
908.83
909.109
909.36
909.631
909.879
910.135
910.366
910.617
910.848
911.098
911.326
911.557
911.73
911.928
912.098
912.297
912.497
912.665
912.846
913.018
913.178
913.356
913.515
913.704
913.867
913.996
914.126
914.344
914.647
914.871
915.008
915.145
915.278
915.378
915.417
911.304
911.155
911.266
909.765
910.635
916.055
918.075
914.065
912.925
912.876
912.304
912.273
912.288
912.085
912.085
912.116
912.005
909.378
905.706
903.274
904.715
913.663
916.364
920.655
908.115
904.335
906.289
909.266
915.317
916.345
916.714
913.522
916.48
910.858
908.958
908.914
908.889
909.303
909.621
909.827
910.01
910.167
910.299
910.336
910.461
910.909
911.038
911.166
911.313
911.443
911.594
911.772
911.923
912.1
912.289
912.464
912.628
912.734
912.835
912.956
913.048
913.155
913.273
913.378
913.496
913.587
913.698
913.798
913.863
913.959
914.049
914.121
914.213
914.281
914.381
914.462
914.526
914.588
914.657
914.739
914.807
914.887
914.933
915.008
915.044
915.081
915.116
915.155
915.196
915.21
915.248
915.369
915.303
916.546
916.914
912.286
911.494
911.351
911.229
911.209
911.252
911.273
911.357
911.43
911.54
911.715
911.895
912.039
912.137
912.23
912.326
912.444
912.581
912.717
912.846
912.949
913.064
913.155
913.249
913.371
913.507
913.657
913.755
913.835
913.899
914.002
914.131
914.252
914.381
914.437
914.51
914.589
914.677
914.814
914.945
915.021
915.103
915.177
915.221
915.298
915.366
915.445
915.551
915.636
915.742
915.811
915.869
915.951
916.048
916.13
916.182
916.252
916.31
916.383
916.451
916.538
916.639
916.713
916.793
916.853
916.923
916.982
917.053
917.119
917.182
917.23
917.291
917.353
917.402
917.454
917.531
917.567
917.634
917.676
917.724
917.794
917.861
917.914
917.981
918.051
918.087
918.128
918.185
918.263
918.308
918.367
918.433
918.479
918.508
918.547
918.595
918.642
918.681
918.722
918.756
918.799
918.845
918.877
918.925
918.949
918.965
918.987
919.017
919.043
919.082
919.134
919.204
919.238
919.271
919.302
919.35
919.389
919.422
919.459
919.487
919.538
919.551
919.597
919.637
919.675
919.716
919.765
919.817
919.85
919.886
919.954
919.98
920.028
920.067
920.095
920.124
920.16
920.185
920.221
920.268
920.291
920.32
920.34
920.361
920.381
920.402
920.431
920.46
920.512
920.533
920.572
920.6
920.613
920.631
920.68
920.692
920.722
920.743
920.799
920.841
920.85
920.899
920.93
920.961
920.982
921.011
921.041
921.064
921.108
921.131
921.163
921.192
921.227
921.267
921.291
921.329
921.342
921.343
921.371
921.4
921.413
921.44
921.474
921.502
921.523
921.552
921.574
921.59
921.621
921.658
921.701
921.724
921.75
921.783
921.83
921.868
921.89
921.912
921.925
921.933
921.943
921.961
922
922.033
922.025
922.039
922.064
922.093
922.119
922.124
922.162
922.185
922.201
922.222
922.252
922.281
922.294
922.305
922.314
922.289
922.296
922.306
922.315
922.332
922.371
922.393
922.413
922.431
922.446
922.464
922.482
922.503
922.505
922.521
922.54
922.552
922.562
922.59
922.619
922.634
922.644
922.663
922.712
922.725
922.733
922.753
922.765
922.774
922.774
922.785
922.804
922.824
922.835
922.874
922.904
922.918
922.933
922.953
922.98
922.988
922.992
923.013
923.043
923.047
923.064
923.077
923.085
923.106
923.108
923.128
923.146
923.139
923.172
923.175
923.194
923.194
923.216
923.232
923.242
923.263
923.286
923.297
923.306
923.315
923.307
923.304
923.305
923.323
923.309
923.322
923.335
923.371
923.4
923.433
923.481
923.512
923.534
923.546
923.529
923.525
923.546
923.547
923.539
923.557
923.565
923.596
923.614
923.626
923.66
923.691
923.726
923.744
923.755
923.743
923.756
923.766
923.768
923.766
923.773
923.802
923.822
923.842
923.872
923.882
923.885
923.885
923.876
923.903
923.895
923.905
923.927
923.935
923.938
923.938
923.94
923.967
923.976
923.988
923.997
924.033
924.037
924.045
924.054
924.083
924.085
924.086
924.111
924.131
924.171
924.204
924.242
924.255
924.276
924.268
924.23
924.234
924.247
924.255
924.283
924.491
924.982
924.985
924.998
925.043
925.038
925.066
925.1
925.141
925.174
925.203
925.235
925.253
925.278
925.301
925.32
925.304
925.304
925.322
925.331
925.315
925.315
925.332
925.345
925.335
925.315
925.32
925.313
925.322
925.313
925.324
925.343
925.345
925.343
925.353
925.374
925.384
925.402
925.425
925.433
925.453
925.456
925.454
925.47
925.485
925.494
925.497
925.503
925.534
925.557
925.575
925.595
925.613
925.635
925.645
925.655
925.657
925.655
925.675
925.675
925.685
925.704
925.724
925.725
925.743
925.745
925.755
925.783
925.786
925.806
925.817
925.809
925.827
925.833
925.835
925.833
925.836
925.853
925.881
925.895
925.897
925.908
925.919
925.917
925.917
925.907
925.943
925.964
925.958
925.99
926.026
926.054
926.054
926.057
926.075
926.078
926.077
926.086
926.114
926.128
926.145
926.158
926.157
926.158
926.14
926.149
926.157
926.185
926.216
926.234
926.263
926.292
926.315
926.307
926.317
926.308
926.307
926.281
926.278
926.278
926.255
926.245
926.245
926.255
926.248
926.237
926.268
926.279
926.296
926.307
926.317
926.326
926.317
926.336
926.331
926.358
926.34
926.338
926.34
926.358
926.374
926.368
926.393
926.405
926.413
926.433
926.444
926.454
926.474
926.493
926.516
926.525
926.52
926.517
926.52
926.529
926.538
926.541
926.547
926.575
926.595
926.6
926.606
926.618
926.619
926.628
926.608
926.616
926.596
926.606
926.608
926.616
926.616
926.624
926.655
926.657
926.657
926.676
926.688
926.679
926.653
926.64
926.667
926.847
926.06
925.699
925.689
925.843
925.961
926.193
927.504
928.995
931.213
932.218
930.663
928.57
928.422
928.445
928.42
928.422
926.138
923.743
923.819
924.114
923.978
920.821
914.433
908.705
906.108
910.585
916.731
930.308
922.787
909.901
908.447
910.851
913.908
915.024
914.928
914.956
920.18
925.427
926.728
926.954
927.098
927.27
927.385
926.276
919.16
916.842
