-5.6718
-5.55634
-5.67047
-5.90094
-6.14117
-6.35016
-6.84586
-7.12985
-7.30797
-7.43835
-7.57079
-7.94258
-8.22484
-8.36688
-8.46461
-7.90945
-4.25047
0.94046
0.741486
-1.42109E-14
2.96812
7.46968
11.9108
15.4646
17.7834
19.4764
20.5534
21.501
12.9226
-5.03844
-11.1739
-6.21344
17.6315
29.7003
34.1777
35.4046
35.6058
35.5632
35.4062
35.2234
35.0062
34.8101
34.6254
34.516
34.4343
34.3703
34.3329
34.2922
34.2535
34.2562
34.2809
34.3102
34.3606
34.4082
34.4512
34.5177
34.5508
34.6273
34.704
34.7958
34.9019
34.9544
35.0114
35.0438
35.041
35.0196
35.0197
35.0181
35.0165
34.9884
34.9559
34.9184
34.8656
34.8282
34.7859
34.7466
34.6828
32.8706
29.9516
28.8872
28.4646
30.058
30.4843
32.0802
34.9525
35.6726
35.5191
35.3913
35.2585
35.0956
34.94
34.7845
34.6016
34.407
34.2109
34.0372
33.8594
33.6602
33.4571
33.2613
33.0371
32.7988
32.598
32.4312
32.3071
32.1879
32.0617
31.9082
31.7792
31.6957
31.6187
31.5422
31.4699
31.4113
31.3539
31.2793
31.2348
31.196
31.1844
31.1824
31.1844
31.1855
31.1874
31.1988
31.2137
31.2727
31.3234
31.3723
31.4164
31.4672
31.5437
31.6339
31.7137
31.7902
31.8625
31.9422
32.0402
32.1238
32.2137
32.2937
32.4129
32.5273
32.6254
32.7284
32.8641
33.0422
33.25
33.4509
33.6895
33.6125
4.64336
0.102737
-0.529297
-0.742188
-0.822586
-0.850006
-0.846481
-0.8582
-0.848053
-0.810547
-0.76828
-0.719147
-0.697662
-0.676559
-0.658981
-0.657028
-0.650787
-0.630783
-0.609375
-0.589844
-0.572189
-0.560547
-0.567184
-0.550781
-0.542969
-0.519852
-0.511337
-0.492111
-0.511719
-0.519531
-0.51329
-0.511642
-0.501572
-0.510086
-0.508209
-0.52774
-0.546097
-0.568756
-0.575394
-0.56398
-0.554214
-0.571884
-0.599609
-0.631256
-0.637421
-0.643753
-0.632339
-0.633987
-0.640625
-0.652267
-0.660156
-0.673447
-0.683517
-0.692581
-0.704605
-0.740234
-0.761719
-0.771805
-0.77774
-0.714066
-0.644058
-0.573837
-0.491714
-0.462509
-0.493668
-0.551956
-0.713989
-4.05734
-9.20586
-9.48039
-10.8352
-7.71086
0.807419
0.525864
-6.90508
-6.34172
-6.41524
-7.01985
-7.03946
-7.41016
-7.35461
-7.38399
-7.45461
-8.37617
-11.2745
-13.675
-14.6128
-7.12422
-2.3468
6.55907
2.05547
-11.3336
-9.39211
-7.97578
-1.49367
0.434448
0.550385
0.369217
0.176559
0.135239
0.305466
0.494995
0.286011
0.503128
0.574692
0.467575
0.408279
0.365616
0.328201
0.344925
0.46727
0.897263
1.10789
2.36406
7.36571
9.17508
8.60312
7.65164
6.66531
5.5032
4.21602
2.745
1.38399
0.344604
-0.567108
-1.16524
-1.57532
-1.92336
-2.16679
-2.34485
-2.49492
-2.58664
-2.79758
-4.39563
-7.5961
-289.747
-296.806
-280.407
-276.667
-277.552
-279.056
-280.343
-281.075
-281.325
-281.098
-280.184
-278.936
-277.337
-275.419
-273.307
-271.196
-268.987
-266.659
-264.267
-261.751
-259.222
-256.616
-254.075
-251.487
-248.84
-246.176
-243.505
-240.827
-238.204
-235.518
-232.827
-230.268
-227.639
-224.958
-222.296
-219.647
-217.009
-214.45
-211.827
-209.287
-206.727
-204.107
-201.585
-199.083
-196.539
-193.997
-191.538
-189.107
-186.624
-184.186
-181.827
-179.45
-177.055
-174.659
-172.268
-169.939
-167.649
-165.389
-163.087
-160.78
-158.507
-156.276
-154.069
-151.827
-149.628
-147.389
-145.19
-143.015
-140.887
-138.729
-136.596
-134.489
-132.407
-130.366
-128.279
-126.216
-124.227
-122.229
-120.239
-118.26
-116.27
-114.317
-112.366
-110.415
-108.536
-106.639
-104.766
-102.848
-100.918
-99.0491
-97.1977
-95.3597
-93.5163
-91.6472
-89.8464
-88.0179
-86.2367
-84.4249
-82.966
-81.4085
-79.8051
-78.021
-76.2488
-74.6138
-73.0421
-71.5276
-69.8869
-68.3412
-66.9059
-65.1132
-63.2816
-61.6026
-59.4899
-57.9543
-56.3033
-54.5188
-52.7708
-51.0532
-49.2852
-47.4766
-45.8937
-44.3445
-42.7666
-41.1534
-39.6092
-38.0436
-36.5534
-35.0241
-33.5323
-32.0159
-30.5014
-29.0096
-27.5471
-26.1109
-24.6487
-23.1994
-21.7659
-20.3788
-18.9507
-17.5666
-16.1565
-14.7808
-13.3186
-11.8967
-10.5077
-9.14203
-7.77446
-6.38031
-4.985
-3.62718
-2.29399
-0.99321
0.379456
1.68172
2.95094
4.27321
5.59851
6.88882
8.20601
9.5146
10.8353
12.1752
13.4627
14.7521
16.0642
17.3142
18.644
19.9107
21.1901
22.4611
23.806
25.0002
26.172
27.4412
28.6993
29.8412
31.0622
32.2533
33.327
34.6172
36.0541
37.208
38.3271
39.5115
40.652
41.8236
42.9888
44.1278
43.0294
45.5109
48.8166
50.8021
52.0714
53.3308
54.4877
55.6835
56.824
57.979
59.0489
60.0798
61.1337
62.2074
63.3087
64.3496
65.4004
66.4508
67.4833
68.4641
69.4332
70.4492
71.4574
72.4704
73.4918
74.4719
75.423
76.3738
77.3398
78.3184
79.2598
80.2301
81.2398
82.2023
83.1695
84.1501
85.0801
86.0797
86.9918
87.9621
88.866
89.8445
90.7707
91.691
92.5993
93.5391
94.4395
95.338
96.3023
97.2793
98.2191
99.1126
99.9801
100.951
101.848
102.752
103.619
104.502
105.39
106.243
107.154
108.043
108.89
109.736
110.645
111.518
112.386
113.279
114.136
114.979
115.838
116.706
117.568
118.379
119.261
120.09
120.931
121.74
122.573
123.399
124.246
125.032
125.851
126.707
127.569
128.374
129.206
130.016
130.856
131.631
132.426
133.199
133.945
134.796
135.593
136.315
137.077
137.879
138.676
139.5
140.315
141.077
141.799
142.528
143.307
144.066
144.874
145.654
146.412
147.175
147.946
148.686
149.423
150.186
150.934
151.725
152.443
153.188
153.938
154.606
155.333
156.083
156.825
157.532
158.276
158.975
159.637
160.384
161.126
161.804
162.485
163.204
163.907
164.608
165.297
165.986
166.665
167.343
168.043
168.708
169.395
170.073
170.754
171.444
172.152
172.832
173.531
174.173
174.806
175.486
176.193
176.823
177.473
178.124
178.813
179.482
180.184
180.774
181.455
182.142
182.765
183.404
184.003
184.655
185.257
185.915
186.508
187.106
187.725
188.382
189.013
189.634
190.23
190.894
191.487
192.124
192.765
193.365
193.962
194.59
195.183
195.789
196.392
196.972
197.59
198.214
198.806
199.417
200.013
200.642
201.211
201.794
202.342
202.959
203.601
204.202
204.784
205.392
205.923
206.533
207.131
207.716
208.226
208.749
209.314
209.903
210.425
210.941
211.472
212.05
212.624
213.203
213.763
214.342
214.904
215.45
216.002
216.593
217.093
217.613
218.158
218.701
219.261
219.833
220.304
220.832
221.341
221.854
222.376
222.864
223.405
223.924
224.402
224.89
225.408
225.961
226.511
227.013
227.529
228.031
228.521
229.051
229.552
230.033
230.515
231.005
231.5
231.993
232.503
232.984
233.502
234.031
234.495
234.941
235.443
235.941
236.422
236.931
237.438
237.949
238.431
238.873
239.341
239.822
240.291
240.809
241.263
241.742
242.221
242.711
243.206
243.654
244.091
244.572
245.09
245.588
246.078
246.55
246.992
247.449
247.922
248.372
248.802
249.248
249.73
250.119
250.541
251.01
251.502
251.97
252.404
252.853
253.271
253.725
254.162
254.624
255.091
255.642
255.923
256.341
256.794
256.731
257.153
257.44
257.886
258.325
258.671
258.954
259.18
259.54
259.826
260.086
260.716
261.263
261.818
262.67
263.038
263.489
264.073
264.65
265.161
265.728
266.31
266.768
267.19
267.669
268.197
268.682
269.079
269.505
269.897
270.306
270.735
271.169
271.584
271.968
272.389
272.822
273.239
273.62
274.049
274.443
274.848
275.245
275.611
276.003
276.503
276.953
277.303
277.672
278.031
278.448
278.899
279.316
279.711
280.131
280.533
280.92
281.26
281.651
282.09
282.507
282.907
283.337
283.786
284.218
284.622
285.054
285.449
285.819
286.227
286.634
287.01
287.402
287.79
288.19
288.566
288.982
289.366
289.734
290.075
290.395
290.877
291.482
291.896
292.209
292.505
292.886
293.268
293.608
293.956
292.163
294.049
296.437
297.672
298.168
298.602
299.076
299.524
299.939
300.32
300.663
301.031
301.402
301.746
302.088
302.428
302.729
303.031
303.314
303.614
303.913
304.248
304.566
304.851
305.124
305.421
305.753
306.059
306.35
306.635
306.949
307.277
307.593
307.902
308.18
308.492
308.84
309.173
309.492
309.805
310.114
310.407
310.691
310.996
311.291
311.562
311.887
312.207
312.521
312.84
313.116
313.429
313.75
314.043
314.341
314.652
314.95
315.297
315.629
315.879
316.13
316.459
316.763
317.078
317.41
317.737
318.049
318.338
318.657
318.956
319.256
319.557
319.858
320.159
320.506
320.82
321.088
321.356
321.676
321.988
322.279
322.573
322.812
323.06
323.328
323.636
323.954
324.266
324.634
324.956
325.248
325.547
325.856
326.147
326.446
326.761
327.049
327.337
327.649
327.966
328.286
328.598
328.897
329.177
329.458
329.776
330.095
330.402
330.686
330.967
331.245
331.544
331.845
332.172
332.484
332.812
333.126
333.407
333.688
333.966
334.248
334.534
334.825
335.095
335.366
335.673
335.975
336.255
336.57
336.872
337.165
337.429
337.734
338.046
338.343
338.611
338.89
339.204
339.503
339.755
340.047
340.366
340.665
340.964
341.214
341.477
341.757
342.037
342.325
342.623
342.912
343.2
343.492
343.796
344.104
344.377
344.632
344.923
345.243
345.524
345.802
346.072
346.336
346.621
346.858
347.124
347.375
347.636
347.892
348.171
348.453
348.753
349.052
349.334
349.632
349.934
350.224
350.459
350.71
350.993
351.284
351.554
351.832
352.113
352.404
352.664
352.951
353.212
353.464
353.724
353.984
354.265
354.554
354.843
355.092
355.382
355.642
355.92
356.162
356.43
356.722
357.011
357.297
357.572
357.814
358.072
358.304
358.572
358.823
359.104
359.374
359.614
359.861
360.133
360.394
360.652
360.902
361.172
361.443
361.683
361.943
362.2
362.491
362.743
362.962
363.214
363.502
363.781
364.015
364.283
364.552
364.815
365.033
365.3
365.583
365.871
366.126
366.359
366.611
366.869
367.15
367.4
367.65
367.913
368.173
368.413
368.66
368.929
369.201
369.431
369.675
369.906
370.15
370.438
370.689
370.941
371.18
371.459
371.742
372.002
372.242
372.5
372.74
372.99
373.27
373.523
373.77
374.001
374.241
374.5
374.732
374.969
375.201
375.443
375.712
375.98
376.24
376.488
376.72
376.941
377.18
377.42
377.65
377.89
378.15
378.383
378.639
378.881
379.141
379.37
379.603
379.83
380.073
380.323
380.564
380.792
381.039
381.261
381.51
381.737
381.975
381.732
382.065
382.014
382.324
382.582
382.706
382.776
382.826
382.927
382.95
383.021
383.423
383.831
384.235
384.786
385.002
385.268
385.674
386.057
386.408
386.774
387.171
387.404
387.592
387.837
388.149
388.45
388.726
389.033
389.286
389.515
389.712
389.938
390.159
390.358
390.588
390.801
391.059
391.309
391.52
391.752
392.018
392.265
392.531
392.773
392.992
393.223
393.541
393.773
393.959
394.134
394.381
394.613
394.86
395.109
395.368
395.619
395.85
396.08
396.33
396.561
396.821
397.077
397.334
397.615
397.885
398.169
398.386
398.644
398.924
399.203
399.47
399.77
400.048
400.281
400.505
400.704
400.913
401.137
401.356
401.562
401.934
402.412
402.638
402.811
403.025
403.196
403.371
403.551
403.732
401.907
403.596
405.752
406.84
407.218
407.571
407.868
408.109
408.35
408.571
408.809
409.033
409.247
409.448
409.627
409.818
410.01
410.181
410.333
410.491
410.66
410.836
410.998
411.148
411.294
411.435
411.573
411.75
411.957
412.158
412.311
412.423
412.571
412.712
412.851
413.018
413.217
413.399
413.599
413.791
413.984
414.134
414.34
414.51
414.689
414.83
414.988
415.161
415.343
415.499
415.699
415.857
416.047
416.227
416.397
416.588
416.786
416.949
417.127
417.332
417.541
417.73
417.89
418.078
418.25
418.438
418.618
418.777
418.941
419.12
419.305
419.487
419.675
419.878
420.059
420.279
420.479
420.67
420.886
421.088
421.259
421.42
421.571
421.74
421.918
422.087
422.276
422.445
422.655
422.856
423.09
423.265
423.425
423.547
423.707
423.884
424.065
424.256
424.426
424.616
424.823
425.005
425.188
425.384
425.555
425.737
425.897
426.067
426.257
426.438
426.606
426.778
426.974
427.175
427.356
427.534
427.717
427.915
428.078
428.235
428.427
428.605
428.794
428.997
429.184
429.378
429.557
429.747
429.911
430.065
430.265
430.454
430.638
430.812
430.984
431.16
431.353
431.541
431.745
431.925
432.116
432.296
432.483
432.683
432.874
433.056
433.242
433.431
433.632
433.812
434.003
434.186
434.364
434.544
434.716
434.902
435.093
435.291
435.492
435.665
435.851
436.011
436.202
436.372
436.552
436.745
436.907
437.075
437.251
437.445
437.633
437.802
437.964
438.142
438.314
438.511
438.699
438.882
439.054
439.214
439.405
439.583
439.786
439.931
440.102
440.271
440.433
440.603
440.822
441.033
441.224
441.412
441.542
441.73
441.882
442.022
442.186
442.327
442.503
442.685
442.883
443.062
443.222
443.384
443.573
443.763
443.941
444.111
444.282
444.443
444.609
444.789
444.951
445.121
445.302
445.474
445.642
445.832
446.041
446.232
446.392
446.58
446.772
446.963
447.113
447.281
447.451
447.601
447.763
447.923
448.093
448.25
448.392
448.574
448.771
448.941
449.083
449.27
449.449
449.629
449.797
449.97
450.158
450.323
450.495
450.652
450.802
450.961
451.139
451.3
451.433
451.595
451.734
451.894
452.062
452.25
452.42
452.578
452.748
452.948
453.127
453.318
453.469
453.621
453.755
453.914
454.095
454.281
454.47
454.65
454.828
455
455.15
455.32
455.469
455.619
455.782
455.992
456.154
456.312
456.488
456.66
456.858
457.031
457.221
457.389
457.552
457.714
457.865
458.031
458.191
458.322
458.492
458.662
458.853
459.032
459.193
459.333
459.5
459.67
459.838
459.483
459.829
459.609
459.839
460.044
460.13
460.108
460.074
460.071
459.999
459.957
460.323
460.622
460.812
461.466
461.562
461.759
462.091
462.393
462.676
462.971
463.303
463.482
463.611
463.801
464.062
464.262
464.427
464.587
464.737
464.915
465.095
465.276
465.449
465.6
465.75
465.911
466.082
466.232
466.41
466.551
466.713
466.871
467.041
467.193
467.353
467.533
467.713
467.881
468.057
468.219
468.381
468.541
468.688
468.858
469.069
469.24
469.419
469.59
469.737
469.901
470.077
470.257
470.433
470.633
470.832
471.063
471.258
471.409
471.595
471.795
472.002
472.2
472.387
472.549
472.719
472.881
473.052
473.22
473.373
473.543
472.321
470.831
470.357
470.4
470.538
470.656
470.804
470.916
471.661
474.535
475.463
475.761
475.938
476.044
476.156
476.255
476.369
475.846
474.34
477.2
478.61
478.941
479.192
479.417
479.669
479.888
480.077
480.231
480.381
480.51
480.694
480.836
480.998
481.147
481.229
481.315
481.403
481.473
481.575
481.689
481.798
481.884
481.954
482.044
482.14
482.25
482.361
482.479
482.591
482.701
482.81
482.92
483.029
483.168
483.279
483.408
483.492
483.612
483.735
483.841
483.972
484.1
484.209
484.33
484.448
484.539
484.648
484.789
484.918
485.047
485.176
485.279
485.407
485.527
485.659
485.787
485.929
486.033
486.148
486.252
486.361
486.467
486.586
486.718
486.846
486.979
487.09
487.237
487.375
487.497
487.647
487.745
487.889
488.047
488.19
488.309
488.415
488.545
488.657
488.777
488.876
488.998
489.146
489.256
489.376
489.515
489.655
489.766
489.887
490.014
490.125
490.247
490.375
490.532
490.648
490.765
490.887
491.003
491.106
491.237
491.376
491.516
491.636
491.782
491.925
492.084
492.212
492.341
492.457
492.587
492.716
492.863
492.974
493.095
493.226
493.354
493.481
493.616
493.745
493.884
494.034
494.177
494.304
494.405
494.503
494.642
494.786
494.915
495.038
495.146
495.274
495.405
495.521
495.65
495.782
495.895
496.013
496.116
496.237
496.372
496.513
496.636
496.766
496.884
496.993
497.136
497.255
497.373
497.484
497.583
497.701
497.841
497.986
498.134
498.259
498.39
498.503
498.615
498.753
498.874
498.995
499.124
499.252
499.371
499.495
499.66
499.822
499.943
500.085
500.191
500.32
500.432
500.552
500.673
500.81
500.93
501.044
501.173
501.306
501.423
501.546
501.655
501.783
501.894
502.023
502.134
502.263
502.382
502.511
502.632
502.742
502.861
503
503.168
503.29
503.41
503.552
503.645
503.763
503.864
503.954
504.1
504.242
504.389
504.531
504.654
504.792
504.913
505.003
505.132
505.252
505.376
505.484
505.601
505.711
505.83
505.959
506.086
506.229
506.349
506.48
506.601
506.712
506.842
506.969
507.091
507.23
507.361
507.502
507.619
507.72
507.833
507.949
508.07
508.191
508.31
508.422
508.549
508.67
508.781
508.892
508.994
509.131
509.261
509.363
509.482
509.593
509.713
509.834
509.964
510.105
510.24
510.332
510.412
510.482
510.551
510.678
510.801
510.92
511.051
511.183
511.291
511.392
511.5
511.601
511.711
511.836
511.943
512.06
512.178
512.291
512.412
512.511
512.631
512.732
512.861
513.01
513.121
513.252
513.391
513.51
513.65
513.761
513.883
514.002
514.101
514.221
514.332
514.443
514.56
514.642
514.769
514.872
514.989
515.113
515.24
515.381
515.51
515.616
515.112
515.068
515.129
515.179
515.284
515.395
515.49
515.591
515.707
515.836
515.952
516.075
516.325
516.933
517.019
517.009
517.005
517.043
517.093
517.161
517.235
517.324
517.423
517.552
517.663
517.783
517.902
518.002
518.111
518.211
518.301
518.418
518.527
518.64
518.768
518.84
518.951
519.052
519.152
519.281
519.361
519.469
519.59
519.709
519.8
519.904
520.021
520.129
520.25
520.368
520.498
520.616
520.747
520.857
520.949
521.029
521.129
521.259
521.379
521.502
521.619
521.75
521.881
521.982
522.07
522.142
522.232
522.332
522.431
522.532
522.644
522.761
522.871
522.98
523.08
523.209
523.309
523.426
523.529
523.639
523.748
523.853
523.982
524.085
524.165
524.25
524.353
524.459
524.572
524.691
524.801
524.89
525.008
525.109
525.231
525.34
525.446
525.57
525.66
525.769
525.853
525.949
526.06
526.162
526.27
526.359
526.469
526.564
526.642
526.771
526.854
526.953
527.072
527.191
527.314
527.44
527.551
527.649
527.75
527.861
527.988
528.122
528.229
528.351
528.47
528.613
528.802
528.998
529.154
680.55
844.812
852.292
855.65
858.284
860.402
862.162
863.55
864.799
865.892
866.861
867.732
868.55
869.282
869.964
870.633
871.203
871.73
872.23
872.77
873.209
873.654
874.046
874.404
874.763
875.145
875.476
875.814
876.163
876.463
876.73
877.041
877.32
877.609
877.83
878.052
878.281
878.511
878.752
878.992
879.213
879.43
879.601
879.791
879.982
880.154
880.332
880.49
880.68
880.87
881.069
881.26
881.448
881.588
881.732
881.879
882.029
882.147
882.261
882.379
882.648
883.049
883.222
883.309
883.381
883.475
883.529
883.079
878.938
879.065
879.106
877.457
879.057
885.368
886.78
881.44
880.957
880.786
880.237
880.104
879.799
879.789
879.778
879.82
879.5
876.623
872.922
870.648
873.25
881.428
884.197
888.318
873.385
871.989
873.935
877.579
883.006
883.888
884.237
881.32
883.632
877.841
876.239
876.208
876.338
876.638
876.926
877.157
877.348
877.517
877.674
877.663
877.775
878.133
878.239
878.337
878.483
878.64
878.795
878.93
879.069
879.234
879.386
879.543
879.697
879.849
879.991
880.107
880.203
880.301
880.399
880.499
880.624
880.736
880.829
880.91
880.99
881.075
881.121
881.186
881.257
881.327
881.394
881.466
881.518
881.579
881.611
881.659
881.72
881.77
881.812
881.879
881.941
881.987
882.01
882.049
882.1
882.133
882.172
882.293
882.144
883.614
883.157
880.777
878.316
878.195
878.058
878.127
878.124
877.787
877.803
877.933
878.077
878.27
878.459
878.596
878.706
878.82
878.912
879.016
879.109
879.211
879.345
879.448
879.544
879.633
879.739
879.855
879.981
880.1
880.201
880.296
880.378
880.487
880.597
880.716
880.828
880.95
881.022
881.1
881.195
881.274
881.339
881.421
881.493
881.563
881.666
881.739
881.792
881.852
881.94
882.022
882.128
882.205
882.272
882.35
882.447
882.528
882.6
882.664
882.714
882.774
882.85
882.922
882.992
883.056
883.123
883.187
883.245
883.308
883.393
883.471
883.586
883.646
883.668
883.709
883.758
883.825
883.886
883.961
884.025
884.094
884.144
884.187
884.232
884.276
884.307
884.348
884.397
884.429
884.476
884.554
884.613
884.693
884.747
884.78
884.793
884.793
884.835
884.888
884.937
884.981
885.038
885.079
885.128
885.16
885.201
885.223
885.258
885.299
885.324
885.368
885.409
885.476
885.518
885.538
885.578
885.608
885.631
885.657
885.69
885.729
885.759
885.799
885.842
885.867
885.912
885.94
885.961
885.982
886.01
886.029
886.061
886.098
886.139
886.195
886.24
886.281
886.312
886.343
886.373
886.392
886.418
886.469
886.493
886.504
886.531
886.556
886.579
886.602
886.622
886.652
886.702
886.72
886.772
886.806
886.835
886.848
886.83
886.827
886.825
886.823
886.842
886.879
886.932
886.954
886.985
886.985
887.005
887.024
887.052
887.084
887.105
887.136
887.164
887.204
887.244
887.275
887.312
887.335
887.356
887.378
887.394
887.397
887.432
887.462
887.49
887.511
887.524
887.554
887.591
887.59
887.605
887.644
887.67
887.687
887.684
887.711
887.742
887.773
887.783
887.802
887.825
887.817
887.825
887.843
887.874
887.876
887.886
887.895
887.915
887.935
887.926
887.928
887.927
887.946
887.957
887.974
888.015
888.046
888.076
888.087
888.088
888.097
888.126
888.129
888.165
888.204
888.227
888.265
888.265
888.275
888.294
888.324
888.343
888.353
888.384
888.404
888.397
888.423
888.436
888.448
888.456
888.477
888.505
888.507
888.526
888.536
888.555
888.588
888.582
888.606
888.608
888.6
888.598
888.604
888.616
888.626
888.629
888.656
888.686
888.708
888.745
888.758
888.768
888.768
888.78
888.798
888.817
888.837
888.866
888.891
888.909
888.91
888.928
888.93
888.94
888.946
888.975
888.995
888.997
889.026
889.044
889.074
889.096
889.109
889.108
889.126
889.111
889.109
889.103
889.109
889.127
889.137
889.14
889.129
889.154
889.165
889.168
889.188
889.206
889.255
889.258
889.294
889.317
889.309
889.32
889.311
889.317
889.327
889.346
889.359
889.376
889.397
889.438
889.449
889.457
889.474
889.495
889.488
889.506
889.498
889.5
889.515
889.529
889.557
889.566
889.587
889.608
889.6
889.616
889.627
889.629
889.637
889.649
889.649
889.621
889.636
889.618
889.637
889.629
889.637
889.649
889.659
889.688
889.69
889.706
889.735
889.765
889.75
889.775
889.804
889.81
889.83
889.852
889.853
889.854
889.851
889.871
889.881
889.891
889.933
890.1
890.793
890.248
890.684
890.727
890.746
890.759
890.752
890.775
890.804
890.825
890.846
890.883
890.901
890.907
890.914
890.928
890.938
890.956
890.966
890.985
890.997
891.015
891.043
891.047
891.064
891.06
891.068
891.06
891.059
891.067
891.068
891.077
891.075
891.096
891.09
891.098
891.124
891.147
891.159
891.178
891.188
891.217
891.237
891.238
891.238
891.245
891.239
891.248
891.266
891.288
891.317
891.343
891.378
891.415
891.438
891.446
891.467
891.479
891.489
891.498
891.507
891.51
891.497
891.513
891.528
891.508
891.505
891.506
891.508
891.526
891.536
891.55
891.559
891.585
891.608
891.6
891.609
891.618
891.627
891.639
891.647
891.657
891.645
891.648
891.632
891.639
891.647
891.676
891.698
891.708
891.729
891.739
891.748
891.74
891.75
891.737
891.747
891.783
891.797
891.809
891.827
891.84
891.848
891.869
891.877
891.887
891.919
891.93
891.932
891.922
891.928
891.913
891.922
891.932
891.922
891.949
891.951
891.967
891.977
891.987
891.998
892.003
892.016
892.018
892.02
891.992
891.987
892
892.011
892.003
891.998
892.01
892.018
892.027
892.027
892.018
892.036
892.049
892.057
892.067
892.09
892.108
892.111
892.109
892.107
892.109
892.119
892.127
892.137
892.147
892.159
892.16
892.168
892.172
892.199
892.203
892.183
892.181
892.191
892.183
892.181
892.196
892.206
892.227
892.237
892.242
892.258
892.261
892.261
892.271
892.278
892.289
892.291
892.309
892.302
892.329
892.338
892.35
892.333
892.289
892.256
892.247
892.451
891.302
891.239
891.402
891.535
891.549
892.154
893.727
894.991
897.788
897.663
895.142
893.935
893.958
893.982
894.028
894.044
890.479
889.287
889.625
889.878
889.331
884.794
878.258
873.202
872.255
876.585
886.771
897.798
881.949
874.423
874.429
877.528
879.67
880.566
880.491
880.518
887.261
891.492
892.515
892.816
892.957
893.089
893.216
891.913
884.742
