-0.428101
-0.365906
-0.342896
-0.349609
-0.393738
-0.414856
-0.382019
-0.401917
-0.38562
-0.382385
-0.511841
-0.363525
-0.338257
-0.278809
-0.282837
-0.31366
-0.315613
-0.360962
0.428955
0.94574
0.206665
-0.174988
-0.284546
-0.303955
-0.276123
-0.2453
-0.179565
-0.173035
-0.166382
-0.164795
-0.178162
-0.158447
-0.173035
-0.169556
-0.199585
-0.178101
-0.159729
-0.150391
-0.11438
-0.12384
-0.108948
-0.0996094
-0.107849
-0.117859
-0.117676
-0.135498
-0.138977
-0.128845
-0.110901
-0.107727
-0.0863037
-0.0762329
-0.0687256
-0.0753174
-0.0844727
-0.0765381
-0.0765381
-0.0866699
-0.078125
-0.0570068
-0.0374756
-0.0358887
-8.18E-03
1.59E-03
0.0246582
0.0246582
0.0230103
0.0308838
8.24E-03
-0.0128784
-0.0163574
-0.0258179
-0.0276489
-4.55E-13
1.95E-03
0.0133057
0.0738525
0.638794
0.233337
0.116638
0.186157
-1.68317
-1.51721
-1.08807
0.196777
0.225464
0.23761
0.195007
0.193054
0.178833
0.184875
0.176636
0.185181
0.205933
0.198059
0.199341
0.190247
0.188232
0.199341
0.225464
0.245361
0.279785
0.271484
0.287903
0.274658
0.264893
0.274597
0.263306
0.28125
0.336792
0.362976
0.363281
0.364868
0.346802
0.351563
0.357788
0.363037
0.377747
0.390625
0.392212
0.403931
0.437927
0.469177
0.501648
0.529663
0.550842
0.570313
0.581665
0.578491
0.563721
0.555786
0.560547
0.581787
0.619507
0.632446
0.653931
0.665222
0.674927
0.681274
0.694641
0.707825
0.721069
0.737122
0.773132
0.766418
0.774963
0.794128
0.784363
0.782837
0.791138
0.789429
0.80896
0.804321
0.820251
0.833191
0.85791
0.856628
0.89386
0.913696
0.951477
0.978943
1
0.985229
1.00818
1.04114
1.04095
1.04266
1.06213
1.06567
1.08521
1.08362
1.11292
1.12622
1.12769
1.14227
1.14221
1.1441
1.13367
1.15076
1.15381
1.15479
1.16211
1.16046
1.18286
1.19452
1.22266
1.25189
1.27429
1.30389
1.31561
1.30554
1.29608
1.31061
1.32385
1.32343
1.3219
1.34344
1.35352
1.34302
1.32544
1.35004
1.39075
1.38434
1.42157
1.45776
1.49347
1.50507
1.5329
1.5589
1.57355
1.58356
1.59308
1.59369
1.61292
1.61572
1.64258
1.62579
1.60626
1.59485
1.58643
1.58203
1.59503
1.60974
1.61261
1.64099
1.66339
1.68988
1.70117
1.73047
1.76843
1.78296
1.76318
1.75317
1.75232
1.74341
1.76135
1.76495
1.78125
1.78088
1.78601
1.79956
1.80359
1.80267
1.82349
1.85626
1.87427
1.88593
1.89728
1.88593
1.88403
1.88403
1.89368
1.90363
1.9137
1.92181
1.91144
1.93164
1.95117
1.96252
1.99377
2.03125
2.08209
2.10974
2.13367
2.15076
2.15515
2.1441
2.13562
2.13605
2.12451
2.14069
2.1438
2.15039
2.17188
2.18323
2.19299
2.19922
2.22235
2.23083
2.24347
2.26172
2.2699
2.28607
2.29926
2.33325
2.34338
2.35315
2.36292
2.39575
2.40552
2.41052
2.42468
2.43665
2.45282
2.47266
2.47418
2.49377
2.50519
2.49536
2.48547
2.50977
2.53284
2.54102
2.56055
2.59344
2.59998
2.6142
2.61603
2.6261
2.64575
2.64563
2.64343
2.65198
2.68823
2.69269
2.70117
2.70428
2.7207
2.73401
2.73553
2.76172
2.76489
2.79095
2.79376
2.79425
2.79456
2.79449
2.81213
2.80048
2.81055
2.82373
2.81525
2.81537
2.83197
2.84491
2.86292
2.87927
2.90051
2.9137
2.92181
2.94269
2.95276
2.96436
2.96411
2.98206
3
2.99493
2.98218
2.99213
3.00159
3.00311
3.02148
3.04425
3.0722
3.08319
3.08319
3.09143
3.10474
3.11292
3.12268
3.13245
3.16022
3.18945
3.20239
3.21252
3.23553
3.23553
3.23206
3.23517
3.23364
3.21246
3.21216
3.23047
3.24023
3.24182
3.27118
3.28284
3.29095
3.27423
3.29413
3.30396
3.28619
3.32825
3.8056
2.96362
3.30951
3.29376
3.28784
3.31378
3.31866
3.31842
3.36639
3.35931
3.20642
2.9035
2.98083
3.20496
3.31232
3.37659
3.38721
3.40704
3.44653
3.42303
3.46454
3.45325
3.86615
4.00665
3.63568
3.4458
3.44415
3.44916
3.44098
3.45398
3.43127
3.41833
3.40198
3.40387
3.42316
3.43988
3.4953
3.52002
3.51489
3.50348
3.50671
3.48706
3.48395
3.48328
3.45776
3.43445
3.39728
3.35632
3.27667
3.18182
3.10529
3.02832
2.95526
2.90607
2.92914
2.94043
2.87469
2.91229
2.91229
2.91229
2.64807
3.20386
3.32544
3.34338
3.36792
3.40552
3.45941
3.46875
3.48517
3.49524
3.50671
3.49695
3.51172
3.54108
3.55396
3.56213
3.56055
3.5802
3.56726
3.57037
3.4599
2.94543
2.8645
3.20905
3.48352
3.56067
3.57391
3.55237
3.54108
3.56213
3.97095
3.41461
3.96667
3.78497
3.88599
3.91223
3.922
3.94464
3.9137
3.92816
3.91528
3.94617
3.94177
3.96411
3.95782
3.94452
3.94934
3.95782
3.94971
3.98413
4.00195
4.0282
4.02966
4.02148
4.04779
4.05078
4.1994
1.66711
4.35571
5.11975
4.57159
4.2392
4.1925
4.22699
4.24493
4.2699
4.25665
4.25311
4.28284
4.29919
4.31409
4.35986
4.37103
4.38562
4.37616
4.35657
4.3465
4.36957
4.38751
4.40015
4.43829
4.44458
4.46295
4.49219
4.52148
4.54266
4.56244
4.57385
4.58325
4.60327
4.62146
4.64221
4.63556
4.64374
4.63757
4.65546
4.66205
4.68134
4.68481
4.69177
4.71069
4.71405
4.69446
4.68481
4.69135
4.69421
4.72266
4.74213
4.78918
4.83197
4.86261
4.88599
4.92023
4.95593
4.94452
4.98218
4.98242
4.99341
5.00348
5
5.03094
5.0528
5.07068
5.07312
5.1098
5.11603
5.11444
5.12457
5.14227
5.18164
5.18323
5.20111
5.20752
5.20776
5.20428
5.20593
5.24054
5.27118
5.29926
5.33173
5.33356
5.34302
5.34375
5.35321
5.37463
5.38745
5.41144
5.41528
5.42334
5.43445
5.44489
5.43793
5.43481
5.45471
5.47412
5.47546
5.50696
5.53448
5.55432
5.5918
5.60474
5.63281
5.6637
5.66174
5.67188
5.69299
5.71252
5.72888
5.75818
5.78094
5.78271
5.80243
5.80591
5.82227
5.85626
5.88245
5.89734
5.90393
5.93164
5.95117
5.97241
5.97229
5.98236
6.00159
6.02277
6.03473
6.05237
6.07202
6.08392
6.09338
6.09308
6.08203
6.11792
6.12238
6.16022
6.19147
6.2226
6.23523
6.26166
6.27429
6.2879
6.29608
6.30432
6.3222
6.33167
6.34503
6.35504
6.37421
6.39221
6.40546
6.42188
6.44299
6.46252
6.46576
6.46631
6.49219
6.50354
6.50195
6.53125
6.54419
6.5625
6.58044
6.58478
6.60474
6.60474
6.62268
6.61603
6.62421
6.63428
6.66174
6.69269
6.69611
6.71442
6.73401
6.75507
6.76331
6.77307
6.79102
6.80237
6.81573
6.82416
6.82385
6.86292
6.88245
6.9118
6.92383
6.9433
6.95435
6.96252
6.95435
6.95428
6.94611
6.94452
6.95313
6.9726
6.97546
6.98401
6.99377
7.00513
7.03284
7.04248
7.07544
7.10474
7.10822
7.12457
7.15198
7.16327
7.16992
7.19141
7.20276
7.21411
7.22107
7.24023
7.26135
7.2793
7.29895
7.29419
7.31366
7.32574
7.32538
7.34491
7.35315
7.36304
7.36487
7.36487
7.39258
7.39252
7.40198
7.43945
7.46405
7.47382
7.4856
7.50507
7.51489
7.52307
7.54102
7.56213
7.56213
7.58008
7.6012
7.61444
7.60468
7.62463
7.64417
7.67188
7.67346
7.69299
7.7207
7.72388
7.75
7.76282
7.79419
7.82074
7.84338
7.86957
7.90039
7.91992
7.9231
7.9231
7.93323
7.94299
7.94458
7.95441
7.98236
8.01331
8.02625
8.05243
8.05426
8.05396
8.06873
8.08203
8.70154
7.54871
8.02411
7.95581
8.04614
8.09662
8.07532
8.03589
8.03754
8.05743
7.98145
7.64056
7.74707
7.91077
7.99231
8.06421
8.07385
8.12769
8.13513
8.07819
8.04449
8.11194
8.57202
8.57153
8.26215
8.08765
8.11603
8.09961
8.1192
8.12933
8.12927
8.13757
8.14575
8.14575
8.1637
8.1734
8.13708
8.13586
8.15674
8.16522
8.16522
8.15576
8.16174
8.17505
8.14691
8.15381
8.16492
8.15698
8.14728
8.15039
8.13721
8.14258
8.13403
8.14258
8.13757
8.12769
8.14569
8.13708
8.13281
8.13562
8.12463
8.10309
8.10315
8.12433
8.12781
8.14404
8.14886
8.1637
8.14532
8.15198
8.15393
8.16333
8.21765
8.24066
8.25201
8.25159
8.26172
8.25476
8.22729
8.18591
7.98096
7.6687
7.68994
7.95734
8.12842
8.19312
8.20313
8.24036
8.25195
8.18591
8.3609
7.85828
8.66797
8.5072
8.51648
8.48059
8.48743
8.50671
8.54114
8.55304
8.58331
8.62427
8.6521
8.66577
8.69647
8.71924
8.71759
8.72736
8.7453
8.77979
8.80115
8.82068
8.8548
8.88116
8.90198
8.92004
8.93164
8.94141
8.95941
8.99036
9.02307
9.02466
9.05273
9.06403
9.09808
9.13092
9.1618
9.20117
9.25043
9.27307
9.28442
9.30237
9.30548
9.30585
9.30743
9.3222
9.33362
9.3595
9.39063
9.42029
9.44958
9.46411
9.4942
9.51361
9.54926
9.57983
9.61957
9.65204
9.69177
9.71564
9.70935
9.7356
9.74524
9.76135
9.79926
9.81226
9.85004
9.86951
9.90234
9.91522
9.9411
9.95618
9.97229
10.0133
10.0231
10.0426
10.0559
10.0637
10.0833
10.082
10.1126
10.1508
10.1703
10.2012
10.2223
10.2418
10.2598
10.2633
10.2926
10.3106
10.3333
10.3535
10.384
10.4203
10.438
10.4629
10.4739
10.5121
10.5083
10.5234
10.5442
10.5742
10.5852
10.6047
10.636
10.6699
10.6915
10.7321
10.7504
10.7747
10.775
10.7844
10.7958
10.8204
10.8531
10.8711
10.902
10.9333
10.9629
10.9754
11.0051
11.0328
11.0605
11.0833
11.1031
11.134
11.1438
11.1656
11.2043
11.2255
11.2358
11.2469
11.2649
11.2844
11.2926
11.3124
11.3626
11.3663
11.3759
11.3809
11.4055
11.4136
11.4251
11.4629
11.4836
11.4969
11.4872
11.5313
11.5427
11.5496
11.5672
11.5868
11.6078
11.6224
11.6245
11.6438
11.6715
11.7044
11.7405
11.7532
11.7712
11.7828
11.7828
11.7926
11.7845
11.8109
11.8414
11.8594
11.8793
11.9038
11.9443
11.9839
12.0016
12.0375
12.0556
12.064
12.0833
12.0965
12.1132
12.116
12.1274
12.1539
12.1453
12.1458
12.1636
12.1927
12.2109
12.2305
12.2598
12.2926
12.2941
12.2926
12.3141
12.3516
12.3629
12.3906
12.4203
12.438
12.4628
12.4758
12.4938
12.5051
12.5215
12.5395
12.5703
12.582
12.5851
12.613
12.6344
12.6538
12.675
12.7028
12.75
12.7547
12.7828
12.7859
12.7925
12.8118
12.8071
12.8301
12.8547
12.873
12.8828
12.8844
12.8925
12.8871
12.8954
12.8956
12.8989
12.9039
12.9199
12.9297
12.9477
12.9689
13.0055
13.0477
13.0802
13.1195
13.134
13.1422
13.1403
13.1715
13.1649
13.1946
13.2293
13.2602
13.2813
13.3076
13.3402
13.3418
13.3531
13.371
13.384
13.4231
13.4609
13.4902
13.5067
13.5184
13.5249
13.5719
13.575
13.595
13.6227
13.6504
13.6454
13.6356
13.6539
13.6539
13.6456
13.6668
13.6848
13.7042
13.7172
13.7352
13.7516
13.7766
13.8059
13.8387
13.858
13.8535
13.8613
13.8809
13.8937
13.9117
13.9332
13.9559
13.9855
13.9965
14.0082
14.0066
14.0145
14.0458
14.0527
14.0659
14.082
14.0949
14.095
14.095
14.1047
14.0934
14.1031
14.6086
13.6265
14.1302
14.0237
14.0394
14.0508
14.0687
14.0883
14.118
14.1246
14.0976
13.7797
13.8798
14.0662
14.1638
14.1879
14.1371
14.1539
14.1653
14.1241
14.0999
14.1819
14.4803
14.5442
14.3044
14.1744
14.1993
14.1926
14.198
14.1879
14.1664
14.1766
14.175
14.1684
14.1589
14.1652
14.1567
14.1539
14.1782
14.1769
14.1848
14.157
14.1551
14.1371
14.1078
14.082
14.087
14.0867
14.0981
14.087
14.095
14.1144
14.1312
14.1321
14.129
14.1359
14.1277
14.134
14.1344
14.1406
14.134
14.1129
14.0848
14.095
14.1082
14.1392
14.1606
14.1636
14.1207
14.0964
14.0785
14.0735
14.1181
14.1426
14.141
14.152
14.1426
14.1516
14.1359
14.1632
13.8546
13.6232
13.7085
14.0426
14.2247
14.2336
14.2308
14.2368
14.2833
14.1663
14.29
13.9327
14.9247
14.6206
14.5704
14.5654
14.5692
14.5735
14.6082
14.6458
14.6539
14.7029
14.7156
14.7173
14.7391
14.7501
14.7766
14.8254
14.8759
14.8988
14.9102
14.9282
14.9478
14.9611
14.9793
15.0461
15.077
15.111
15.1442
15.1964
15.2205
15.2567
15.2972
15.348
15.3789
15.4099
15.4414
15.4774
15.5212
15.5496
15.5898
15.634
15.6602
15.6929
15.7059
15.7352
15.7598
15.7911
15.7926
15.8317
15.8663
15.8986
15.9183
15.9692
15.9988
16.0278
16.059
16.1115
16.123
16.1501
16.1899
16.1961
16.2128
16.2434
16.265
16.3109
16.3415
16.3711
16.4005
16.448
16.4625
16.4903
16.5129
16.5508
16.5999
16.6388
16.6899
16.7125
16.75
16.7943
16.832
16.8367
16.8481
16.8398
16.8464
16.8727
16.8922
16.9235
16.961
16.9984
17.0426
17.0524
17.0837
17.0854
17.1013
17.1391
17.144
17.17
17.193
17.2223
17.2339
17.2466
17.2816
17.2957
17.3317
17.3711
17.402
17.4134
17.4316
17.4477
17.4821
17.52
17.5231
17.541
17.5719
17.5817
17.6047
17.6145
17.6243
17.6539
17.6523
17.6911
17.7192
17.752
17.7719
17.7922
17.8125
17.827
17.845
17.8629
17.8906
17.9039
17.9251
17.9336
17.9528
17.9644
17.9641
18.0035
18.0313
18.041
18.0621
18.0751
18.0854
18.095
18.0948
18.1058
18.1161
18.1507
18.1715
18.2075
18.2125
18.2386
18.2402
18.25
18.2633
18.2845
18.2944
18.3121
18.3239
18.3433
18.3282
18.3434
18.3714
18.3939
18.4055
18.4219
18.4414
18.4512
18.4723
18.4707
18.484
18.484
18.4902
18.5051
18.5031
18.5195
18.5407
18.5719
18.5948
18.6306
18.6273
18.6308
18.652
18.6813
18.693
18.7227
18.7602
18.7813
18.8121
18.8219
18.8219
18.8398
18.8512
18.8625
18.8644
18.8824
18.9133
18.9219
18.9073
18.9039
18.9137
18.9332
18.9445
18.9445
18.9524
18.9742
18.9758
18.984
18.9773
18.9738
18.9836
19.005
19.0328
19.054
19.0637
19.0833
19.095
19.1149
19.1148
19.1144
19.1227
19.1442
19.1555
19.1636
19.1536
19.1637
19.1653
19.1848
19.2062
19.2159
19.2254
19.2257
19.2368
19.2453
19.2535
19.2734
19.2762
19.291
19.3383
19.3449
19.3517
19.3828
19.3926
19.3957
19.4071
19.3958
19.3941
19.3856
19.384
19.3906
19.4004
19.4035
19.4215
19.4266
19.4363
19.4446
19.4429
19.4426
19.4609
19.4559
19.4707
19.4821
19.5215
19.5247
19.5395
19.541
19.5525
19.5446
19.5527
19.5527
19.5543
19.5624
19.5818
19.5934
19.5934
19.6293
19.6324
19.6504
19.6848
19.7047
19.7145
19.7242
19.7258
19.716
19.7059
19.7043
19.7141
19.7075
19.7128
19.7141
19.7043
19.7094
19.7028
19.6992
19.7075
19.7204
19.734
19.7258
19.7258
19.734
19.7258
20.4366
18.9998
19.7237
19.6546
19.6797
19.7206
19.7813
19.7792
19.8039
19.7546
19.6233
19.3644
19.4993
19.7002
19.8384
19.8286
19.8058
19.8024
19.791
19.735
19.7466
19.8706
20.2094
20.094
19.9042
19.8772
19.8608
19.8759
19.8527
19.8382
19.8352
19.8516
19.8563
19.8727
19.8777
19.8691
19.8856
19.8757
19.8758
19.8558
19.8629
19.8583
19.8367
19.845
19.8383
19.845
19.8546
19.8712
19.8641
19.8548
19.8351
19.827
19.8239
19.8254
19.8253
19.8348
19.8254
19.834
19.843
19.8351
19.8314
19.8254
19.8075
19.7863
19.8055
19.8137
19.85
19.8578
19.8304
19.8137
19.7695
19.7809
19.8267
19.8484
19.8676
19.8646
19.8813
19.8563
19.8372
20.3307
22.4551
21.9551
20.647
20.1358
20.0287
20.0081
19.9555
19.9921
19.2725
17.8185
17.7861
19.0626
19.7422
19.9354
19.9564
19.9465
19.9465
19.9313
20.1257
19.5167
20.7011
20.0802
20.0974
20.0872
20.0755
20.0676
20.0919
20.1215
20.1227
20.0887
20.077
20.0673
20.0737
20.1115
20.3527
19.6227
20.0223
20.3441
20.381
20.3022
20.2241
20.1848
20.1899
20.1996
20.2371
20.2485
20.2535
20.2438
20.2321
20.2469
20.2438
20.2697
20.2977
20.3074
20.3122
20.3206
20.3384
20.3352
20.3336
20.3516
20.3793
20.4004
20.4103
20.412
20.4266
20.4352
20.43
20.4235
20.4412
20.4594
20.4789
20.4857
20.4742
20.4754
20.484
20.4727
20.4609
20.4689
20.4954
20.5001
20.5035
20.5216
20.525
20.5327
20.5376
20.5543
20.577
20.6016
20.6113
20.6145
20.6016
20.6028
20.5953
20.6033
20.6195
20.6341
20.641
20.6239
20.6296
20.6141
20.6097
20.6329
20.6492
20.6633
20.6687
20.6931
20.6996
20.7012
20.7091
20.7391
20.7405
20.7435
20.7598
20.7633
20.7649
20.7632
20.7762
20.7731
20.7828
20.793
20.7809
20.7832
20.8027
20.7992
20.7942
20.7941
20.7958
20.8141
20.7976
20.8102
20.8223
20.8289
20.8235
20.8305
20.8399
20.8433
20.8235
20.8434
20.845
20.8547
20.8665
20.8809
20.9102
20.9153
20.9137
20.9024
20.9122
20.9202
20.9117
20.9005
20.9008
20.8922
20.8906
20.9021
20.9023
20.9137
20.9251
20.9335
20.9332
20.9512
20.9609
20.9606
20.9724
20.9824
20.9739
20.9658
20.9644
20.9824
20.9902
21.0017
21.0004
21.0114
21.0153
21.0133
21.0214
21.0129
21.0035
21.0117
21.0133
21.0133
21.0035
20.9938
20.9921
20.9915
20.9922
21.0035
21.0134
21.0054
20.9855
20.9953
20.9738
20.9789
20.9621
20.9837
20.9938
20.9937
21.0114
21.0145
21.0231
21.0328
21.0524
21.0707
21.0621
21.0638
21.0641
21.0902
21.0917
21.0914
21.1027
21.1145
21.1246
21.118
21.1328
21.134
21.1359
21.1324
21.152
21.1422
21.1406
21.1437
21.1488
21.1439
21.1426
21.1391
21.121
21.1207
21.1044
21.1035
21.105
21.1145
21.1309
21.1406
21.1422
21.1223
21.1207
21.1012
21.1094
21.1141
21.1211
21.1489
21.1637
21.1622
21.1458
21.1539
21.1422
21.1258
21.1113
21.111
21.1259
21.1246
21.134
21.134
21.1523
21.1473
21.1555
21.1442
21.1442
21.1606
21.152
21.1617
21.152
21.1324
21.1356
21.1425
21.1422
21.134
21.1227
21.1344
21.1242
21.1015
21.1028
21.1028
21.1113
21.1227
21.1145
21.1211
21.1309
21.134
21.1324
21.1422
21.1406
21.1356
21.1344
21.1344
21.1344
21.123
21.1125
21.1094
21.1013
21.0852
21.0934
21.095
21.1113
21.1129
21.139
21.1606
21.1703
21.1736
21.1738
21.1934
21.1769
21.1653
21.1571
21.1458
21.136
21.136
21.1344
21.1344
21.1426
21.1426
21.1523
21.1523
21.1719
21.1914
21.193
21.2125
21.2141
21.1961
21.1731
21.1473
21.4303
20.8663
21.1777
21.1273
21.0796
21.0737
21.0652
21.0784
21.111
21.1113
21.1179
21.1094
21.0968
21.0848
21.0914
21.1047
21.1258
21.1277
21.1356
21.1273
21.1211
21.1144
21.1078
21.0785
21.0668
21.0754
21.077
21.0754
21.0836
21.0836
21.0918
21.0934
21.0836
21.1031
21.0966
21.1078
21.1144
21.1157
21.1196
21.1262
21.1245
21.1438
21.1602
21.1536
21.1633
21.1769
21.1754
21.164
21.1259
21.1422
21.1536
21.1438
21.134
21.1161
21.1324
21.1161
21.1145
21.1148
21.134
21.1621
21.1636
21.1634
21.1621
21.1637
21.1653
21.1637
21.1653
21.1734
21.191
21.1844
21.1715
21.1829
21.1688
21.1754
21.1754
21.1735
21.1536
21.1653
21.1391
21.1165
21.1067
21.1051
21.123
21.1426
21.1636
21.1797
21.1731
21.1715
21.1633
21.1457
21.1344
21.1243
21.1227
21.1161
21.1082
21.1246
21.1426
21.1621
21.1719
21.1668
21.1996
21.1831
21.1912
21.1832
21.1914
21.1801
21.1719
21.1832
21.1699
21.1699
21.1731
21.1798
21.1832
21.1719
21.1719
21.1555
21.1523
21.1442
21.1375
21.1309
21.1243
21.1031
21.1016
21.1016
21.0836
21.0804
21.0786
21.0903
21.0918
21.1017
21.1016
21.118
21.1226
21.1191
21.1274
21.113
21.1019
21.0856
21.0754
21.059
21.0509
21.0559
21.0477
21.0591
21.0594
21.0754
21.0785
21.0884
21.0903
21.0903
21.0805
21.0707
21.0872
21.0723
21.077
21.0692
21.0672
21.0806
21.0723
21.0707
21.0527
21.0591
21.0806
21.0887
21.0786
21.077
21.0771
21.0657
21.0493
21.0392
21.0297
21.0364
21.0591
21.077
21.077
21.0688
21.0606
21.043
21.0297
21.0215
21.0215
21.0297
21.0394
21.0492
21.0621
21.052
21.0508
21.0605
21.0508
21.0575
21.077
21.0983
21.0938
21.0707
21.0625
21.0426
21.0215
20.9954
20.9824
20.9742
20.9629
20.9465
20.9547
20.9547
20.9512
20.9708
20.9723
20.9739
20.9805
21.0101
21.0215
21.0313
21.0395
21.0688
21.0527
21.0227
21.0098
20.9852
20.9559
20.9414
20.9492
20.9606
20.9919
21.0082
21.0016
21.0114
21.0114
21.0051
20.9856
21.0004
21.0035
21.0102
21.0114
21.0297
21.0313
20.9969
21.002
21.0117
21.0132
21.0016
21.0129
21.0168
21.0152
20.995
20.9934
20.9852
20.9755
20.9723
20.9758
20.9758
20.9479
20.9426
20.9426
20.9344
20.9329
20.9575
20.959
20.9641
20.9446
20.9446
20.9543
20.9477
20.9364
20.9465
20.9547
20.9793
20.9922
20.9938
21.0137
20.9957
21.002
20.9871
20.9677
20.9465
20.9384
20.927
20.9075
20.9121
20.9133
20.902
20.9103
20.9316
20.9316
20.9254
20.9254
20.9449
20.9384
20.9286
20.9366
20.9348
20.9153
20.9254
20.9137
20.8938
20.925
20.9297
20.9477
20.9231
20.9329
20.9215
20.8856
20.8661
20.8563
20.8629
20.843
20.8512
20.8547
20.8516
20.8711
20.8875
20.9004
20.9199
20.9215
20.9231
20.9149
20.9133
20.9215
20.9066
20.8922
20.8743
20.8629
20.8531
20.8629
20.8696
20.8824
20.8759
20.886
20.9039
20.8973
20.8844
20.8844
20.8824
20.8988
20.8922
20.884
20.8727
20.8906
20.8824
20.8727
20.8824
20.8762
20.8598
20.8649
20.8649
20.8531
20.8434
20.8582
20.8613
20.8613
20.8614
20.8711
20.8926
20.886
20.8942
20.8824
20.8938
20.8821
20.8723
20.8544
20.8563
20.845
20.8254
20.8254
20.8254
20.8058
20.7926
20.8024
20.8141
20.8172
20.8239
20.8207
20.8352
20.8173
20.8125
20.8125
20.8188
20.8137
20.8138
20.8141
20.8239
20.8336
20.8516
20.8727
20.8711
20.8824
20.8762
20.8566
20.8466
20.8352
20.8074
20.8024
20.7943
20.791
20.791
20.8187
20.8285
20.8317
20.8235
20.8254
20.8336
20.7926
20.7926
20.7828
20.7731
20.7633
20.7372
20.7535
20.7633
20.7535
20.7715
20.7813
20.791
20.7844
20.7926
20.7665
20.7665
20.7668
20.7668
20.7731
20.7747
20.8024
20.8317
20.845
20.8238
20.8219
20.8121
20.8004
20.7809
20.7567
20.7551
20.752
20.7629
20.7614
20.7614
20.7614
20.7911
20.8043
20.8125
20.8239
20.832
20.8531
20.8434
20.8336
20.8336
20.8336
20.8254
20.8075
20.8075
20.8157
20.8157
20.814
20.8219
20.822
20.832
20.8352
20.8304
20.8418
20.8336
20.8238
20.8137
20.804
20.7958
20.7859
20.8137
20.814
20.8071
20.8336
20.8352
20.832
20.8137
20.8157
20.8336
20.8254
20.8141
20.8336
20.845
20.8352
20.8239
20.8157
20.796
20.7844
20.7828
20.7731
20.7828
20.7911
20.7946
20.8125
20.8027
20.8043
20.7864
20.7731
20.7649
20.7715
20.7649
20.7715
20.7781
20.7813
20.7598
20.7582
20.7419
20.7637
20.7422
20.7324
20.7109
20.7109
20.7079
20.6965
20.7047
20.7063
20.734
20.7355
20.7321
20.7336
20.7269
20.7008
20.6898
20.6797
20.6879
20.6981
20.7047
20.7145
20.7324
20.7438
20.7356
20.7159
20.7239
20.7422
20.7321
20.7125
20.7012
20.6829
20.657
20.6407
20.6489
20.6407
20.6473
20.6685
20.6914
20.7012
20.7028
20.7224
20.7159
20.7141
20.7191
20.7223
20.7337
20.7407
20.7422
20.7516
20.7614
20.7645
20.7352
20.7319
20.7254
20.7125
20.6962
20.693
20.6914
20.693
20.6912
20.6981
20.7012
20.7125
20.7125
20.7145
20.7242
20.7324
20.7242
20.734
20.7438
20.7177
20.7047
20.7015
20.7114
20.7012
20.6898
20.6813
20.6832
20.6848
20.675
20.6832
20.6735
20.6832
20.6653
20.6621
20.6703
20.6621
20.6637
20.6555
20.6539
20.6653
20.6735
20.6555
20.6605
20.7078
20.7125
20.7386
20.7336
20.7255
20.7255
20.7059
20.6832
20.6719
20.6801
20.6996
20.7013
20.7129
20.7063
20.6965
20.6981
20.6949
20.6852
20.6868
20.677
20.6656
20.6523
20.652
20.6571
20.6539
20.652
20.6555
20.6555
20.6523
20.6344
20.6129
20.6129
20.6211
20.6211
20.6044
20.593
20.5946
20.6028
20.6012
20.6047
20.595
20.595
20.5852
20.6097
20.6165
20.6246
20.6426
20.6324
20.6406
20.6243
20.6406
20.6504
20.6618
20.6816
20.6996
20.6914
20.6914
20.675
20.6555
20.6426
20.636
20.6165
20.6149
20.6133
20.6082
20.5887
20.5772
20.5751
20.5753
20.5735
20.575
20.5817
20.5817
20.5735
20.593
20.5851
20.6031
20.6063
20.5984
20.5938
20.5852
20.5801
20.5652
20.582
20.5934
20.6195
20.6145
20.6145
20.6031
20.6028
20.5848
20.5653
20.5637
20.5621
20.554
20.5703
20.5801
20.5817
20.5915
20.6129
20.6047
20.6094
20.6028
20.6125
20.6028
20.6246
20.6411
20.6278
20.6442
20.6605
20.6621
20.6735
20.6469
20.6602
20.6536
20.6422
20.6337
20.6305
20.6207
20.6223
20.6141
20.6324
20.6243
20.6227
20.6406
20.6145
20.6094
20.6094
20.6043
20.6129
20.6047
20.6047
20.5703
20.552
20.5684
20.5621
20.5719
20.5621
20.595
20.6047
20.6211
20.6145
20.6047
20.5836
20.5902
20.5817
20.5817
20.5852
20.5836
20.5836
20.5836
20.5754
20.5559
20.561
20.5641
20.5754
20.5934
20.5641
20.5918
20.5852
20.5934
20.6016
20.6031
20.6047
20.5934
20.5918
20.5754
20.5739
20.5641
20.5739
20.5575
20.5461
20.5265
20.5328
20.5328
20.5328
20.5328
20.5524
20.5703
20.554
20.5621
20.5458
20.5641
20.5641
20.5739
20.5673
20.5657
20.5739
20.5836
20.5754
20.5657
20.5742
20.5723
20.5754
20.5719
20.5621
20.5442
20.5313
20.5133
20.4918
20.4918
20.4739
20.4742
20.4937
20.4949
20.4836
20.4938
20.4856
20.5004
20.5035
20.4954
20.4954
20.5035
20.5133
20.4968
20.4852
20.4805
20.5004
20.4938
20.4822
20.484
20.4789
20.4739
20.4641
20.4379
20.4234
20.4332
20.4231
20.4215
20.4133
20.4329
20.4149
20.4297
20.4215
20.4133
20.4133
20.4183
20.4215
20.4036
20.4133
20.402
20.4117
20.4476
20.4642
20.4727
20.4742
20.4938
20.4954
20.4676
20.4464
20.4348
20.443
20.425
20.4235
20.4235
20.4316
20.4316
20.4235
20.425
20.4235
20.4219
20.4235
20.4235
20.4332
20.4332
20.425
20.4071
20.3958
20.3876
20.3828
20.3812
20.3828
20.3926
20.4071
20.3906
20.4102
20.4086
20.4137
20.4153
20.3958
20.3958
20.3958
20.3942
20.4039
20.4039
20.4055
20.4316
20.4169
20.4039
20.4137
20.4039
20.4219
20.4219
20.4297
20.4574
20.4704
20.4543
20.4528
20.4364
20.4249
20.4313
20.4066
20.4036
20.4117
20.402
20.4102
20.4036
20.4004
20.3511
20.6567
20.4872
20.4899
20.4923
20.5955
20.5435
20.2411
20.2841
20.3552
20.657
20.674
20.3972
20.407
20.4368
20.4316
20.9452
20.5342
20.3536
20.6064
20.5117
20.9822
21.0122
20.6754
20.2462
19.7472
17.7237
20.1634
23.3789
19.9736
19.7885
19.6595
19.8404
19.8149
20.0944
20.0758
19.9938
19.963
19.7278
19.7324
20.1731
20.3227
20.3453
20.3871
20.4422
20.3903
20.3785
20.3785
20.4313
20.4918
20.5153
20.4977
20.4899
20.4645
20.441
20.4528
20.4528
20.4418
20.4469
20.4442
20.4223
20.4344
20.4477
20.4969
20.1141