-0.348351
-0.348351
-0.348351
-0.348351
-0.348351
-0.348351
-0.348351
-0.348351
-0.348351
-0.348351
-0.348351
-0.348351
-0.348351
-0.348351
-0.348351
-0.348351
-0.348351
-0.348351
-0.348351
-0.348351
-0.348351
-0.348351
-0.348351
-0.348351
-0.348351
-0.348351
-0.348351
-0.348351
-0.348351
-0.348351
-0.348351
-0.348351
-0.348351
-0.348351
-0.348351
-0.348351
-0.348351
-0.353583
-0.354605
-0.349901
-0.326384
-0.319054
-0.31674
-0.307604
-0.305594
-0.330246
-0.335022
-0.333922
-0.347792
-0.321916
-0.297585
-0.269028
-0.26864
-0.250913
-0.244867
-0.249655
-0.256396
-0.264517
-0.268776
-0.266182
-0.276993
-0.299843
-0.29283
-0.28923
-0.274893
-0.265063
-0.235649
-0.224165
-0.213974
-0.223929
-0.223093
-0.216577
-0.207945
-0.210626
-0.195406
-0.170729
-0.177849
-0.183531
-0.184602
-0.18058
-0.181915
-0.195241
-0.181506
-0.157036
-0.141319
-0.124847
-0.106903
-0.0769943
-0.0604569
-0.36126
0.189315
0.0484815
-0.0153232
0.267795
-0.882697
0.700242
-1.7641
-0.303491
-0.317966
-0.0744925
-0.0609307
-0.0691829
-0.0810406
-0.0854702
-0.0830307
-0.0930161
-0.0829711
-0.0847764
-0.0732303
-0.0764556
-0.0874634
-0.0854859
-0.0824113
-0.0964875
-0.0817413
-0.0862124
-0.110498
-0.109816
-0.0947175
-0.0860505
-0.0662019
-0.0208282
-0.00234985
-0.00906062
0.00742936
0.0153227
0.0128706
0.00843024
0.0143187
0.0283461
0.0438843
0.0561767
0.0629501
0.0689268
0.044235
0.0518889
0.0468581
0.0619354
0.0760803
0.0868316
0.0964491
0.0933714
0.0836713
0.0751662
0.0681229
0.0676818
0.0776367
0.0839674
0.0889983
0.09935
0.100351
0.102928
0.10876
0.119885
0.142383
0.16178
0.190959
0.178871
0.173035
0.169296
0.147775
0.139528
0.136749
0.145277
0.159714
0.160426
0.144287
0.142602
0.145125
0.149644
0.172662
0.184453
0.188974
0.201417
0.202339
0.208725
0.210617
0.213527
0.217247
0.235609
0.258455
0.283012
0.283508
0.296411
0.28929
0.280153
0.269478
0.256288
0.261932
0.275992
0.296213
0.297998
0.306763
0.33159
0.332509
0.332614
0.340071
0.35309
0.36831
0.359849
0.344314
0.339691
0.346786
0.361182
0.370508
0.382257
0.392689
0.406505
0.41619
0.421793
0.426245
0.446541
0.453746
0.458099
0.463087
0.453929
0.460968
0.470343
0.470329
0.469804
0.470987
0.472729
0.475473
0.47217
0.482771
0.490076
0.493668
0.498039
0.500566
0.502805
0.5004
0.502685
0.51235
0.524263
0.527841
0.545151
0.545729
0.564285
0.575082
0.589777
0.58996
0.597929
0.610536
0.612036
0.618393
0.617311
0.632942
0.629211
0.61068
0.608514
0.612502
0.632617
0.635998
0.646799
0.648132
0.670578
0.661278
0.662164
0.662468
0.654663
0.684145
0.696028
0.705629
0.723747
0.737424
0.739313
0.750964
0.745801
0.738718
0.746606
0.744626
0.741222
0.732085
0.731561
0.735971
0.721922
0.737205
0.742074
0.743654
0.742584
0.739973
0.745651
0.748178
0.772421
0.777374
0.782098
0.808234
0.827098
0.851715
0.86768
0.882257
0.898286
0.902251
0.898859
0.86579
0.871715
0.867422
0.873146
0.868356
0.859846
0.874794
0.893426
0.893051
0.913071
0.91826
0.941904
0.943671
0.939322
0.954401
0.943796
0.960249
0.960657
0.948325
0.955537
0.957458
0.976294
0.997192
1.00848
1.01346
1.03103
1.04385
1.05061
1.05604
1.07526
1.08692
1.09946
1.11091
1.11652
1.12995
1.13427
1.14255
1.13257
1.13947
1.13928
1.13383
1.14297
1.1447
1.17079
1.18863
1.19436
1.19662
1.20636
1.20729
1.20682
1.19642
1.1989
1.189
1.18759
1.20235
1.21821
1.22765
1.22751
1.23811
1.24415
1.2497
1.25674
1.25426
1.26473
1.2748
1.27897
1.30178
1.29311
1.2878
1.27968
1.27949
1.28979
1.29408
1.31415
1.34981
1.35828
1.35392
1.35526
1.35117
1.36335
1.38672
1.39204
1.3803
1.3886
1.3945
1.4093
1.38694
1.38102
1.39048
1.38898
1.39365
1.39717
1.38853
1.40139
1.40906
1.44116
1.47008
1.48618
1.49894
1.49565
1.49871
1.41705
2.13349
0.847615
1.44769
1.50921
1.36212
1.38324
1.37385
1.36407
1.37292
1.3812
1.40194
1.42814
1.45467
1.46253
1.48456
1.47461
1.46242
1.46762
1.44618
1.45727
1.44826
1.4516
1.47006
1.50255
1.52738
1.55704
1.55703
1.55678
1.54132
1.53299
1.5242
1.53235
1.51634
1.51545
1.52325
1.5323
1.52777
1.5204
1.52632
1.52045
1.51446
1.50104
1.50773
1.50987
1.49889
1.49392
1.49193
1.50456
1.51745
1.51189
1.51435
1.53497
1.54817
1.5406
1.55412
1.5545
1.57585
1.57197
1.56848
1.57023
1.56452
1.54963
1.52964
1.52759
1.53473
1.56165
1.58963
1.60435
1.5935
1.58911
1.59674
1.59341
1.57458
1.57964
1.59827
1.60576
1.60999
1.60712
1.58349
1.53978
1.52767
1.55499
1.56575
1.62272
1.63538
1.64843
1.64134
1.64224
1.64882
1.28673
2.2169
0.346373
1.43526
1.48541
1.59912
1.69132
1.72482
1.74441
1.75015
1.77343
1.79095
1.78049
1.77698
1.7437
1.7348
1.73928
1.76054
1.78722
1.80675
1.82655
1.84367
1.87013
1.8798
1.87996
1.90508
1.91221
1.91777
1.91157
1.8939
1.89771
1.89512
1.88901
1.89759
1.91955
1.93711
1.94203
1.95168
1.97452
1.96888
1.97646
1.97539
1.99823
2.01374
2.03449
2.05457
2.04793
2.05574
2.05901
2.05234
2.03437
2.04161
2.05223
2.04652
2.04437
2.05298
2.05949
2.05663
2.06693
2.09016
2.10957
2.13979
2.13638
2.13032
2.12668
2.13188
2.13301
2.14219
2.15699
2.17595
2.18498
2.20519
2.2027
2.20037
2.19344
2.18547
2.1995
2.22903
2.23622
2.2437
2.24035
2.24399
2.24167
2.24442
2.25961
2.26076
2.26057
2.26232
2.26208
2.28575
2.30284
2.31117
2.33469
2.35555
2.38308
2.37653
2.3729
2.38148
2.37734
2.36722
2.36891
2.39554
2.4095
2.4143
2.42322
2.43364
2.42701
2.41831
2.43129
2.44864
2.47214
2.48518
2.49954
2.51328
2.4976
2.51248
2.51856
2.52552
2.53294
2.54019
2.54971
2.54772
2.54386
2.54416
2.53952
2.54532
2.55163
2.54308
2.53095
2.54465
2.55116
2.56553
2.5751
2.60766
2.62393
2.63459
2.63519
2.6348
2.64066
2.64542
2.65794
2.68092
2.6972
2.72334
2.73398
2.73287
2.72206
2.70436
2.70897
2.69662
2.71367
2.70649
2.72344
2.72572
2.7285
2.73524
2.74996
2.75626
2.7528
2.75694
2.75006
2.74384
2.73318
2.7221
2.72711
2.75457
2.77076
2.80557
2.83361
2.84712
2.85507
2.85582
2.86325
2.86011
2.86122
2.86302
2.84991
2.84734
2.84789
2.8388
2.83537
2.8324
2.85031
2.83481
2.8358
2.83725
2.84201
2.85902
2.85766
2.88775
2.89753
2.92137
2.94557
2.9567
2.97515
2.97399
2.98895
3.0051
3.01686
3.03162
3.04219
3.04697
3.05302
3.056
3.06673
3.07425
3.08656
3.1123
3.13132
3.13339
3.15687
3.16447
3.17018
3.16424
3.16058
3.15215
3.15337
3.15807
3.16837
3.18041
3.20336
3.22434
3.22889
3.25696
3.27403
3.27867
3.25988
3.26431
3.27172
3.25294
3.24206
3.25325
3.25557
3.25803
3.25311
3.2554
3.27081
3.28694
3.30389
3.31844
3.3371
3.33234
3.33913
3.33972
3.34631
3.34079
3.34602
3.3517
3.34193
3.34402
3.3477
3.35382
3.35815
3.37563
3.37471
3.36879
3.39908
3.39337
3.37874
3.39612
3.41628
3.42647
3.44317
3.46532
3.4677
3.47786
3.46857
3.47737
3.47349
3.49715
3.50771
3.53195
3.54026
3.56355
3.56978
3.56681
3.5606
3.54228
3.5378
3.56311
3.56001
3.58264
3.59596
3.61767
3.63517
3.62494
3.61897
3.60518
3.60239
3.61632
3.60814
3.61107
3.62608
3.65292
3.65352
3.6417
3.64874
3.67382
3.688
3.68487
3.69738
3.61504
4.05248
3.02259
3.72916
3.75368
3.70613
3.67781
3.68124
3.67966
3.66874
3.65898
3.66345
3.66049
3.68286
3.70327
3.72524
3.74461
3.78009
3.78468
3.77252
3.76677
3.75963
3.7774
3.77552
3.77199
3.76276
3.76374
3.76783
3.78502
3.79235
3.79286
3.81148
3.82422
3.83434
3.84848
3.85834
3.8651
3.87525
3.87372
3.86323
3.85859
3.85083
3.84573
3.82876
3.8197
3.8149
3.80027
3.80415
3.80759
3.80191
3.80242
3.81657
3.81848
3.82912
3.83357
3.82326
3.81892
3.82416
3.83286
3.82027
3.8299
3.83118
3.82747
3.81717
3.83042
3.84306
3.85572
3.88753
3.89744
3.88656
3.88859
3.8892
3.88282
3.87765
3.88854
3.87569
3.86479
3.85998
3.85027
3.85059
3.81771
3.81594
3.82689
3.8631
3.89253
3.89485
3.89626
3.89756
3.89416
3.87474
3.52354
4.51005
2.66961
3.84831
3.8397
3.97206
3.99682
3.98245
3.97287
3.99502
4.01437
4.04862
4.03526
4.04835
4.05826
4.06067
4.04891
4.03948
4.03309
4.03519
4.0444
4.06852
4.06606
4.09253
4.11475
4.14044
4.16687
4.1772
4.19051
4.19622
4.18001
4.16986
4.1595
4.17735
4.19819
4.20509
4.23716
4.25914
4.28008
4.31015
4.32432
4.34547
4.35422
4.35282
4.36246
4.36614
4.37135
4.3761
4.37441
4.36128
4.38254
4.39662
4.39649
4.41821
4.43199
4.44603
4.4317
4.42282
4.44938
4.45742
4.47686
4.49389
4.50759
4.51814
4.52805
4.52737
4.5501
4.55598
4.56396
4.58217
4.5872
4.62297
4.64586
4.6786
4.68564
4.70935
4.7296
4.73335
4.7647
4.75094
4.76265
4.77758
4.78977
4.78869
4.79986
4.80558
4.79595
4.78577
4.79058
4.79955
4.82218
4.83186
4.86598
4.89387
4.90291
4.90858
4.9226
4.93236
4.95103
4.97012
4.97275
4.97167
4.97029
4.9698
4.96575
4.94378
4.93947
4.9581
4.99049
4.98862
5.01095
5.02671
5.03735
5.06364
5.07472
5.07455
5.08849
5.08288
5.09251
5.11239
5.12643
5.14851
5.17411
5.19501
5.20226
5.21508
5.22035
5.2386
5.24182
5.26396
5.27216
5.2766
5.28115
5.27796
5.28232
5.28781
5.31615
5.34522
5.38559
5.42045
5.44142
5.45039
5.45815
5.46235
5.451
5.44319
5.45423
5.47291
5.49639
5.50931
5.50621
5.51311
5.51691
5.52612
5.53575
5.5345
5.54263
5.54765
5.55901
5.56418
5.58049
5.59419
5.61365
5.64134
5.67268
5.68935
5.69518
5.70787
5.73076
5.73157
5.73724
5.73387
5.7505
5.76233
5.76896
5.76608
5.78668
5.78214
5.77621
5.77351
5.78703
5.78685
5.80158
5.81739
5.83763
5.85641
5.8728
5.88468
5.89388
5.92221
5.94071
5.94455
5.95466
5.9582
5.96915
5.96838
5.95609
5.96654
5.98884
6.00531
6.01538
6.0133
6.02505
6.02891
6.02437
6.03317
6.03566
6.05627
6.07397
6.08325
6.09571
6.11477
6.10675
6.1145
6.11771
6.13503
6.16035
6.18135
6.20676
6.23727
6.25531
6.27316
6.26177
6.27399
6.28491
6.2934
6.29862
6.30231
6.32506
6.33288
6.34839
6.36602
6.38571
6.39292
6.40039
6.41577
6.4095
6.43334
6.44154
6.44519
6.44905
6.47678
6.51051
6.5297
6.55474
6.59991
6.62628
6.63704
6.61834
6.61147
6.611
6.60827
6.59173
6.59126
6.58389
6.58434
6.58306
6.6008
6.59621
6.61057
6.63725
6.65892
6.66185
6.68091
6.708
6.70529
6.71503
6.73659
6.73571
6.73833
6.75077
6.76691
6.78206
6.79461
6.80223
6.79726
6.8044
6.8095
6.81905
6.82993
6.85549
6.87611
6.89223
6.89369
6.90833
6.9299
6.93085
6.9325
6.93759
6.94224
6.94798
6.94932
6.96068
6.98546
7.01164
7.03182
7.0428
7.05287
7.06557
7.07885
7.11269
7.16338
7.77563
6.36439
7.15735
7.20605
7.12063
7.10861
7.12522
7.13148
7.12192
7.1199
7.10662
7.11208
7.11672
7.15632
7.191
7.1675
7.15541
7.1384
7.13703
7.17536
7.2092
7.22522
7.23972
7.22743
7.22932
7.23571
7.23581
7.23081
7.2284
7.25018
7.24539
7.24485
7.23973
7.22934
7.21196
7.20992
7.20027
7.20773
7.21424
7.2339
7.22447
7.22956
7.22587
7.22088
7.22856
7.21587
7.20889
7.18996
7.1767
7.17464
7.18432
7.20286
7.22455
7.23151
7.25067
7.2588
7.25595
7.26011
7.26145
7.26053
7.25527
7.25583
7.25045
7.25014
7.23693
7.24867
7.26859
7.26829
7.25365
7.25951
7.25154
7.24782
7.21443
7.20524
7.1927
7.15816
7.14625
7.12842
7.09161
7.08352
7.09923
7.10668
7.14156
7.17886
7.17824
7.16941
7.17571
7.17931
7.16974
6.81843
7.74912
5.85682
7.00073
7.02277
7.17052
7.26174
7.32723
7.34816
7.38613
7.42822
7.46664
7.47755
7.48919
7.50266
7.52017
7.5367
7.57563
7.60755
7.6353
7.65638
7.65035
7.66498
7.67148
7.68904
7.7139
7.76204
7.78641
7.81139
7.82091
7.83186
7.84728
7.84401
7.86615
7.92101
7.98213
8.02416
8.0468
8.06633
8.07219
8.08389
8.11492
8.14276
8.18025
8.21346
8.23516
8.23405
8.24492
8.25569
8.26735
8.2884
8.30992
8.3377
8.3473
8.35051
8.34329
8.34934
8.371
8.38297
8.40087
8.43906
8.47955
8.51505
8.53522
8.56575
8.58672
8.61314
8.64141
8.67784
8.68341
8.68996
8.69176
8.69356
8.72386
8.75412
8.77069
8.78577
8.79463
8.80193
8.80412
8.80293
8.8089
8.83261
8.87421
8.89641
8.90653
8.93031
8.93768
8.95745
8.97171
8.98852
9.02258
9.04747
9.07654
9.10107
9.11205
9.10589
9.12132
9.14847
9.1464
9.15191
9.19204
9.23341
9.27258
9.29242
9.31444
9.31479
9.33422
9.34702
9.36693
9.39308
9.42309
9.47395
9.506
9.53602
9.56444
9.58192
9.59046
9.60291
9.60944
9.61464
9.60951
9.62763
9.64531
9.66501
9.68314
9.7095
9.7343
9.74252
9.76103
9.77083
9.80401
9.83646
9.85377
9.87542
9.88834
9.89206
9.9021
9.92228
9.94053
9.9629
9.98504
10.0021
10.0237
10.0451
10.0599
10.0698
10.1007
10.1256
10.156
10.17
10.1735
10.191
10.196
10.2174
10.2284
10.2683
10.2971
10.3065
10.3264
10.3394
10.3435
10.3631
10.3872
10.4008
10.4061
10.4129
10.4453
10.4549
10.4648
10.4697
10.4969
10.5138
10.5231
10.5326
10.5378
10.5548
10.5607
10.5698
10.5916
10.6103
10.635
10.6481
10.6648
10.6932
10.7116
10.714
10.7352
10.7736
10.8024
10.827
10.8525
10.8674
10.8752
10.8886
10.9073
10.9111
10.8999
10.9285
10.9442
10.9563
10.9668
10.9934
11.0105
11.0144
11.0465
11.0655
11.068
11.0926
11.1044
11.1199
11.1358
11.1492
11.1807
11.1804
11.1862
11.1982
11.2237
11.235
11.254
11.2804
11.3136
11.3255
11.3325
11.3395
11.3681
11.3911
11.4072
11.4429
11.4568
11.4817
11.4882
11.4956
11.5052
11.515
11.5375
11.5586
11.5657
11.6061
11.6266
11.6484
11.6612
11.6661
11.6741
11.6684
11.6771
11.696
11.7091
11.7472
11.7561
11.7792
11.7802
11.7671
11.7798
11.8082
11.8229
11.8102
11.8444
11.8648
11.8773
11.8939
11.8988
11.9065
11.908
11.9182
11.9335
11.9338
11.9238
11.9291
11.9537
11.9646
11.9798
12.0069
12.0279
12.0629
12.0892
12.0988
12.1149
12.1281
12.1571
12.1702
12.1743
12.2037
12.199
12.2031
12.2033
12.2039
12.2155
12.2177
12.2411
12.2536
12.2772
12.2873
12.3044
12.3223
12.3337
12.3473
12.3697
12.3746
12.3823
12.3852
12.3636
13.0272
11.828
12.3953
12.4902
12.4906
12.4949
12.486
12.471
12.4767
12.4604
12.4466
12.4488
12.4689
12.4715
12.5066
12.5165
12.5305
12.5302
12.527
12.5301
12.556
12.582
12.5792
12.5549
12.5611
12.5677
12.5633
12.5533
12.5565
12.5548
12.5374
12.5328
12.5043
12.4775
12.4634
12.4782
12.4777
12.4871
12.5163
12.5277
12.553
12.5535
12.539
12.5293
12.5257
12.5108
12.4925
12.496
12.531
12.533
12.5296
12.5517
12.545
12.5467
12.5476
12.5514
12.5523
12.5574
12.5436
12.5434
12.5647
12.5783
12.5812
12.5914
12.5984
12.6069
12.6008
12.5946
12.5864
12.5827
12.579
12.573
12.5705
12.5808
12.5843
12.5842
12.5836
12.6148
12.6296
13.6249
14.7236
13.9827
12.9444
12.7268
12.7344
12.7257
12.6352
11.9014
9.14971
9.94072
12.4189
12.7792
12.5818
12.5254
12.5323
12.5158
12.5309
12.4975
12.5114
11.2387
12.9885
12.3967
12.5786
12.6761
12.7184
12.7626
12.8111
12.8448
12.8731
12.8999
12.9184
12.9448
12.9604
12.9883
13.005
13.0325
13.0576
13.0908
13.1224
13.1176
13.1161
13.1496
13.1592
13.1777
13.2042
13.2358
13.2543
13.2659
13.303
13.3229
13.3482
13.3826
13.4162
13.4481
13.4458
13.4644
13.4797
13.5122
13.5475
13.5694
13.6196
13.6596
13.6707
13.6793
13.7013
13.7299
13.7398
13.7489
13.77
13.7997
13.7964
13.8406
13.8654
13.8925
13.9255
13.9546
13.9777
14.0025
14.0184
14.0276
14.0404
14.0363
14.0609
14.086
14.1011
14.0946
14.1103
14.136
14.1398
14.1536
14.1611
14.1835
14.217
14.2512
14.2958
14.3217
14.35
14.3586
14.3622
14.3728
14.3898
14.4049
14.4409
14.4598
14.4733
14.4717
14.4764
14.4828
14.4895
14.5056
14.547
14.5782
14.596
14.6196
14.6429
14.6531
14.6715
14.6948
14.7171
14.7414
14.7704
14.8128
14.8039
14.8241
14.836
14.8617
14.8948
14.9293
14.934
14.9544
14.9607
14.9674
14.9881
14.9998
15.0208
15.0318
15.0467
15.0759
15.0961
15.1318
15.159
15.1882
15.1926
15.2184
15.2365
15.2455
15.2576
15.2714
15.2954
15.3183
15.3288
15.3383
15.3751
15.3891
15.3979
15.4093
15.4269
15.4502
15.4737
15.5046
15.5323
15.5454
15.5681
15.5757
15.5806
15.6007
15.5905
15.5865
15.5979
15.6162
15.6214
15.6315
15.6605
15.6655
15.6643
15.6644
15.6775
15.6832
15.6845
15.6977
15.7056
15.7161
15.734
15.7437
15.7565
15.7908
15.7857
15.8141
15.8447
15.8638
15.8557
15.8752
15.8967
15.9123
15.9243
15.9222
15.9455
15.9619
15.977
16.0021
16.0077
16.0405
16.0656
16.0733
16.0811
16.0953
16.0927
16.0936
16.1119
16.1049
16.1077
16.13
16.1369
16.1554
16.1676
16.1909
16.2146
16.2189
16.2342
16.2486
16.2814
16.3017
16.3197
16.3375
16.3523
16.3544
16.3495
16.3573
16.3869
16.4271
16.4246
16.4417
16.4592
16.4843
16.5046
16.5058
16.5168
16.5258
16.5175
16.5316
16.53
16.5221
16.5262
16.5325
16.5516
16.563
16.5649
16.5833
16.5858
16.6052
16.6047
16.6048
16.6049
16.6241
16.6455
16.6591
16.6745
16.6795
16.6956
16.7111
16.7269
16.7428
16.7455
16.7568
16.7757
16.7948
16.7876
16.802
16.8324
16.8435
16.8474
16.8706
16.889
16.9023
16.9159
16.9148
16.9389
16.9466
16.9592
16.9781
17.0085
17.0178
17.0256
17.0197
17.0111
17.0164
17.0076
17.0107
17.0376
17.0714
17.1046
17.1062
17.1226
17.1311
17.147
17.1754
17.1862
17.2018
17.1958
17.1961
17.1966
17.195
17.1975
17.2062
17.2286
17.2416
17.2683
17.2767
17.2795
17.2705
17.2772
17.2971
17.3089
17.3073
17.3249
17.3379
17.3397
17.3292
17.3228
17.7827
16.9365
17.3474
17.4699
17.4713
17.4579
17.4965
17.4767
17.4513
17.4285
17.3985
17.3976
17.3843
17.41
17.409
17.3996
17.3996
17.3942
17.3913
17.3674
17.3753
17.3739
17.3923
17.3992
17.3991
17.4156
17.4235
17.422
17.424
17.4238
17.4178
17.4162
17.4167
17.4202
17.4314
17.4353
17.4434
17.4615
17.4637
17.4431
17.4333
17.4313
17.4163
17.4059
17.4058
17.4056
17.406
17.4007
17.4001
17.404
17.4094
17.4143
17.4003
17.4072
17.4152
17.4156
17.4143
17.4085
17.404
17.3958
17.3879
17.3961
17.4065
17.4127
17.4085
17.4081
17.4034
17.4086
17.4007
17.3928
17.386
17.3866
17.3947
17.3983
17.407
17.4045
17.4065
17.4054
17.404
17.3973
17.3938
17.3832
17.3854
17.3826
17.4
17.4108
17.4239
17.422
17.4167
17.4167
17.4061
17.3867
17.3695
17.3679
17.3529
17.3464
17.3464
17.3448
17.3487
17.3503
17.3591
17.363
17.3601
17.3668
17.3752
17.3621
17.3727
17.365
17.3659
17.3731
17.3661
17.3735
17.3966
17.3974
17.3819
17.3665
17.3482
17.3386
17.3091
17.3061
17.2918
17.2958
17.3068
17.3177
17.3253
17.3171
17.3182
17.3297
17.3335
17.3315
17.3468
17.3536
17.3369
17.3397
17.332
17.3186
17.3085
17.3173
17.3043
17.3061
17.3189
17.3278
17.3207
17.316
17.3181
17.3149
17.3259
17.3038
17.2938
17.3043
17.312
17.2905
17.3156
17.3212
17.3327
17.3404
17.3371
17.3391
17.3284
17.3163
17.3074
17.2965
17.2962
17.2962
17.3025
17.3071
17.3064
17.2984
17.2946
17.2874
17.2658
17.2579
17.2648
17.2677
17.2663
17.2634
17.2635
17.2492
17.2362
17.233
17.2161
17.2184
17.2102
17.2368
17.2534
17.2677
17.2804
17.3068
17.3274
17.326
17.3211
17.3346
17.3291
17.322
17.3127
17.3071
17.3016
17.3054
17.2934
17.2899
17.2766
17.2674
17.261
17.2396
17.2448
17.2564
17.2643
17.2702
17.2611
17.2755
17.2782
17.2698
17.265
17.247
17.2289
17.2341
17.224
17.2559
17.2717
17.2797
17.2995
17.2967
17.2772
17.2592
17.2558
17.2521
17.2478
17.2559
17.2594
17.2602
17.2499
17.2693
17.2772
17.2838
17.2685
17.2514
17.2496
17.2497
17.253
17.2397
17.236
17.2338
17.2388
17.2238
17.2253
17.223
17.2181
17.2108
17.2111
17.2061
17.1856
17.1893
17.1834
17.189
17.1951
17.2159
17.2173
17.2041
17.2016
17.221
17.2181
17.2038
17.2124
17.2091
17.1989
17.1847
17.2065
17.2318
17.2339
17.2399
17.2412
17.237
17.2355
17.2214
17.2135
17.2007
17.1996
17.2
17.1914
17.2051
17.2156
17.229
17.2446
17.2448
17.2451
17.257
17.2667
17.267
17.2616
17.2616
17.2481
17.2298
17.236
17.24
17.2439
17.2493
17.26
17.2761
17.2743
17.245
17.2341
17.2243
17.2268
17.2107
17.2246
17.2355
17.222
17.2186
17.2135
17.2019
17.1877
17.1787
17.1755
17.1703
17.1687
17.1493
17.1388
17.1345
17.1306
17.1278
17.1285
17.1389
17.1382
17.1395
17.1381
17.1363
17.135
17.1345
17.123
17.1237
17.1163
17.1174
17.1286
17.1313
17.1242
17.1399
17.156
17.1656
17.1472
17.1473
17.1614
17.1676
17.1671
17.1646
17.1702
17.1791
17.1774
17.1703
17.1687
17.1605
17.1682
17.1608
17.1798
17.2149
17.2288
17.2381
17.2273
17.2161
17.1921
17.1758
17.1516
17.1502
17.1554
17.1518
17.1478
17.1461
17.1614
17.1478
17.138
17.1357
17.1559
17.1624
17.1881
17.2005
17.2175
17.2093
17.1971
17.1787
17.1616
17.1503
17.147
17.1651
17.1535
17.1443
17.1427
17.1467
17.1445
17.1451
17.1307
17.1233
17.1198
17.1174
17.1169
17.1199
17.1305
17.1324
17.1081
17.1081
17.1081
17.1163
17.1319
17.1526
17.1885
17.2004
17.2067
17.1996
17.198
17.198
17.1955
17.183
17.2067
17.1889
17.1743
17.1882
17.1858
17.1746
17.1668
17.1755
17.1737
17.1657
17.1628
17.149
17.1402
17.1378
17.1383
17.1218
17.125
17.1172
17.0883
17.0873
17.077
17.0675
17.0709
17.0711
17.0614
17.0617
17.0494
17.0588
17.0673
17.0696
17.0851
17.0901
17.1034
17.1258
17.1281
17.1438
17.1447
17.1421
17.1271
17.1136
17.0988
17.095
17.0848
17.0651
17.0615
17.0558
17.0558
17.0356
17.0259
17.0408
17.0553
17.0704
17.0957
17.1086
17.1122
17.1334
17.1235
17.1184
17.0957
17.0799
17.0775
17.0573
17.0476
17.0596
17.0638
17.0618
17.0791
17.0911
17.0948
17.0951
17.0903
17.0886
17.0883
17.0835
17.0565
17.0589
17.0507
17.0418
17.0465
17.0462
17.0427
17.0465
17.0527
17.0538
17.0719
17.0984
17.1179
17.1207
17.0964
17.0877
17.0867
17.0751
17.0421
17.0385
17.0496
17.0543
17.0503
17.0574
17.0696
17.0729
17.0589
17.0603
17.0759
17.0609
17.0638
17.0534
17.0293
17.0179
16.9955
17.0027
17.0088
17.0004
16.9988
17.0017
17.0196
17.0333
17.0362
17.0378
17.0378
17.0378
17.0394
17.0296
17.0281
17.0208
17.0143
16.9983
17.0104
17.0188
17.0292
17.0378
17.0408
17.0451
17.0262
17.004
16.989
16.9742
16.9574
16.9544
16.9492
16.9672
16.986
16.9886
16.987
16.9829
16.9912
16.9743
16.9728
16.9691
16.9797
16.9912
16.9984
17.0013
16.9857
16.9797
16.9926
16.99
16.9725
16.9546
16.9547
16.9722
16.9602
16.9349
16.9382
16.9522
16.9667
16.9509
16.9685
16.9642
16.9674
16.9667
16.9558
16.9519
16.965
16.9787
16.9879
16.9864
16.9804
16.9638
16.9662
16.9577
16.9509
16.9548
16.9616
16.9889
17.007
17.0149
17.0018
17.0057
16.9959
16.9868
16.9838
16.9889
16.9982
16.9968
17.0009
17.005
17.003
16.99
16.9736
16.948
16.9317
16.9046
16.8887
16.8937
16.8982
16.9154
16.929
16.9376
16.9632
16.9648
16.9592
16.9373
16.9295
16.9308
16.9218
16.9393
16.9523
16.9627
16.9886
16.9846
16.9724
16.9496
16.9322
16.9224
16.9036
16.911
16.9132
16.9328
16.948
16.9398
16.9442
16.9551
16.9537
16.9404
16.9371
16.9255
16.9045
16.9064
16.903
16.8943
16.8881
16.8743
16.8577
16.8583
16.8494
16.8657
16.866
16.8689
16.8958
16.9069
16.9183
16.9081
16.9099
16.9143
16.9031
16.8872
16.8817
16.8894
16.8991
16.9058
16.9012
16.9099
16.9278
16.9338
16.9194
16.9249
16.9281
16.9236
16.9143
16.9056
16.9018
16.9073
16.9001
16.8963
16.8915
16.8888
16.8946
16.8859
16.8851
16.8781
16.8848
16.8759
16.889
16.8837
16.8784
16.8753
16.8746
16.8612
16.8573
16.8485
16.8602
16.8713
16.8839
16.8937
16.8888
16.8949
16.8858
16.8723
16.8384
16.8288
16.8176
16.8198
16.8201
16.8355
16.8353
16.8304
16.8503
16.838
16.8392
16.8375
16.8415
16.8391
16.8315
16.8299
16.8405
16.8335
16.843
16.8565
16.8543
16.8498
16.8586
16.8557
16.8592
16.8513
16.865
16.855
16.8591
16.8573
16.846
16.8393
16.8264
16.8285
16.8089
16.8044
16.8025
16.8133
16.8158
16.8001
16.8222
16.8298
16.8326
16.824
16.8283
16.8319
16.82
16.8187
16.8182
16.8149
16.7889
16.7834
16.7728
16.7858
16.7792
16.7713
16.7882
16.7925
16.8016
16.8005
16.8282
16.8274
16.828
16.8304
16.8468
16.8557
16.8402
16.8451
16.8396
16.8426
16.8443
16.8402
16.8397
16.8215
16.8254
16.813
16.7845
16.7679
16.7679
16.7854
16.7874
16.775
16.7902
16.8088
16.8166
16.798
16.7982
16.8004
16.7743
16.7723
16.7867
16.7728
16.7723
16.7732
16.7829
16.771
16.7776
16.7781
16.7989
16.7996
16.8016
16.8109
16.8168
16.8084
16.8011
16.799
16.8025
16.8048
16.7995
16.8107
16.8191
16.8161
16.8271
16.8216
16.8284
16.825
16.8147
16.8055
16.7777
16.7675
16.7659
16.7585
16.7688
16.7617
16.7601
16.7585
16.7659
16.7551
16.7525
16.7521
16.7497
16.765
16.7625
16.761
16.7778
16.7897
16.7985
16.797
16.787
16.7867
16.759
16.7381
16.7414
16.7348
16.7406
16.7569
16.7718
16.7927
16.798
16.7927
16.7868
16.7701
16.7723
16.7867
16.7894
16.791
16.7997
16.8031
16.8155
16.7982
16.7786
16.7678
16.7395
16.737
16.7206
16.7219
16.7233
16.7455
16.7512
16.7594
16.7754
16.7683
16.7561
16.758
16.7556
16.7463
16.7288
16.7401
16.7481
16.7362
16.7427
16.7509
16.7682
16.7767
16.7839
16.8103
16.8238
16.8171
16.8019
16.7969
16.7845
16.7782
16.77