-0.284363
-0.287537
-0.315613
-0.328613
-0.313599
-0.302002
-0.294128
-0.297241
-0.320251
-0.328186
-0.405457
-0.304688
-0.287842
-0.266113
-0.252991
-0.223877
-0.210938
-0.186279
-0.187866
-0.182739
-0.16803
-0.180054
-0.192932
-0.195984
-0.179382
-0.169922
-0.104492
-0.0882568
-0.103088
-0.128967
-0.166809
-0.155029
-0.114075
-0.114441
-0.0784912
-0.0784912
-0.0620728
-0.0636597
-0.0782471
-0.101501
-0.085083
-0.0866699
-0.0765381
-0.0784912
-0.112915
-0.124207
-0.143738
-0.151917
-0.155029
-0.15033
-0.133667
-0.122253
-0.103088
-0.101135
-0.0668335
-0.0753784
-0.0733643
-0.0653076
-0.0636597
-0.053894
-0.0457153
-0.0441284
-0.0343018
-0.027771
-0.0308838
-0.0422363
-0.0245972
-6.65E-03
-1.53E-03
6.65E-03
0.0159912
0.0180054
9.77E-03
-2.27E-13
0.0148315
0.0640869
0.107849
1.12604
0.263489
0.0169678
0.0599365
-1.14545
0.888428
-1.22479
0.612976
0.228821
0.183289
0.157166
0.145813
0.147644
0.163635
0.169983
0.196167
0.222656
0.225586
0.219543
0.204407
0.216125
0.197754
0.178467
0.189514
0.204346
0.220764
0.253967
0.269958
0.281372
0.269836
0.279419
0.288025
0.289551
0.310913
0.309021
0.333313
0.361328
0.382385
0.391907
0.402344
0.421997
0.403931
0.428528
0.442627
0.426208
0.426636
0.425354
0.442688
0.459412
0.481995
0.511414
0.554321
0.568848
0.600037
0.59491
0.593323
0.60321
0.591858
0.593384
0.593018
0.578491
0.59491
0.616028
0.635681
0.653809
0.691406
0.705933
0.71405
0.715637
0.734009
0.755066
0.7547
0.774719
0.794556
0.776123
0.777832
0.756653
0.756653
0.776184
0.778076
0.795715
0.825012
0.838318
0.839844
0.838318
0.862854
0.867554
0.892212
0.915222
0.916443
0.914856
0.936401
0.942932
0.97229
0.973511
0.978943
0.994934
1.02466
1.05743
1.06512
1.10437
1.12579
1.12732
1.13751
1.15704
1.15863
1.16675
1.19928
1.21094
1.21918
1.22925
1.22699
1.24536
1.2453
1.27118
1.28479
1.31561
1.32849
1.31207
1.30902
1.33673
1.34772
1.35663
1.38409
1.39923
1.40228
1.43475
1.43793
1.44141
1.466
1.50824
1.5379
1.52765
1.5293
1.51953
1.51801
1.49841
1.51318
1.53406
1.56555
1.57977
1.58014
1.60809
1.61084
1.61725
1.63715
1.63086
1.61792
1.62732
1.60114
1.61133
1.6015
1.60938
1.62738
1.66681
1.69611
1.72736
1.75507
1.75824
1.74017
1.72852
1.73676
1.73053
1.73047
1.75043
1.76007
1.77582
1.77936
1.80548
1.82855
1.87421
1.87891
1.89722
1.8902
1.88873
1.88245
1.87927
1.89716
1.90704
1.91846
1.92841
1.93951
1.95941
1.95905
1.96722
1.99872
2.00787
2.03625
2.05707
2.05872
2.06049
2.06049
2.07819
2.0882
2.11572
2.13708
2.16681
2.16827
2.16797
2.15668
2.16022
2.19452
2.21405
2.25513
2.27942
2.29761
2.31061
2.32843
2.33801
2.34015
2.33832
2.34808
2.35822
2.37421
2.38556
2.40509
2.43634
2.44922
2.45575
2.47345
2.48669
2.4884
2.50507
2.52454
2.54724
2.55243
2.55774
2.5672
2.58673
2.58826
2.59808
2.60156
2.62775
2.63745
2.65826
2.66522
2.6864
2.6734
2.67841
2.66992
2.68005
2.69958
2.69641
2.71729
2.72382
2.75043
2.77655
2.79767
2.81866
2.83636
2.84766
2.87579
2.86914
2.85938
2.86761
2.87103
2.85931
2.87042
2.90082
2.93665
2.9574
3.00311
3.01447
3.02118
3.01672
3.02771
3.02771
3.03595
3.05707
3.07532
3.06677
3.06842
3.08673
3.08508
3.09454
3.10779
3.12744
3.15704
3.17657
3.17645
3.18945
3.19611
3.22736
3.22888
3.22723
3.263
3.27777
3.2793
3.30731
3.30701
3.32849
3.33167
3.33673
3.36292
3.3692
3.36761
3.37738
3.37579
3.40704
3.39575
3.40741
3.43665
3.43634
3.46564
3.50482
3.54102
4.57782
2.68951
3.50055
3.44006
3.44141
3.4707
3.50031
3.51099
3.51447
3.49994
3.48822
3.43384
3.5036
3.45734
3.54266
3.56366
3.55426
3.58356
3.58331
3.58051
3.59009
3.57825
3.62
3.66718
3.62378
3.58014
3.61688
3.64575
3.65051
3.65234
3.65704
3.65704
3.67853
3.67188
3.67999
3.66797
3.6601
3.6485
3.6391
3.63593
3.61761
3.63562
3.61786
3.61444
3.64191
3.65393
3.65198
3.64545
3.65588
3.6554
3.66174
3.67468
3.66333
3.65552
3.65509
3.65387
3.67468
3.66876
3.67499
3.67816
3.67816
3.66644
3.6684
3.66681
3.68475
3.66168
3.66681
3.69611
3.70575
3.71527
3.69763
3.68951
3.70313
3.72894
3.73718
3.74524
3.73676
3.75543
3.74969
3.77496
3.68073
3.50604
3.67407
3.73883
3.74536
3.75006
3.77155
3.77148
3.78601
3.82892
4.62457
3.008
3.67407
3.8537
3.92206
3.97107
4.0166
4.01007
4.02118
4.02972
4.02264
4.04889
4.08057
4.09338
4.07538
4.08014
4.10284
4.09491
4.11133
4.13251
4.17188
4.19299
4.20599
4.23596
4.25696
4.25629
4.26447
4.28595
4.3219
4.33838
4.36285
4.36603
4.36139
4.33832
4.37421
4.37933
4.41522
4.43665
4.44574
4.45941
4.43982
4.45618
4.43951
4.44287
4.47388
4.48517
4.53601
4.54926
4.56879
4.58716
4.62256
4.66339
4.68323
4.70587
4.71564
4.71564
4.70587
4.71564
4.71716
4.74689
4.77814
4.79718
4.81683
4.83795
4.85822
4.8761
4.91339
4.93634
4.97424
5.00354
5.00781
5.03436
5.0816
5.09967
5.10657
5.13397
5.14539
5.14252
5.13519
5.14264
5.15521
5.16046
5.16833
5.18634
5.22736
5.24493
5.26483
5.28564
5.32538
5.33014
5.33832
5.35309
5.39343
5.40552
5.43329
5.46283
5.495
5.5246
5.53748
5.5766
5.59955
5.60938
5.62738
5.61951
5.64697
5.63898
5.64539
5.67499
5.69458
5.71759
5.73553
5.73865
5.75031
5.77777
5.79895
5.80579
5.83521
5.84808
5.88275
5.89691
5.90033
5.90674
5.92816
5.94446
5.96533
5.97882
5.99652
6.00006
6.01642
6.01959
6.02936
6.04926
6.07538
6.10944
6.14722
6.16486
6.17505
6.18823
6.19458
6.21417
6.22382
6.25317
6.27618
6.26801
6.30396
6.31061
6.32697
6.34491
6.3595
6.38751
6.39728
6.42499
6.45782
6.4577
6.47858
6.50043
6.50854
6.50824
6.51801
6.54767
6.55902
6.59491
6.61798
6.64886
6.64728
6.66681
6.66998
6.6687
6.67822
6.69806
6.72736
6.75348
6.7923
6.83514
6.8645
6.85938
6.87738
6.88904
6.90698
6.89996
6.91791
6.92975
6.94965
6.97571
6.99493
7.01807
7.03632
7.04407
7.05676
7.06525
7.08868
7.09991
7.14374
7.16644
7.16833
7.19775
7.21594
7.23358
7.24854
7.29608
7.31714
7.33948
7.34802
7.35809
7.40668
7.4184
7.44452
7.45276
7.4953
7.48676
7.48828
7.4903
7.47729
7.47699
7.48669
7.51794
7.53943
7.54767
7.58826
7.5965
7.62616
7.63904
7.65704
7.67499
7.68634
7.69598
7.70087
7.69806
7.71436
7.73517
7.75793
7.76996
7.79449
7.8363
7.84143
7.85779
7.88403
7.90509
7.91992
7.9281
7.91681
7.94299
7.97424
7.99689
8.00824
8.03625
8.06525
8.10626
8.12732
8.12732
8.15509
8.1488
8.15039
8.16016
8.17657
8.19452
8.21405
8.2453
8.25696
8.25665
8.26642
8.26801
8.27777
8.28949
8.29608
8.32538
8.36285
8.38373
8.42303
8.43787
8.44141
8.44806
8.44641
8.45898
8.47699
8.5047
8.54413
8.55865
8.57501
8.57501
8.5849
8.59485
8.60431
8.63202
8.63361
8.66492
8.66681
8.67035
8.68829
8.69965
8.70941
8.71753
8.72382
8.73517
8.74689
8.7746
8.77618
8.80548
8.82813
8.86761
8.90698
9.65753
8.25043
8.93573
8.82275
8.86603
8.9184
8.91669
8.89026
8.94135
9.03082
8.9541
8.80035
8.84851
8.77258
8.86493
8.90039
8.81665
8.85315
8.89215
8.83636
8.77301
8.88495
8.90826
8.89685
8.84918
8.88751
8.93988
8.96057
8.9754
8.97186
8.99689
9.00342
9.00629
9.02618
9.03754
9.03711
9.05078
9.04059
9.03912
9.0293
9.02783
9.04449
9.0426
9.04382
9.03473
9.00946
8.99884
8.97729
8.96094
8.95734
8.97705
8.98712
8.99847
8.99023
8.97571
8.96564
8.96533
8.96606
8.97388
8.98547
8.98517
8.96057
8.95898
8.95081
8.95123
8.95929
9.00983
9.01801
9.01801
9.01837
9.00189
8.9621
8.98242
8.98669
8.98706
9.00128
8.99689
8.99689
9.00311
9.01947
8.79144
8.7547
8.96368
9.01178
9.03131
9.00946
8.98389
8.96564
8.95428
8.99347
9.84161
8.34412
9.05597
9.09558
9.27362
9.36267
9.42657
9.44263
9.47266
9.49023
9.51141
9.51331
9.53131
9.54266
9.55237
9.55597
9.56409
9.58356
9.59338
9.64258
9.68323
9.71411
9.73529
9.75977
9.79102
9.82196
9.86133
9.88397
9.90356
9.92822
9.95624
9.97736
9.99725
10.0148
10.0231
10.0425
10.072
10.0851
10.1046
10.1258
10.1469
10.1863
10.2173
10.2551
10.2863
10.3239
10.3644
10.3922
10.4164
10.418
10.4461
10.4672
10.4789
10.5034
10.5341
10.5672
10.6012
10.6176
10.6454
10.6574
10.7109
10.7516
10.7763
10.8171
10.8383
10.8676
10.8922
10.9167
10.9723
10.9981
11.0363
11.0375
11.0571
11.0788
11.0981
11.1146
11.1426
11.1769
11.1993
11.2257
11.2383
11.2582
11.2894
11.309
11.309
11.3528
11.3793
11.407
11.4363
11.4578
11.4887
11.4886
11.5258
11.5441
11.5947
11.6422
11.668
11.6863
11.709
11.709
11.7418
11.7645
11.8102
11.8531
11.8856
11.9184
11.9415
11.9593
11.9969
12.0278
12.0637
12.1142
12.1359
12.1551
12.1762
12.1942
12.1977
12.2059
12.2156
12.2172
12.2371
12.2567
12.2859
12.3137
12.3531
12.3939
12.4332
12.4265
12.454
12.4871
12.5067
12.518
12.5344
12.5489
12.5754
12.5851
12.6043
12.6371
12.6488
12.6668
12.6882
12.7173
12.7472
12.7778
12.7961
12.8204
12.8469
12.866
12.8856
12.9171
12.9348
12.9657
12.9774
12.9871
13.0099
13.0313
13.0558
13.0867
13.129
13.1769
13.1977
13.2012
13.2192
13.2371
13.227
13.2404
13.2749
13.3055
13.3544
13.3856
13.4203
13.4464
13.4672
13.4688
13.477
13.477
13.4871
13.4886
13.505
13.5258
13.5634
13.577
13.618
13.6637
13.7012
13.7435
13.7648
13.7925
13.7954
13.7972
13.8008
13.7977
13.8192
13.8355
13.8742
13.915
13.9379
13.9672
13.9772
13.9933
14.0197
14.0379
14.0558
14.0945
14.1157
14.1489
14.1688
14.1882
14.2043
14.2173
14.2371
14.2668
14.296
14.3137
14.3445
14.3774
14.3989
14.389
14.4332
14.4738
14.4852
14.513
14.5426
14.5754
14.5785
14.5719
14.5768
14.5864
14.6074
14.6177
14.6425
14.6649
14.6863
14.6895
14.6996
14.6933
14.7012
14.7274
14.7485
14.7468
14.7648
14.7941
14.8055
14.8087
14.8254
14.8742
14.8937
14.9363
14.9771
15.0148
15.0457
15.0573
15.0832
15.0781
15.0848
15.1063
15.1164
15.1277
15.1473
15.1668
15.1782
15.1914
15.1898
15.1882
15.2238
15.2469
15.2681
15.2585
15.2828
15.3152
15.3265
15.3265
15.3543
15.3692
15.3907
15.4086
15.4344
15.4539
15.4442
15.454
15.4839
15.4953
15.5328
15.5571
15.5949
15.6196
15.6261
15.6437
15.6551
15.675
15.6879
15.7075
15.7254
15.7352
15.7563
15.7762
15.7844
15.814
15.8351
15.8644
15.8942
16.5522
15.2672
15.8351
15.7966
15.7859
15.8172
15.8315
15.8364
15.8757
15.8788
15.7869
15.7366
15.8193
15.8043
15.863
15.8581
15.784
15.7765
15.8008
15.7708
15.757
15.8814
15.9724
15.9476
15.8803
15.8741
15.8954
15.8906
15.8956
15.8953
15.9052
15.9531
15.9481
15.9363
15.9379
15.9348
15.9196
15.925
15.925
15.9069
15.8887
15.8805
15.8774
15.8707
15.8875
15.8839
15.897
15.902
15.8842
15.8754
15.8824
15.8906
15.9152
15.9261
15.9168
15.9246
15.9086
15.9036
15.9051
15.8989
15.9054
15.8871
15.884
15.8743
15.8743
15.8727
15.9008
15.9067
15.9149
15.9117
15.9034
15.8804
15.9036
15.9415
15.9641
15.9772
15.9886
15.9981
16.0312
15.9847
15.6339
15.6459
15.9055
15.9466
15.9497
15.9429
15.9446
15.9625
15.9656
16.0266
16.8107
14.9896
16.1177
16.2437
16.3107
16.3599
16.4318
16.4301
16.4496
16.4786
16.5098
16.5341
16.5441
16.5641
16.5723
16.5786
16.5969
16.6341
16.6981
16.7207
16.7497
16.7665
16.8027
16.8582
16.902
16.9414
17
17.0441
17.0765
17.1028
17.1473
17.1473
17.1719
17.1735
17.1996
17.2012
17.2239
17.2637
17.2844
17.3039
17.3419
17.3644
17.3973
17.4497
17.4808
17.518
17.5541
17.5871
17.5949
17.6149
17.6324
17.6638
17.7094
17.734
17.7632
17.7844
17.8024
17.822
17.8578
17.8809
17.9152
17.9414
17.9641
17.9656
17.9837
18.0118
18.0622
18.0934
18.1523
18.1863
18.1781
18.1782
18.2028
18.2261
18.2352
18.2563
18.3042
18.338
18.3417
18.3465
18.366
18.3922
18.4282
18.4626
18.4985
18.5258
18.5543
18.5767
18.5984
18.5867
18.6028
18.6407
18.6734
18.7007
18.7321
18.77
18.8056
18.8074
18.8071
18.8481
18.8691
18.8906
18.8875
18.9039
18.9247
18.9348
18.9559
18.9739
19.0032
19.041
19.0656
19.0933
19.0867
19.0766
19.0945
19.1324
19.152
19.1829
19.2145
19.2421
19.2548
19.2729
19.284
19.2989
19.3284
19.3461
19.3594
19.3774
19.3859
19.4122
19.4512
19.4727
19.5087
19.5215
19.5235
19.5035
19.5199
19.5181
19.5265
19.5555
19.5786
19.5983
19.6176
19.6453
19.657
19.6766
19.688
19.7081
19.7372
19.7456
19.7582
19.7778
19.7859
19.7879
19.7813
19.7813
19.7975
19.8071
19.8184
19.8317
19.8563
19.884
19.9051
19.925
19.9625
19.9836
20.0048
20.0265
20.0278
20.0195
20.0375
20.0539
20.0558
20.0754
20.0915
20.1227
20.1343
20.1356
20.1685
20.2078
20.2109
20.2336
20.2368
20.2585
20.2696
20.2699
20.2586
20.2566
20.2726
20.2677
20.2847
20.2975
20.3152
20.3364
20.3481
20.3582
20.4039
20.4187
20.4184
20.4282
20.4575
20.4707
20.4641
20.4774
20.4788
20.4852
20.4871
20.5068
20.5085
20.5246
20.5164
20.5375
20.5375
20.5457
20.5555
20.5953
20.6242
20.6484
20.6469
20.6668
20.6602
20.6781
20.6683
20.6945
20.7173
20.7192
20.7257
20.7418
20.7548
20.768
20.7648
20.8055
20.8184
20.8007
20.8168
20.8364
20.8366
20.8301
20.8469
20.8777
20.8793
20.8762
20.8777
20.8941
20.907
20.9168
20.9251
20.9203
20.9171
20.9184
20.9164
20.9152
20.9443
20.9641
20.9953
21.0067
21.0246
21.0441
21.0473
21.0477
21.0656
21.0672
21.0933
21.1078
21.1274
21.1289
21.1441
21.1371
21.1437
21.1567
21.1586
21.1652
21.1602
21.1769
21.1863
21.1879
21.1782
21.1926
21.2023
21.2156
21.2352
21.2368
21.2387
21.2469
21.2586
21.2585
21.2743
21.2762
21.2664
21.2828
21.2664
21.2648
21.2633
21.2582
21.2664
21.2778
21.2859
21.2875
21.3071
21.3351
21.348
22.0569
20.9832
21.2224
21.2678
21.3191
21.3531
21.3444
21.3477
21.3577
21.348
21.2678
21.2762
21.3204
21.1415
21.3636
21.3726
21.2561
21.2203
21.2203
21.2089
21.1997
21.3635
21.3989
21.3332
21.2643
21.2989
21.35
21.3152
21.3305
21.3206
21.3383
21.3449
21.3661
21.3777
21.3856
21.3758
21.3777
21.3676
21.348
21.3386
21.3267
21.3269
21.3168
21.3267
21.3207
21.3121
21.3008
21.3172
21.3054
21.3152
21.3266
21.3481
21.3402
21.3362
21.3446
21.3465
21.3531
21.3383
21.3301
21.3187
21.3004
21.2824
21.2762
21.268
21.2585
21.2743
21.2926
21.2778
21.2778
21.2926
21.2679
21.2728
21.3074
21.325
21.338
21.3629
21.3644
21.366
21.3336
22.2369
24.1472
23.4634
21.9585
21.4933
21.4392
21.4229
21.3822
21.1309
18.3738
17.5898
20.3353
21.306
21.4494
21.4727
21.459
21.459
21.4429
21.4462
22.2341
19.8657
22.3419
21.3987
21.514
21.5494
21.5724
21.602
21.6442
21.6669
21.6801
21.7129
21.6978
21.6587
21.6638
21.6587
21.6637
21.6833
21.6782
21.6949
21.6813
21.6899
21.6699
21.6665
21.6571
21.6735
21.7205
21.7176
21.7107
21.7391
21.7504
21.732
21.7142
21.7387
21.7404
21.7484
21.7715
21.793
21.7992
21.8008
21.8156
21.8563
21.8578
21.8514
21.868
21.8992
21.9185
21.9055
21.9051
21.889
21.866
21.866
21.8712
21.8828
21.9005
21.9121
21.9039
21.8857
21.9007
21.9117
21.9313
21.9246
21.907
21.8871
21.866
21.8664
21.8711
21.9004
21.9379
21.9672
21.972
22.0001
22.0133
22.0132
22.0247
22.0426
22.0278
22.0215
22.0247
22.0215
22.0165
22.005
22.0231
22.0407
22.0344
22.0556
22.0543
22.0473
22.0461
22.0722
22.0817
22.0931
22.0789
22.0914
22.1177
22.105
22.1239
22.1426
22.1453
22.1258
22.1145
22.116
22.116
22.1078
22.1409
22.1669
22.1766
22.1733
22.1844
22.193
22.1945
22.1946
22.1845
22.1929
22.2009
22.2059
22.2141
22.2141
22.2094
22.1879
22.1782
22.1766
22.1668
22.1735
22.175
22.1735
22.1829
22.1765
22.1664
22.1782
22.1862
22.1812
22.1848
22.1945
22.2141
22.2239
22.2339
22.245
22.2403
22.2371
22.2192
22.2324
22.2254
22.2415
22.2453
22.2288
22.2286
22.2155
22.2075
22.206
22.2078
22.2028
22.2124
22.2087
22.1981
22.2077
22.2286
22.2273
22.2352
22.2352
22.2384
22.2355
22.2176
22.2043
22.2059
22.2046
22.2141
22.2255
22.2172
22.2452
22.2562
22.2563
22.2563
22.2679
22.2828
22.2843
22.266
22.2548
22.2453
22.2469
22.2272
22.2336
22.2368
22.2449
22.2563
22.2746
22.2844
22.2793
22.2863
22.286
22.2895
22.291
22.296
22.3055
22.2875
22.2875
22.2977
22.2715
22.2468
22.2418
22.2481
22.2582
22.2387
22.2453
22.2551
22.255
22.2563
22.2648
22.2844
22.2813
22.2617
22.2585
22.2664
22.2645
22.2661
22.2925
22.2859
22.296
22.2972
22.2989
22.27
22.2519
22.2352
22.2449
22.2449
22.2449
22.2402
22.2551
22.2288
22.2352
22.2271
22.2094
22.2047
22.2074
22.2039
22.2153
22.2156
22.2156
22.2473
22.257
22.2684
22.2469
22.2387
22.257
22.2586
22.2586
22.2684
22.2781
22.2863
22.2793
22.2697
22.2386
22.2301
22.2207
22.2012
22.2176
22.2191
22.196
22.2059
22.2059
22.1762
22.1485
22.1633
22.1844
22.168
22.1746
22.1794
22.1765
22.1582
22.129
22.1258
22.0996
22.0984
22.1078
22.1176
22.1192
22.1274
22.1293
22.1371
22.1617
22.1746
22.1926
22.2137
22.2121
22.2137
22.2153
22.2055
22.2121
22.2039
22.2137
22.2039
22.2137
22.2043
22.1992
22.2059
22.1977
22.2062
22.2012
22.2176
22.2192
22.2582
22.4583
22.3267
22.0095
22.1655
22.1467
22.1613
22.1679
22.1925
22.2106
22.2042
22.2106
22.2125
22.2191
22.2269
22.2399
22.2366
22.2301
22.2285
22.2403
22.2238
22.211
22.2192
22.2308
22.2223
22.2028
22.2078
22.2012
22.1882
22.1879
22.1879
22.2075
22.2075
22.209
22.2238
22.209
22.2176
22.2012
22.2012
22.2012
22.1897
22.1957
22.2235
22.2368
22.2567
22.2762
22.2761
22.2661
22.2613
22.2485
22.2387
22.2387
22.2274
22.2191
22.2075
22.1993
22.1895
22.1782
22.1961
22.1977
22.1945
22.2141
22.2059
22.2075
22.2075
22.1977
22.1863
22.1848
22.1699
22.1765
22.1664
22.1664
22.1617
22.1699
22.1602
22.1407
22.1292
22.1258
22.1258
22.1324
22.1437
22.1535
22.1437
22.1535
22.1356
22.1258
22.116
22.1063
22.0965
22.0801
22.0805
22.0903
22.051
22.0375
22.0278
22.0359
22.0344
22.0441
22.0653
22.1031
22.1063
22.0997
22.0836
22.0625
22.0512
22.0281
22.0179
22.0262
22.0539
22.0555
22.075
22.077
22.0786
22.0577
22.0426
22.0425
22.0228
22.0246
22.0164
22.0164
22.0395
22.0394
22.0555
22.0571
22.0453
22.0656
22.059
22.0543
22.0621
22.0654
22.0543
22.0523
22.054
22.0492
22.0313
22.0395
22.0398
22.0458
22.0378
22.0524
22.0344
22.0344
22.0536
22.0293
22.0363
22.0277
22.0262
22.0324
22.0165
22.0168
22.023
22.0149
22.0067
22.0047
21.9965
22.005
21.9883
21.9883
21.9902
22.0086
22.0003
21.9969
21.9871
21.9754
21.9918
22.0048
22.0051
21.9886
21.9871
21.9774
21.9578
21.9594
21.9676
21.9723
21.9476
21.9375
21.9281
21.9184
21.9086
21.8907
21.8957
21.9086
21.9203
21.9266
21.9481
21.9547
21.9496
21.966
21.9758
21.9937
21.9953
21.9949
21.9883
21.9754
21.959
21.9395
21.9363
21.923
21.9426
21.9426
21.9461
21.9363
21.9462
21.9578
21.9543
21.9575
21.9477
21.9477
21.9379
21.946
21.9754
21.9934
22.0048
22.0067
21.9969
21.9855
21.9871
21.9933
21.9965
21.9969
22.005
22.0079
21.9805
21.9593
21.9559
21.9477
21.9461
21.9478
21.9547
21.9461
21.9641
21.9672
21.9754
21.9672
21.9692
21.9692
21.9578
21.9563
21.9543
21.956
21.9578
21.9547
21.9479
21.9344
21.936
21.941
21.9637
21.959
21.9656
21.9836
22.0047
22.0047
22.0048
22.0149
22.0231
21.9968
21.9555
21.936
21.9426
21.9262
21.9016
21.8953
21.8871
21.9168
21.9067
21.9069
21.9231
21.9165
21.9102
21.9168
21.925
21.9282
21.9168
21.9266
21.9168
21.907
21.8793
21.8582
21.868
21.8582
21.8664
21.868
21.8578
21.8481
21.8367
21.8383
21.8301
21.827
21.8172
21.8254
21.8254
21.845
21.8484
21.8465
21.866
21.8563
21.8547
21.8563
21.8547
21.8445
21.8282
21.825
21.8168
21.8071
21.7973
21.8039
21.8055
21.8152
21.8332
21.8449
21.825
21.8547
21.8527
21.8461
21.8543
21.8559
21.8543
21.8824
21.8856
21.8937
21.9214
21.9133
21.9247
21.9149
21.9051
21.8969
21.8856
21.8676
21.8563
21.8563
21.8582
21.8563
21.8348
21.825
21.8465
21.8383
21.8286
21.8547
21.8578
21.8481
21.8399
21.8383
21.8351
21.8367
21.8286
21.8254
21.827
21.8172
21.8152
21.8137
21.8234
21.8512
21.8528
21.8563
21.8465
21.8465
21.8449
21.8367
21.8188
21.7993
21.7781
21.7762
21.7778
21.7797
21.7781
21.7895
21.7993
21.7796
21.7925
21.7794
21.7844
21.7762
21.7668
21.7668
21.7668
21.7648
21.7879
21.7993
21.8172
21.8172
21.8187
21.7988
21.7778
21.7762
21.7797
21.7602
21.7586
21.7668
21.7848
21.768
21.7746
21.7762
21.7778
21.7778
21.7778
21.7879
21.7679
21.7449
21.7465
21.7289
21.6995
21.6961
21.6895
21.6914
21.6898
21.6863
21.6895
21.6977
21.7059
21.7141
21.7156
21.6977
21.6945
21.7027
21.6977
21.6848
21.7059
21.7075
21.7141
21.7156
21.7075
21.7141
21.7059
21.6977
21.6879
21.6766
21.6684
21.6668
21.6586
21.6473
21.6309
21.6292
21.6078
21.5883
21.5867
21.5933
21.5933
21.5946
21.5965
21.5949
21.5965
21.5883
21.5851
21.5671
21.5734
21.5945
21.6141
21.6179
21.6176
21.6274
21.6371
21.6274
21.616
21.6242
21.6258
21.6258
21.616
21.616
21.6176
21.6356
21.6453
21.6453
21.647
21.657
21.6375
21.6359
21.6442
21.6277
21.6457
21.6473
21.6668
21.6487
21.629
21.6274
21.616
21.6063
21.5899
21.5969
21.6066
21.5961
21.5945
21.5945
21.5981
21.6047
21.5867
21.5965
21.5981
21.5965
21.5965
21.6047
21.616
21.6144
21.6078
21.6227
21.6437
21.6453
21.6586
21.6489
21.6489
21.6586
21.6309
21.6195
21.6164
21.6262
21.6129
21.6109
21.6223
21.6321
21.6238
21.6437
21.6387
21.6195
21.6177
21.6262
21.6063
21.5867
21.5668
21.5637
21.5751
21.5574
21.5474
21.5493
21.5477
21.5493
21.5477
21.5296
21.5261
21.5243
21.5179
21.5145
21.498
21.5047
21.5164
21.5082
21.5031
21.513
21.5262
21.5164
21.5148
21.5067
21.5164
21.5067
21.5082
21.5168
21.5281
21.5395
21.5461
21.5297
21.5297
21.5379
21.5395
21.5261
21.5242
21.5161
21.5148
21.5148
21.4855
21.4773
21.4852
21.4868
21.4707
21.4496
21.4547
21.4477
21.4363
21.4184
21.4281
21.4282
21.4296
21.4344
21.4442
21.4559
21.4496
21.4727
21.466
21.4641
21.4559
21.4656
21.4754
21.4672
21.4641
21.477
21.4754
21.4477
21.4363
21.4445
21.4559
21.4559
21.4559
21.4543
21.4461
21.4363
21.4348
21.4266
21.4364
21.4383
21.4188
21.3956
21.3953
21.3937
21.3953
21.3774
21.3856
21.4102
21.4232
21.425
21.4266
21.4352
21.443
21.446
21.4328
21.4246
21.4214
21.4345
21.443
21.4328
21.4262
21.436
21.4297
21.4445
21.4395
21.4445
21.4363
21.4332
21.4234
21.425
21.4133
21.4149
21.4266
21.4184
21.4183
21.42
21.4184
21.407
21.425
21.4348
21.4297
21.4168
21.4152
21.423
21.4164
21.4067
21.4051
21.407
21.4184
21.4086
21.3907
21.3973
21.3973
21.3906
21.3758
21.3774
21.3906
21.3953
21.4035
21.3953
21.3969
21.3856
21.3953
21.3856
21.3907
21.402
21.4039
21.4235
21.4149
21.4266
21.4379
21.4282
21.4282
21.4086
21.3989
21.3793
21.3844
21.3676
21.368
21.3696
21.35
21.3582
21.3484
21.3484
21.3762
21.3676
21.3793
21.3712
21.3711
21.3874
21.3625
21.3696
21.3679
21.3496
21.3563
21.3742
21.366
21.3578
21.366
21.3594
21.3676
21.3418
21.3453
21.3415
21.3516
21.3644
21.3676
21.3774
21.3809
21.3973
21.3691
21.3527
21.3544
21.3629
21.3481
21.3266
21.3403
21.3403
21.3305
21.3289
21.332
21.3206
21.3254
21.3465
21.3547
21.3481
21.3367
21.3367
21.3188
21.268
21.2567
21.2485
21.2469
21.2453
21.2632
21.2485
21.2731
21.2727
21.2726
21.2742
21.2762
21.2778
21.2762
21.2778
21.2696
21.2977
21.2879
21.2797
21.2879
21.2879
21.2813
21.27
21.2586
21.2652
21.2563
21.2368
21.2449
21.2531
21.2352
21.2433
21.2548
21.2453
21.2632
21.2828
21.2941
21.2957
21.2856
21.2875
21.2813
21.2715
21.2598
21.2699
21.2582
21.2285
21.2254
21.2156
21.2137
21.204
21.2239
21.2176
21.1965
21.1883
21.1945
21.1945
21.1793
21.1746
21.1668
21.175
21.1649
21.1668
21.1551
21.1519
21.1551
21.1485
21.1453
21.1176
21.1078
21.0914
21.077
21.0656
21.0656
21.0836
21.0817
21.0903
21.0933
21.0965
21.1027
21.111
21.106
21.116
21.1226
21.1129
21.1324
21.1356
21.1371
21.134
21.1453
21.1484
21.1473
21.1473
21.1489
21.1489
21.1277
21.1246
21.1196
21.118
21.1113
21.1277
21.1489
21.1586
21.1523
21.1406
21.1485
21.1406
21.1308
21.1453
21.1453
21.1453
21.157
21.1555
21.1636
21.1535
21.1633
21.1551
21.1454
21.1473
21.1375
21.1359
21.118
21.1144
21.1227
21.1129
21.1114
21.0946
21.0981
21.1063
21.1097
21.1191
21.1289
21.139
21.1371
21.1356
21.1535
21.1469
21.1551
21.1469
21.1552
21.1406
21.1359
21.1258
21.1242
21.1259
21.118
21.116
21.1258
21.1176
21.0981
21.1047
21.1063
21.1063
21.1129
21.1144
21.1242
21.1293
21.1375
21.1196
21.1097
21.0898
21.0801
21.0688
21.0508
21.0425
21.0453
21.0439
21.0278
21.0344
21.0523
21.0734
21.0668
21.0555
21.0652
21.0637
21.0637
21.0586
21.0833
21.0687
21.0422
21.0687
21.0735
20.9556
21.099
21.2341
21.2371
21.2671
21.5701
21.2735
21.3267
21.3132
20.8466
20.0948
20.7188
20.7891
20.8203
20.8515
19.9539
20.9938
21.0642
21.1529
20.9788
19.8471
19.897
20.455
21.8105
22.3787
24.7311
22.8907
16.2132
21.3522
22.2126
22.6328
21.6015
21.4046
21.2656
21.3366
21.8655
22.0363
21.5966
21.2341
21.1618
21.1891
21.2125
21.1094
21.0959
21.1407
21.125
21.0756
21.0659
21.0264
21
21.0215
21.0522
21.0617
21.0513
21.0617
21.0662
21.0578
21.0402
21.0278
21.0164
21.0005
20.9801
20.9698
20.9625
20.9578
20.9922
21.0082
21.0164
21.0123
21.016
20.9699
20.9517
20.9261
20.9047
20.9051
20.9149
20.9614
20.9992
20.9676
20.992
20.9386
20.9483
20.9559
20.9666
20.9615
20.9578
20.9861
20.975
20.9713
20.9759
20.9457
20.9313
20.9117
20.8865
20.8963
20.9023
20.8954
20.8557
20.9472
20.7161