-0.291016
-0.325409
-0.31366
-0.316803
-0.316803
-0.308594
-0.325073
-0.326965
-0.318756
-0.323425
-0.328186
-0.318665
-0.318451
-0.317108
-0.308594
-0.303894
-0.289063
-0.275787
-0.29068
-0.302338
-0.291016
-0.297668
-0.289368
-0.295319
-0.29541
-0.267883
-0.267639
-0.259766
-0.25
-0.238281
-0.228516
-0.236725
-0.238373
-0.238678
-0.230774
-0.21875
-0.226959
-0.21875
-0.199219
-0.197662
-0.179688
-0.178131
-0.159851
-0.160156
-0.1586
-0.151947
-0.150391
-0.1586
-0.140533
-0.146881
-0.136719
-0.110535
-0.115631
-0.0910034
-0.0816345
-0.0899353
-0.073822
-0.0687561
-0.0687561
-0.0589905
-6.05E-02
-6.21E-02
-4.92E-02
-4.84E-02
-5.87E-02
-5.23E-02
-3.95E-02
-4.10E-02
-3.95E-02
-2.97E-02
-1.17E-02
0.00E+00
-8.21E-03
1.56E-03
3.91E-02
0.127808
0.288513
8.08E-02
-0.218262
-0.317261
-0.156036
0.260254
-0.351868
-0.0192871
0.0935974
0.107819
0.0780334
0.0224915
-2.41E-03
0.017334
0.0284424
0.0207825
1.85E-02
1.50E-02
6.77E-03
2.11E-03
0.0117798
7.11E-03
-4.61E-03
-4.61E-03
1.49E-02
1.96E-02
2.00E-02
2.00E-02
2.16E-02
2.15E-02
0.0203247
0.0215759
0.0332031
0.0313416
0.0609436
0.0751648
0.0855408
0.113281
0.125854
0.135956
0.145721
0.120697
0.114136
0.104767
0.086792
0.0855713
0.0593872
0.0539246
0.0539246
0.0719299
0.0852356
0.0851746
0.0933838
0.104767
0.119537
0.111328
0.109863
0.113281
0.113281
0.109772
0.117981
0.109772
0.106262
0.135559
0.1633
0.166504
0.194611
0.186707
0.204712
0.205872
0.197754
0.188293
0.18634
0.160156
0.1586
0.157043
0.148834
0.1586
0.158691
0.1586
0.178223
0.188293
0.199615
0.207825
0.219147
0.238678
0.248444
0.241882
0.232422
0.221008
0.227356
0.219147
0.23877
0.250397
0.248444
0.240234
0.230469
0.220703
0.201172
0.201172
0.219238
0.239075
0.25705
0.294556
0.303925
0.316864
0.320313
0.328522
0.338287
0.3414
0.323425
0.328522
0.318756
0.326965
0.318756
0.318848
0.346893
0.366089
0.361328
0.361328
0.371094
0.359772
0.348053
0.357819
0.375793
0.393768
0.396881
0.398438
0.411713
0.410156
0.39032
0.390625
0.400391
0.407043
0.400391
0.418365
0.411713
0.418365
0.410156
0.419922
0.411713
0.400391
0.4086
0.411713
0.431641
0.430084
0.449615
0.469147
0.478912
0.488678
0.488678
0.490234
0.490326
0.482422
0.490631
0.490631
0.500397
0.528137
0.539459
0.53952
0.541412
0.542969
0.552734
0.541016
0.542572
0.53125
0.550781
0.552338
0.565643
0.578522
0.580078
0.591797
0.591797
0.591797
0.593353
0.599915
0.607819
0.619232
0.639069
0.630859
0.648834
0.650391
0.648834
0.660156
0.640228
0.637115
0.678223
0.691406
0.699615
0.710938
0.730469
0.730469
0.730377
0.720306
0.700775
0.691101
0.709381
0.691406
0.698059
0.710938
0.71759
0.710938
0.701172
0.691315
0.681244
0.679688
0.678131
0.689453
0.69101
0.699219
0.725403
0.738281
0.738281
0.738281
0.748138
0.750092
0.760162
0.769928
0.779694
0.782806
0.782806
0.799225
0.799225
0.794434
0.791016
0.789459
0.791016
0.779297
0.79892
0.807434
0.80899
0.818756
0.830078
0.830078
0.829987
0.819916
0.839935
0.84024
0.841797
0.851563
0.851563
0.853119
0.85968
0.870789
0.879303
0.897278
0.898834
0.900482
0.910553
0.910553
0.931641
0.921875
0.931641
0.923431
0.923431
0.92337
0.919922
0.923431
0.913666
0.918365
0.941406
0.959381
0.967194
0.985168
0.986725
0.980164
0.969147
0.977356
0.960938
0.952728
0.951172
0.960938
0.970703
0.970612
0.991882
0.982422
0.980469
0.980469
0.990234
0.980469
0.988678
1.00156
1.01797
1.03906
1.0293
1.02774
1.04727
1.03751
1.04102
1.02304
1.03125
1.0246
1.01163
1.01953
1.01913
1.034
1.03906
1.02744
1.05087
1.03946
1.04767
1.03116
1.02109
1.02774
1.0246
1.05905
0.93103
1.12842
0.958771
1.08255
1.09952
1.04141
1.0267
1.06656
1.11539
1.12369
1.13693
1.14172
1.13071
1.12717
1.13513
1.13391
1.13898
1.16663
1.17969
1.18158
1.20929
1.24335
1.24368
1.24689
1.27295
1.25156
1.24359
1.23672
1.23672
1.2175
1.20236
1.20227
1.21378
1.23712
1.24515
1.25626
1.24484
1.27264
1.27618
1.26447
1.29446
1.29568
1.31369
1.30383
1.3118
1.29572
1.28937
1.29257
1.30899
1.32031
1.32187
1.33359
1.34961
1.36093
1.36444
1.36288
1.36288
1.34174
1.33478
1.33984
1.34335
1.35971
1.36407
1.36444
1.37259
1.36417
1.36133
1.35312
1.35812
1.39063
1.3985
1.41016
1.42148
1.44141
1.45108
1.45898
1.45743
1.42969
1.39697
1.36288
1.36914
1.41171
1.4574
1.53302
1.55194
1.56171
1.57968
1.60782
1.62897
1.80438
1.78168
1.17926
1.48288
1.58218
1.59299
1.58154
1.54993
1.54837
1.55133
1.56586
1.57086
1.56265
1.57397
1.58374
1.57907
1.58884
1.59216
1.59662
1.61493
1.60788
1.62155
1.61169
1.60321
1.59024
1.59149
1.58212
1.59024
1.59158
1.5918
1.595
1.61447
1.60626
1.60477
1.61603
1.60626
1.60471
1.60281
1.61453
1.63437
1.66531
1.67697
1.69452
1.71252
1.70743
1.70908
1.69806
1.69806
1.70947
1.68164
1.67032
1.66525
1.66025
1.66525
1.69455
1.66837
1.67657
1.68478
1.67969
1.66016
1.66837
1.67822
1.68985
1.70627
1.71729
1.7258
1.73557
1.73682
1.73712
1.74023
1.74689
1.74689
1.75821
1.77618
1.77774
1.78729
1.78946
1.80743
1.79922
1.80078
1.8172
1.81055
1.81055
1.81046
1.81836
1.82507
1.83838
1.82062
1.82861
1.82852
1.83829
1.85626
1.85788
1.86954
1.88751
1.89883
1.89063
1.88086
1.89218
1.88242
1.87265
1.86124
1.86923
1.86124
1.85117
1.84149
1.84845
1.85001
1.85156
1.84991
1.84961
1.86914
1.86914
1.86914
1.90674
1.9086
1.9086
1.90048
1.91055
1.92032
1.9039
1.91055
1.91211
1.93008
1.92188
1.92032
1.93008
1.93985
1.94141
1.94141
1.94141
1.94141
1.9332
1.93985
1.94962
1.94922
1.96094
1.96915
1.96094
1.96094
1.95938
1.96564
1.95743
1.95898
1.96729
1.98712
1.97382
1.97891
1.97891
1.98868
1.98868
2
2.00821
2.00156
2.01337
2.00381
2.02313
2.0332
2.02969
2.04767
2.07031
2.07187
2.07852
2.08984
2.09991
2.11133
2.11288
2.11133
2.13907
2.13553
2.12421
2.11288
2.11914
2.13907
2.15195
2.14874
2.17627
2.19766
2.21872
2.21051
2.19922
2.20935
2.21094
2.19104
2.18945
2.18945
2.20935
2.21094
2.21094
2.21094
2.19452
2.19962
2.19296
2.18164
2.18161
2.18161
2.18826
2.20123
2.2211
2.2211
2.26678
2.2551
2.26172
2.26328
2.26166
2.26135
2.27112
2.28751
2.29886
2.30704
2.33984
2.35974
2.35312
2.33163
2.34177
2.32187
2.31873
2.30859
2.30865
2.32031
2.32849
2.3367
2.32031
2.33829
2.34647
2.33984
2.35782
2.36914
2.38708
2.38867
2.41016
2.41992
2.4379
2.43945
2.44922
2.4426
2.42969
2.42969
2.41016
2.40198
2.40039
2.39218
2.40039
2.4086
2.42969
2.43945
2.43283
2.43945
2.44104
2.44955
2.43283
2.4379
2.44104
2.44608
2.46875
2.47034
2.46872
2.45898
2.47852
2.47031
2.45898
2.44922
2.45743
2.48672
2.50009
2.51834
2.52148
2.53946
2.54108
2.54141
2.52969
2.51016
2.51682
2.52148
2.51953
2.52771
2.54416
2.52463
2.53946
2.5426
2.53125
2.5379
2.53119
2.55875
2.55267
2.53275
2.53088
2.53284
2.5379
2.56873
2.5899
2.62466
2.64413
2.66525
2.65866
2.65079
2.66052
2.66211
2.66211
2.68005
2.67151
2.73923
2.49936
2.66547
2.56924
2.70929
2.68259
2.62576
2.63455
2.64468
2.64282
2.63855
2.63699
2.63538
2.62531
2.62241
2.61557
2.57806
2.57648
2.57486
2.59912
2.64807
2.65146
2.6745
2.65851
2.67615
2.70068
2.70898
2.70114
2.69632
2.69919
2.67648
2.66641
2.65854
2.65662
2.65695
2.65817
2.6683
2.68439
2.6879
2.71085
2.71405
2.71564
2.72229
2.73361
2.70767
2.7254
2.71875
2.7175
2.72537
2.71564
2.71399
2.70276
2.69611
2.68631
2.67493
2.68634
2.67499
2.66519
2.66522
2.67148
2.6929
2.69257
2.7121
2.73712
2.73706
2.76483
2.76328
2.75345
2.7496
2.75156
2.76144
2.76318
2.7547
2.76135
2.76642
2.78271
2.78241
2.7793
2.76797
2.73206
2.68155
2.68942
2.73358
2.77615
2.78751
2.7663
2.75311
2.75156
2.76331
2.83212
3.1041
3.37302
2.57465
2.68561
2.85736
2.89417
2.91162
2.90927
2.89166
2.88815
2.90442
2.92874
2.93378
2.91568
2.92709
2.922
2.94189
2.95438
2.97427
2.98718
2.97739
2.98874
2.9985
3.01807
3.01334
3.02148
3.05283
3.05276
3.05399
3.0621
3.06375
3.06406
3.05389
3.04581
3.03595
3.03436
3.01642
3.0162
3.01837
3.01682
3.03638
3.05115
3.0676
3.08514
3.09659
3.08047
3.07889
3.09338
3.0965
3.09647
3.08795
3.09653
3.10822
3.11795
3.11798
3.12772
3.14725
3.15857
3.15857
3.1488
3.12891
3.129
3.13092
3.12967
3.13596
3.16522
3.17346
3.18631
3.17624
3.17978
3.20313
3.17996
3.17966
3.19763
3.19101
3.2074
3.20743
3.22693
3.23831
3.23828
3.2579
3.24844
3.25159
3.25821
3.24179
3.23865
3.22067
3.21094
3.21759
3.22888
3.25674
3.28787
3.31717
3.34177
3.35974
3.36133
3.35782
3.34802
3.33826
3.32852
3.33679
3.32889
3.34021
3.35974
3.37936
3.39099
3.37927
3.40079
3.40701
3.40039
3.39023
3.39221
3.39413
3.371
3.34299
3.33167
3.34805
3.34802
3.3497
3.3418
3.3418
3.34998
3.35156
3.35156
3.35147
3.35934
3.38052
3.38086
3.38904
3.40039
3.41837
3.41992
3.43127
3.43945
3.42963
3.44571
3.46686
3.44922
3.45749
3.45306
3.46915
3.46094
3.4707
3.50006
3.51328
3.51837
3.51169
3.52966
3.53934
3.53757
3.53125
3.52969
3.53122
3.51163
3.5
3.5
3.51794
3.51138
3.5379
3.55078
3.57697
3.58005
3.58163
3.56174
3.55392
3.56247
3.57382
3.58203
3.59012
3.61923
3.64883
3.64886
3.66837
3.68985
3.68127
3.68787
3.68787
3.71716
3.72693
3.75006
3.77148
3.77148
3.79919
3.80392
3.80389
3.79602
3.80389
3.81876
3.80731
3.78275
3.78903
3.79883
3.78088
3.77771
3.77939
3.77969
3.77145
3.7598
3.75818
3.77463
3.78946
3.80743
3.8204
3.82733
3.83673
3.82703
3.82892
3.82697
3.8367
3.82187
3.83517
3.83826
3.83008
3.83984
3.83984
3.86133
3.85159
3.83167
3.83981
3.82852
3.83826
3.82187
3.8219
3.82187
3.81213
3.83203
3.83359
3.85818
3.85977
3.86142
3.88126
3.89883
3.90857
3.91995
3.93008
3.94141
3.93164
3.92188
3.93005
3.92184
3.91522
3.89572
3.89258
3.91055
3.89572
3.90237
3.92188
3.9285
3.95117
3.95117
3.96094
3.9707
3.96756
3.97073
3.96912
3.97891
3.97891
3.96252
3.95432
3.9707
3.97885
3.97852
3.9801
3.99649
4.01608
4.00003
3.99182
3.99179
3.98206
3.97537
3.96902
3.99023
3.99023
3.99182
4
4.00986
3.99377
4.00195
4.00189
3.99844
3.99023
3.99844
4.00159
4.01642
4.01956
4.02774
4.01288
4.02933
4.02933
4.04883
4.07199
4.064
4.07034
4.07852
4.07855
4.08829
4.08008
4.06839
4.06833
4.07809
4.08514
4.18677
3.91754
3.96918
4.10251
4.08417
4.02795
4.01682
4.0072
3.9993
4.00531
4.00922
4.03384
4.04047
4.05811
4.07803
4.0769
4.08505
4.07996
4.08624
4.0831
4.06357
4.07343
4.07172
4.05701
4.07846
4.091
4.09332
4.08826
4.0983
4.10739
4.09955
4.10428
4.07999
4.08322
4.10461
4.10583
4.11447
4.11282
4.10779
4.1062
4.10583
4.1062
4.12393
4.12766
4.15186
4.15311
4.17148
4.16327
4.155
4.14178
4.11603
4.121
4.10587
4.0961
4.09491
4.11279
4.10587
4.10623
4.11438
4.11407
4.11249
4.10306
4.10275
4.10779
4.10468
4.11475
4.12424
4.11447
4.12921
4.12234
4.14221
4.13397
4.14417
4.15228
4.16174
4.16174
4.16019
4.15039
4.10159
4.04102
4.0051
4.01331
4.06369
4.12442
4.15506
4.16638
4.1535
4.15549
4.16205
4.23364
4.42703
4.4292
3.76273
3.98032
4.20026
4.24347
4.26126
4.27371
4.27252
4.272
4.28809
4.30289
4.32245
4.34506
4.39432
4.41693
4.44193
4.47116
4.49545
4.49728
4.49692
4.51645
4.52936
4.5231
4.52966
4.56882
4.58484
4.60156
4.60007
4.62305
4.63437
4.63562
4.62421
4.65353
4.67154
4.67813
4.69617
4.6879
4.69452
4.70273
4.70749
4.71603
4.72733
4.7352
4.76331
4.77615
4.78757
4.79767
4.80392
4.81686
4.82852
4.84998
4.85974
4.85977
4.84802
4.83829
4.8367
4.8446
4.84494
4.85626
4.86603
4.88708
4.86914
4.86914
4.879
4.89883
4.90701
4.9379
4.96573
4.99689
5.00821
5.00821
5.00821
5.01794
5.00977
4.99023
5.01486
5.02771
5.04889
5.04102
5.04929
5.06091
5.06082
5.05035
5.05701
5.05701
5.05713
5.08826
5.08829
5.11603
5.11911
5.13708
5.16833
5.17969
5.19608
5.20743
5.19922
5.19763
5.19736
5.1962
5.20938
5.2027
5.21756
5.24063
5.2258
5.23083
5.23083
5.24533
5.26483
5.26138
5.25037
5.27658
5.28284
5.29102
5.31213
5.32693
5.36758
5.37891
5.39685
5.39026
5.40506
5.39999
5.38867
5.39023
5.37891
5.38556
5.38867
5.39685
5.41641
5.42148
5.41171
5.42813
5.42969
5.44922
5.44922
5.4574
5.46716
5.47693
5.46054
5.46881
5.47888
5.48865
5.48865
5.49841
5.52771
5.55701
5.55701
5.56836
5.59607
5.60748
5.6488
5.64063
5.63245
5.64059
5.63242
5.63596
5.63278
5.63083
5.67032
5.6781
5.70117
5.69949
5.72705
5.72064
5.72852
5.73007
5.72037
5.73868
5.74017
5.74335
5.72852
5.73672
5.75626
5.75781
5.75821
5.7793
5.79883
5.81998
5.83008
5.85779
5.86914
5.87732
5.86917
5.87265
5.87109
5.88089
5.88907
5.89063
5.90857
5.91843
5.92853
5.92343
5.93829
5.94958
5.95935
5.96091
5.96094
5.97076
5.98087
5.99063
5.99219
6.0101
6.00977
6.01135
5.99182
6.00156
5.98361
5.97888
6.01016
6.01132
6.05899
6.07031
6.07385
6.07227
6.07227
6.07693
6.05038
6.03906
6.04724
6.06052
6.09811
6.10312
6.15549
6.16833
6.16837
6.18634
6.21561
6.23047
6.22861
6.22888
6.25818
6.25977
6.24173
6.24814
6.25977
6.25159
6.23206
6.2207
6.23868
6.25354
6.25198
6.26013
6.27304
6.27969
6.29102
6.28943
6.27966
6.27148
6.28125
6.28281
6.28439
6.30237
6.31241
6.33167
6.35938
6.36301
6.38126
6.40079
6.40234
6.41055
6.42032
6.43985
6.43945
6.42813
6.41986
6.4082
6.41837
6.40198
6.41025
6.4136
6.41992
6.42151
6.4328
6.45117
6.44299
6.44308
6.43353
6.44965
6.43948
6.44608
6.44925
6.46057
6.46716
6.47849
6.5
6.49338
6.51797
6.5293
6.54062
6.56058
6.57031
6.57697
6.58008
6.59152
6.59021
6.5918
6.60977
6.61292
6.61133
6.63123
6.6539
6.75235
6.44751
6.41348
6.52045
6.45883
6.44324
6.42352
6.38797
6.38812
6.37357
6.35065
6.35568
6.34122
6.32797
6.30502
6.30344
6.28546
6.30344
6.31671
6.33167
6.32523
6.3331
6.33975
6.30545
6.3089
6.30353
6.3089
6.30856
6.32016
6.32184
6.32022
6.32843
6.32809
6.33005
6.32687
6.34299
6.33664
6.31516
6.31329
6.30383
6.29727
6.28592
6.26633
6.25311
6.27151
6.26483
6.26483
6.26163
6.27109
6.28241
6.27258
6.2742
6.27264
6.27423
6.26633
6.2449
6.23712
6.23547
6.24335
6.25314
6.23547
6.23358
6.23517
6.22726
6.2254
6.2254
6.22256
6.24179
6.24493
6.2453
6.23196
6.22186
6.22186
6.22382
6.23203
6.21405
6.24026
6.25977
6.28281
6.55325
6.79944
6.77405
6.56418
6.16312
6.08459
6.12216
6.03555
5.89053
5.66678
5.54968
5.70187
6.04883
6.18826
6.18115
6.14523
6.12735
6.14374
6.1503
6.19611
6.6413
6.19977
5.92136
6.24881
6.38919
6.43448
6.51001
6.56125
6.60226
6.62671
6.65445
6.6904
6.72281
6.74548
6.74893
6.80756
6.83533
6.87503
6.90869
6.95602
6.97781
7.00864
7.02975
7.04605
7.05905
7.07037
7.09998
7.13251
7.15042
7.16492
7.21103
7.23718
7.24374
7.27313
7.28479
7.32547
7.34338
7.35626
7.37579
7.39697
7.43674
7.46408
7.47693
7.495
7.49686
7.50662
7.51642
7.51642
7.51959
7.54764
7.5672
7.60626
7.61755
7.63553
7.66647
7.67667
7.67029
7.66873
7.69647
7.70584
7.7254
7.72858
7.77655
7.78595
7.77771
7.79736
7.80896
7.8367
7.83826
7.85938
7.86911
7.88864
7.87891
7.90506
7.91638
7.94608
7.98526
7.99033
8.0004
8.01013
8.01837
8.01013
8.02148
8.01013
8.0282
8.06091
8.07224
8.09842
8.09998
8.11951
8.13086
8.13904
8.16022
8.18008
8.19141
8.19296
8.20117
8.22928
8.25195
8.26169
8.27966
8.29919
8.31873
8.33826
8.33984
8.33826
8.33829
8.34802
8.3414
8.33829
8.3696
8.39102
8.40897
8.43005
8.44962
8.46094
8.46912
8.49841
8.50974
8.50818
8.52771
8.5571
8.56406
8.57068
8.57227
8.60001
8.5918
8.60156
8.60156
8.58984
8.60779
8.61755
8.61755
8.63708
8.65662
8.6781
8.69928
8.69135
8.68945
8.68945
8.67773
8.69571
8.69922
8.72867
8.76837
8.76163
8.8071
8.81863
8.83984
8.85977
8.866
8.86911
8.87897
8.89728
8.89685
8.90662
8.93161
8.94962
8.96249
8.95432
8.95432
8.96408
8.97226
8.98047
8.9902
9.0199
9.01981
9.02771
9.0293
9.03088
9.04892
9.0426
9.05237
9.05078
9.04092
9.04062
9.06677
9.08163
9.11093
9.13245
9.15393
9.17032
9.18164
9.18948
9.19766
9.19101
9.19922
9.20276
9.1832
9.1832
9.21759
9.23865
9.25665
9.27774
9.30704
9.31839
9.31992
9.31015
9.31055
9.31055
9.31052
9.31873
9.33829
9.34805
9.34964
9.36923
9.37268
9.3793
9.39258
9.40231
9.40234
9.41052
9.43005
9.43164
9.44141
9.45117
9.461
9.48083
9.51172
9.52151
9.52145
9.52811
9.55081
9.5625
9.58047
9.58203
9.59998
9.61292
9.59335
9.59998
9.60315
9.60315
9.58353
9.58362
9.59024
9.60156
9.59143
9.60779
9.61755
9.62735
9.64999
9.65546
9.67188
9.70123
9.72256
9.74017
9.75992
9.77188
9.76834
9.77148
9.77969
9.7699
9.793
9.79456
9.8042
9.80237
9.8219
9.80392
9.81055
9.81409
9.83203
9.84177
9.8418
9.83359
9.8418
9.86133
9.87463
9.90079
9.91214
9.94141
9.95276
9.96283
9.96249
9.95117
9.961
9.98087
9.9711
9.97888
9.9805
9.98041
9.97186
9.99026
10.0098
10.0031
9.99179
9.99023
9.99023
9.98709
10.0031
10.0258
10.0277
10.0558
10.0703
10.0621
10.0539
10.0606
10.0739
10.0723
10.0722
10.0887
10.0934
9.95697
10.2323
9.99188
10.0235
9.95926
9.93167
9.92044
9.85715
9.8486
9.81616
9.79163
9.75769
9.73468
9.73663
9.7388
9.74643
9.7464
9.75308
9.7644
9.74487
9.74329
9.72177
9.72217
9.71057
9.70111
9.69287
9.65189
9.64053
9.62073
9.59329
9.5882
9.55859
9.56363
9.54532
9.53589
9.52585
9.5148
9.48868
9.46753
9.46716
9.46594
9.44766
9.41006
9.40704
9.40698
9.40704
9.3793
9.39407
9.39569
9.38596
9.36444
9.34485
9.33322
9.31363
9.32187
9.33322
9.33157
9.3512
9.3544
9.34326
9.32492
9.31171
9.30392
9.27615
9.28119
9.29065
9.29218
9.29065
9.26447
9.27295
9.27264
9.26443
9.24335
9.23349
9.23514
9.23206
9.24533
9.23557
9.24524
9.25665
9.23547
9.24335
9.22537
9.23206
9.21249
9.20267
9.21057
9.21252
9.21252
9.21405
9.20432
9.19955
9.17462
9.14529
9.12421
9.11127
9.10471
9.10471
9.10315
9.11292
9.10312
9.12109
9.11487
9.11319
9.09338
9.08362
9.09338
9.10312
9.08514
9.07227
9.05585
9.04446
9.05078
9.02463
9.01321
9.03098
9.01483
9.00507
8.99219
8.99213
8.97229
8.96252
8.97229
8.98047
8.96243
8.97043
8.96439
8.96094
8.94452
8.94299
8.94141
8.94296
8.93317
8.9332
8.94296
8.95117
8.93973
8.93127
8.92966
8.91016
8.88242
8.87927
8.86093
8.8316
8.81055
8.81055
8.81876
8.82031
8.82227
8.82541
8.83359
8.80228
8.80038
8.78241
8.76132
8.75
8.72073
8.73865
8.73669
8.74841
8.76794
8.77109
8.78903
8.79068
8.79294
8.78476
8.7832
8.78976
8.7746
8.77148
8.76132
8.74335
8.74997
8.74374
8.74219
8.74219
8.73242
8.73047
8.73709
8.73868
8.71915
8.70938
8.70117
8.69141
8.67346
8.6781
8.67972
8.67813
8.6879
8.66992
8.64853
8.63086
8.60315
8.60001
8.59338
8.58203
8.60156
8.60977
8.60315
8.60156
8.5835
8.59143
8.58319
8.5719
8.57187
8.56213
8.5687
8.56683
8.55042
8.55078
8.52933
8.52774
8.53915
8.54105
8.5574
8.55081
8.54102
8.55899
8.55234
8.55081
8.54257
8.54453
8.53125
8.50507
8.49222
8.49063
8.4808
8.48871
8.47861
8.48871
8.49026
8.48868
8.48047
8.48047
8.49686
8.48047
8.4805
8.47696
8.46878
8.46875
8.4801
8.46054
8.43283
8.43127
8.42148
8.40854
8.37225
8.36761
8.38254
8.39105
8.39258
8.40237
8.38901
8.39847
8.39026
8.39023
8.37735
8.379
8.37933
8.37927
8.37112
8.37775
8.36447
8.35974
8.3367
8.32541
8.3125
8.30432
8.30118
8.30273
8.30933
8.32507
8.33011
8.3219
8.32031
8.31213
8.29102
8.28281
8.27307
8.26331
8.25195
8.25354
8.24222
8.24057
8.23206
8.24844
8.26797
8.26801
8.26953
8.26794
8.26956
8.27771
8.2793
8.27109
8.2793
8.27109
8.26291
8.26956
8.23358
8.24026
8.23047
8.23056
8.2308
8.21252
8.21097
8.2207
8.20432
8.20117
8.1832
8.19806
8.20779
8.21094
8.20938
8.21915
8.19455
8.19141
8.16681
8.13245
8.13086
8.11282
8.10938
8.11249
8.11096
8.1207
8.1207
8.1011
8.10938
8.10938
8.1012
8.09143
8.10941
8.10941
8.09961
8.10938
8.11755
8.11758
8.12732
8.1207
8.11758
8.1012
8.09152
8.07385
8.05585
8.04291
8.05237
8.06213
8.04251
8.05042
8.05859
8.04724
8.05859
8.04892
8.06876
8.06876
8.08832
8.08987
8.08011
8.08011
8.06213
8.05234
8.03946
8.02454
8.01291
7.99179
8
8.00974
8.00156
7.99182
7.98203
7.97229
7.9707
7.97229
7.97891
7.9805
7.98047
7.96252
7.96252
7.96915
7.9512
7.94296
7.93985
7.93826
7.92502
7.92188
7.91205
7.91171
7.91171
7.90353
7.90353
7.90039
7.88077
7.90829
7.91992
7.92178
7.92978
7.92191
7.92346
7.89413
7.8844
7.85663
7.84375
7.8418
7.82211
7.81836
7.81845
7.83008
7.83984
7.83987
7.85004
7.85977
7.85315
7.83362
7.84338
7.8418
7.83359
7.84024
7.84998
7.84998
7.83826
7.82654
7.8168
7.80859
7.78244
7.80704
7.79065
7.79416
7.77307
7.76486
7.75198
7.75354
7.74213
7.74023
7.71722
7.71719
7.71875
7.71884
7.7207
7.72891
7.73868
7.74023
7.73865
7.74844
7.74844
7.75
7.75006
7.73392
7.7207
7.71094
7.68478
7.71756
7.71094
7.70938
7.7305
7.73206
7.72891
7.72229
7.72229
7.72229
7.72888
7.71408
7.72067
7.69299
7.68164
7.67502
7.63583
7.64066
7.63089
7.63245
7.63242
7.62927
7.6488
7.64059
7.63397
7.63086
7.63089
7.63086
7.63086
7.63086
7.63907
7.63904
7.64218
7.63907
7.63245
7.63907
7.63712
7.63867
7.63712
7.62735
7.61914
7.62112
7.63254
7.62109
7.61292
7.61136
7.62109
7.61484
7.57376
7.5621
7.5621
7.57187
7.54257
7.54919
7.56912
7.58044
7.57498
7.58475
7.60941
7.61755
7.61914
7.60275
7.6012
7.59961
7.58163
7.57346
7.56213
7.56055
7.56213
7.56055
7.57031
7.57852
7.5719
7.5621
7.56055
7.56213
7.56049
7.56015
7.56018
7.54221
7.52112
7.50159
7.48206
7.46915
7.48868
7.49023
7.51013
7.51013
7.49374
7.50195
7.49374
7.48401
7.49219
7.50198
7.50351
7.49219
7.50037
7.49219
7.48398
7.47266
7.48087
7.48398
7.49063
7.50195
7.51016
7.51172
7.51172
7.50354
7.48361
7.4707
7.46252
7.45615
7.43475
7.43167
7.43167
7.43167
7.42502
7.44336
7.44141
7.44141
7.46289
7.46445
7.47928
7.46094
7.45935
7.45114
7.42151
7.4086
7.40036
7.40039
7.41016
7.41367
7.4202
7.43945
7.43945
7.42307
7.42148
7.43167
7.44968
7.45316
7.46289
7.46954
7.45468
7.45468
7.44135
7.41327
7.41019
7.41174
7.40198
7.38245
7.38245
7.3808
7.37891
7.38049
7.38049
7.41681
7.39999
7.39377
7.39063
7.38242
7.37424
7.35471
7.3551
7.3418
7.34183
7.34024
7.33011
7.35818
7.34143
7.33984
7.3121
7.28275
7.28085
7.2793
7.28912
7.28119
7.30899
7.32031
7.34811
7.3418
7.33197
7.32187
7.3121
7.32034
7.28751
7.25662
7.25195
7.24377
7.25034
7.24182
7.22891
7.25665
7.27112
7.25314
7.25
7.24997
7.26328
7.2551
7.24374
7.23401
7.24063
7.24063
7.25858
7.25354
7.24023
7.23868
7.25
7.22382
7.19287
7.19766
7.19104
7.19922
7.19104
7.19766
7.20743
7.21875
7.21875
7.21884
7.22073
7.22073
7.21912
7.21915
7.21918
7.23868
7.23669
7.23007
7.22031
7.22226
7.19452
7.20114
7.18314
7.18945
7.18124
7.18124
7.18945
7.19763
7.19101
7.17307
7.16992
7.16016
7.16019
7.17151
7.17148
7.17969
7.18127
7.18158
7.17148
7.17151
7.17813
7.17969
7.19763
7.20743
7.20898
7.20898
7.20236
7.18945
7.17307
7.16174
7.16016
7.16837
7.15701
7.1586
7.16016
7.15198
7.15198
7.14221
7.16174
7.16992
7.18787
7.20935
7.21249
7.21912
7.21716
7.20074
7.17969
7.15195
7.14883
7.134
7.12894
7.14218
7.1637
7.15393
7.13437
7.13281
7.15231
7.15076
7.12106
7.11447
7.12265
7.11133
7.11133
7.11133
7.10315
7.10355
7.1019
7.10159
7.09338
7.10156
7.08514
7.08203
7.07031
7.08008
7.08167
7.08008
7.0719
7.08984
7.09338
7.0918
7.08203
7.09335
7.08359
7.06406
7.07227
7.07571
7.07382
7.07227
7.06406
7.06406
7.07068
7.08047
7.07385
7.08047
7.08047
7.06055
7.06876
7.08826
7.08176
7.08044
7.07385
7.0918
7.08194
7.064
7.06876
7.08167
7.08163
7.07343
7.0719
7.08167
7.08163
7.08008
7.0719
7.08011
7.06213
7.06055
7.05225
7.05042
7.03903
7.04724
7.06021
7.07031
7.06055
7.05075
7.0426
7.05078
7.0394
7.03085
7.04727
7.05194
7.04883
7.05038
7.05042
7.04062
7.05078
7.04568
7.04065
7.0293
7.02933
7.01953
7.01953
7.01135
7.00314
6.99179
7.00354
7.00351
7.00189
6.98196
6.99023
6.98203
6.9707
6.96054
6.94101
6.93127
6.93124
6.93127
6.93124
6.95117
6.95276
6.96249
6.97891
6.98047
6.98047
6.97073
6.98868
6.99182
6.99023
7
6.99338
6.99533