0.238281
1.61E-01
1.17E-01
0.115967
0.0863037
0.109375
0.130737
0.146973
7.80E-02
0.0211182
0.123108
-0.0302734
-0.0421753
0.0508423
6.87E-02
0.0898438
-0.0841064
0.0316162
-9.39E-02
5.62E-02
-0.223511
-0.0465698
-0.188477
-0.0631104
-0.0441284
-1.95E-02
-1.65E-03
0.0109863
-8.30E-03
-1.17E-02
-6.59E-03
3.11E-03
-3.17E-03
-0.0230713
-0.0358887
-3.59E-02
-3.72E-02
-1.59E-03
1.22E-03
-8.30E-03
1.59E-03
-0.0196533
7.93E-03
0.00E+00
6.59E-03
0.0179443
0.0113525
1.59E-03
0.0211182
1.16E-02
1.29E-02
3.17E-03
-4.64E-03
1.17E-02
-6.59E-03
0.0113525
0.0214233
1.26E-02
1.17E-02
1.14E-02
-3.54E-03
-6.23E-03
-4.70E-03
6.59E-03
-3.54E-03
-3.28E-02
-1.11E-01
-1.46E-01
-5.69E-02
-1.48E-02
-1.29E-02
1.22E-04
3.42E-03
0.00E+00
1.59E-03
2.81E-02
0.0652466
1.46863
-0.0183105
-0.332886
-0.365601
-1.66431
0.783325
-2.12024
0.80835
0.485474
0.390137
0.392334
0.420288
0.447754
0.451294
0.445007
0.477417
0.508606
0.519653
0.550842
0.546143
0.590332
0.627747
6.78E-01
0.717285
0.733643
0.746887
0.755066
0.753113
0.754761
0.741821
0.735229
0.70752
0.70459
0.705933
0.710938
0.732056
0.744995
0.746582
0.763306
0.74646
0.756592
0.766479
0.785889
0.785889
0.799194
0.816895
0.828491
0.826904
8.20E-01
8.19E-01
0.818848
0.837097
0.846436
0.866028
0.867676
0.877747
0.915222
0.932861
0.947754
0.952759
0.969116
0.969055
0.967163
0.968872
0.957397
0.949219
0.949585
0.975464
0.977295
0.985229
1.00507
1.0047
1.01611
1.02814
1.03943
1.03906
1.04E+00
1.04565
1.05865
1.07892
1.08826
1.09961
1.09338
1.09143
1.08826
1.10974
1.11755
1.12891
1.13751
1.13867
1.13904
1.13873
1.13904
1.13245
1.13086
1.13745
1.15503
1.17975
1.19604
1.21558
1.21881
1.20935
1.20776
1.19763
1.20898
1.20898
1.21252
1.22888
1.22852
1.23169
1.22229
1.23712
1.25665
1.26953
1.2876
1.30737
1.30042
1.28247
1.28748
1.28125
1.29736
1.32532
1.34778
1.36914
1.37268
1.37103
1.36414
1.3714
1.3855
1.38403
1.38904
1.39722
1.40009
1.38898
1.38208
1.38904
1.40857
1.42188
1.4281
1.43323
1.42151
1.42151
1.43152
1.43762
1.45117
1.44952
1.46375
1.47888
1.4754
1.4801
1.48212
1.47253
1.49023
1.5
1.49805
1.5
1.5
1.50977
1.50818
1.52466
1.54736
1.57544
1.5871
1.58826
1.5719
1.55237
1.54089
1.53442
1.53937
1.55713
1.5968
1.62708
1.6488
1.66327
1.68152
1.69263
1.68933
1.69104
1.67303
1.66992
1.66992
1.65857
1.68799
1.70929
1.71875
1.75006
1.74878
1.76794
1.77112
1.77966
1.78088
1.77112
1.77295
1.76135
1.77588
1.77136
1.75317
1.76794
1.78589
1.79071
1.80737
1.82312
1.83826
1.83984
1.84961
1.84961
1.85156
1.8512
1.86096
1.86755
1.88751
1.8988
1.93286
1.96411
1.98059
2.005
1.98987
2.00012
2.01166
2.01135
2.01135
1.99841
1.99805
2.01135
2.00317
2.00037
2.00977
2.04114
2.04089
2.04724
2.06018
2.05933
2.04419
2.03912
2.05737
2.07031
2.09149
2.11792
2.13867
2.1438
2.12616
2.13123
2.13245
2.13086
2.11914
2.12073
2.13086
2.1308
2.13708
2.16333
2.17969
2.1781
2.17114
2.17969
2.20111
2.19763
2.21375
2.23047
2.25037
2.26953
2.26642
2.28247
2.28284
2.28943
2.2796
2.2793
2.2793
2.30078
2.29413
2.30237
2.3222
2.33325
2.31366
2.33673
2.35938
2.3808
2.38049
2.38208
2.38245
2.39056
2.39221
2.40198
2.41174
2.42151
2.44604
2.45044
2.43127
2.43945
2.46094
2.46906
2.47852
2.48828
2.5
2.50818
2.50977
2.52118
2.51331
2.51331
2.52148
2.53937
2.55042
2.56219
2.59021
2.57538
2.5835
2.55396
3.58423
1.85577
2.22803
2.05432
2.27539
2.28894
2.27112
2.27612
2.20898
2.37946
2.15894
1.99487
2.07672
1.901
2.3158
2.06042
2.08844
2.19153
2.22388
2.50415
1.77136
2.43176
2.31262
2.73016
1.80157
2.31799
2.29407
2.43884
2.43469
2.43945
2.43945
2.45435
2.46729
2.46912
2.47668
2.47736
2.45898
2.45081
2.42969
2.42151
2.42175
2.42273
2.42029
2.41833
2.4137
2.41681
2.41992
2.42651
2.41174
2.41522
2.42468
2.43665
2.44421
2.44452
2.44934
2.4574
2.45935
2.48047
2.4707
2.46057
2.48865
2.47852
2.47888
2.48047
2.49841
2.50159
2.57391
2.65552
2.66522
2.50092
2.36047
2.48291
2.56262
2.59845
2.61725
2.63397
2.63721
2.62769
2.62891
2.6958
2.45984
2.28381
2.50464
2.60364
2.64227
2.64532
2.64728
2.64374
2.65674
2.88501
3.47546
1.30029
3.14374
3.073
3.07062
3.06531
3.11139
3.14075
3.1394
3.13556
3.17468
3.20117
3.24188
3.26337
3.27307
3.29266
3.30396
3.33862
3.38062
3.396
3.38202
3.38245
3.38086
3.38708
3.40869
3.43359
3.43787
3.45276
3.45435
3.47382
3.47388
3.51306
3.5199
3.52618
3.54102
3.5426
3.5426
3.55896
3.57196
3.59802
3.60156
3.57343
3.59021
3.57849
3.56836
3.58484
3.60156
3.62579
3.63086
3.66016
3.67151
3.71606
3.74683
3.76636
3.78125
3.76135
3.75159
3.74023
3.75659
3.76959
3.76794
3.80713
3.81244
3.82031
3.83826
3.85278
3.86945
3.86133
3.87079
3.89258
3.89722
3.9231
3.93628
3.97534
3.995
3.99878
3.99969
4.02771
4.04919
4.06836
4.08167
4.0835
4.07153
4.07031
4.06866
4.07196
4.06714
4.07825
4.08044
4.08826
4.09802
4.11768
4.12769
4.12079
4.13898
4.15204
4.1698
4.19922
4.21875
4.25159
4.26953
4.26953
4.2644
4.26453
4.255
4.26135
4.29572
4.32031
4.32343
4.34497
4.34296
4.34143
4.34967
4.37305
4.37573
4.39722
4.41522
4.43958
4.42957
4.42468
4.41357
4.42151
4.40002
4.41833
4.41479
4.40851
4.43134
4.43976
4.45087
4.46753
4.49683
4.52783
4.56238
4.57666
4.59961
4.62109
4.65039
4.66174
4.68005
4.69299
4.69922
4.72388
4.73706
4.76611
4.7793
4.79248
4.81024
4.83008
4.84802
4.85583
4.88873
4.8988
4.91833
4.93127
4.91486
4.91205
4.92157
4.93982
4.93628
4.94733
4.97382
5.00818
5.03912
5.04919
5.04065
5.05048
5.04443
5.04919
5.04065
5.04883
5.05237
5.06055
5.05896
5.07031
5.07031
5.08826
5.09961
5.12073
5.13275
5.1488
5.15356
5.17651
5.17151
5.17969
5.17151
5.17151
5.18982
5.19299
5.21912
5.24683
5.26794
5.28748
5.30542
5.3219
5.34338
5.34998
5.34174
5.33948
5.35596
5.35938
5.36597
5.37732
5.40039
5.41016
5.43481
5.45117
5.46906
5.47192
5.47388
5.51013
5.52808
5.52142
5.53241
5.54065
5.56372
5.56396
5.5719
5.58008
5.58826
5.60626
5.61755
5.63873
5.65698
5.68628
5.70935
5.71216
5.73047
5.73047
5.72229
5.74017
5.73987
5.75977
5.76288
5.79724
5.80042
5.80872
5.80078
5.78937
5.78906
5.78906
5.79883
5.82819
5.83002
5.84961
5.87927
5.89063
5.89227
5.89417
5.92188
5.91052
5.92029
5.92969
5.93286
5.91992
5.91998
5.91357
5.94141
5.92969
5.92346
5.93164
5.93475
5.94141
5.94141
5.96094
5.97882
6.01764
6.03088
6.05389
6.06055
6.08362
6.0722
6.07343
6.08008
6.07849
6.09143
6.09961
6.11755
6.14063
6.15198
6.17969
6.19922
6.22034
6.24219
6.26837
6.28125
6.28906
6.29218
6.29883
6.29053
6.29413
6.3219
6.33167
6.33984
6.35938
6.38708
6.38867
6.38879
6.40857
6.41833
6.42615
6.42786
7.32605
5.77124
6.15613
6.03455
6.28119
6.24487
6.21252
6.17969
6.12573
6.39288
6.07996
5.91284
6.00403
5.90454
6.35321
5.99493
5.96094
6.0177
6.10358
6.521
5.53003
6.17072
6.07385
6.53802
5.75098
6.35474
6.09015
6.23468
6.23352
6.20398
6.21594
6.21716
6.20905
6.21912
6.21912
6.20929
6.21216
6.23865
6.25159
6.25854
6.26099
6.26172
6.26788
6.245
6.24683
6.2301
6.21375
6.21906
6.21057
6.19922
6.21094
6.22852
6.23047
6.24487
6.26807
6.25977
6.25659
6.25354
6.25659
6.24646
6.24805
6.27112
6.25311
6.24365
6.25311
6.23865
6.27148
6.32495
6.37891
6.19043
6.00891
6.13965
6.26697
6.27618
6.26953
6.25977
6.24841
6.25671
6.28943
6.3089
6.05743
5.98975
6.19055
6.25867
6.25781
6.24036
6.22888
6.21558
6.20593
6.46039
7.2356
4.81665
6.75085
6.66937
6.69604
6.73035
6.7677
6.79724
6.82343
6.85791
6.86603
6.88721
6.92377
6.9364
6.94452
6.94604
6.97351
6.97382
6.99536
7.01483
7.03601
7.05591
7.06409
7.06677
7.07697
7.0863
7.10449
7.13403
7.15704
7.19458
7.22546
7.23712
7.26489
7.27466
7.27423
7.27942
7.31531
7.33868
7.37579
7.38086
7.38904
7.40704
7.41681
7.4165
7.43475
7.44611
7.44611
7.46411
7.48511
7.48706
7.49658
7.53436
7.55737
7.57654
7.58014
7.58826
7.60468
7.61597
7.62744
7.63751
7.64569
7.65704
7.67657
7.68604
7.68628
7.73358
7.7403
7.76483
7.77966
7.78601
7.78943
7.80237
7.83362
7.86255
7.90393
7.92456
7.95593
7.96875
7.96912
7.97235
7.9953
8.02661
8.04565
8.06519
8.08997
8.10303
8.10754
8.10974
8.11102
8.11633
8.10938
8.14697
8.17853
8.20435
8.23547
8.26648
8.26953
8.28601
8.31396
8.32825
8.33673
8.33673
8.34802
8.3465
8.33954
8.35822
8.38751
8.40869
8.41516
8.43799
8.46753
8.49658
8.49878
8.51965
8.54761
8.56842
8.56873
8.57843
8.60437
8.62122
8.60968
8.62744
8.6554
8.6731
8.67493
8.67462
8.69409
8.70386
8.70081
8.729
8.73901
8.7583
8.78595
8.79572
8.81873
8.82849
8.84448
8.8692
8.88904
8.91992
8.94141
8.96094
8.95935
8.96912
8.98877
8.98859
9.00989
9.0116
9.01135
9.04102
9.0426
9.06055
9.07819
9.09521
9.09961
9.10944
9.13751
9.15662
9.16992
9.17969
9.20587
9.20898
9.21875
9.21057
9.21716
9.2301
9.23047
9.23712
9.24182
9.26611
9.2699
9.28748
9.28088
9.31714
9.3382
9.34772
9.36951
9.39893
9.41211
9.43164
9.44958
9.45935
9.47034
9.49182
9.5199
9.52112
9.52271
9.53748
9.55859
9.55042
9.55042
9.56873
9.58826
9.59961
9.61914
9.6485
9.66016
9.68823
9.71716
9.72852
9.72034
9.73987
9.76831
9.76294
9.77771
9.77271
9.79761
9.79919
9.80701
9.81842
9.8219
9.81244
9.82849
9.84967
9.86292
9.87927
9.88708
9.91998
9.92346
9.93323
9.94958
9.96094
9.99023
9.98859
9.98987
9.99805
10.0012
10.0117
10.0378
10.0687
10.1078
10.1191
10.1305
10.1422
10.134
10.1163
10.1309
10.1504
10.1535
10.1602
10.191
10.209
10.2323
10.2418
10.2711
10.2633
10.2617
10.2633
10.2797
10.2992
10.3007
10.3102
10.3317
10.3333
10.353
10.3445
10.3707
10.3923
10.4137
10.4301
10.4531
10.4727
10.4905
10.5195
10.5313
10.5426
10.541
10.5391
10.557
10.5782
10.5934
10.5918
10.623
10.6312
10.6602
10.6797
10.6715
10.6781
10.673
10.6715
10.6667
10.6583
10.6781
10.6797
10.6895
10.7074
10.7285
10.7121
10.7352
10.7269
10.7388
10.7551
10.7762
10.7972
10.827
10.8512
10.8512
10.861
10.8629
10.8616
10.861
11.8965
10.2406
10.5997
10.43
10.7419
10.8203
10.8024
10.7495
10.6417
10.9221
10.565
10.3578
10.4678
10.2274
10.9328
10.5897
10.3721
10.4349
10.5446
10.6211
10.1896
10.5858
10.5729
10.5719
10.437
10.4395
10.5432
10.6195
10.593
10.5797
10.5883
10.5966
10.5883
10.5804
10.5801
10.5508
10.5492
10.5524
10.559
10.5734
10.5735
10.5801
10.5785
10.5621
10.5587
10.5428
10.5472
10.5426
10.5339
10.5245
10.5309
10.5309
10.5296
10.5195
10.5144
10.5083
10.5179
10.5179
10.5
10.5164
10.5195
10.5
10.4801
10.4871
10.4836
10.4606
10.5181
10.5426
10.5538
10.3029
10.2301
10.4388
10.5494
10.5672
10.5684
10.5524
10.5574
10.5685
10.5901
10.5205
10.2896
10.3485
10.5714
10.5915
10.5508
10.5555
10.5476
10.5212
10.5098
10.6888
11.4443
9.19019
10.9475
10.8732
10.9246
10.9867
11.0641
11.1345
11.2012
11.2094
11.2516
11.2841
11.3187
11.3528
11.3824
11.4052
11.443
11.4543
11.5013
11.5511
11.5934
11.6176
11.634
11.6505
11.6769
11.7109
11.7532
11.7746
11.7961
11.8267
11.8254
11.8547
11.866
11.866
11.8837
11.9036
11.963
11.9922
12.0313
12.0618
12.0981
12.1243
12.1472
12.1735
12.1926
12.1816
12.1863
12.1781
12.196
12.2008
12.229
12.2402
12.2766
12.3091
12.3171
12.3289
12.3546
12.4016
12.4167
12.4426
12.4755
12.4753
12.4868
12.4902
12.4902
12.4984
12.5164
12.5261
12.5309
12.5377
12.5461
12.5558
12.5851
12.6094
12.6277
12.6536
12.675
12.6863
12.6763
12.6981
12.7106
12.7109
12.7289
12.7434
12.7679
12.7859
12.7993
12.8171
12.8087
12.8172
12.8121
12.8367
12.8398
12.8613
12.8773
12.8984
12.902
12.9285
12.9395
12.9492
12.9591
12.9875
13.0114
13.0375
13.059
13.0734
13.0723
13.0965
13.098
13.1176
13.118
13.1223
13.1226
13.155
13.1798
13.1882
13.2075
13.2336
13.25
13.2582
13.2695
13.2828
13.3004
13.2906
13.2894
13.3007
13.3102
13.3203
13.3301
13.3512
13.3597
13.3708
13.3875
13.3922
13.3922
13.3824
13.3793
13.3789
13.4036
13.425
13.4398
13.4707
13.4934
13.5116
13.5215
13.5394
13.5391
13.5488
13.5587
13.559
13.5586
13.5621
13.5801
13.6012
13.6031
13.6031
13.6012
13.616
13.6226
13.6141
13.6046
13.6125
13.6422
13.6421
13.65
13.6793
13.6781
13.691
13.6946
13.7207
13.7223
13.7516
13.7746
13.7844
13.7894
13.7941
13.8137
13.8317
13.8398
13.8417
13.8707
13.8805
13.8805
13.9083
13.9218
13.9246
13.9199
13.9331
13.9344
13.9331
13.9379
13.9609
13.9528
13.9707
13.9886
13.9918
14.0015
13.9914
13.9899
13.9997
13.9952
14.0016
14.0004
14.0297
14.0394
14.0488
14.0668
14.0715
14.1097
14.1046
14.111
14.1108
14.1289
14.114
14.1042
14.0996
14.116
14.1324
14.1323
14.1321
14.1305
14.1206
14.1305
14.1188
14.1227
14.1309
14.1425
14.1683
14.1879
14.1926
14.1996
14.2207
14.2207
14.2141
14.2222
14.2203
14.2238
14.2141
14.214
14.2106
14.2121
14.234
14.2405
14.2321
14.2321
14.2598
14.2711
14.2629
14.2351
14.25
14.2581
14.2594
14.2595
14.2679
14.2992
14.3187
14.3219
14.33
14.3184
14.338
14.3578
14.3707
14.3988
14.4117
14.4117
14.4313
14.423
14.4316
14.4414
14.4609
14.4691
14.4902
14.4918
14.4785
14.5
14.5016
14.4933
14.4984
14.5082
14.5062
14.5097
14.5078
14.5079
14.505
14.4836
14.4806
14.4824
14.502
14.5018
14.5179
14.5392
14.5703
14.582
14.5624
14.5703
14.5719
14.5539
14.5524
14.5441
14.5461
14.5507
15.9788
13.5986
14.2812
14.0172
14.25
14.2875
14.2745
14.2024
14.1813
14.524
14.2715
13.9604
14.0873
13.8876
14.3525
14.1324
13.9623
14.0706
14.3953
14.0609
13.8871
14.3159
14.5446
14.191
14.1566
14.0812
14.1312
14.2666
14.2632
14.2433
14.2136
14.2075
14.2176
14.2271
14.2277
14.2188
14.1926
14.1813
14.1746
14.1718
14.1813
14.1794
14.1882
14.2039
14.1993
14.1992
14.1813
14.1731
14.1536
14.1261
14.1355
14.1211
14.1257
14.1403
14.1293
14.1292
14.134
14.1324
14.1113
14.1191
14.1227
14.1027
14.0801
14.1063
14.1309
14.1552
14.2063
14.2634
14.2023
13.9158
13.7757
13.965
14.0657
14.1144
14.1125
14.1261
14.147
14.1685
14.1769
15.1881
16.9686
16.4954
14.7824
14.1987
14.0989
14.0795
14.101
13.9102
10.9011
9.78571
12.1824
13.9493
14.3014
14.3813
14.3923
14.3727
14.3466
14.353
15.2981
11.8333
15.7417
14.6843
14.6221
14.6125
14.6242
14.6273
14.6719
14.704
14.7352
14.7719
14.7911
14.8024
14.8384
14.8499
14.879
14.9188
14.9318
14.9238
14.9183
14.8954
14.8922
14.9017
14.9207
14.9399
14.9594
14.9657
14.9656
14.9524
14.9661
14.9856
15.002
15.0129
15.0231
15.0426
15.054
15.054
15.0867
15.0751
15.0641
15.0457
15.0458
15.0539
15.0378
15.0555
15.0554
15.0656
15.0765
15.0704
15.0949
15.1179
15.1161
15.1422
15.1571
15.157
15.1652
15.1667
15.1829
15.1801
15.1766
15.1781
15.17
15.1586
15.1558
15.1567
15.1469
15.131
15.1456
15.1289
15.1387
15.1458
15.1669
15.1816
15.2025
15.1863
15.1864
15.1699
15.1586
15.1586
15.188
15.1879
15.2094
15.2156
15.2274
15.2306
15.2175
15.2204
15.2456
15.2482
15.25
15.2684
15.2875
15.2809
15.2793
15.2875
15.2972
15.3024
15.2894
15.3074
15.3087
15.3367
15.3478
15.3613
15.3496
15.3677
15.3679
15.3693
15.3777
15.3708
15.3773
15.3613
15.3777
15.3676
15.366
15.3757
15.379
15.3675
15.3789
15.4016
15.3905
15.3824
15.3887
15.371
15.3693
15.3562
15.3594
15.3723
15.3793
15.3969
15.402
15.402
15.4089
15.4102
15.4032
15.412
15.4133
15.4379
15.441
15.4414
15.4235
15.4332
15.4281
15.4278
15.4313
15.4316
15.4313
15.4426
15.4429
15.443
15.443
15.4492
15.4656
15.454
15.4707
15.4773
15.4996
15.5199
15.5394
15.5493
15.5707
15.5621
15.5637
15.5621
15.5542
15.5422
15.5504
15.5242
15.511
15.5145
15.5112
15.5208
15.5211
15.5328
15.5312
15.5406
15.5226
15.5144
15.5309
15.5428
15.5426
15.5359
15.554
15.5507
15.554
15.5539
15.5522
15.5617
15.5504
15.5519
15.5422
15.5441
15.552
15.5715
15.5719
15.5901
15.6094
15.6309
15.6242
15.6227
15.6406
15.6633
15.6437
15.621
15.6191
15.6207
15.6043
15.5933
15.6027
15.5945
15.6125
15.6226
15.6191
15.6207
15.6324
15.6438
15.6245
15.6309
15.6356
15.6539
15.6636
15.6715
15.6699
15.6632
15.6501
15.6437
15.6422
15.652
15.6554
15.6633
15.6534
15.6551
15.6469
15.6421
15.6422
15.6535
15.6504
15.6324
15.652
15.6602
15.6437
15.6422
15.6538
15.6504
15.6766
15.6797
15.6895
15.7094
15.7043
15.7141
15.696
15.6831
15.673
15.6715
15.6699
15.673
15.6813
15.6832
15.6831
15.6746
15.6699
15.6715
15.6781
15.6976
15.6992
15.7289
15.7336
15.7336
15.7175
15.7241
15.7026
15.6664
15.6797
15.6715
15.673
15.6699
15.6895
15.7109
15.7028
15.7094
15.7109
15.6945
15.6746
15.6617
15.675
15.675
15.6652
15.6781
15.7008
15.7026
15.7008
15.7008
15.7188
15.7121
15.7008
15.7219
15.7241
15.7321
15.714
15.7106
15.7242
15.9244
16.1642
15.099
15.4261
15.3727
15.3281
15.3008
15.3074
15.3169
15.3105
15.3024
15.309
15.2922
15.2812
15.2711
15.2922
15.2812
15.2809
15.2992
15.3024
15.2809
15.2875
15.2747
15.2648
15.2453
15.2617
15.2813
15.2894
15.2797
15.2668
15.2664
15.2679
15.2582
15.2402
15.2207
15.2125
15.2125
15.2009
15.2078
15.2188
15.2301
15.2598
15.2614
15.2616
15.2598
15.2598
15.2418
15.2125
15.2109
15.196
15.1733
15.1716
15.1719
15.162
15.16
15.1877
15.1914
15.2094
15.221
15.2305
15.2223
15.2203
15.2269
15.2203
15.2008
15.2172
15.2271
15.2176
15.2011
15.1976
15.1813
15.1637
15.1359
15.1147
15.1227
15.1129
15.1293
15.121
15.1094
15.1192
15.1242
15.1324
15.1309
15.1426
15.1605
15.1785
15.1797
15.1797
15.1816
15.1719
15.1735
15.1637
15.1523
15.1488
15.1422
15.1406
15.1309
15.139
15.139
15.139
15.1289
15.1207
15.1113
15.1125
15.1047
15.103
15.0815
15.0895
15.093
15.0996
15.1016
15.1097
15.1129
15.1375
15.1309
15.1375
15.152
15.1749
15.1859
15.168
15.15
15.1438
15.141
15.1308
15.1012
15.1176
15.1176
15.1273
15.1243
15.139
15.1504
15.1323
15.1387
15.1407
15.139
15.1422
15.1194
15.1191
15.1094
15.0914
15.0914
15.0782
15.087
15.098
15.1079
15.1012
15.1097
15.1031
15.0815
15.0833
15.0735
15.0801
15.0524
15.0668
15.0703
15.0605
15.0492
15.0391
15.0211
15.0082
15.0195
15.0195
15.0016
15.0016
15.0195
15.0293
15.0098
15.0179
15.0376
15.0492
15.0511
15.0508
15.0524
15.0422
15.0227
15.0277
15.0179
15.0129
15.0215
15.0313
15.0215
15.0492
15.0605
15.0508
15.0574
15.0719
15.0609
15.0422
15.0309
15.0309
15.0231
15.0215
15.0313
15.0313
15.0328
15.041
15.0394
15.0444
15.0426
15.0344
15.0144
15.0031
15.0133
15.0313
15.0394
15.0309
15.0492
15.0426
15.0246
15.0133
15.0035
15.0117
15.0231
15.0394
15.0195
15.0179
14.9999
14.9965
14.9981
15.0082
15.0133
15.0508
15.0605
15.0605
15.0457
15.0428
15.0472
15.0391
15.0391
15.0211
15.0195
14.9934
14.9625
14.951
14.9508
14.959
14.9691
14.9789
14.9707
14.9984
14.9902
14.9904
14.984
14.9741
14.9886
14.9902
14.9902
14.9902
15
14.998
14.9867
14.9723
14.9723
14.9608
14.9492
14.9591
14.9707
14.9707
14.9707
14.9789
14.9805
14.9609
14.9707
14.959
14.959
14.9476
14.959
14.9703
14.9508
14.943
14.9414
14.9332
14.9152
14.9202
14.9395
14.9606
14.9703
14.9867
14.9965
14.9867
14.9965
14.9884
14.9805
14.9789
14.9918
15.0016
14.9984
14.9918
14.9984
14.9901
14.9883
14.9801
14.9785
14.9621
14.9426
14.9492
14.9606
14.9609
14.9609
14.9511
14.959
14.941
14.9297
14.9332
14.9414
14.9316
14.9332
14.9332
14.9414
14.9332
14.9219
14.9398
14.9332
14.9316
14.9414
14.9316
14.9219
14.9414
14.9496
14.943
14.9578
14.9789
14.9918
14.9902
15
15
14.9641
14.9429
14.9313
14.9297
14.9215
14.9117
14.9281
14.9513
14.9613
14.9594
14.9512
14.9691
14.9707
14.9609
14.9593
14.9621
14.9621
14.9539
14.9574
14.9574
14.9508
14.9476
14.9559
14.9739
14.9508
14.9492
14.9457
14.9328
14.9297
14.9035
14.9215
14.9117
14.9215
14.9313
14.9133
14.9137
14.9121
14.9022
14.9001
14.9004
14.902
14.902
14.9004
14.8922
14.8839
14.8512
14.8398
14.8465
14.8512
14.8677
14.8695
14.8777
14.8727
14.8613
14.8531
14.8514
14.8414
14.8496
14.8496
14.861
14.8578
14.861
14.8496
14.8512
14.8398
14.8398
14.8563
14.8676
14.8789
14.8856
14.8906
14.8809
14.8594
14.8512
14.8398
14.8496
14.8594
14.8691
14.8906
14.9004
14.9086
14.8973
14.8906
14.8809
14.8711
14.8644
14.8695
14.8742
14.9086
14.902
14.9085
14.8918
14.8953
14.866
14.8496
14.8512
14.848
14.8773
14.8938
14.918
14.918
14.9414
14.9594
14.9691
14.9609
14.9476
14.941
14.9215
14.902
14.9102
14.8937
14.8906
14.8809
14.889
14.8824
14.8824
14.8906
14.8809
14.8906
14.9102
14.9183
14.9199
14.9332
14.9348
14.9136
14.9117
14.9199
14.902
14.9005
14.9023
14.9023
14.909
14.9004
14.8922
14.871
14.8563
14.8414
14.8563
14.8496
14.8657
14.8594
14.8676
14.866
14.8594
14.8496
14.8317
14.8285
14.8398
14.8301
14.8317
14.8234
14.8121
14.8187
14.8105
14.8008
14.8187
14.809
14.8074
14.809
14.7926
14.7828
14.7894
14.7974
14.8024
14.8203
14.8301
14.827
14.8317
14.8301
14.8418
14.8156
14.8026
14.8039
14.791
14.8203
14.8301
14.8496
14.8691
14.8625
14.8691
14.8593
14.8328
14.8348
14.8395
14.8445
14.8297
14.8363
14.8461
14.8508
14.8594
14.8514
14.8512
14.8676
14.861
14.8558
14.841
14.8496
14.8363
14.8379
14.8117
14.8086
14.7988
14.7726
14.7596
14.7497
14.75
14.7305
14.7551
14.7681
14.7797
14.7977
14.8105
14.8418
14.8219
14.8418
14.8613
14.8629
14.8629
14.8418
14.8237
14.8219
14.8086
14.7987
14.7953
14.8066
14.8184
14.8298
14.8203
14.8465
14.8579
14.866
14.861
14.8578
14.8496
14.8332
14.8336
14.814
14.8302
14.8319
14.8203
14.8204
14.8304
14.814
14.8204
14.8448
14.8477
14.8477
14.8379
14.8184
14.8184
14.802
14.7812
14.7726
14.7813
14.7729
14.7793
14.7809
14.7629
14.7762
14.8055
14.7906
14.7777
14.8072
14.8093
14.791
14.7614
14.7681
14.7777
14.7695
14.7715
14.7797
14.791
14.7828
14.7534
14.7305
14.7207
14.7008
14.6828
14.6617
14.6586
14.6797
14.6813
14.6797
14.6797
14.6898
14.7028
14.7207
14.7206
14.7106
14.709
14.7188
14.6926
14.6976
14.691
14.6895
14.691
14.691
14.6895
14.673
14.6781
14.691
14.6895
14.6879
14.691
14.6895
14.6813
14.6699
14.6813
14.6796
14.6696
14.6598
14.6664
14.6896
14.6781
14.6797
14.678
14.6779
14.6766
14.6879
14.6828
14.6683
14.6863
14.673
14.6504
14.6504
14.647
14.6406
14.6488
14.6488
14.6683
14.6582
14.668
14.6875
14.709
14.7305
14.7484
14.7582
14.7484
14.7386
14.7305
14.7074
14.6992
14.7008
14.7012
14.691
14.6895
14.6715
14.6781
14.6617
14.6683
14.6715
14.6813
14.673
14.6617
14.6699
14.66
14.6484
14.6469
14.6469
14.6388
14.6227
14.6191
14.5996
14.598
14.5898
14.5882
14.5848
14.5781
14.5684
14.5685
14.5703
14.5765
14.5898
14.5867
14.6012
14.6027
14.598
14.6094
14.611
14.6273
14.6371
14.6484
14.6582
14.6699
14.6699
14.6797
14.6715
14.6816
14.7012
14.6848
14.693
14.6996
14.7028
14.7078
14.7289
14.7274
14.7173
14.7274
14.7254
14.709
14.6895
14.691
14.6976
14.6992
14.6828
14.6879
14.6992
14.7059
14.6895
14.691
14.6976
14.7109
14.7191
14.7109
14.6926
14.6813
14.6714
14.6403
14.6387
14.6418
14.6422
14.6406
14.639
14.6453
14.6207
14.6258
14.6193
14.6293
14.6273
14.6191
14.6273
14.6289
14.6289
14.6207
14.6372
14.6307
14.6289
14.6469
14.6469
14.6566
14.65
14.6437
14.6324
14.6227
14.6324
14.6227
14.6473
14.6586
14.6586
14.6504
14.6668
14.6699
14.6602
14.6602
14.6683
14.67
14.6785
14.6898
14.6996
14.7191
14.691
14.691
14.7109
14.6945
14.7012
14.693
14.7012
14.7094
14.6996
14.7173
14.7273
14.7367
14.7285
14.7008
14.7008
14.6976
14.6813
14.6602
14.6683
14.6863
14.6863
14.6976
14.6895
14.6832
14.6735
14.6621
14.6539
14.6406
14.6442
14.6309
14.639
14.6484
14.6418
14.6484
14.6566
14.6649
14.6516
14.6305
14.6372
14.6488
14.6406
14.6324
14.6309
14.6504
14.6586
14.6719
14.6719
14.6981
14.7094
14.6879
14.6976
14.6895
14.6813
14.6816
14.6718
14.6895
14.7008
14.6895