0.0980225
0.0585938
0.0394287
0.0460205
0.0653076
0.050354
0.05896
0.0753174
0.0949097
0.107849
0.085144
0.092041
0.0714111
0.0703125
0.0863647
0.106628
0.130859
0.0553589
0.0621338
0.0167847
0.065979
0.09021
0.0913696
0.081604
0.0882568
0.0882568
0.0625
0.0588989
0.0507813
0.0405884
0.0425415
0.0460815
0.0311279
3.11E-03
-7.81E-03
-0.0145264
-0.031189
-0.0227051
-0.0292969
-0.0195313
-0.0227661
-3.48E-03
-1.65E-03
-3.05E-04
-0.0180664
-0.0292969
-0.0390625
-0.0507813
-0.0603027
-0.0722046
-0.0585938
-0.0602417
-0.0441895
-0.0230103
0.0147705
0.0441895
0.0756836
0.0863647
0.0983276
0.0699463
0.0324097
0.0408936
0.0145264
8.18E-03
3.05E-04
8.18E-03
8.18E-03
0.0163574
0.0293579
0.0182495
0.0195313
0.0128174
-4.55E-13
-9.77E-03
-0.0262451
-0.0437622
0.234985
1.57281
0.296692
-0.100647
-0.55426
-1.125
-0.372925
-1.27795
-1.13177
-0.37262
-0.0732422
-0.0822144
-0.0674438
-0.0513306
-0.043335
-0.0467529
-0.0401611
-0.0472412
-0.0635986
-0.0632324
-0.0518799
-0.0406494
-0.0272827
-6.23E-03
3.54E-03
-0.0308838
-0.0535889
-0.0640259
-0.0765991
-0.0764771
-0.0453491
3.17E-03
0.0133057
-4.70E-03
-0.0133057
-0.0144653
3.17E-03
3.54E-03
0.0167847
-2.81E-03
-0.0297241
-0.0292969
-0.0426025
-0.0245361
-0.0160522
-0.0129395
-0.0147705
-0.0422363
-0.0258179
-0.0359497
-0.0175781
-0.0164185
4.76E-03
0.0280762
0.0112915
-4.55E-13
-1.22E-03
-3.17E-03
6.71E-03
8.54E-03
0.03479
0.0378418
0.0476074
0.0636597
0.0820313
0.0946045
0.0898438
0.0999756
0.0882568
0.0703125
0.085144
0.0949707
0.129639
0.151917
0.158569
0.147217
0.14032
0.139404
0.147217
0.144043
0.138733
0.148804
0.148804
0.165161
0.187927
0.197998
0.206177
0.227295
0.220337
0.232117
0.24054
0.240234
0.248413
0.248413
0.258179
0.261719
0.258179
0.261719
0.258057
0.256348
0.266785
0.284424
0.296021
0.308594
0.290588
0.310547
0.320313
0.348083
0.366333
0.357788
0.357788
0.360962
0.361572
0.375732
0.387451
0.41687
0.434753
0.464417
0.452698
0.457764
0.439819
0.465698
0.48584
0.505127
0.532776
0.55542
0.557373
0.557007
0.558655
0.54126
0.557007
0.542603
0.529541
0.535889
0.546082
0.541016
0.544128
0.537537
0.539429
0.537781
0.539124
0.546021
0.550415
0.578857
0.599976
0.606201
0.609619
0.619202
0.627686
0.62616
0.619202
0.635864
0.63092
0.631104
0.630859
0.650391
0.651978
0.638916
0.650452
0.650635
0.641846
0.631104
0.637451
0.663269
0.684753
0.705933
0.725708
0.748413
0.760132
0.769531
0.789429
0.80896
0.828491
0.830444
0.820313
0.800781
0.791016
0.778015
0.771118
0.804199
0.816833
0.830078
0.835022
0.833252
0.820679
0.822144
0.818726
0.818359
0.838318
0.866272
0.887146
0.915222
0.936646
0.939514
0.937866
0.937866
0.941406
0.957764
0.969116
0.969116
0.967529
0.969116
0.969116
0.977295
1.00006
1.01044
1.02612
1.02936
1.01825
1.01953
1
0.980469
0.987061
1.00659
1.01648
1.03467
1.03912
1.04761
1.06549
1.05042
1.05896
1.07068
1.06085
1.04883
1.05865
1.04102
1.04913
1.04724
1.04919
1.06879
1.08667
1.12097
1.13519
1.1488
1.14722
1.14063
1.14063
1.13086
1.11285
1.12762
1.1485
1.16052
1.17029
1.16864
1.17151
1.18005
1.18976
1.19958
1.20935
1.21252
1.20459
1.19604
1.18951
1.18823
1.17847
1.1781
1.19757
1.21057
1.20935
1.22723
1.24646
1.26764
1.26636
1.28436
1.29608
1.30902
1.30273
1.3078
1.3288
1.31366
1.31873
1.31055
1.3089
1.31842
1.30896
1.30896
1.31714
1.33667
1.34814
1.33856
1.34961
1.35156
1.35309
1.3468
1.36102
1.36133
1.37769
1.39569
1.41675
1.4234
1.42841
1.42822
1.42188
1.40857
1.40698
1.40546
1.40546
1.41022
1.42029
1.41711
1.41675
1.43793
1.45935
1.46912
1.48901
1.50183
1.65057
1.62714
1.1947
1.6178
1.56818
1.61536
1.62048
1.62872
1.61383
1.61865
1.64673
1.55988
1.51111
1.54449
1.58795
1.57178
1.5835
1.57959
1.59961
1.65045
1.65369
1.66333
1.77161
1.77802
1.72876
1.69763
1.73853
1.76794
1.78912
1.80078
1.80261
1.81055
1.82849
1.83362
1.8335
1.81519
1.79089
1.79254
1.78235
1.80078
1.79907
1.82153
1.82214
1.82184
1.81366
1.81396
1.79559
1.7937
1.75818
1.77148
1.7749
1.78748
1.81879
1.8288
1.85791
1.86786
1.87732
1.86285
1.87067
1.8562
1.84326
1.85468
1.8382
1.8316
1.8399
1.83203
1.83038
1.83203
1.84296
1.83661
1.83661
1.82495
1.85156
1.87769
1.9234
1.91833
1.91833
1.90192
1.90039
1.92334
1.8999
1.79193
1.77112
1.84576
1.90094
1.92346
1.93317
1.91833
1.94617
1.948
2.71826
1.51178
1.36926
1.09711
1.62225
1.87225
1.92053
1.96655
1.9892
1.98248
1.95941
1.95776
1.94617
1.92816
1.93799
1.93994
1.95123
1.99097
2.01172
2.00476
2.02301
1.99841
1.99847
2.00702
2.00507
1.9953
2.00153
2.00671
2.02344
2.0343
2.06061
2.09497
2.09839
2.09839
2.09021
2.09167
2.09772
2.07886
2.09332
2.13245
2.13904
2.12927
2.13745
2.13904
2.13745
2.13745
2.16168
2.16022
2.15894
2.17493
2.18756
2.21753
2.23395
2.25476
2.2699
2.26831
2.27966
2.26007
2.27936
2.27612
2.28784
2.28943
2.29761
2.28943
2.29614
2.30884
2.31531
2.34521
2.34143
2.34985
2.35938
2.34802
2.34998
2.35938
2.38239
2.41687
2.41675
2.41992
2.43005
2.43005
2.43787
2.42993
2.42975
2.43787
2.42999
2.40198
2.4054
2.40863
2.42688
2.43597
2.44794
2.47705
2.487
2.49811
2.50659
2.52777
2.54602
2.56879
2.58545
2.6059
2.62762
2.63873
2.64063
2.64087
2.6239
2.61786
2.62573
2.65698
2.67651
2.69928
2.716
2.73901
2.74841
2.74011
2.71881
2.7207
2.73071
2.73364
2.74872
2.76959
2.77954
2.80737
2.81061
2.81903
2.83826
2.8219
2.84491
2.86597
2.86957
2.89569
2.90692
2.92621
2.92993
2.92975
2.92188
2.93665
2.93597
2.93982
2.91705
2.92151
2.91992
2.93463
2.91138
2.91052
2.92841
2.93793
2.94141
2.94794
2.97034
2.98859
3.00818
3.01794
3.03088
3.02844
3.0473
3.05896
3.06549
3.06842
3.07068
3.09839
3.10651
3.11096
3.12109
3.12958
3.15045
3.15039
3.1651
3.17456
3.18597
3.19141
3.19128
3.19098
3.19922
3.19452
3.19128
3.20905
3.22107
3.21942
3.23865
3.22229
3.2406
3.25848
3.27966
3.29102
3.30078
3.30896
3.32849
3.3219
3.33203
3.3288
3.33167
3.33826
3.34485
3.37427
3.3894
3.396
3.3988
3.3988
3.41992
3.43134
3.42188
3.41864
3.44446
3.46912
3.47076
3.48083
3.48242
3.48895
3.50818
3.52612
3.52777
3.54761
3.55273
3.5675
3.56055
3.54919
3.56879
3.56714
3.57031
3.56055
3.56708
3.56989
3.5816
3.58984
3.59644
3.62573
3.62067
3.61755
3.63397
3.65503
3.66992
3.68787
3.69763
3.70074
3.6991
3.70709
3.71094
3.70935
3.71912
3.72107
3.74725
3.74677
3.745
3.73865
3.74683
3.75824
3.76172
3.78003
3.79956
3.82733
3.83704
3.85785
3.86597
3.8855
3.87891
3.87891
3.89893
3.89911
3.90857
3.90857
3.91675
3.91833
3.91833
3.91992
3.92651
3.93628
3.97742
3.98901
4.03632
4.05896
4.07031
4.0589
4.04883
4.04254
4.02771
4.02771
4.03589
4.05701
4.06842
4.10663
4.11792
4.13586
4.15698
4.16016
4.15857
4.14215
4.13086
4.11285
4.1261
4.12732
4.12732
4.12897
4.14063
4.13904
4.14093
4.15857
4.15039
4.15039
4.13904
4.12927
4.09491
4.2345
4.24542
3.81592
4.14563
4.10138
4.2085
4.24982
4.25952
4.30029
4.31982
4.3327
4.25562
4.20691
4.25037
4.26135
4.28436
4.3335
4.31989
4.34015
4.34265
4.30731
4.30121
4.40088
4.42023
4.43756
4.43274
4.47058
4.48004
4.47534
4.45422
4.42456
4.41827
4.43433
4.45905
4.46246
4.46094
4.43506
4.42969
4.42969
4.42999
4.43756
4.44299
4.43152
4.43164
4.43787
4.44141
4.42957
4.42151
4.41162
4.39374
4.36597
4.35303
4.35309
4.35974
4.37762
4.38049
4.38904
4.3858
4.38867
4.41174
4.4104
4.4082
4.41992
4.41992
4.42969
4.41364
4.41016
4.40234
4.40027
4.38239
4.36755
4.37927
4.38708
4.40698
4.43005
4.43945
4.45117
4.45929
4.47192
4.50354
4.45557
4.35217
4.36279
4.44788
4.4856
4.45935
4.43628
4.44293
4.45593
4.46442
5.24707
4.0448
3.86646
3.67468
4.21838
4.50201
4.51416
4.51849
4.53491
4.55286
4.54419
4.54456
4.55396
4.5556
4.5625
4.56726
4.60004
4.61285
4.59491
4.6145
4.62457
4.62421
4.63086
4.64185
4.66016
4.6864
4.6781
4.6781
4.68982
4.66827
4.6958
4.72223
4.72729
4.75671
4.76636
4.79608
4.80737
4.82703
4.84686
4.85815
4.84961
4.85815
4.85974
4.85938
4.86633
4.88562
4.88745
4.9071
4.93317
4.95618
4.95117
4.966
4.96881
4.99719
4.99841
5.03632
5.04736
5.0769
5.09839
5.12457
5.1571
5.16675
5.17847
5.18817
5.19928
5.2077
5.22705
5.23865
5.24841
5.26013
5.26825
5.26917
5.26001
5.27936
5.28467
5.31372
5.33667
5.35791
5.3761
5.37897
5.39911
5.41016
5.40356
5.42841
5.44928
5.44012
5.41992
5.42651
5.43787
5.43787
5.466
5.4707
5.48865
5.50159
5.5069
5.49841
5.51648
5.53625
5.53912
5.55731
5.56995
5.58856
5.58325
5.5968
5.61792
5.65515
5.64874
5.66803
5.66199
5.66992
5.69104
5.6897
5.70428
5.7207
5.73706
5.75824
5.77966
5.78778
5.79919
5.81726
5.8468
5.8559
5.85779
5.86591
5.88873
5.87109
5.88739
5.90002
5.90076
5.91864
5.90857
5.92816
5.94452
5.93787
5.948
5.96594
5.99847
5.99872
6.0144
6.03558
6.04919
6.05731
6.05035
6.06842
6.08856
6.1012
6.11633
6.11755
6.11096
6.11163
6.10156
6.08008
6.08826
6.09644
6.10779
6.11597
6.1391
6.15887
6.18787
6.2074
6.21094
6.22894
6.24872
6.24841
6.25317
6.2453
6.27966
6.30396
6.31403
6.30737
6.32532
6.33795
6.34961
6.3562
6.36591
6.35114
6.31366
6.3269
6.32031
6.3269
6.34644
6.36957
6.39758
6.41711
6.43823
6.45776
6.46753
6.46246
6.46246
6.45618
6.45905
6.47729
6.51483
6.5246
6.56567
6.59021
6.60815
6.6062
6.6062
6.62573
6.65869
6.68005
6.67999
6.69604
6.70117
6.71912
6.73053
6.72266
6.73895
6.74377
6.73395
6.74054
6.73199
6.73676
6.7453
6.76636
6.77612
6.77625
6.79602
6.80701
6.81677
6.82031
6.8269
6.83826
6.84967
6.8418
6.84991
6.83984
6.83984
6.84991
6.84149
6.84839
6.85815
6.86951
6.86951
6.88745
6.89874
6.89996
6.91675
6.92145
6.92145
6.93799
6.95776
6.97729
6.99841
7.00977
7.03784
7.05273
7.05261
7.07855
7.09833
7.09644
7.10779
7.11761
7.13904
7.12927
7.12921
7.13867
7.16479
7.1402
7.13904
7.13904
7.14893
7.1394
7.14917
7.15234
7.17847
7.198
7.19958
7.20929
7.21875
7.22729
7.23047
7.23865
7.2403
7.25195
7.28625
7.29755
7.30078
7.29919
7.33014
7.33044
7.3418
7.35809
7.36755
7.37067
7.37732
7.39526
7.40503
7.4281
7.41168
7.41168
7.42303
7.42487
7.42957
7.43903
7.45935
7.47729
7.479
7.46558
7.48199
7.56934
7.62524
6.9881
7.5177
7.45691
7.54193
7.55798
7.55054
7.55847
7.53888
7.53735
7.49597
7.47021
7.46118
7.48047
7.50665
7.54089
7.55542
7.59644
7.6062
7.59991
7.6098
7.72076
7.71045
7.68945
7.65851
7.68506
7.71912
7.70581
7.70264
7.69452
7.68622
7.69409
7.69568
7.69733
7.69141
7.69299
7.69324
7.67456
7.67334
7.66479
7.67175
7.69263
7.70935
7.71747
7.73053
7.71899
7.7074
7.70239
7.70148
7.67303
7.67017
7.66479
7.67816
7.66199
7.6488
7.66052
7.68628
7.68323
7.68945
7.69141
7.69128
7.65198
7.64063
7.64215
7.63391
7.64258
7.68658
7.71057
7.73206
7.71082
7.69098
7.70087
7.71442
7.72571
7.74658
7.75037
7.75818
7.76331
7.77802
7.69348
7.56146
7.65247
7.79193
7.79926
7.77612
7.76013
7.74683
7.78125
7.79382
8.5874
7.47534
7.27759
7.15826
7.73938
7.9278
7.97827
7.98096
7.96771
7.95825
7.96606
7.96948
7.99695
8.01648
8.01636
7.99341
8.00165
8.00391
8.01172
8.02118
8.04926
8.07227
8.06531
8.07538
8.08356
8.08679
8.09839
8.11328
8.10468
8.09656
8.12457
8.13397
8.15546
8.16522
8.19452
8.20386
8.23364
8.25659
8.25818
8.26794
8.28912
8.28784
8.30737
8.3042
8.31689
8.34332
8.34802
8.37585
8.40698
8.43164
8.44794
8.43793
8.44604
8.45776
8.44958
8.4574
8.44922
8.4707
8.48083
8.50037
8.52771
8.54602
8.53912
8.55542
8.5769
8.56873
8.56873
8.58514
8.5899
8.61792
8.64093
8.65869
8.67688
8.69928
8.70117
8.70776
8.70618
8.73053
8.73853
8.75006
8.74719
8.74658
8.76636
8.78784
8.80585
8.82855
8.85468
8.88745
8.90698
8.92847
8.93787
8.95581
8.94958
8.97418
8.98523
8.98706
9.00507
9.00818
9.00183
8.99146
8.99829
9.00977
9.01129
9.00977
9.03589
9.04102
9.05896
9.05078
9.04102
9.05383
9.05737
9.06714
9.07037
9.07568
9.09802
9.1012
9.09998
9.10651
9.1192
9.12769
9.10144
9.10944
9.12769
9.13934
9.14063
9.15668
9.17487
9.18945
9.19769
9.20935
9.237
9.25629
9.27148
9.29755
9.30859
9.31836
9.31995
9.3288
9.32849
9.32031
9.33008
9.33826
9.34021
9.3562
9.37573
9.3855
9.38245
9.37958
9.36249
9.36755
9.36755
9.38586
9.39722
9.4184
9.42841
9.45422
9.44922
9.43481
9.43658
9.44617
9.45935
9.48895
9.48987
9.49023
9.50183
9.5
9.5
9.50659
9.51794
9.54407
9.57343
9.58795
9.59998
9.5918
9.59015
9.59802
9.60938
9.60309
9.60974
9.61951
9.61951
9.5918
9.59644
9.61597
9.61755
9.62732
9.6488
9.66833
9.68787
9.7074
9.70117
9.698
9.69958
9.71753
9.7207
9.71094
9.7207
9.74841
9.76007
9.75977
9.78589
9.81531
9.84332
9.8562
9.86761
9.85156
9.83661
9.83008
9.82031
9.81055
9.80896
9.81714
9.82849
9.85468
9.86755
9.87732
9.87891
9.90503
9.91803
9.94177
9.94171
9.94958
9.96094
9.96716
9.9491
9.94733
9.94958
9.95935
9.95117
9.94794
9.93945
9.93121
9.94928
9.94958
9.93317
9.92999
9.9281
9.92493
9.9281
9.93787
9.96722
9.98706
9.98865
10.0179
10.0198
10.0144
10.0324
10.0274
10.0293
10.0593
10.0886
10.0901
10.098
10.0915
10.0984
10.1062
10.098
10.0964
10.0996
10.0964
10.098
10.1195
10.1293
10.139
10.157
10.1781
10.1602
10.1406
10.157
10.1586
10.1586
10.1683
10.196
10.2255
10.2289
10.2289
10.2289
10.2371
10.2288
10.2222
10.2289
10.2125
10.2077
10.209
10.2258
10.2191
10.2191
10.2371
10.2305
10.2289
10.2027
10.2094
10.2191
10.2109
10.1996
10.2175
10.2172
10.2352
10.2566
10.2648
10.2747
10.4357
10.4039
9.88538
10.2807
10.2679
10.3544
10.3573
10.3494
10.387
10.3854
10.3475
10.2572
10.2843
10.309
10.3218
10.3085
10.3331
10.3332
10.3777
10.3824
10.3628
10.386
10.5463
10.5049
10.3724
10.3953
10.4657
10.4886
10.4901
10.5113
10.5066
10.502
10.5018
10.5113
10.4999
10.5031
10.5031
10.5001
10.4725
10.4691
10.4871
10.4905
10.4996
10.5231
10.5311
10.5422
10.5425
10.5226
10.5128
10.5035
10.4839
10.4785
10.4528
10.4574
10.4594
10.4656
10.4707
10.4773
10.4968
10.5101
10.5
10.5117
10.5015
10.4921
10.4883
10.4625
10.4758
10.4672
10.4527
10.423
10.43
10.4312
10.4492
10.466
10.4868
10.507
10.5016
10.5065
10.5309
10.5316
12.4517
13.3728
11.937
10.8364
10.4532
10.3314
10.2549
10.2316
9.0011
6.75061
7.19232
9.79968
10.2975
10.3759
10.4414
10.443
10.4429
10.4805
10.4297
11.9317
9.52759
9.61023
10.1586
10.458
10.5287
10.5103
10.5232
10.5122
10.4856
10.4775
10.473
10.4805
10.4789
10.4805
10.4969
10.4937
10.4934
10.52
10.5121
10.502
10.5101
10.5067
10.5051
10.5051
10.5051
10.5164
10.5164
10.4984
10.5032
10.525
10.5164
10.5262
10.5378
10.5445
10.5441
10.5458
10.564
10.5753
10.577
10.5984
10.5882
10.5734
10.5785
10.5769
10.5899
10.6148
10.6309
10.6375
10.6226
10.6177
10.6066
10.6016
10.6179
10.6257
10.6392
10.6491
10.6387
10.6539
10.6555
10.6652
10.6489
10.644
10.647
10.6211
10.6082
10.6082
10.6211
10.6195
10.6375
10.6309
10.6456
10.6485
10.6652
10.6765
10.7161
10.7175
10.719
10.7271
10.739
10.7305
10.7175
10.7305
10.7094
10.7094
10.7292
10.7468
10.7484
10.7468
10.732
10.7402
10.7223
10.7209
10.7208
10.7488
10.7632
10.7681
10.7766
10.7844
10.7778
10.7863
10.7958
10.7961
10.814
10.8137
10.8168
10.8253
10.8171
10.8168
10.8203
10.8105
10.8109
10.809
10.7894
10.7781
10.7601
10.773
10.7762
10.7781
10.7894
10.7992
10.8187
10.8105
10.7745
10.7699
10.752
10.7402
10.7371
10.7551
10.7485
10.7699
10.7784
10.7777
10.7629
10.7598
10.75
10.7386
10.7371
10.7289
10.7175
10.7175
10.7208
10.7077
10.6992
10.7012
10.6996
10.7012
10.6929
10.7159
10.7305
10.7211
10.7273
10.7371
10.7633
10.7765
10.7581
10.7629
10.7758
10.7878
10.791
10.773
10.7878
10.7906
10.7813
10.7862
10.7794
10.7878
10.7894
10.7878
10.7989
10.7844
10.7811
10.7957
10.7891
10.7777
10.7875
10.7894
10.8074
10.791
10.8171
10.8266
10.8386
10.8484
10.855
10.8415
10.8448
10.8496
10.85
10.8417
10.8347
10.83
10.8333
10.832
10.8238
10.8386
10.8566
10.8386
10.8464
10.8301
10.8449
10.8562
10.848
10.8644
10.8691
10.8527
10.8578
10.8581
10.8594
10.8711
10.8679
10.8659
10.8692
10.8597
10.8386
10.8352
10.8422
10.8629
10.8648
10.8566
10.879
10.8906
10.9086
10.9285
10.9382
10.9509
10.9574
10.9609
10.9593
10.959
10.9507
10.9297
10.92
10.9007
10.8906
10.8809
10.8793
10.8629
10.8793
10.873
10.8894
10.9074
10.9187
10.9301
10.9281
10.9347
10.9293
10.9281
10.9398
10.9496
10.9577
10.9672
10.9574
10.959
10.9414
10.9414
10.9183
10.9086
10.9085
10.8804
10.8726
10.8433
10.8402
10.8581
10.8757
10.8872
10.9169
10.9366
10.9558
10.9395
10.9398
10.9234
10.9219
10.9203
10.9285
10.9382
10.9414
10.9382
10.9281
10.9199
10.9003
10.8804
10.8677
10.8516
10.8402
10.8402
10.8289
10.8551
10.8613
10.8875
10.9004
10.9052
10.9105
10.9086
10.9004
10.8809
10.8777
10.8793
10.8972
10.9282
10.9398
10.9531
10.9206
11.1946
10.6084
10.9909
10.9577
10.9142
10.9097
10.9095
10.9244
10.9261
10.9397
10.9492
10.9558
10.9397
10.9523
10.9359
10.9363
10.9362
10.9379
10.9527
10.9639
10.9655
10.9738
10.9558
10.9526
10.9539
10.9382
10.9332
10.9398
10.9605
10.9507
10.946
10.9331
10.9327
10.9328
10.9265
10.9429
10.9512
10.9542
10.9414
10.9316
10.9203
10.9103
10.9164
10.9379
10.9496
10.9413
10.959
10.9512
10.9315
10.9199
10.9117
10.9199
10.9199
10.9398
10.9496
10.9609
10.9773
10.969
10.9441
10.9507
10.9426
10.9332
10.9219
10.9434
10.9613
10.9597
10.9578
10.9609
10.9612
10.9496
10.9675
10.9902
10.9835
10.9984
10.9922
10.9905
10.9738
10.9755
10.9707
10.9773
10.9905
10.9789
10.9805
10.9725
10.9888
10.9593
10.9297
10.9183
10.9086
10.9086
10.907
10.8969
10.9086
10.9086
10.9265
10.9199
10.9183
10.9281
10.9312
10.9199
10.9089
10.9117
10.9004
10.9019
10.8922
10.9004
10.9133
10.9086
10.9316
10.9301
10.93
10.9379
10.946
10.9395
10.9102
10.9185
10.9089
10.905
10.8984
10.8871
10.8988
10.9183
10.9183
10.9281
10.9199
10.9301
10.9203
10.9102
10.9019
10.8972
10.8906
10.8708
10.8711
10.8874
10.8804
10.8809
10.8809
10.8792
10.8707
10.8594
10.8528
10.8304
10.8484
10.8711
10.8773
10.8809
10.8531
10.85
10.8433
10.8054
10.7992
10.7909
10.7922
10.8011
10.8058
10.7875
10.7613
10.7715
10.7781
10.7972
10.7972
10.8301
10.8398
10.8578
10.8676
10.8449
10.85
10.8418
10.8382
10.8496
10.8301
10.8399
10.8401
10.8496
10.848
10.8613
10.8711
10.8695
10.8694
10.8789
10.8691
10.8578
10.848
10.8497
10.832
10.8484
10.8417
10.8105
10.809
10.7828
10.7698
10.7484
10.7679
10.7957
10.8168
10.8363
10.8594
10.8628
10.8578
10.8511
10.85
10.8323
10.807
10.8054
10.8188
10.8109
10.819
10.8464
10.8461
10.8692
10.8613
10.8694
10.8594
10.8594
10.8676
10.8429
10.8301
10.8402
10.8319
10.8301
10.8219
10.8285
10.8484
10.8664
10.866
10.8855
10.8871
10.8773
10.8903
10.8729
10.8531
10.8301
10.8285
10.8105
10.8191
10.8073
10.7988
10.7891
10.791
10.7715
10.76
10.75
10.7402
10.7422
10.7207
10.7305
10.7238
10.6929
10.6812
10.6882
10.696
10.7043
10.7339
10.7372
10.7488
10.7484
10.7468
10.7305
10.7289
10.7289
10.7207
10.7175
10.7109
10.7094
10.6976
10.701
10.711
10.7292
10.7585
10.7683
10.7961
10.8074
10.7976
10.791
10.7515
10.7617
10.7303
10.7449
10.748
10.7465
10.7285
10.7188
10.7172
10.7269
10.7351
10.7253
10.7351
10.7743
10.7878
10.8156
10.8285
10.8301
10.8269
10.8121
10.809
10.791
10.773
10.7683
10.7797
10.7679
10.7679
10.7598
10.7664
10.7695
10.7581
10.7793
10.7777
10.7859
10.7793
10.7695
10.7598
10.7484
10.732
10.7336
10.7289
10.7437
10.7386
10.7386
10.7371
10.7566
10.7761
10.7679
10.7859
10.7891
10.8152
10.8004
10.7711
10.7793
10.7695
10.7582
10.7402
10.7273
10.7273
10.7371
10.7207
10.7289
10.7355
10.7207
10.7125
10.7109
10.7058
10.709
10.7191
10.7109
10.7258
10.7207
10.6992
10.6812
10.66
10.6602
10.6719
10.6339
10.6508
10.6687
10.6667
10.6586
10.6765
10.698
10.7078
10.7078
10.7305
10.7125
10.7109
10.6996
10.7078
10.6929
10.6699
10.6683
10.6683
10.6569
10.6469
10.6387
10.6276
10.6355
10.6536
10.6782
10.6801
10.6703
10.6703
10.6801
10.6882
10.6996
10.6914
10.6882
10.68
10.6781
10.6602
10.6586
10.6586
10.6469
10.6389
10.629
10.639
10.6472
10.6406
10.6504
10.6504
10.6586
10.6602
10.6683
10.662
10.629
10.6211
10.6179
10.6062
10.5801
10.5949
10.5703
10.559
10.5425
10.5508
10.5574
10.5687
10.5687
10.5867
10.5883
10.5883
10.5981
10.6016
10.6096
10.6113
10.6078
10.6195
10.6194
10.6094
10.5961
10.5945
10.5879
10.5699
10.5684
10.5765
10.6062
10.5996
10.616
10.6078
10.6062
10.5863
10.5586
10.5488
10.5375
10.5293
10.5375
10.5391
10.543
10.5315
10.5493
10.5593
10.5687
10.5703
10.5785
10.5964
10.6144
10.616
10.6078
10.6324
10.6371
10.6273
10.6273
10.6273
10.6207
10.5879
10.5765
10.5765
10.5964
10.5964
10.5801
10.598
10.598
10.6078
10.6078
10.6176
10.6058
10.5781
10.5668
10.5652
10.5488
10.5587
10.5707
10.5707
10.5804
10.5804
10.5969
10.6
10.6164
10.6179
10.6062
10.5996
10.5883
10.5801
10.5785
10.5964
10.5898
10.6
10.6047
10.5964
10.569
10.5441
10.5324
10.5406
10.5476
10.5394
10.5281
10.5378
10.5198
10.5179
10.5082
10.5179
10.5179
10.5179
10.536
10.559
10.5394
10.5293
10.5113
10.5082
10.5293
10.5
10.5082
10.5164
10.5179
10.5375
10.5164
10.5277
10.5278
10.5476
10.5281
10.5281
10.5261
10.5179
10.5261
10.5
10.5066
10.5199
10.523
10.5215
10.5297
10.541
10.5311
10.5277
10.5179
10.5441
10.5457
10.5472
10.5653
10.5605
10.5589
10.5391
10.5391
10.5294
10.5378
10.5281
10.5297
10.5297
10.5179
10.5179
10.5179
10.5051
10.5004
10.4906
10.4906
10.489
10.4789
10.4789
10.5001
10.4922
10.5004
10.4905
10.4984
10.5082
10.5001
10.4709
10.4672
10.4769
10.4785
10.4785
10.4867
10.5145
10.4999
10.4883
10.4883
10.4785
10.459
10.4395
10.4625
10.4738
10.4575
10.4675
10.4789
10.4805
10.4789
10.4722
10.4592
10.4574
10.4312
10.4282
10.4382
10.4121
10.4203
10.4203
10.4316
10.4299
10.4492
10.4574
10.459
10.4691
10.4871
10.4886
10.4688
10.4672
10.4691
10.4476
10.4512
10.4496
10.4594
10.4578
10.4414
10.4496
10.4558
10.4378
10.4261
10.4261
10.4395
10.4199
10.4183
10.4086
10.4183
10.4297
10.4398
10.4675
10.4886
10.4886
10.4605
10.4574
10.4395
10.446
10.4363
10.4199
10.4282
10.4301
10.4382
10.4203
10.4105
10.4269
10.4285
10.4203
10.4183
10.4183
10.4102
10.4004
10.389
10.3777
10.3793
10.3875
10.3972
10.3988
10.4086
10.4199
10.4086
10.4019
10.4086
10.4183
10.4281
10.4199
10.4348
10.4379
10.4199
10.4167
10.4199
10.4167
10.4117
10.4496
10.4413
10.4414
10.4496
10.4301
10.4183
10.4117
10.405
10.4149
10.4167
10.4183
10.4199
10.41
10.4066
10.4
10.3804
10.3691
10.3578
10.348
10.3644
10.3676
10.3578
10.3578
10.348
10.3301
10.3383
10.3301
10.3285
10.3285
10.3187
10.3301
10.3285
10.3187
10.3203
10.3367
10.3547
10.3742
10.3953
10.4004
10.3906
10.3609
10.3676
10.3414
10.3383
10.3401
10.3645
10.3597
10.3676
10.3676
10.3773
10.3887
10.371
10.3676
10.3777
10.3613
10.35
10.3418
10.3418
10.3238
10.3125
10.3207
10.3386
10.3289
10.3207
10.3191
10.3386
10.3207
10.3027
10.2995
10.3173
10.3109
10.3008
10.2992
10.3187
10.3301
10.3398
10.3301
10.3285
10.3301
10.3203
10.3285
10.3383
10.3578
10.3596
10.3692
10.3499
10.3203
10.309
10.309
10.2972
10.2972
10.2972
10.307
10.3102
10.291
10.2699
10.2601
10.2766
10.2781
10.2961
10.3254
10.3367
10.3464
10.3578
10.35
10.3664
10.3383
10.3269
10.3203
10.3531
10.3676
10.366
10.3757
10.3855
10.3757
10.366
10.3578
10.348
10.3398
10.3285
10.3105
10.3023
10.3074
10.2925
10.2976
10.2992
10.2891
10.2875
10.2711
10.2598
10.2664
10.2695
10.291
10.3011
10.3109
10.314
10.293
10.2914
10.2715
10.2601
10.2405
10.2253
10.2253
10.1992
10.2058
10.2074
10.2141
10.2351
10.2465
10.2546
10.2598
10.2535
10.2323
10.2191
10.2012
10.2191
10.2305
10.2191
10.2371
10.2402
10.2518
10.2418
10.2222
10.2386
10.2418
10.2305
10.2222
10.2191
10.2371
10.2289
10.2258
10.2468
10.2566
10.2566