-0.129395
-1.36E-01
-9.81E-02
-0.0848389
-0.0722656
-0.0602417
-0.0489502
-0.0672607
-2.12E-01
-0.357666
-0.335266
-0.392334
-0.361023
-0.251587
-1.27E-01
-0.567444
0.135986
-0.186523
-1.86E-01
-6.29E-03
-0.349792
-0.229492
-0.177856
-0.250488
-0.253235
-2.25E-01
-2.08E-01
-0.220825
-2.08E-01
-2.35E-01
-2.34E-01
-2.34E-01
-2.01E-01
-0.160156
-0.159851
-1.52E-01
-1.52E-01
-1.24E-01
-1.00E-01
-1.06E-01
-9.78E-02
-0.100098
-1.07E-01
-9.16E-02
-7.20E-02
-0.0593872
-0.0227051
-1.81E-02
-0.0262451
-9.89E-03
-1.22E-04
-1.34E-02
-2.82E-02
-2.62E-02
-3.77E-02
-0.0411377
-0.03125
6.59E-03
4.76E-02
4.91E-02
6.36E-02
5.22E-02
4.24E-02
5.19E-02
3.06E-02
-7.24E-02
-1.13E-01
-8.17E-02
-3.44E-02
-2.44E-02
-1.02E-02
-1.14E-02
0.00E+00
-1.62E-02
-3.96E-02
-6.72E-02
-0.173767
-0.203491
-0.0246582
0.0424805
-0.116699
0.237488
-0.704712
0.275208
0.347107
0.406006
0.404358
0.444946
0.463013
0.492249
0.498901
0.505493
0.523438
0.534424
0.546021
0.558594
0.550781
0.535889
0.539063
5.66E-01
0.61792
0.642212
0.638916
0.64679
0.637085
0.651855
0.671509
0.707397
0.730469
0.748413
0.756836
0.756531
0.785522
0.797241
0.815552
0.825195
0.839417
0.859619
0.849487
0.865906
0.888672
0.905396
0.897156
0.906616
0.926453
9.46E-01
9.72E-01
0.995239
1.00781
1.02612
1.01941
1.02612
1.03894
1.05823
1.05688
1.05383
1.02441
1.0094
1.00964
1.02307
1.04761
1.05737
1.1062
1.13739
1.15027
1.15186
1.19757
1.22888
1.24011
1.27454
1.27917
1.29871
1.29712
1.31E+00
1.31824
1.31995
1.32062
1.32996
1.32178
1.32214
1.32178
1.33972
1.34009
1.36877
1.38745
1.4007
1.42957
1.41675
1.42328
1.39679
1.40497
1.41357
1.43774
1.46704
1.49182
1.53418
1.5144
1.52063
1.5116
1.50964
1.51941
1.55701
1.56238
1.57996
1.56512
1.57336
1.57178
1.58154
1.60938
1.62598
1.66638
1.69128
1.71045
1.71082
1.71204
1.69446
1.70734
1.70886
1.72229
1.74829
1.76123
1.78241
1.81036
1.823
1.83032
1.82971
1.84949
1.86121
1.86084
1.86121
1.86243
1.87878
1.87256
1.86902
1.88037
1.87415
1.88232
1.89014
1.89209
1.89209
1.90808
1.92957
1.94104
1.93298
1.95233
1.94946
1.9621
1.97052
1.99011
1.99963
2.021
2.03271
2.03894
2.06042
2.08667
2.10925
2.11249
2.12091
2.16174
2.15491
2.18127
2.17322
2.16943
2.18274
2.18781
2.18469
2.18115
2.19092
2.2124
2.22217
2.2124
2.23975
2.2417
2.26941
2.30194
2.33185
2.34131
2.36444
2.3725
2.36401
2.36084
2.37256
2.38245
2.36267
2.35919
2.38049
2.39221
2.4248
2.44104
2.47058
2.47021
2.48193
2.49005
2.49292
2.50024
2.50116
2.51788
2.53906
2.54431
2.54565
2.5343
2.54211
2.54242
2.55194
2.55225
2.55725
2.56012
2.5636
2.57172
2.58124
2.59314
2.61243
2.63708
2.66858
2.70728
2.72375
2.72375
2.71082
2.7121
2.72217
2.71075
2.71875
2.74011
2.75146
2.76941
2.78271
2.79248
2.80029
2.81
2.81323
2.82178
2.82166
2.82495
2.85962
2.85425
2.87097
2.88892
2.89996
2.91162
2.88702
2.88226
2.88232
2.89368
2.91821
2.93927
2.97339
2.98669
3.00342
3.0116
3.02136
3.03076
3.03552
3.03613
3.05383
3.0636
3.0636
3.07373
3.0769
3.09167
3.08936
3.10266
3.11786
3.14063
3.13574
3.12573
3.16321
3.17773
3.20422
3.22375
3.24353
3.25458
3.26434
3.26434
3.271
3.29083
3.29211
3.28546
3.29211
3.29407
3.26788
3.27136
3.27954
3.29883
3.3136
3.33972
3.34949
3.36438
3.38263
3.37415
3.37061
3.3999
3.40344
3.41003
3.39331
3.40186
3.40027
3.41016
3.4104
3.41162
3.42798
3.42456
3.43469
3.42169
3.81934
2.80646
3.10095
3.19232
3.18567
3.2002
3.18414
3.15802
3.18579
3.34491
3.07874
3.18945
3.12982
3.07483
3.09131
3.08972
3.17139
3.20099
3.10217
2.7702
3.00049
2.79419
3.15369
3.12585
2.81128
2.74988
3.11047
3.15845
3.14478
3.15491
3.17456
3.16663
3.16321
3.16473
3.1452
3.13538
3.12378
3.10773
3.08655
3.07648
3.06348
3.06677
3.05688
3.06519
3.06348
3.0929
3.10425
3.12061
3.12878
3.09644
3.08972
3.07178
3.06824
3.06366
3.08191
3.08472
3.10266
3.09631
3.09601
3.09485
3.10938
3.10291
3.11438
3.09448
3.08459
3.05499
3.06042
3.1109
3.21912
3.0365
3.05701
3.17029
3.17004
3.13818
3.11591
3.10461
3.09485
3.09009
3.11096
3.13391
3.10303
3.11786
3.15344
3.16956
3.16345
3.17303
3.16351
3.15308
3.14368
3.39673
2.24396
4.23413
3.80908
3.78748
3.77661
3.81567
3.8269
3.8399
3.84656
3.83862
3.85779
3.85114
3.87097
3.8902
3.86914
3.86426
3.8656
3.8855
3.91364
3.95422
3.97058
3.96863
3.96082
3.97852
3.98706
4.00806
4.03076
4.04053
4.0343
4.05029
4.07019
4.09448
4.10815
4.12732
4.14563
4.14679
4.17645
4.17957
4.18115
4.1991
4.2171
4.25635
4.27606
4.29907
4.32184
4.31201
4.2959
4.28741
4.30212
4.31982
4.33319
4.35138
4.3573
4.37891
4.3905
4.40027
4.40198
4.43652
4.45898
4.47217
4.48035
4.47528
4.48193
4.48035
4.49011
4.50964
4.52771
4.55066
4.54236
4.56055
4.56036
4.59607
4.61121
4.62891
4.64087
4.65808
4.65149
4.66327
4.66504
4.64679
4.65491
4.65308
4.66193
4.68738
4.6925
4.71863
4.71558
4.72052
4.75146
4.77112
4.78931
4.81213
4.81348
4.8512
4.84161
4.86401
4.86115
4.87073
4.87097
4.88702
4.90851
4.9035
4.91669
4.94122
4.95233
4.95923
4.97534
4.9917
5.0033
4.98511
4.97559
4.98975
5.00964
5.00464
5.021
5.04248
5.07178
5.0636
5.07166
5.08276
5.08972
5.09485
5.10144
5.13745
5.14832
5.16003
5.16327
5.16193
5.16321
5.16321
5.16321
5.19092
5.21045
5.25146
5.27258
5.29053
5.29407
5.3006
5.29529
5.29083
5.31213
5.30225
5.30884
5.33789
5.36121
5.36121
5.38074
5.39844
5.40179
5.41785
5.44098
5.44446
5.44904
5.46362
5.49829
5.51123
5.52264
5.5506
5.56018
5.57532
5.58344
5.59448
5.6131
5.62256
5.6535
5.64203
5.64172
5.62061
5.63074
5.65027
5.67145
5.68311
5.69128
5.70068
5.73352
5.74829
5.74133
5.76135
5.76978
5.79059
5.82019
5.8299
5.84253
5.8772
5.89014
5.91162
5.94092
5.95068
5.96204
5.98193
5.98352
5.97522
5.96204
5.96204
5.96204
5.95886
5.9917
5.99329
6.00183
6.02795
6.04883
6.05225
6.05225
6.04248
6.05884
6.05341
6.05542
6.07373
6.09985
6.10425
6.1402
6.17993
6.18311
6.21094
6.22253
6.21899
6.22375
6.21045
6.23004
6.25146
6.2616
6.28894
6.30188
6.32959
6.35266
6.38855
6.40466
6.41199
6.43933
6.44409
6.4491
6.47839
6.49329
6.49164
6.51093
6.52295
6.52454
6.52295
6.52295
6.53113
6.52289
6.54059
6.55066
6.57178
6.60107
6.61249
6.64246
6.65375
6.66321
6.67297
6.67957
6.6991
6.71045
6.72058
6.72882
6.73352
6.75153
6.77295
6.78107
6.81006
6.81201
6.84137
6.84326
6.85968
6.86121
6.87915
6.89215
6.90216
6.90851
6.91321
6.91473
6.90497
6.94092
6.94281
6.96356
6.96204
6.98975
7.01941
7.05042
7.0636
7.07843
7.10303
7.12097
7.10449
7.09296
7.10303
7.10303
7.12256
7.13074
7.15027
7.1698
7.1991
7.22839
7.22339
7.23035
7.2218
7.23035
7.23193
7.23206
7.23071
7.24365
7.4137
6.56458
6.80524
6.86438
6.8017
6.81818
6.83777
6.83936
6.81812
6.89215
6.716
6.80225
6.77563
6.77441
6.78699
6.82172
6.79163
6.83813
6.92615
6.44299
6.62402
6.52368
7.28345
6.31079
6.98523
6.18713
6.78235
6.91125
6.87561
6.82996
6.83472
6.8432
6.85773
6.86401
6.87372
6.86426
6.85425
6.86401
6.85773
6.85461
6.86621
6.84753
6.83301
6.82642
6.82678
6.80823
6.78772
6.80383
6.78735
6.80066
6.82019
6.82373
6.82178
6.8186
6.82996
6.83154
6.83972
6.85107
6.8429
6.84448
6.83148
6.81671
6.80341
6.78583
6.78589
6.8089
6.87457
6.95428
6.97571
6.60645
6.6543
6.75354
6.78748
6.80225
6.81512
6.8053
6.81519
6.8053
6.82495
6.7428
6.604
6.76373
6.80042
6.80542
6.78259
6.77112
6.77136
6.77295
6.77295
7.07129
5.81116
7.76324
7.28766
7.28699
7.25439
7.25244
7.28174
7.30951
7.32886
7.3728
7.4137
7.44971
7.43628
7.41827
7.43475
7.4458
7.47729
7.47888
7.50818
7.52771
7.53284
7.52295
7.52258
7.54224
7.54285
7.6062
7.65039
7.67493
7.69409
7.69922
7.70776
7.71594
7.73358
7.7616
7.78241
7.81561
7.82843
7.83667
7.84143
7.8562
7.89563
7.93115
7.93945
7.99524
8.01434
8.03082
8.04883
8.04913
8.07684
8.08813
8.10938
8.12915
8.14868
8.16162
8.18115
8.19794
8.23828
8.26001
8.2663
8.29724
8.32214
8.35614
8.3772
8.41016
8.42993
8.45898
8.47375
8.49011
8.49005
8.49963
8.53778
8.55859
8.5968
8.6109
8.62756
8.63232
8.63196
8.65198
8.65381
8.65686
8.67798
8.70544
8.72693
8.73859
8.76636
8.79718
8.81836
8.84833
8.85107
8.87097
8.89209
8.89172
8.92957
8.96045
8.97375
9.00964
9.02917
9.05225
9.06982
9.09143
9.10962
9.12073
9.13074
9.16675
9.18115
9.18933
9.21252
9.23071
9.24963
9.25806
9.27112
9.28772
9.31995
9.34131
9.37097
9.40186
9.43945
9.45294
9.44092
9.46045
9.47021
9.48163
9.50842
9.53906
9.56055
9.5932
9.60901
9.62256
9.64209
9.65186
9.67334
9.70099
9.71362
9.72876
9.74133
9.76123
9.77917
9.79053
9.8186
9.84961
9.86115
9.88245
9.8822
9.88202
9.88892
9.91003
9.91992
9.95105
9.97534
9.99829
10.0093
10.0194
10.0408
10.0504
10.0521
10.0535
10.062
10.0881
10.1203
10.1339
10.1584
10.1711
10.1975
10.2188
10.2288
10.2565
10.2711
10.2827
10.3202
10.3514
10.3628
10.3644
10.3726
10.3741
10.3823
10.3643
10.3804
10.3785
10.4003
10.4198
10.4296
10.4589
10.4523
10.4589
10.4819
10.4999
10.5211
10.5213
10.5292
10.5504
10.5604
10.5702
10.58
10.6359
10.6582
10.6749
10.6733
10.6847
10.6713
10.6808
10.6909
10.7058
10.7222
10.7417
10.7612
10.7648
10.7795
10.8186
10.8218
10.8234
10.8433
10.8514
10.8542
10.866
10.8807
10.9031
10.9312
10.9343
10.9542
10.9592
10.9897
10.9929
10.9983
11.0015
10.9999
11.019
11.0222
11.0425
11.0917
11.1014
11.1089
11.1467
11.1503
11.155
11.1522
11.1714
11.1925
11.194
11.2089
11.23
11.2238
11.2386
11.2499
11.2796
11.2906
11.2991
11.3218
11.3514
11.3612
11.3807
11.4102
11.4299
11.4393
11.4406
11.4491
11.4624
11.4823
11.4921
11.5112
11.5242
11.5425
11.5441
11.5522
11.5541
11.5522
11.562
11.562
11.58
11.5878
11.6008
11.6453
11.6616
11.701
11.7319
11.7499
11.7596
11.7906
11.8007
11.8269
11.8284
11.8577
11.8918
11.8937
11.9002
11.9178
11.9312
11.9491
11.9554
11.9489
11.9491
11.9409
11.9604
11.9819
11.9589
11.9741
12.0112
12.0324
12.0687
12.0882
12.0995
12.098
12.1558
11.4945
11.7626
11.7159
11.7279
11.7723
11.772
11.7673
11.7821
12.17
11.5588
11.7197
11.7642
11.605
12.1361
11.5178
11.6462
11.6667
12.4851
10.791
11.8666
11.3113
12.8361
10.7858
12.0548
11.1747
11.7136
11.8049
11.7804
11.7529
11.7119
11.6893
11.6859
11.6694
11.6761
11.6846
11.6941
11.6877
11.6761
11.66
11.6581
11.6616
11.6663
11.6663
11.678
11.6862
11.6859
11.6976
11.6959
11.696
11.6796
11.6893
11.6945
11.701
11.714
11.7316
11.7075
11.6859
11.6453
11.6323
11.614
11.6046
11.5945
11.5963
11.6124
11.6616
11.732
11.8347
11.6739
11.2596
11.3665
11.5234
11.5374
11.5261
11.5066
11.4983
11.48
11.472
11.5159
11.3077
11.2772
11.4173
11.4004
11.3694
11.3508
11.3694
11.3804
11.3921
11.4136
11.8054
10.4987
12.1343
11.7957
11.9122
11.9888
12.0513
12.1164
12.1719
12.2063
12.2472
12.2828
12.2988
12.3092
12.3523
12.3792
12.418
12.4495
12.4882
12.5276
12.5441
12.598
12.6472
12.7042
12.7628
12.8269
12.8694
12.8987
12.8999
12.9475
12.9769
13.0148
13.0457
13.103
13.1472
13.1519
13.16
13.1877
13.2272
13.2777
13.3186
13.3577
13.4164
13.4347
13.4608
13.4979
13.5308
13.5261
13.5573
13.598
13.6573
13.698
13.7565
13.7909
13.8137
13.8416
13.8987
13.9308
13.9788
14.0276
14.0539
14.087
14.1014
14.1203
14.1292
14.1582
14.1796
14.2023
14.2389
14.2596
14.2941
14.3088
14.3379
14.3659
14.4086
14.4577
14.498
14.5377
14.5781
14.6405
14.6502
14.6895
14.7104
14.7382
14.7776
14.7905
14.8034
14.8315
14.8331
14.8347
14.8612
14.8921
14.9117
14.9495
14.9738
15.0198
15.0422
15.0721
15.1012
15.1096
15.1403
15.1652
15.1913
15.219
15.2332
15.2678
15.2707
15.2826
15.2922
15.3073
15.3379
15.3807
15.4003
15.4312
15.4523
15.4822
15.5062
15.5131
15.5507
15.5734
15.6011
15.6206
15.637
15.6628
15.6995
15.712
15.7417
15.7531
15.7644
15.8007
15.8152
15.8433
15.8463
15.8475
15.8429
15.8464
15.853
15.8445
15.8772
15.9199
15.9608
15.9734
16.0002
16.0421
16.0537
16.0714
16.0816
16.1292
16.1417
16.1598
16.1799
16.1843
16.2039
16.2205
16.2531
16.2726
16.2921
16.312
16.3413
16.3624
16.3904
16.4215
16.4706
16.4835
16.5034
16.5311
16.5507
16.562
16.5897
16.6207
16.6323
16.6702
16.6925
16.694
16.7023
16.7156
16.7319
16.7429
16.7644
16.7909
16.7921
16.7937
16.8234
16.8234
16.8234
16.8234
16.8447
16.8593
16.8823
16.9117
16.9233
16.9589
16.9851
16.9936
17.021
17.0503
17.0535
17.0734
17.0667
17.1097
17.1159
17.1245
17.1584
17.1909
17.2269
17.2499
17.2694
17.2988
17.312
17.3234
17.3413
17.3445
17.3729
17.3839
17.3953
17.4218
17.4327
17.4457
17.4443
17.464
17.4917
17.5096
17.5472
17.5503
17.5504
17.5686
17.5901
17.603
17.621
17.6437
17.6616
17.6531
17.6468
17.6534
17.6534
17.6437
17.6421
17.6554
17.6831
17.7042
17.7252
17.7433
17.7546
17.771
17.7827
17.8022
17.8218
17.8495
17.8707
17.8823
17.9116
17.9034
17.9116
17.9249
17.9233
17.9409
17.9507
17.98
17.9898
18.0096
18.0308
18.0522
18.0538
18.062
18.0831
18.0866
18.0784
18.0736
18.1128
18.1128
18.1061
18.1125
18.1144
18.1128
18.1046
18.121
18.1503
18.16
18.1796
18.1909
18.2007
18.2202
18.248
18.271
18.2628
18.2889
18.3007
18.3202
18.348
18.3707
18.389
18.4116
18.4296
18.4706
18.4722
18.4722
18.4819
18.4803
18.4706
18.4542
18.4512
18.4988
18.6196
17.7802
18.024
18.0878
18.0291
18.0471
18.0026
17.9487
17.9851
18.0805
17.9336
17.9312
17.9459
17.8591
17.9084
17.8275
17.814
17.7058
16.1571
16.9103
17.9386
17.2738
18.9921
16.5803
17.6512
16.8965
17.8234
17.8735
17.787
17.7643
17.7531
17.7729
17.7823
17.7921
17.7823
17.7386
17.6976
17.6929
17.665
17.655
17.673
17.6748
17.6581
17.6451
17.6484
17.6323
17.6339
17.6226
17.614
17.603
17.5928
17.5847
17.5557
17.5601
17.5441
17.5323
17.5245
17.5343
17.5343
17.5163
17.5194
17.5327
17.5229
17.5031
17.4636
17.4773
17.5128
17.6306
17.5404
17.2062
17.3208
17.468
17.4788
17.4816
17.4917
17.4736
17.4557
17.4456
17.392
19.5225
19.0624
17.9369
17.4984
17.4518
17.483
17.4927
17.5022
16.0452
14.1096
16.5997
17.2932
17.3319
17.3332
17.3285
17.3381
17.3499
17.369
17.4573
17.6515
16.4647
17.7567
17.5667
17.5862
17.6288
17.6682
17.7238
17.735
17.7648
17.7777
17.7859
17.8069
17.8557
17.9082
17.9655
18.0406
18.0964
18.1094
18.1487
18.178
18.1976
18.2106
18.2499
18.2596
18.2991
18.3382
18.369
18.3967
18.4296
18.4688
18.4901
18.5096
18.5472
18.598
18.6307
18.6698
18.6991
18.7366
18.771
18.7823
18.8007
18.8206
18.8574
18.887
18.9183
18.9577
18.9948
19.0211
19.0115
19.0422
19.0619
19.0929
19.1041
19.1238
19.1421
19.1687
19.1893
19.1893
19.209
19.2241
19.2256
19.2413
19.2726
19.3073
19.3495
19.364
19.399
19.4196
19.4378
19.4803
19.5081
19.5406
19.5604
19.593
19.6029
19.6335
19.6534
19.6632
19.6913
19.7124
19.73
19.7499
19.7726
19.7858
19.8038
19.8221
19.8445
19.8792
19.8922
19.8921
19.9198
19.91
19.9308
19.9347
19.9495
19.9801
20
20.028
20.0324
20.0526
20.0668
20.0881
20.114
20.1322
20.1714
20.1991
20.2104
20.2222
20.2238
20.2319
20.2417
20.2433
20.2694
20.2941
20.33
20.3593
20.3823
20.4019
20.4377
20.4625
20.4905
20.5198
20.5409
20.5682
20.5698
20.5996
20.6111
20.6387
20.6405
20.6683
20.6534
20.6715
20.6912
20.696
20.7124
20.7222
20.7319
20.7433
20.7436
20.7449
20.7355
20.7401
20.7511
20.7972
20.8201
20.8425
20.8431
20.8624
20.8901
20.9015
20.8933
20.9214
20.9507
20.9702
20.9917
21.0096
21.0276
21.0308
21.0323
21.0295
21.0488
21.0343
21.0526
21.0554
21.08
21.0815
21.0734
21.0913
21.0913
21.1011
21.1144
21.1127
21.1222
21.1503
21.1632
21.1714
21.1733
21.1992
21.214
21.214
21.2319
21.2499
21.2511
21.2546
21.2742
21.2827
21.3003
21.2937
21.3022
21.3104
21.3218
21.3136
21.3218
21.3413
21.3511
21.3428
21.3589
21.3644
21.3546
21.3792
21.3983
21.4113
21.4211
21.4378
21.4542
21.4526
21.4608
21.4557
21.4476
21.4443
21.4636
21.4803
21.5031
21.5116
21.5311
21.5524
21.5819
21.585
21.5831
21.6011
21.6042
21.6011
21.6194
21.6222
21.632
21.6257
21.6421
21.6455
21.6437
21.6534
21.6616
21.6695
21.6878
21.6909
21.7007
21.7023
21.7007
21.7089
21.73
21.7335
21.7516
21.7698
21.7823
21.7905
21.7757
21.7827
21.7726
21.7529
21.7577
21.7511
21.7511
21.7436
21.7596
21.7776
21.7823
21.7745
21.7632
21.7714
21.7909
21.7827
21.8022
21.812
21.8038
21.8037
21.8132
21.8218
21.8431
21.869
21.91
21.9214
21.9147
21.9116
21.9034
21.8854
21.8921
21.8838
21.8999
21.9194
21.921
21.9245
21.923
21.9245
21.9327
21.9347
21.9525
21.9718
21.962
21.9819
21.9933
22.0148
22.0115
22.0129
22.0115
22.021
22.0292
22.0292
22.0226
22.0229
22.0214
22.01
22.3263
21.5144
21.7418
21.8054
21.7889
21.7761
21.776
21.7577
21.7351
21.7073
21.7057
21.6963
21.6846
21.6628
21.653
21.6714
21.6647
21.6565
21.66
21.655
21.6553
21.637
21.6241
21.5979
21.5866
21.5654
21.5522
21.5421
21.5308
21.5308
21.521
21.5031
21.4948
21.5013
21.4948
21.4835
21.5015
21.4933
21.4738
21.4557
21.446
21.4249
21.4198
21.4017
21.3999
21.4081
21.4097
21.3835
21.3757
21.3823
21.3838
21.3737
21.3624
21.369
21.3444
21.3151
21.2823
21.2694
21.2612
21.2335
21.214
21.1847
21.1718
21.1652
21.1519
21.1354
21.1405
21.1323
21.1209
21.0862
21.0897
21.0914
21.0753
21.0656
21.0542
21.0347
21.0249
20.9935
20.9818
20.9816
20.9901
20.9738
20.9803
20.9655
20.9445
20.951
20.9308
20.9312
20.923
20.9116
20.9034
20.8444
20.8214
20.8198
20.7905
20.7808
20.7577
20.7773
20.7694
20.7596
20.7433
20.7382
20.7397
20.7186
20.7106
20.6847
20.6616
20.6292
20.6089
20.5847
20.575
20.5656
20.5999
20.5932
20.603
20.5929
20.5995
20.5831
20.5538
20.5276
20.521
20.4932
20.4671
20.4558
20.451
20.457
20.4409
20.4331
20.4198
20.41
20.41
20.3937
20.3807
20.353
20.3397
20.3296
20.3034
20.3022
20.2941
20.2843
20.2893
20.2905
20.2745
20.2742
20.2514
20.2613
20.2648
20.2433
20.2222
20.2026
20.1913
20.189
20.155
20.1519
20.1538
20.1518
20.1417
20.1499
20.1355
20.1437
20.1225
20.121
20.1046
20.0929
20.0815
20.0784
20.0616
20.0586
20.0487
20.0374
20.021
20.0292
20.0093
20.0011
19.9671
19.9346
19.9327
19.9015
19.8983
19.9113
19.9296
19.9347
19.9331
19.9315
19.9147
19.9034
19.8905
19.8839
19.8741
19.8546
19.8433
19.8253
19.814
19.8289
19.814
19.8042
19.7944
19.7827
19.778
19.7451
19.7335
19.7222
19.7057
19.6945
19.6815
19.6714
19.655
19.6257
19.603
19.5835
19.5718
19.5636
19.5671
19.5914
19.5835
19.5819
19.5541
19.5261
19.505
19.4718
19.4803
19.4734
19.464
19.451
19.4526
19.4608
19.441
19.4429
19.4362
19.4132
19.4018
19.382
19.3901
19.3542
19.3367
19.33
19.3167
19.3086
19.2926
19.2811
19.2808
19.2628
19.2335
19.2238
19.2222
19.1925
19.1893
19.1991
19.1908
19.1628
19.1613
19.1678
19.1613
19.1421
19.16
19.1616
19.1421
19.1405
19.1144
19.1226
19.1014
19.0897
19.0816
19.0933
19.0815
19.0522
19.0343
19.0311
19.0229
19.0112
19.0112
19.0096
19.0096
19.0194
19.0081
19.0194
19.0015
18.9882
18.9703
18.9427
18.9132
18.8854
18.889
18.8921
18.8577
18.8612
18.8546
18.8366
18.8136
18.812
18.8187
18.8182
18.8198
18.8199
18.8221
18.814
18.7877
18.7827
18.7925
18.8104
18.7839
18.7741
18.7596
18.7609
18.7577
18.7495
18.7614
18.7518
18.7531
18.7437
18.7319
18.7155
18.7077
18.6847
18.66
18.6322
18.6226
18.6093
18.5995
18.5847
18.5815
18.58
18.5734
18.5718
18.562
18.5702
18.5718
18.575
18.5604
18.5604
18.5441
18.5327
18.5507
18.5409
18.5538
18.5424
18.5405
18.5308
18.521
18.4933
18.4883
18.4819
18.4788
18.4722
18.4362
18.4131
18.4097
18.3983
18.3999
18.3917
18.3788
18.3788
18.3527
18.3249
18.3038
18.3007
18.2905
18.2823
18.2694
18.271
18.271
18.2792
18.271
18.2628
18.2612
18.2793
18.2534
18.2339
18.2159
18.1815
18.1647
18.132
18.1206
18.119
18.1108
18.1011
18.0913
18.0913
18.0831
18.0636
18.0521
18.0485
18.0487
18.0308
18.0359
18.021
18.0292
18.0128
17.98
17.9719
17.9541
17.9409
17.9245
17.9034
17.9019
17.8757
17.8823
17.8611
17.8593
17.8593
17.8605
17.8624
17.8593
17.864
17.8542
17.8413
17.8151
17.8202
17.8022
17.7909
17.8007
17.7827
17.7694
17.7397
17.7382
17.73
17.7089
17.6909
17.6909
17.7008
17.6945
17.6995
17.6847
17.6519
17.6241
17.603
17.5933
17.562
17.5656
17.5475
17.5609
17.564
17.5441
17.5245
17.5311
17.5327
17.5245
17.5214
17.5327
17.5146
17.5031
17.4835
17.4738
17.4722
17.464
17.4542
17.4722
17.4736
17.4523
17.4245
17.4065
17.3921
17.3761
17.3597
17.3807
17.3726
17.3694
17.3612
17.3691
17.353
17.3234
17.3202
17.3006
17.3101
17.2936
17.3003
17.3003
17.2889
17.3085
17.3085
17.3004
17.2909
17.2811
17.271
17.2531
17.2417
17.212
17.2089
17.2023
17.1796
17.1893
17.1714
17.1815
17.1715
17.1698
17.1831
17.1749
17.178
17.1616
17.155
17.1143
17.0928
17.0698
17.0519
17.0601
17.0601
17.0405
17.0453
17.0308
17.0308
17.0194
16.9999
17.0096
16.9913
16.9897
16.9979
17.0015
17.0015
17.0096
17.0112
16.9933
16.9819
16.9803
16.964
16.9327
16.9296
16.9347
16.9167
16.9054
16.9136
16.9136
16.9136
16.9019
16.892
16.8901
16.8804
16.8589
16.8328
16.8136
16.8104
16.7991
16.7972
16.7905
16.7823
16.7612
16.7596
16.7612
16.7628
16.7417
16.7566
16.7659
16.7511
16.7562
16.7577
16.7413
16.7218
16.7104
16.7023
16.7026
16.7108
16.7026
16.7191
16.7186
16.7366
16.7202
16.7104
16.7007
16.6909
16.6827
16.6632
16.6421
16.6241
16.6194
16.619
16.5995
16.6011
16.5913
16.5996
16.5948
16.5999
16.5995
16.5913
16.5914
16.5835
16.58
16.5718
16.5441
16.5408
16.5585
16.5421
16.5175
16.4933
16.4933
16.4738
16.464
16.4624
16.4593
16.4526
16.4706
16.4557
16.4445
16.4249
16.4347
16.415
16.4034
16.3885
16.3804
16.3805
16.3905
16.3726
16.371
16.3726
16.3644
16.353
16.3495
16.3413
16.3315
16.312
16.2843
16.2663
16.237
16.2323
16.2222
16.2303
16.2401
16.2303
16.2303
16.214
16.2124
16.2026
16.1893
16.1827
16.1893
16.1991
16.1925
16.1827
16.173
16.1632
16.1616
16.16
16.16
16.1714
16.1796
16.1991
16.2023
16.2007
16.2026
16.1929
16.201
16.1929
16.1714
16.1437
16.1144
16.1014
16.0835
16.064
16.0589
16.0687
16.0702
16.0636
16.0323
16.0374
16.0405
16.0538
16.0441
16.0425
16.0425
16.0261
16.0065
15.9838
15.962
15.9523
15.9604
15.9507
15.9312
15.9393
15.923
15.9116
15.8839
15.8726
15.8726
15.8527
15.869
15.851
15.8425
15.8562
15.8351
15.8334
15.8151
15.8038
15.8007
15.8069
15.8003
15.7987
15.7905
15.7808
15.7628
15.7495
15.73
15.7284
15.7007
15.6991
15.7186
15.7383
15.7565
15.7513
15.7233
15.712
15.6827
15.6437
15.6307
15.6112
15.6027
15.639
15.66
15.6517
15.6499
15.6515
15.6335
15.6077
15.5964
15.5933
15.5851
15.5737
15.5901
15.5882
15.58
15.5882
15.5913
15.6077
15.6108
15.6027
15.6011
15.6124
15.6011
15.5682
15.5441
15.5425
15.5343
15.5229
15.5131
15.5194
15.5015
15.5015
15.5011
15.5012
15.4917
15.4772
15.4757
15.4545
15.4249
15.4152
15.41
15.41
15.3983
15.3722
15.3706
15.3511
15.3331
15.3218
15.3136
15.3104
15.3104
15.3085
15.3102
15.3187
15.3202
15.3201
15.3151
15.3151
15.3038
15.3038
15.312
15.3136
15.3382
15.3218
15.3218
15.312
15.2823
15.2694
15.2596
15.2515
15.2581
15.2499
15.2417
15.2319
15.23
15.2136
15.2104
15.2007
15.2206
15.2401
15.2499
15.2479
15.2676
15.271
15.2709
15.2511
15.2335
15.2417
15.2073
15.1745
15.1632
15.1339
15.1487
15.1307
15.157
15.1519
15.1422
15.1323
15.1323
15.1045
15.0944
15.0831
15.0718
15.0441
15.0491
15.0425
15.0308
15.0508
15.0541
15.0358
15.0163
14.9933
14.9655
14.9425
14.9409
14.9312
14.9296
14.9393
14.9198
14.9164
14.8905
14.9085
14.8921
14.8987
14.9082
14.9116
14.9167
14.91
14.9116
14.9116
14.9214
14.923
14.9342
14.9245
14.8917
14.864
14.8429
14.8167
14.8187
14.8202
14.83
14.8397