-0.408569
-3.97E-01
-3.89E-01
-0.351135
-0.310425
-0.292236
-0.287781
-0.289063
-2.80E-01
-0.259705
-0.249634
-0.256958
-0.267944
-0.271057
-2.27E-01
-0.184753
-0.155396
-0.158875
-1.75E-01
-1.65E-01
-0.142517
-0.122559
-0.130493
-0.165161
-0.180054
-1.62E-01
-1.51E-01
-0.132019
-1.39E-01
-1.68E-01
-1.60E-01
-1.59E-01
-1.65E-01
-0.154724
-0.119385
-1.01E-01
-1.01E-01
-1.08E-01
-1.19E-01
-1.31E-01
-1.32E-01
-0.12915
-1.19E-01
-1.10E-01
-9.80E-02
-0.0980225
-0.106201
-9.34E-02
-0.0800781
-5.86E-02
-3.93E-02
-3.75E-02
-2.77E-02
-1.83E-02
-2.74E-02
-0.0374756
-0.0229492
-2.30E-02
-2.11E-02
-1.95E-02
-3.94E-02
-4.10E-02
-7.53E-02
-6.68E-02
-6.87E-02
-5.88E-02
-5.05E-02
-1.98E-02
-2.92E-02
-5.08E-02
-2.96E-02
-1.13E-02
-4.55E-13
1.79E-02
3.09E-02
2.93E-02
0.0294189
1.07971
0.625305
0.36377
0.334717
-0.980225
1.02356
-2.51849
-0.926025
-0.529297
-0.317078
-0.233643
-0.246948
-0.263306
-0.222229
-0.17926
-0.125671
-0.0913086
-0.0651855
-0.0522461
-0.0586548
-0.0410156
-0.0214844
1.22E-04
0.027771
0.0753784
0.123901
0.140686
0.140259
0.141846
0.134277
0.151978
0.151978
0.160156
0.177795
0.191101
0.210999
0.21759
0.246887
0.276184
0.300537
0.308594
0.321899
0.321899
0.359375
0.383972
0.428162
0.450806
0.480469
5.11E-01
5.20E-01
0.501221
0.491882
0.491821
0.483887
0.470337
0.48175
0.492249
0.518005
0.55896
0.596497
0.620728
0.625854
0.658325
0.681702
0.689819
0.724243
0.77124
0.799194
0.810181
0.802368
0.828186
0.813721
0.839905
0.859741
0.862915
0.882446
9.09E-01
0.911438
0.931641
0.957458
0.98053
0.981628
0.973816
0.991821
0.993408
1.02148
1.05701
1.08838
1.12738
1.16528
1.17969
1.18127
1.1731
1.15161
1.16211
1.16205
1.1778
1.19775
1.22699
1.25
1.26453
1.255
1.25507
1.24493
1.26166
1.30048
1.31879
1.33167
1.33984
1.3512
1.36804
1.37231
1.40039
1.42157
1.45898
1.4917
1.49493
1.52124
1.52301
1.51135
1.513
1.51172
1.49976
1.50037
1.5177
1.53088
1.53937
1.57666
1.59778
1.62109
1.6571
1.67969
1.70746
1.72034
1.72388
1.72888
1.72198
1.7207
1.73218
1.75
1.76953
1.7926
1.80237
1.83203
1.84143
1.85938
1.85974
1.86926
1.87769
1.8689
1.88708
1.89221
1.90356
1.92151
1.94769
1.95087
1.97925
1.98022
1.97223
1.96375
1.9527
1.96222
1.97925
2.02747
2.04102
2.07697
2.11926
2.14722
2.14343
2.1488
2.15015
2.15198
2.14221
2.13239
2.14032
2.15039
2.17981
2.1731
2.18945
2.21875
2.24182
2.23987
2.26801
2.28094
2.30237
2.3269
2.32312
2.33984
2.34424
2.3512
2.3808
2.37549
2.3988
2.41956
2.45093
2.45111
2.48682
2.50354
2.53137
2.54761
2.57666
2.59808
2.61102
2.61322
2.63715
2.64191
2.64215
2.6438
2.65198
2.66174
2.66144
2.64563
2.65045
2.66833
2.67975
2.70441
2.73865
2.78094
2.79108
2.81049
2.84778
2.84497
2.85004
2.82703
2.82349
2.81201
2.82153
2.81879
2.83008
2.86798
2.89856
2.91016
2.90186
2.92316
2.92493
2.93127
2.94269
2.95306
2.97888
2.99182
3.00323
3.01172
3.00812
3.00287
3.01135
3.02612
3.03253
3.0426
3.06372
3.09137
3.10596
3.12415
3.13556
3.1438
3.15186
3.16956
3.17944
3.18127
3.21094
3.23059
3.23395
3.24023
3.23364
3.23364
3.23206
3.2301
3.26172
3.28284
3.29926
3.32349
3.31995
3.33319
3.35284
3.36285
3.37225
3.36255
3.39685
3.41174
3.40033
3.40009
3.39374
3.39063
3.40039
3.41998
3.43158
3.45898
3.48022
3.50354
3.50665
3.50342
3.50977
3.52112
3.53406
3.55078
3.58008
3.59137
3.58948
3.60742
3.61719
3.62708
3.64063
3.65198
3.64368
3.64191
3.65668
3.67688
4.52527
2.90808
3.77972
3.72321
3.72693
3.71368
3.67969
3.63861
3.62427
3.61444
3.61761
3.61096
3.63715
3.63049
3.63049
3.58832
3.61096
3.58508
3.58319
3.56683
3.58167
3.62109
3.62073
3.59973
3.60156
3.59802
3.57471
3.55737
3.54718
3.54224
3.54224
3.53754
3.53284
3.54883
3.55042
3.5426
3.53906
3.54065
3.52271
3.52271
3.53162
3.54224
3.55042
3.56213
3.57153
3.56677
3.56567
3.55383
3.54578
3.53906
3.55078
3.56024
3.55072
3.55865
3.53564
3.54761
3.56183
3.57031
3.58203
3.60126
3.59131
3.58167
3.57001
3.58832
3.58167
3.53442
3.53278
3.53412
3.53284
3.54767
3.56848
3.57886
3.58832
3.58136
3.58832
3.5719
3.58997
3.57849
3.5946
3.5575
3.53595
3.55707
3.61731
3.6684
3.67151
3.65356
3.64063
3.65515
3.65991
3.80798
2.88129
2.54858
2.90942
3.19879
3.38867
3.46521
3.5177
3.55542
3.58478
3.61127
3.63525
3.65515
3.6767
3.68945
3.69263
3.69263
3.70898
3.73047
3.77618
3.79224
3.81909
3.82513
3.83362
3.8515
3.8446
3.86633
3.88879
3.91028
3.93982
3.94421
3.9707
3.98547
3.99341
4.01135
4.05048
4.06055
4.05206
4.05896
4.08801
4.09338
4.10162
4.11951
4.14886
4.19769
4.22034
4.23206
4.25311
4.28088
4.284
4.30237
4.31219
4.33044
4.3396
4.37109
4.38904
4.38367
4.41058
4.44775
4.45935
4.46252
4.48059
4.49213
4.49298
4.52777
4.56177
4.5918
4.61108
4.62427
4.63239
4.64185
4.6438
4.66327
4.66364
4.66296
4.67151
4.68164
4.70746
4.72699
4.76141
4.7796
4.81024
4.82855
4.84296
4.88098
4.89056
4.90198
4.9118
4.948
4.95245
4.97888
5.01147
5.03125
5.04224
5.05231
5.07977
5.08167
5.09021
5.08984
5.09961
5.11603
5.13055
5.15039
5.15857
5.17969
5.19934
5.22888
5.23999
5.26996
5.28284
5.32031
5.3219
5.34961
5.3692
5.38403
5.40857
5.41803
5.44928
5.46912
5.4884
5.51807
5.54095
5.55243
5.55237
5.56714
5.5993
5.59961
5.60938
5.62122
5.63745
5.65161
5.6684
5.69922
5.72699
5.74493
5.75159
5.76331
5.77112
5.78906
5.80859
5.82043
5.82025
5.83795
5.84644
5.86066
5.8692
5.89227
5.91711
5.95087
5.96094
5.95239
5.97864
5.99841
6.00159
6.02618
6.04895
6.04102
6.05084
6.08014
6.1015
6.1012
6.12073
6.14886
6.17822
6.19958
6.19897
6.24036
6.25854
6.25323
6.2699
6.29889
6.33203
6.33832
6.34143
6.35785
6.36102
6.37103
6.37073
6.39856
6.41174
6.43317
6.46063
6.47034
6.49017
6.50128
6.50354
6.50348
6.54071
6.55084
6.57025
6.59772
6.61914
6.65204
6.67188
6.69141
6.70929
6.72198
6.7356
6.73236
6.75006
6.77777
6.7793
6.77112
6.77777
6.78094
6.80078
6.82062
6.84308
6.88245
6.9137
6.93317
6.93445
6.93469
6.93945
6.95245
6.97229
6.98865
7.01831
7.04071
7.07849
7.1095
7.12579
7.14844
7.15991
7.15033
7.15002
7.13202
7.13049
7.14069
7.16174
7.18945
7.20245
7.2226
7.22229
7.26135
7.26294
7.27112
7.28088
7.29077
7.33667
7.35742
7.36877
7.39038
7.42346
7.44299
7.46088
7.48175
7.49377
7.50354
7.4953
7.52148
7.55078
7.56213
7.58014
7.58167
7.59961
7.60938
7.61914
7.61249
7.63055
7.64221
7.66211
7.68158
7.71057
7.73206
7.75159
7.7793
7.79382
7.79572
7.81055
7.81873
7.81995
7.81995
7.84937
7.8512
7.8512
7.87268
7.89063
7.93793
7.94104
7.9707
8.00006
8.00159
8.00317
8.00159
8.00159
8.01953
8.01294
8.04883
8.06177
8.08197
8.08325
8.09296
8.09296
8.09961
8.10303
8.11096
8.13055
8.13245
8.11603
8.11444
8.26227
8.84381
7.50366
8.3313
8.3537
8.26599
8.24847
8.21057
8.19263
8.16333
8.14691
8.11285
8.11255
8.09296
8.07654
8.0719
8.05237
8.08673
8.10938
8.09143
8.06683
8.05554
8.04248
8.03876
8.0672
8.06018
8.04095
8.03406
8.034
8.0473
8.0343
8.01764
8.00629
8.00317
7.95776
7.96405
7.99182
8.00507
8.021
8.0603
8.08325
8.07227
8.07318
8.05591
8.03278
8.03253
8.01831
8.01135
8.01959
8.02435
8.02148
8.02618
8.05042
8.03589
8.05206
8.06403
8.06018
8.052
8.06183
8.04761
8.00818
8.00317
7.98511
7.95703
7.94421
7.94415
7.97076
7.98358
7.99023
8.02777
8.04425
8.04248
8.0426
8.04419
8.05194
8.04419
8.02625
8.03284
8.01135
7.97888
7.94067
7.9707
8.01801
8.05042
8.08325
8.06531
8.08826
8.07349
8.09961
8.10938
8.26697
7.8783
6.61511
7.38617
7.75781
7.98328
8.0965
8.14563
8.15472
8.16992
8.21875
8.23865
8.25159
8.29071
8.3501
8.40045
8.45282
8.50507
8.53912
8.57855
8.60779
8.66809
8.70093
8.71912
8.73993
8.77808
8.79224
8.80078
8.81024
8.83521
8.84174
8.87238
8.87268
8.88232
8.89343
8.92651
8.94263
8.96246
8.98016
9.02625
9.05859
9.1012
9.15674
9.18781
9.2384
9.2597
9.28882
9.31836
9.33478
9.35596
9.38123
9.40204
9.43323
9.44141
9.44421
9.45776
9.46216
9.48865
9.50793
9.53748
9.58179
9.62933
9.67816
9.72034
9.75818
9.79895
9.82849
9.8313
9.84174
9.86926
9.88245
9.91205
9.91296
9.92963
9.95093
9.9527
9.98993
10.0215
10.059
10.0817
10.0836
10.1091
10.1192
10.1407
10.1671
10.1974
10.227
10.2599
10.3074
10.3415
10.3711
10.3969
10.4164
10.4379
10.4689
10.4805
10.4836
10.4918
10.513
10.5242
10.5425
10.5715
10.5898
10.611
10.6207
10.6305
10.6599
10.6832
10.7176
10.7582
10.7793
10.8087
10.8448
10.8544
10.8809
10.9004
10.9297
10.941
10.9691
10.9902
11.0129
11.0294
11.0505
11.0687
11.0962
11.1193
11.1293
11.1438
11.1703
11.1816
11.1943
11.2141
11.2488
11.2728
11.2726
11.2989
11.3106
11.3383
11.3661
11.3986
11.4285
11.4625
11.4899
11.5293
11.5406
11.552
11.5621
11.5703
11.5965
11.6192
11.657
11.6781
11.6797
11.6927
11.6996
11.7024
11.7289
11.7582
11.7859
11.8102
11.8398
11.8629
11.8644
11.9036
11.9329
11.9413
11.9493
11.9575
11.9836
11.9786
11.9899
12
12.0198
12.049
12.0899
12.1126
12.1292
12.1422
12.1618
12.1702
12.1797
12.1993
12.2156
12.2302
12.2324
12.2418
12.2599
12.2813
12.3171
12.3411
12.3676
12.4102
12.4398
12.4508
12.454
12.4773
12.5016
12.513
12.5313
12.541
12.5524
12.5621
12.5687
12.5898
12.5914
12.5997
12.6274
12.6488
12.6895
12.7024
12.7188
12.7301
12.7516
12.7793
12.7875
12.7989
12.809
12.827
12.8415
12.85
12.8516
12.8875
12.918
12.9704
12.9789
12.9934
13.0032
12.9937
12.9821
12.9723
12.9805
12.9918
13.0032
13.0226
13.0309
13.0765
13.091
13.1028
13.123
13.1309
13.1437
13.1535
13.1699
13.1926
13.2109
13.2289
13.2582
13.281
13.2844
13.3024
13.3203
13.33
13.3298
13.3317
13.3317
13.3481
13.3728
13.3992
13.4199
13.4133
13.4412
13.4528
13.4446
13.4609
13.4821
13.5
13.5473
13.5684
13.5817
13.5914
13.6094
13.6274
13.6306
13.6504
13.6699
13.6977
13.7219
13.7418
13.7434
13.7614
13.7792
13.8118
13.8398
13.861
13.8887
13.9297
13.9329
13.9528
13.9547
13.9625
13.9821
14.0016
14.0016
14.0329
14.0429
14.0586
14.0668
14.0699
14.0797
14.0715
14.0914
14.1508
15.008
13.1347
14.1736
14.1705
14.1174
14.1044
14.0589
14.0555
14.0277
14.0165
14.023
14.016
14.0001
13.9707
13.957
13.9379
13.9558
13.9294
13.9624
13.9754
14.0114
14.0359
14.0538
14.0408
14.0132
13.9915
13.9723
13.9672
13.9852
13.9985
13.9933
14.0012
13.975
13.9653
13.9656
13.9555
13.9524
13.9379
13.9327
13.923
13.9232
13.9249
13.9313
13.9508
13.9641
13.9719
13.9656
13.9722
13.9688
13.9457
13.9379
13.9366
13.9246
13.9235
13.9313
13.941
13.9528
13.9527
13.9606
13.9446
13.9231
13.902
13.8906
13.9016
13.9067
13.907
13.941
13.923
13.9149
13.9196
13.9301
13.9376
13.9543
13.9445
13.954
13.946
13.9329
13.9297
13.8841
13.8238
13.8333
13.8546
13.9052
13.9231
13.9133
13.9282
13.9133
13.9247
13.9392
14.0396
13.1133
13.2217
13.1539
13.5566
13.7789
13.8707
13.8871
13.9086
13.9591
14.0262
14.0621
14.0524
14.0984
14.1094
14.1501
14.1879
14.2223
14.2422
14.286
14.3267
14.3515
14.3723
14.3972
14.4149
14.4414
14.4719
14.5098
14.5407
14.5637
14.5918
14.6239
14.6503
14.6891
14.7224
14.7504
14.7809
14.8188
14.843
14.8398
14.879
14.9102
14.9313
14.9659
15.0012
15.0297
15.0634
15.0996
15.1176
15.1343
15.1716
15.1929
15.2286
15.2712
15.2828
15.3074
15.3216
15.3516
15.3727
15.384
15.4281
15.4512
15.477
15.4899
15.5363
15.5587
15.5703
15.5782
15.6278
15.6473
15.6619
15.6847
15.7056
15.7028
15.7223
15.7106
15.7189
15.7406
15.748
15.7497
15.7715
15.7828
15.8168
15.8219
15.8578
15.9165
15.9562
15.9886
16.0161
16.0687
16.0898
16.0927
16.1031
16.1309
16.1567
16.1746
16.1813
16.2094
16.2207
16.2285
16.2582
16.2809
16.3103
16.3289
16.3673
16.4
16.4117
16.4117
16.4395
16.4704
16.5265
16.549
16.559
16.5719
16.5438
16.5391
16.5129
16.5133
16.5375
16.5586
16.5782
16.5981
16.6375
16.657
16.6978
16.7109
16.7318
16.7438
16.7503
16.7728
16.7794
16.7891
16.809
16.8235
16.814
16.843
16.845
16.8712
16.9036
16.9547
16.9883
17.0246
17.049
17.0687
17.07
17.0817
17.0999
17.0993
17.1193
17.1406
17.1602
17.1372
17.1425
17.1633
17.1832
17.209
17.2497
17.2797
17.3004
17.3122
17.314
17.32
17.3203
17.3298
17.3481
17.3434
17.3614
17.361
17.3726
17.3805
17.3903
17.3922
17.4266
17.4426
17.4509
17.4531
17.4524
17.4609
17.4867
17.4997
17.518
17.541
17.5703
17.5817
17.5947
17.6035
17.6145
17.6243
17.6243
17.6223
17.6241
17.6305
17.6419
17.6667
17.6696
17.6797
17.6816
17.7111
17.7371
17.7597
17.7708
17.7922
17.8105
17.8199
17.8051
17.8102
17.8204
17.8401
17.861
17.897
17.9184
17.9492
17.9801
18
18.0195
18.0243
18.041
18.0325
18.0032
18
18.013
18.0297
18.0394
18.0505
18.0621
18.0554
18.0422
18.0406
18.0406
18.0519
18.0587
18.0867
18.0977
18.1107
18.1489
18.1782
18.2008
18.2188
18.2333
18.2519
18.2715
18.2664
18.2617
18.2731
18.2629
18.2797
18.2894
18.2922
18.2906
18.2988
18.3118
18.2957
18.3022
18.3184
18.3395
18.343
18.3611
18.3891
18.4004
18.3891
18.4004
18.4118
18.394
18.3918
18.4117
18.4235
18.4235
18.425
18.4496
18.443
18.4625
18.4723
18.4918
18.5016
18.5051
18.5149
18.5133
18.5313
18.5262
18.559
18.5801
18.5914
18.6094
18.6289
18.6418
18.6503
18.65
18.6582
18.6516
18.6582
18.6598
18.6715
18.6813
18.6813
18.673
18.6634
18.6703
18.6801
18.6715
18.6699
18.7008
18.855
19.3777
18.0597
18.7555
18.7593
18.7335
18.7731
18.7695
18.7336
18.7171
18.6824
18.6633
18.6454
18.6239
18.5961
18.5848
18.5652
18.5555
18.5476
18.552
18.5129
18.5392
18.5261
18.4949
18.4817
18.5097
18.5161
18.5293
18.5242
18.5211
18.516
18.5063
18.5048
18.5426
18.5539
18.5343
18.5344
18.5438
18.5144
18.4965
18.5047
18.513
18.5132
18.5129
18.5215
18.5309
18.5231
18.5325
18.5229
18.5142
18.5082
18.5032
18.4852
18.4738
18.4738
18.4637
18.4641
18.4477
18.4446
18.4301
18.4278
18.4414
18.459
18.4413
18.4442
18.4379
18.4344
18.4067
18.42
18.4382
18.4313
18.4477
18.4427
18.4332
18.4427
18.4528
18.4495
18.4688
18.4998
18.5821
20.2369
21.1469
20.1473
19.1594
18.9466
18.8783
18.8326
18.7514
17.0215
14.9182
16.1271
18.5529
18.8086
18.7078
18.6499
18.6239
18.6043
18.5554
18.5388
19.21
15.8464
18.4662
18.04
18.2742
18.3301
18.3427
18.3773
18.4332
18.4739
18.4867
18.5129
18.5314
18.5543
18.5262
18.5262
18.5149
18.533
18.5653
18.5868
18.5883
18.6095
18.6293
18.6371
18.6293
18.67
18.6813
18.7078
18.7302
18.7321
18.7598
18.7485
18.7562
18.7563
18.7695
18.7598
18.7532
18.7418
18.7516
18.7585
18.781
18.7797
18.7891
18.802
18.8105
18.8398
18.8595
18.8694
18.8989
18.9004
18.9102
18.9086
18.9184
18.9114
18.9105
18.9119
18.9102
18.9067
18.9282
18.9376
18.9282
18.9384
18.9575
18.9543
18.9691
18.9817
18.9905
18.993
19
19.0101
19
18.9903
18.9949
18.9982
19.0281
19.0372
19.0328
19.0211
19.0293
19.0359
19.0392
19.0457
19.0457
19.0669
19.0884
19.1261
19.1321
19.1422
19.1523
19.1599
19.1602
19.152
19.1602
19.1602
19.1598
19.1602
19.15
19.1617
19.1715
19.1927
19.198
19.2466
19.2484
19.2544
19.2599
19.2504
19.2548
19.2516
19.2437
19.245
19.2601
19.279
19.2699
19.2892
19.327
19.3379
19.3298
19.3402
19.3314
19.3317
19.3223
19.3301
19.3398
19.3399
19.366
19.397
19.4301
19.4215
19.4199
19.4199
19.4329
19.4116
19.3918
19.3809
19.3938
19.3922
19.3903
19.4086
19.4313
19.4692
19.4789
19.4903
19.4755
19.4723
19.4543
19.4492
19.4705
19.4789
19.4789
19.4769
19.4622
19.4609
19.4578
19.4688
19.459
19.4508
19.4508
19.4626
19.4609
19.4606
19.4704
19.489
19.493
19.5016
19.5183
19.5032
19.5098
19.5195
19.5211
19.5278
19.5508
19.5507
19.5587
19.5426
19.5328
19.5328
19.5129
19.5359
19.5504
19.5785
19.598
19.6013
19.5817
19.5898
19.5715
19.5833
19.582
19.6094
19.6028
19.6078
19.6078
19.598
19.6078
19.5993
19.5996
19.6094
19.6144
19.6211
19.6387
19.6418
19.6288
19.6399
19.6504
19.6633
19.6699
19.6813
19.7074
19.7172
19.7142
19.7125
19.693
19.6816
19.673
19.6828
19.6927
19.7113
19.7305
19.7285
19.7368
19.75
19.7387
19.7352
19.7144
19.7223
19.7203
19.691
19.6828
19.6735
19.6863
19.691
19.6942
19.6816
19.6879
19.673
19.673
19.663
19.6719
19.7176
19.75
19.7566
19.7692
19.7875
19.8004
19.7809
19.7824
19.7742
19.7726
19.7809
19.7792
19.7806
19.791
19.791
19.8024
19.8105
19.8133
19.8102
19.8184
19.8219
19.7942
19.7793
19.7891
19.8024
19.8059
19.7929
19.8203
19.8199
19.8297
19.8215
19.8199
19.8102
19.802
19.7988
19.7906
19.7922
19.7922
19.7992
19.8281
19.8594
19.8691
19.8789
19.8903
19.8809
19.8922
19.8809
19.8528
19.8398
19.8398
19.8414
19.8414
19.8496
19.8691
19.8805
19.8918
19.8953
19.882
19.8706
19.8787
19.8887
19.8906
19.9055
19.8966
21.1883
18.8237
19.9545
20.0118
19.9225
19.8906
19.895
19.9167
19.9359
19.9473
19.9379
19.9265
19.9246
19.9004
19.8984
19.8855
19.9031
19.8953
19.884
19.8824
19.882
19.8918
19.8821
19.8738
19.8723
19.8625
19.8543
19.8543
19.866
19.8565
19.8625
19.8739
19.8723
19.8528
19.861
19.8641
19.8527
19.8465
19.845
19.8629
19.8543
19.8707
19.8641
19.8544
19.8512
19.8528
19.8466
19.8516
19.8434
19.8629
19.8531
19.8625
19.8625
19.8676
19.8644
19.8657
19.8805
19.8903
19.8938
19.8938
19.8644
19.861
19.8331
19.8414
19.8333
19.8333
19.8434
19.8336
19.8531
19.8645
19.8727
19.8743
19.8727
19.8727
19.8727
19.8809
19.8727
19.8644
19.8625
19.8824
19.894
19.8622
19.859
19.859
19.859
19.8724
19.8594
19.8887
19.8922
19.9117
19.8934
19.8754
19.8758
19.8528
19.83
19.8215
19.8184
19.8282
19.8317
19.8333
19.8594
19.8629
19.8824
19.8676
19.8726
19.8641
19.8727
19.8563
19.8547
19.8495
19.8591
19.843
19.848
19.8594
19.861
19.8661
19.855
19.8727
19.8743
19.8563
19.8512
19.843
19.8563
19.8727
19.8741
19.8821
19.884
19.902
19.884
19.8809
19.8922
19.8758
19.8824
19.8742
19.871
19.8805
19.8903
19.9004
19.9117
19.9031
19.895
19.8808
19.8707
19.8691
19.8527
19.8461
19.8528
19.8727
19.8808
19.884
19.9035
19.9098
19.923
19.9133
19.8758
19.8613
19.841
19.8312
19.8235
19.832
19.8417
19.8246
19.802
19.7922
19.804
19.7941
19.8004
19.8266
19.8395
19.8578
19.861
19.8594
19.843
19.8251
19.8237
19.8234
19.8055
19.8121
19.804
19.8059
19.8043
19.8024
19.8121
19.8203
19.8121
19.807
19.8023
19.7906
19.7789
19.7922
19.7922
19.7809
19.7926
19.8008
19.8137
19.7988
19.8282
19.8336
19.8317
19.8398
19.8414
19.8348
19.7958
19.7926
19.7747
19.7828
19.7761
19.7711
19.7727
19.7828
19.8008
19.8025
19.8105
19.8317
19.8398
19.8497
19.8333
19.8137
19.8087
19.8102
19.7923
19.7649
19.7598
19.7875
19.7922
19.7809
19.8071
19.8219
19.8219
19.804
19.8188
19.8219
19.8219
19.8022
19.8282
19.8578
19.8547
19.8414
19.8512
19.8317
19.8301
19.8153
19.8121
19.804
19.8008
19.8102
19.8118
19.8105
19.8219
19.825
19.8235
19.8055
19.8024
19.7926
19.7731
19.7633
19.7715
19.7715
19.7516
19.7895
19.8105
19.8023
19.8021
19.7906
19.7922
19.7906
19.7844
19.7695
19.7747
19.7926
19.7828
19.7747
19.7813
19.7828
19.7633
19.7633
19.7617
19.7692
19.791
19.791
19.8005
19.8105
19.8302
19.8418
19.8333
19.8333
19.8333
19.8251
19.8172
19.788
19.7649
19.7617
19.7449
19.75
19.7501
19.75
19.7793
19.7988
19.7906
19.7809
19.7743
19.7614
19.75
19.7516
19.7614
19.7598
19.7809
19.7828
19.7828
19.7731
19.7731
19.7715
19.7813
19.773
19.7711
19.7809
19.7906
19.7809
19.7906
19.7988
19.7906
19.7825
19.7907
19.7747
19.7828
19.7813
19.791
19.7942
19.7926
19.7828
19.7747
19.7649
19.773
19.7892
19.7843
19.7906
19.7906
19.7891
19.7825
19.7629
19.7548
19.7336
19.7321
19.7239
19.7192
19.7141
19.7203
19.7465
19.7649
19.7633
19.7813
19.7747
19.791
19.7813
19.7793
19.7774
19.7973
19.8004
19.8086
19.8199
19.8235
19.8173
19.8058
19.8121
19.8121
19.8121
19.8317
19.8235
19.8399
19.845
19.8238
19.8219
19.7844
19.7665
19.7516
19.7434
19.7633
19.7633
19.7715
19.7809
19.7727
19.7614
19.75
19.7516
19.7418
19.7383
19.7383
19.7399
19.7516
19.75
19.7434
19.7321
19.7484
19.7516
19.7598
19.7711
19.7711
19.7844
19.7844
19.7844
19.7844
19.7664
19.7649
19.7535
19.7434
19.7434
19.7336
19.7402
19.7321
19.7422
19.7422
19.7633
19.7551
19.7535
19.7454
19.7633
19.7438
19.734
19.7242
19.7161
19.7047
19.7141
19.7141
19.7239
19.7418
19.7516
19.7614
19.7516
19.7418
19.75
19.7434
19.732
19.7399
19.75
19.7516
19.7516
19.7418
19.7402
19.7418
19.7239
19.7306
19.7324
19.7289
19.7321
19.7223
19.7406
19.7239
19.7305
19.7122
19.709
19.7106
19.709
19.6926
19.6812
19.6793
19.6614
19.6598
19.6516
19.6418
19.6504
19.6438
19.6536
19.6617
19.6324
19.6305
19.6207
19.6191
19.6208
19.6191
19.6488
19.6536
19.6453
19.6422
19.6582
19.6614
19.6614
19.668
19.7059
19.7008
19.7008
19.7009
19.6714
19.6516
19.6337
19.6321
19.6305
19.6223
19.6403
19.65
19.6617
19.6454
19.6504
19.6438
19.6683
19.6715
19.6617
19.6566
19.6696
19.6696
19.6598
19.6418
19.6598
19.6532
19.6438
19.6324
19.6305
19.6387
19.6207
19.6191
19.6207
19.6305
19.6418
19.6602
19.6813
19.7028
19.7125
19.7141
19.7043
19.6864
19.6766
19.6637
19.6637
19.6636
19.6699
19.6813
19.6719
19.6735
19.6801
19.675
19.6781
19.7012
19.6864
19.6735
19.6535
19.6438
19.6243
19.5867
19.5918
19.6016
19.5852
19.5754
19.6016
19.6113
19.6145
19.6309
19.6407
19.6622
19.6458
19.6458
19.6621
19.6653
19.6735
19.6668
19.6981
19.691
19.6629
19.6403
19.6418
19.6403
19.6238
19.6028
19.6191
19.6602
19.6617
19.6716
19.6699
19.6714
19.6731
19.6536
19.6238
19.6028
19.6309
19.6309
19.6387
19.6305
19.6289
19.6387
19.652
19.6356
19.6324
19.6422
19.6422
19.652
19.6617
19.6617
19.652
19.6422
19.6161
19.6031
19.5817
19.5898
19.6094
19.6191
19.6305
19.6243
19.6211
19.6309
19.6227
19.6129
19.595
19.598
19.6013
19.6012
19.5817
19.5817
19.6196
19.6144
19.5961
19.5864
19.593
19.5914
19.5735
19.5703
19.588
19.6012
19.6028
19.593
19.6012
19.6129
19.5966
19.5817
19.5996
19.593
19.6113
19.6309
19.6504
19.6602
19.6832
19.6832
19.6653
19.6653
19.6637
19.6441
19.6243
19.611
19.6113
19.6031
19.6195
19.6145
19.6293
19.6243
19.6243
19.6191
19.6028
19.611
19.5914
19.6016
19.5981
19.5833
19.5898
19.5898
19.5797
19.5751
19.554
19.5524
19.5425
19.5341
19.5422
19.5524
19.5621
19.5621
19.5703
19.5801
19.5801
19.5684
19.5602
19.5618
19.5817
19.5656
19.5637
19.5801
19.593
19.5833
19.575
19.5735
19.5621
19.5621
19.5621
19.5524
19.559
19.5406
19.5407
19.5344
19.5231
19.5231
19.541
19.541
19.5328
19.5297
19.5133
19.5215
19.5231
19.5344
19.5245
19.5129
19.5309
19.5325
19.5426
19.5524
19.5543
19.5559
19.5543
19.5425
19.5211
19.5227
19.5293
19.5488
19.5422
19.5605
19.5817
19.5719
19.5801
19.5817
19.5735
19.5719
19.5801
19.5817
19.5739
19.5754
19.5836
19.5918
19.5836
19.5836
19.5735
19.5637
19.5605
19.536
19.5179
19.5114
19.5
19.5
19.4899
19.5
19.5195
19.5325
19.5341
19.5422
19.5602
19.557
19.5524
19.5406
19.5504
19.5504
19.5325
19.5472
19.5504
19.5719
19.5735
19.5735
19.5621
19.5458
19.5524
19.5605
19.5618
19.5438
19.5703
19.5832
19.5766
19.5621
19.5867
19.593
19.5914
19.5898
19.5996
19.5848
19.5621
19.5524
19.5426
19.5391
19.5227
19.5129
19.5293
19.5391
19.5341
19.5508
19.5523
19.5602
19.5649
19.5637
19.5902
19.5934
19.5703
19.5605
19.5672
19.5719
19.552
19.552
19.5684
19.575
19.5836
19.5833
19.5914
19.5634
19.552
19.5586
19.5406
19.5422
19.5422
19.5602
19.552
19.552
19.5602
19.5391
19.5195
19.5098
19.4934
19.4739
19.4918
19.4918
19.5098
19.5195
19.5328
19.549
19.559
19.5719
19.5817
19.6196
19.6324
19.6422
19.6324
19.6403
19.634
19.6211
19.6113
19.6031
19.5996
19.6145
19.6028
19.5848
19.5817
19.5801
19.5817
19.5719
19.5687
19.598
19.6012
19.611
19.6028
19.5945
19.5832
19.5915
19.5836
19.5817
19.5817