-4.63641
-4.31E+00
-4.01E+00
-3.88385
-3.75775
-3.64398
-3.52777
-3.41357
-3.29E+00
-3.20233
-3.1192
-3.01312
-2.8952
-2.83002
-2.73E+00
-2.64996
-2.57843
-2.52148
-2.78E+00
-2.38E+00
-2.35663
-2.37262
-2.30219
-2.19403
-2.1109
-2.07E+00
-2.01E+00
-1.95575
-1.91E+00
-1.87E+00
-1.81E+00
-1.75E+00
-1.68E+00
-1.60455
-1.55035
-1.51E+00
-1.47E+00
-1.44E+00
-1.39E+00
-1.35E+00
-1.30E+00
-1.23859
-1.22E+00
-1.19E+00
-1.14E+00
-1.06866
-1.00977
-9.56E-01
-0.93158
-8.93E-01
-8.81E-01
-8.63E-01
-8.37E-01
-7.86E-01
-7.27E-01
-0.678162
-0.644104
-5.97E-01
-5.62E-01
-5.34E-01
-5.02E-01
-4.90E-01
-4.46E-01
-4.07E-01
-3.73E-01
-3.27E-01
-2.68E-01
-1.98E-01
-1.32E-01
-9.96E-02
-8.17E-02
-3.44E-02
-2.27E-13
4.54E-02
7.51E-02
1.32E-01
0.132019
2.41382
2.67059
2.68549
2.79944
-0.0791626
2.263
-0.143005
-0.783691
-0.538635
-0.504456
-0.516296
-0.516052
-0.50177
-0.499939
-0.490173
-0.467224
-0.472717
-0.490662
-0.482361
-0.485535
-0.4953
-0.47699
-4.69E-01
-0.438293
-0.402039
-0.369934
-0.374634
-0.366821
-0.366394
-0.34845
-0.326965
-0.309021
-0.287903
-0.258606
-0.255188
-0.255493
-0.253845
-0.244995
-0.225769
-0.194519
-0.15863
-0.114746
-0.0965576
-0.0691528
-0.0641479
-0.0366821
-0.0247192
-0.0148315
-3.54E-03
4.70E-03
0.0343018
0.0551758
0.0847778
0.132385
0.171082
0.17926
0.185913
0.207336
0.233215
0.239807
0.246399
0.287537
0.29718
0.30658
0.336365
0.34613
0.377258
0.406677
0.406555
0.416382
0.427673
0.455872
0.467102
0.478455
0.504272
0.52887
5.47E-01
0.566345
0.600769
0.637146
0.64679
0.65155
0.641663
0.638611
0.657776
0.660095
0.677734
0.717163
0.747986
0.76593
0.824585
0.857361
0.880371
0.888245
0.919128
0.911255
0.904724
0.919861
0.939392
0.957031
0.96051
0.970276
0.998047
1.01776
1.0484
1.05664
1.06476
1.09412
1.11713
1.11713
1.12189
1.12061
1.12189
1.13861
1.15973
1.17596
1.19684
1.22028
1.24994
1.25275
1.271
1.29047
1.29181
1.32806
1.33087
1.36713
1.38824
1.41791
1.43085
1.45898
1.487
1.52533
1.53363
1.55853
1.58124
1.60266
1.61908
1.65778
1.66791
1.67267
1.68115
1.67096
1.68744
1.69061
1.69873
1.73004
1.76123
1.77252
1.78229
1.77374
1.78204
1.79053
1.80194
1.82025
1.85077
1.86896
1.87842
1.8996
1.92096
1.95038
1.95026
1.96991
1.97369
1.99799
1.99298
1.99164
2.00897
2.03033
2.0238
2.03229
2.04053
2.05182
2.06982
2.0827
2.07111
2.10071
2.12018
2.14142
2.18744
2.21832
2.24799
2.24756
2.25897
2.2511
2.25104
2.24255
2.26752
2.30182
2.32306
2.35107
2.36237
2.37341
2.38507
2.40143
2.42267
2.42609
2.4624
2.46552
2.48474
2.48309
2.49133
2.5011
2.50275
2.51129
2.52258
2.53387
2.57147
2.5929
2.60419
2.6203
2.6319
2.63196
2.63507
2.63513
2.65344
2.67297
2.6925
2.72345
2.7464
2.77258
2.77252
2.79993
2.81134
2.81317
2.81006
2.82141
2.83124
2.84912
2.87024
2.875
2.89838
2.91125
2.92102
2.94208
2.9715
2.97333
2.99445
3.02216
3.0304
3.05145
3.08441
3.1109
3.12219
3.14172
3.14484
3.1629
3.16632
3.14679
3.14325
3.14172
3.15302
3.17267
3.1745
3.18427
3.19562
3.23975
3.26404
3.27094
3.29016
3.32111
3.32465
3.32489
3.31512
3.33466
3.31671
3.33118
3.32141
3.35071
3.38165
3.37372
3.40149
3.42102
3.4339
3.44208
3.4339
3.4339
3.4422
3.4538
3.45697
3.46204
3.48157
3.49133
3.50433
3.53235
3.54364
3.55499
3.56476
3.56317
3.55658
3.56317
3.56317
3.5816
3.59094
3.61371
3.63196
3.65302
3.69403
3.71515
3.74286
3.75427
3.76117
3.77216
3.78046
3.77386
3.76593
3.78387
3.96527
3.34003
3.33807
3.46967
3.59369
3.63959
3.64276
3.64447
3.67908
3.66083
3.78229
4.13409
4.41998
4.61102
4.67413
4.75775
4.75421
4.80341
4.88348
4.93427
4.97345
5.03406
5.09912
5.12842
5.17102
5.17755
5.20697
5.19208
5.19366
5.18549
5.1839
5.2038
5.25262
5.30341
5.31635
5.32611
5.34442
5.35217
5.34723
5.37061
5.4093
5.43231
5.46173
5.48309
5.49799
5.49432
5.48779
5.47955
5.47491
5.47028
5.46661
5.47968
5.52094
5.55621
5.56506
5.57465
5.57953
5.58282
5.57452
5.58636
5.58459
5.59601
5.59723
5.58929
5.59875
5.60071
5.60577
5.58575
5.5957
5.59247
5.59442
5.60223
5.60388
5.63196
5.63348
5.65472
5.64166
5.66443
5.65814
5.66272
5.57086
5.5744
5.71918
5.79266
5.80853
5.78351
5.77252
5.76398
5.75433
5.85992
6.79382
5.02191
4.34479
4.90411
5.02649
5.04077
5.03247
4.99335
4.95709
4.94922
4.92621
4.91632
4.9082
4.89685
4.87067
4.86871
4.86908
4.86865
4.86719
4.88672
4.88861
4.88
4.88818
4.90314
4.89679
4.87531
4.87213
4.8999
4.8996
4.91949
4.93115
4.96869
4.96521
4.96399
4.97021
4.98975
4.99103
4.99127
5.00311
5.02252
5.03046
5.04559
5.07135
5.08246
5.10266
5.12384
5.10413
5.13824
5.15143
5.15619
5.14642
5.18079
5.21527
5.22681
5.2511
5.28241
5.30029
5.32135
5.34259
5.36908
5.37219
5.38153
5.38324
5.39203
5.3996
5.41119
5.44379
5.46198
5.49133
5.52887
5.54364
5.56171
5.57483
5.58441
5.58624
5.57483
5.58441
5.57635
5.58441
5.57648
5.61078
5.63165
5.64172
5.66949
5.67578
5.6842
5.68402
5.7038
5.6972
5.7171
5.74176
5.7558
5.78204
5.80023
5.82465
5.84283
5.85419
5.87842
5.88165
5.90338
5.93243
5.94873
5.97333
5.98309
6.02228
6.05334
6.07458
6.10577
6.11395
6.125
6.12531
6.1319
6.10699
6.09088
6.12225
6.12408
6.15314
6.17291
6.17444
6.17731
6.17767
6.19403
6.20856
6.2171
6.24329
6.28229
6.30145
6.31439
6.33148
6.34247
6.35388
6.37372
6.37531
6.3819
6.37531
6.38348
6.39288
6.39642
6.41632
6.4538
6.48309
6.51404
6.51593
6.54053
6.54364
6.56158
6.57294
6.57458
6.6026
6.61237
6.62341
6.63348
6.65302
6.66443
6.69598
6.73468
6.7558
6.77533
6.78705
6.79205
6.80157
6.79364
6.80353
6.81158
6.85272
6.85614
6.87213
6.92255
6.92572
6.94562
6.95538
6.9765
6.96661
6.97491
7.00421
7.03552
7.06195
7.09259
7.14014
7.16949
7.18896
7.21014
7.23151
7.26093
7.27881
7.29993
7.31134
7.31317
7.31476
7.29364
7.2674
7.2558
7.26398
7.26563
7.27765
7.27924
7.29401
7.32141
7.35382
7.375
7.39172
7.43231
7.43549
7.44366
7.44366
7.45343
7.46161
7.47491
7.47491
7.47491
7.4765
7.49481
7.51434
7.54364
7.56989
7.59442
7.58783
7.60266
7.60742
7.60413
7.60736
7.61395
7.64484
7.64484
7.65771
7.6662
7.69366
7.72308
7.73627
7.77216
7.78546
7.80499
7.82489
7.83783
7.84436
7.862
7.875
7.89325
7.89484
7.90302
7.91437
7.91791
7.92609
7.94403
7.97333
8.00275
8.02411
8.03387
8.04523
8.07294
8.06635
8.08466
8.08624
8.12384
8.13544
8.15344
8.1745
8.20227
8.2135
8.20502
8.23285
8.25262
8.25775
8.2757
8.28705
8.29523
8.28864
8.28546
8.30341
8.32288
8.33075
8.34222
8.3902
8.41449
8.42609
8.43744
8.46198
8.48431
8.48975
8.50616
8.54364
8.57294
8.58783
8.58429
8.59564
8.58588
8.58588
8.58429
8.61047
8.60382
8.60223
8.62494
8.6449
8.66315
8.68231
8.70032
8.71161
8.7132
8.71161
8.72308
8.75421
9.01752
8.44073
8.25555
8.33484
8.40448
8.45331
8.47479
8.49243
8.52875
8.4975
8.69562
9.18488
9.4231
9.53711
9.58771
9.67413
9.72491
9.77252
9.7934
9.77875
9.81171
9.93634
9.95227
9.95526
9.95856
10.0422
10.0765
10.0797
10.114
10.1074
10.1253
10.1432
10.1464
10.1578
10.1577
10.1675
10.1773
10.176
10.1871
10.2054
10.215
10.2281
10.2562
10.2576
10.2656
10.2871
10.2873
10.2804
10.2905
10.3066
10.316
10.3183
10.3167
10.3261
10.3163
10.3066
10.2968
10.2968
10.3034
10.287
10.2756
10.2754
10.2609
10.2561
10.2574
10.2788
10.2855
10.2838
10.2949
10.305
10.3085
10.2968
10.3201
10.3683
10.3852
10.3901
10.4063
10.3968
10.3983
10.4241
10.2469
10.2444
10.4114
10.4804
10.5046
10.4946
10.5128
10.5319
10.5729
10.6568
11.1126
9.53265
9.07123
9.49042
9.5921
9.60321
9.61761
9.61444
9.61725
9.59454
9.59442
9.55975
9.55695
9.54022
9.54059
9.55658
9.56836
9.57806
9.59137
9.59955
9.59283
9.5827
9.58435
9.58307
9.60065
9.62695
9.66943
9.69061
9.71002
9.72504
9.7417
9.76904
9.78705
9.81989
9.84088
9.84088
9.85236
9.86041
9.87018
9.88202
9.90497
9.93231
9.96002
9.98126
10.001
10.0303
10.0617
10.0913
10.0957
10.1124
10.132
10.1348
10.1417
10.1528
10.1581
10.137
10.1168
10.1234
10.137
10.1564
10.1887
10.23
10.2446
10.2609
10.2819
10.3132
10.3132
10.3344
10.3526
10.3754
10.3819
10.3914
10.4339
10.462
10.4832
10.5241
10.5291
10.5547
10.5733
10.5957
10.614
10.6334
10.6543
10.6729
10.6773
10.7038
10.6972
10.712
10.7266
10.735
10.7526
10.7983
10.841
10.8624
10.8753
10.9046
10.9163
10.9097
10.9144
10.9421
10.9538
10.962
11.0027
11.0193
11.0352
11.0355
11.0616
11.0827
11.0843
11.0941
11.1039
11.1237
11.1511
11.1758
11.2135
11.2444
11.2574
11.2823
11.2804
11.2854
11.2867
11.3132
11.3425
11.3785
11.4097
11.4324
11.4522
11.457
11.4542
11.457
11.475
11.4768
11.4749
11.4765
11.4831
11.5026
11.5206
11.5516
11.5894
11.6301
11.6448
11.6647
11.6741
11.7199
11.7347
11.7624
11.7722
11.8034
11.8066
11.8245
11.8276
11.8378
11.8377
11.8487
11.8851
11.905
11.9343
11.9554
11.9749
11.996
11.9683
11.9933
12.0143
12.0421
12.0616
12.1024
12.1335
12.1562
12.1546
12.1546
12.153
12.1445
12.1644
12.2003
12.2265
12.2385
12.2578
12.2756
12.2753
12.2769
12.3031
12.3132
12.3527
12.3655
12.3917
12.4227
12.4343
12.4518
12.473
12.4913
12.5206
12.5355
12.544
12.5534
12.5909
12.5941
12.625
12.6253
12.6269
12.653
12.6545
12.6757
12.6859
12.7055
12.7418
12.7531
12.7725
12.7675
12.794
12.8428
12.8475
12.8585
12.8671
12.8769
12.8851
12.8867
12.8948
12.9327
12.9554
12.9554
12.9749
12.9945
13.0245
13.0327
13.0714
13.0941
13.0976
13.1155
13.1089
13.1074
13.1252
13.1249
13.1249
13.1089
13.1237
13.1351
13.127
13.1257
13.1155
13.1417
13.1562
13.1757
13.2057
13.2253
13.253
13.2819
13.3015
13.3128
13.3307
13.352
13.3753
13.3851
13.3769
13.4
13.4144
13.416
13.4046
13.416
13.4081
13.3885
13.4225
13.434
13.4653
13.5015
13.5241
13.5421
13.5452
13.555
13.5729
13.6039
13.6077
13.6273
13.6468
13.6369
13.6234
13.6335
13.6315
13.63
13.6429
13.6608
13.6821
13.6777
13.7151
13.7249
13.7315
13.7508
13.764
13.7839
13.8035
13.8166
13.8327
13.8441
13.8538
13.8702
13.8914
13.8964
13.903
13.9128
13.9046
13.8932
13.8817
14.1682
13.4793
13.51
13.5401
13.638
13.6884
13.6982
13.7147
13.7131
13.6823
13.8378
14.2157
14.5067
14.7024
14.7952
14.8281
14.8045
14.8441
14.9063
14.9373
14.9554
15.1091
15.1369
15.1558
15.1462
15.1461
15.1745
15.2038
15.2089
15.2252
15.2163
15.228
15.2249
15.2363
15.2574
15.2674
15.2949
15.2999
15.3081
15.3085
15.3163
15.3146
15.3277
15.3576
15.3554
15.3475
15.357
15.3476
15.3361
15.3539
15.3574
15.3757
15.385
15.38
15.3769
15.3784
15.375
15.3849
15.3832
15.3769
15.3932
15.3882
15.3964
15.3983
15.4077
15.416
15.4319
15.4207
15.4265
15.4245
15.4144
15.4062
15.4406
15.4455
15.4453
15.4455
15.4636
15.4664
15.4979
15.4661
15.317
15.251
15.3845
15.4426
15.4504
15.4507
15.4601
15.444
15.4636
15.5294
16.1403
14.8712
14.0067
14.5659
14.7394
14.7435
14.7192
14.7137
14.6957
14.6782
14.6711
14.6828
14.7039
14.7218
14.748
14.7562
14.7492
14.7578
14.7805
14.7803
14.7805
14.8018
14.8211
14.8245
14.8214
14.8292
14.8245
14.8441
14.8362
14.8265
14.8428
14.8703
14.9003
14.928
14.9601
14.9831
15.0191
15.0568
15.055
15.0613
15.0812
15.0827
15.0925
15.1219
15.1514
15.1729
15.2137
15.2237
15.2625
15.2722
15.2902
15.3233
15.3589
15.3965
15.4113
15.4503
15.4749
15.4946
15.503
15.5109
15.5241
15.5401
15.5452
15.5452
15.5683
15.5843
15.6237
15.6531
15.7006
15.7066
15.735
15.7365
15.7559
15.7725
15.7852
15.8132
15.8249
15.8378
15.8558
15.8655
15.8932
15.9046
15.9245
15.962
15.9648
15.9765
15.9748
16.0106
16.0273
16.0421
16.0796
16.0942
16.0956
16.0862
16.0765
16.1108
16.1152
16.1354
16.1432
16.166
16.1742
16.1924
16.2168
16.2155
16.2707
16.2921
16.3133
16.3362
16.3425
16.3734
16.3741
16.3851
16.3882
16.4131
16.4144
16.4258
16.444
16.4831
16.4863
16.4932
16.496
16.4945
16.521
16.5242
16.5307
16.5417
16.5613
16.5566
16.5648
16.5647
16.5807
16.5906
16.614
16.6351
16.6534
16.6713
16.6937
16.6871
16.712
16.7448
16.7672
16.8034
16.8214
16.8519
16.8472
16.8574
16.8459
16.862
16.8945
16.9062
16.9424
16.9506
16.9731
16.9765
16.993
16.9835
17.0026
17.0237
17.0418
17.0554
17.0667
17.0569
17.0632
17.0613
17.0729
17.0827
17.0941
17.1026
17.132
17.1432
17.1526
17.1609
17.1741
17.1562
17.1546
17.1643
17.1641
17.1741
17.194
17.2136
17.2167
17.2136
17.2152
17.2335
17.2413
17.2643
17.3
17.3409
17.362
17.3867
17.3948
17.4014
17.4144
17.4062
17.4241
17.4339
17.4355
17.4617
17.4733
17.4866
17.5128
17.5226
17.5159
17.5159
17.5258
17.5323
17.5515
17.5894
17.6317
17.6514
17.671
17.6743
17.6761
17.6745
17.6843
17.6874
17.6874
17.7038
17.6956
17.712
17.7053
17.7133
17.7151
17.7249
17.7296
17.7366
17.7546
17.7479
17.7526
17.7804
17.8098
17.8229
17.8425
17.8621
17.8737
17.8655
17.8671
17.8558
17.8574
17.8541
17.8734
17.8929
17.9144
17.9339
17.9518
17.9648
17.9468
17.9355
17.944
17.9636
17.9749
17.9847
17.9863
18.0046
18.0159
18.0257
18.0339
18.0355
18.0339
18.0616
18.0746
18.0944
18.1077
18.1061
18.1273
18.1288
18.1354
18.137
18.1191
18.1257
18.1437
18.1452
18.1484
18.1468
18.155
18.1678
18.1479
18.1628
18.1725
18.166
18.1679
18.1663
18.1725
18.1874
18.1694
18.194
18.2233
18.2347
18.2526
18.2526
18.2624
18.2757
18.2757
18.2921
18.3132
18.3163
18.3426
18.3542
18.3538
18.3441
18.3442
18.4483
18.0289
17.8654
17.9406
18.0483
18.1052
18.1165
18.1147
18.0611
17.981
18.1223
18.5266
18.861
19.0653
19.1187
19.194
19.2413
19.3167
19.3636
19.3769
19.4144
19.5571
19.5597
19.5648
19.5861
19.6136
19.6514
19.6953
19.6968
19.7065
19.71
19.7285
19.7315
19.7084
19.6968
19.6871
19.6871
19.6877
19.6874
19.6988
19.6889
19.689
19.6957
19.6971
19.689
19.7101
19.7151
19.7023
19.6955
19.7266
19.7283
19.7281
19.7265
19.7285
19.7331
19.7344
19.7202
19.7248
19.7363
19.7202
19.7183
19.7187
19.7167
19.7167
19.7269
19.7464
19.7643
19.7576
19.7378
19.7363
19.7183
19.7089
19.7053
19.7148
19.7167
19.7167
19.7347
19.7526
19.7741
21.3891
22.6786
22.1518
20.2985
19.7073
19.5218
19.4487
19.3804
18.8133
15.6956
14.7007
17.2224
18.4119
18.5533
18.5957
18.5764
18.5628
18.5551
18.5616
19.7539
17.7131
18.5935
18.3882
18.6766
18.7979
18.7891
18.7532
18.7634
18.7598
18.753
18.7167
18.6777
18.6578
18.6398
18.6171
18.6172
18.6089
18.632
18.6581
18.6953
18.694
18.6777
18.6827
18.707
18.7316
18.7496
18.7593
18.7628
18.7526
18.7574
18.7792
18.782
18.7823
18.8022
18.8215
18.8135
18.8292
18.8391
18.8511
18.8754
18.8737
18.8851
18.8951
18.9125
18.9144
18.9343
18.9406
18.949
18.9617
18.9456
18.962
18.9651
18.993
19.0128
19.0319
19.0551
19.0651
19.0711
19.0929
19.1238
19.1417
19.1451
19.1563
19.1546
19.155
19.1663
19.1694
19.1922
19.1944
19.1938
19.1859
19.212
19.2316
19.2151
19.2136
19.2332
19.2413
19.2265
19.2332
19.2382
19.233
19.2199
19.2155
19.2246
19.2202
19.2249
19.2363
19.2432
19.2785
19.2983
19.3066
19.3038
19.3149
19.3033
19.3164
19.3346
19.3621
19.3932
19.4132
19.4292
19.4438
19.444
19.4374
19.4357
19.4371
19.4456
19.4717
19.4667
19.4671
19.4456
19.4358
19.416
19.4062
19.4229
19.4343
19.4437
19.4538
19.4538
19.457
19.4456
19.4633
19.4815
19.4831
19.5043
19.5291
19.532
19.5452
19.537
19.5339
19.5452
19.5484
19.5683
19.5467
19.5351
19.5468
19.5355
19.5436
19.5355
19.5339
19.5648
19.5651
19.5913
19.6058
19.6155
19.6332
19.6417
19.65
19.635
19.6183
19.6237
19.6187
19.614
19.6155
19.6269
19.6187
19.6288
19.6287
19.6367
19.6484
19.6256
19.6332
19.6304
19.6351
19.6432
19.6874
19.7082
19.7167
19.7413
19.7347
19.7446
19.7381
19.7459
19.7624
19.7753
19.7819
19.7656
19.7739
19.7562
19.7464
19.7643
19.7656
19.7819
19.7687
19.7741
19.7741
19.7757
19.7936
19.7952
19.7936
19.7952
19.7968
19.8066
19.7968
19.7952
19.8132
19.8311
19.8359
19.8362
19.8444
19.848
19.8444
19.8444
19.8456
19.8343
19.862
19.8636
19.8589
19.8655
19.8672
19.8854
19.8948
19.8867
19.8867
19.903
19.9062
19.9062
19.9128
19.9241
19.9323
19.9457
19.9362
19.9425
19.9339
19.9339
19.9503
19.9616
19.9632
19.973
19.9811
19.9925
19.9859
19.9847
20.0062
20.0042
20.014
20.014
20.014
19.996
20.014
19.9943
19.9925
19.9925
19.9745
19.9813
19.9748
19.9745
19.9909
19.9878
19.9863
19.9944
19.9961
19.985
19.9863
19.9749
19.9749
19.9749
19.9944
19.9944
20.0206
20.0335
20.0711
20.0944
20.1058
20.1191
20.0994
20.1058
20.0878
20.0862
20.0566
20.0468
20.0714
20.0745
20.0844
20.0764
20.0761
20.0646
20.0449
20.0351
20.037
20.0402
20.0449
20.0534
20.0714
20.0714
20.0827
20.1022
20.1152
20.114
20.114
20.1058
20.0959
20.0859
20.0859
20.0944
20.0796
20.096
20.0781
20.0831
20.0859
20.0889
20.7825
19.5201
19.5206
19.7057
19.8137
19.8127
19.8471
19.8622
19.8815
19.8815
19.8682
19.8587
19.8632
19.8768
19.8569
19.8441
19.851
19.8343
19.8377
19.8096
19.8081
19.8279
19.8307
19.8311
19.8394
19.8572
19.8588
19.8456
19.8456
19.8718
19.8585
19.8472
19.8636
19.8671
19.8687
19.8522
19.8378
19.8478
19.8295
19.8359
19.8359
19.8637
19.8593
19.8511
19.8464
19.8398
19.8103
19.8066
19.8003
19.7612
19.7675
19.7773
19.7952
19.7853
19.8129
19.8343
19.8425
19.8194
19.8182
19.8179
19.8179
19.7999
19.8066
19.8068
19.8066
19.7951
19.7933
19.7949
19.7784
19.7753
19.7589
19.7558
19.7476
19.746
19.7361
19.7327
19.7245
19.7363
19.728
19.7003
19.6987
19.689
19.6857
19.6839
19.6937
19.6855
19.6937
19.7003
19.6953
19.6937
19.6855
19.6644
19.6725
19.6823
19.6823
19.6741
19.6644
19.6628
19.6741
19.6382
19.6171
19.6253
19.6253
19.6351
19.6269
19.6335
19.6269
19.6417
19.6448
19.6382
19.6234
19.6252
19.6152
19.6155
19.6058
19.6042
19.6124
19.6058
19.5761
19.5484
19.5272
19.5074
19.4894
19.4749
19.4553
19.4518
19.4517
19.4523
19.462
19.4799
19.4926
19.5062
19.5062
19.5062
19.4863
19.5011
19.5042
19.4944
19.4929
19.4944
19.4946
19.5026
19.4765
19.467
19.4667
19.4733
19.4816
19.4946
19.4929
19.4929
19.4929
19.4944
19.4964
19.48
19.4781
19.4863
19.4733
19.478
19.4683
19.457
19.444
19.4277
19.4359
19.4227
19.4343
19.4343
19.444
19.4355
19.4257
19.4257
19.4343
19.4359
19.4374
19.4359
19.4163
19.4261
19.408
19.3882
19.3995
19.4124
19.4124
19.4222
19.4191
19.4222
19.4321
19.4142
19.4042
19.3945
19.4042
19.3862
19.3652
19.3456
19.3456
19.3261
19.3281
19.3346
19.3343
19.3245
19.3343
19.3179
19.3163
19.3148
19.3163
19.3081
19.2869
19.2968
19.2886
19.2573
19.2393
19.2346
19.2343
19.2269
19.2546
19.2397
19.2413
19.2527
19.2726
19.2658
19.2608
19.2839
19.2769
19.2773
19.269
19.2476
19.2382
19.2155
19.2085
19.2136
19.2116
19.2034
19.2215
19.2429
19.2526
19.2183
19.207
19.2238
19.212
19.2038
19.1924
19.2036
19.212
19.207
19.1839
19.1937
19.1987
19.1972
19.1874
19.1741
19.1744
19.1644
19.1382
19.1269
19.1187
19.1351
19.1186
19.1237
19.1332
19.1351
19.1187
19.0991
19.0764
19.0745
19.0679
19.0648
19.0648
19.0812
19.0859
19.0859
19.0944
19.096
19.0682
19.0633
19.0554
19.0651
19.055
19.0632
19.0729
19.0846
19.0859
19.0776
19.0581
19.0468
19.0468
19.0386
19.0273
19.006
19.0156
19.0156
19.0042
19.0124
19.0141
19.0355
19.0452
19.055
19.0749
19.0467
19.0449
19.0499
19.0417
19.0269
19.0241
19.0241
19.0159
19.0159
18.998
18.9948
18.9964
19.0062
18.9882
18.9831
18.9929
18.9683
18.9472
18.9261
18.9425
18.9456
18.9636
18.9651
18.9651
18.9929
18.9698
18.957
18.965
18.9667
18.9667
18.9585
18.9554
18.9455
18.9421
18.9536
18.9538
18.9554
18.957
18.9753
18.985
18.9769
18.9671
18.9753
18.9573
18.9655
18.9374
18.9179
18.9245
18.9163
18.9147
18.9163
18.9261
18.9425
18.9472
18.9374
18.9241
18.9241
18.916
18.8867
18.8948
18.8849
18.8929
18.9081
18.8882
18.8851
18.903
18.9046
18.8867
18.8737
18.8753
18.8554
18.8456
18.8229
18.8245
18.8261
18.8327
18.8524
18.846
18.8378
18.8444
18.8362
18.8281
18.8163
18.8163
18.8265
18.8281
18.8249
18.8347
18.8444
18.8378
18.846
18.8281
18.8265
18.8265
18.8132
18.8132
18.8034
18.7952
18.8116
18.8245
18.805
18.787
18.7773
18.7658
18.7558
18.7558
18.7656
18.7874
18.8136
18.8167
18.8347
18.8312
18.8229
18.8066
18.7952
18.7936
18.7737
18.7558
18.7624
18.7526
18.7511
18.7347
18.7448
18.7464
18.7464
18.73
18.7448
18.746
18.7167
18.7331
18.7363
18.7444
18.7444
18.7526
18.7363
18.7249
18.7233
18.7136
18.7034
18.7133
18.7167
18.7233
18.7347
18.7265
18.7151
18.6953
18.6855
18.6577
18.6479
18.6546
18.6744
18.6644
18.6725
18.7036
18.6955
18.6953
18.6938
18.6776
18.669
18.6479
18.6464
18.6351
18.6448
18.6335
18.65
18.6511
18.6331
18.6218
18.63
18.625
18.6171
18.6237
18.63
18.6628
18.6382
18.653
18.671
18.6612
18.6597
18.6499
18.6386
18.6369
18.6269
18.6269
18.6253
18.6136
18.6335
18.6351
18.6253
18.6417
18.6351
18.612
18.6038
18.6022
18.5742
18.5629
18.5648
18.5745
18.5663
18.555
18.5534
18.5632
18.5631
18.5628
18.5562
18.553
18.5546
18.5381
18.5269
18.5042
18.4944
18.4733
18.4831
18.4913
18.5011
18.5206
18.514
18.5434
18.537
18.5436
18.5629
18.5683
18.5749
18.5651
18.5729
18.5452
18.5319
18.5402
18.5253
18.514
18.5124
18.5237
18.5237
18.5156
18.5042
18.5335
18.5171
18.5058
18.514
18.5156
18.5156
18.496
18.4929
18.4847
18.4831
18.4944
18.5011
18.514
18.496
18.5042
18.4944
18.4749
18.457
18.4359
18.4637
18.4557
18.4651
18.4554
18.457
18.4377
18.4374
18.4097
18.4081
18.3984
18.3885
18.3867
18.3851
18.3769
18.3737
18.3671
18.3655
18.3558
18.3425
18.362
18.3455
18.3323
18.3325
18.3343
18.3425
18.3359
18.3409
18.362
18.3637
18.364
18.3671
18.3753
18.3655
18.3476
18.3346
18.3441
18.3344
18.3279
18.3343
18.3261
18.3539
18.3558
18.3557
18.3538
18.3737
18.3753
18.3718
18.3851
18.3671
18.3737
18.3718
18.3554
18.3538
18.3359
18.3245
18.3163
18.3148
18.3148
18.3148
18.2886
18.3116
18.3229
18.3245
18.3425
18.3507
18.3441
18.3425
18.3261
18.3132
18.2933
18.2819
18.2737
18.2723
18.284
18.2921
18.2886
18.287
18.287
18.2951
18.2885
18.2866
18.2933
18.3032
18.2951
18.2851
18.2852
18.2578
18.2578
18.256
18.2459
18.2343
18.2425
18.2526
18.2542
18.2507
18.2508
18.2625
18.2464
18.256
18.228
18.2167
18.2151
18.207
18.2054
18.2038
18.2136
18.2233
18.2249
18.2331
18.2347
18.2331
18.2347
18.2249
18.2151
18.2054
18.207
18.1956
18.2136
18.2054
18.1972
18.1956
18.1859
18.1597
18.1386
18.1288
18.1155
18.114
18.1155
18.1253
18.1335
18.1448
18.1349
18.1234
18.125
18.1155
18.0796
18.0566
18.0651
18.055
18.0648
18.0632
18.0729
18.0729
18.0727
18.0828
18.0765
18.0749
18.0929
18.0765
18.0683
18.0749
18.0748
18.0761
18.0941
18.1038
18.1202
18.0972
18.1022
18.1039
18.0862
18.0667
18.0651
18.0734
18.0929
18.096
18.1042
18.1074
18.0878
18.0796
18.0683
18.0585
18.037
18.0436
18.0452
18.0468
18.0355
18.0632
18.0566
18.0549
18.0351
18.0222
18.0319
18.0058
18.0124
18.0222
18.0433
18.0515
18.0726
18.0742
18.0628
18.053
18.0433
18.0417
18.0336
18.0241
18.0339
18.0452
18.037
18.0452
18.0566
18.0549
18.0351
18.0335
18.0417
18.0449
18.037
18.0519
18.0632
18.0648
18.0632
18.0664
18.0831
18.0765
18.0847
18.0729
18.0581
18.0534
18.0386
18.0257
18.0158
18.0237
18.014
18.014
18.0026
18.014
18.0257
17.996
17.9863
17.9831
17.9667
17.9616
17.9437
17.9534
17.9453
17.9437
17.9355
17.9437
17.9518
17.9534
17.9437
17.9518
17.9633
17.9753
17.9866
17.9831
17.9749
17.9636
17.957
17.9472
17.9456
17.9374
17.9276
17.9421
17.9518
17.9616
17.9518
17.9421
17.9518
17.934
17.9343
17.9097
17.8967
17.9046
17.9077
17.9257
17.9257
17.934
17.9359
17.9456
17.944
17.9327
17.944
17.9472
17.944
17.9359
17.9343
17.9277
17.9343
17.9261
17.9163
17.8901
17.8951
17.8882
17.8671
17.8574
17.8655
17.8655
17.864
17.8655
17.8574
17.846
17.8441
17.8574
17.8542
17.8737