-0.341431
-0.330109
-0.341827
-0.343353
-0.331665
-0.319946
-0.319946
-0.283997
-0.280884
-0.279297
-0.272644
-0.280853
-0.280884
-0.276184
-0.292694
-0.286285
-0.294281
-0.289856
-0.290985
-0.297272
-0.299255
-0.257813
-0.267578
-0.249725
-0.238678
-0.219177
-0.212189
-0.201172
-0.20108
-0.210541
-0.214081
-0.202759
-0.201172
-0.209412
-0.208984
-0.210632
-0.210968
-0.204315
-0.19455
-0.192963
-0.181274
-0.164856
-0.1586
-0.150421
-0.150513
-0.130768
-0.138672
-0.138672
-0.130463
-0.137146
-0.122314
-0.119141
-0.110931
-0.0750122
-0.0621033
-0.0539246
-0.0637512
-0.0804749
-0.0640564
-0.0589905
-7.86E-02
-6.20E-02
-4.22E-02
-2.43E-02
-1.59E-03
-3.14E-03
9.77E-03
1.29E-02
1.56E-03
-9.77E-03
-1.56E-03
-5.12E-13
-1.56E-03
1.83E-02
-3.20E-03
0.0375671
0.47699
2.14E-01
-0.236786
-0.407898
-0.193207
-0.0853271
-0.156891
0.152802
0.350647
0.446136
0.435425
0.395752
3.48E-01
0.349304
0.349487
0.349121
3.49E-01
3.60E-01
3.44E-01
3.65E-01
0.376678
3.93E-01
3.88E-01
3.98E-01
3.71E-01
3.91E-01
3.75E-01
3.75E-01
3.98E-01
3.89E-01
0.369659
0.358246
0.346954
0.359497
0.350067
0.359833
0.351593
0.341522
0.351624
0.359802
0.364532
0.362976
0.367706
0.358246
0.358551
0.368011
0.368011
0.376251
0.4039
0.416443
0.40863
0.407013
0.408234
0.400452
0.380859
0.387177
0.389069
0.388824
0.400787
0.41687
0.441467
0.457825
0.452759
0.459747
0.44455
0.428131
0.438019
0.430084
0.451202
0.460907
0.469147
0.462158
0.451141
0.460968
0.442932
0.441437
0.452789
0.444885
0.466064
0.472565
0.46402
0.480133
0.483612
0.483948
0.480469
0.472321
0.460907
0.441376
0.442719
0.413635
0.423492
0.405457
0.421844
0.423401
0.434814
0.43161
0.433258
0.423401
0.449615
0.446136
0.474182
0.483978
0.50354
0.503479
0.513245
0.523102
0.521057
0.542542
0.545746
0.552307
0.562073
0.563721
0.564056
0.57193
0.583557
0.575378
0.583252
0.56366
0.573425
0.553894
0.54538
0.534363
0.544128
0.564026
0.558624
0.576935
0.576935
0.578461
0.585114
0.588348
0.603088
0.614441
0.632385
0.645355
0.663666
0.645264
0.635529
0.63562
0.637451
0.635895
0.663666
0.684753
0.702423
0.702728
0.694489
0.704285
0.687531
0.676514
0.684753
0.694519
0.702728
0.723877
0.733551
0.762939
0.746857
0.764832
0.750336
0.7453
0.756592
0.75824
0.766785
0.768341
0.768341
0.786285
0.795776
0.797607
0.797607
0.805847
0.807373
0.777985
0.767609
0.778076
0.797607
0.817139
0.828461
0.846436
0.865997
0.875732
0.895264
0.905029
0.905121
0.926605
0.900757
0.897644
0.885498
0.885498
0.885529
0.885498
0.906616
0.914795
0.932892
0.944519
0.973816
0.993347
1.01294
1.01636
1.00815
1.01636
1.01483
1.00507
1.00659
0.988708
0.987061
0.99527
0.996826
1.00815
1.00815
1.01794
1.01794
1.01791
1.00974
1.01636
1.01794
1.02777
1.02808
1.03784
1.03629
1.04608
1.05386
1.06531
1.0687
1.0867
1.09644
1.08817
1.10272
1.1156
1.10425
1.09448
1.11575
1.11639
1.12772
1.14569
1.13745
1.13904
1.12885
1.11752
1.11752
1.11752
1.12573
1.12573
1.14536
1.15543
1.13745
1.13745
1.13904
1.13083
1.12265
1.13904
1.14063
1.1488
1.14883
1.14725
1.16519
1.16675
1.15854
1.16522
1.17651
1.16986
1.15854
1.17651
1.18475
1.2074
1.18942
1.18631
1.2059
1.19803
1.19962
1.18823
1.18668
1.19644
1.22418
1.22888
1.22537
1.21875
1.22888
1.2207
1.22885
1.21246
1.20932
1.22067
1.20776
1.21765
1.21756
1.21561
1.21402
1.19763
1.21561
1.2207
1.21091
1.21756
1.21912
1.22733
1.23709
1.22888
1.22861
1.24881
1.26013
1.25192
1.26013
1.26834
1.25854
1.27808
1.27808
1.26675
1.26834
1.36343
1.0159
1.02832
0.860718
0.986511
0.867859
0.891541
0.924591
0.966003
0.980469
0.969604
0.991058
0.990723
1.00409
1.03375
1.05478
1.08575
1.07257
1.09589
1.11893
1.11728
1.09912
1.10101
1.11395
1.14365
1.15656
1.19086
1.20035
1.22375
1.22562
1.21548
1.18738
1.18274
1.20068
1.1991
1.22684
1.24957
1.26788
1.27917
1.29871
1.30026
1.32813
1.32022
1.31357
1.32654
1.33505
1.32654
1.31708
1.34286
1.32654
1.32336
1.323
1.31522
1.32654
1.32532
1.32849
1.30722
1.31369
1.33472
1.33505
1.3414
1.35468
1.36282
1.3562
1.3761
1.37381
1.37411
1.38708
1.38242
1.3988
1.41016
1.40039
1.41983
1.43436
1.4425
1.4328
1.41162
1.40005
1.37262
1.33826
1.31241
1.31366
1.37262
1.42657
1.47049
1.48514
1.48352
1.4902
1.4899
1.50153
1.78223
1.79529
1.57498
1.73309
2.02325
2.27225
2.34515
2.35629
2.38904
2.42419
2.41788
2.38184
2.37527
2.37207
2.36035
2.38495
2.39932
2.38132
2.3728
2.36456
2.36966
2.36807
2.35983
2.332
2.32855
2.32159
2.33176
2.33362
2.32703
2.32578
2.32855
2.33676
2.33011
2.34341
2.36328
2.37585
2.35785
2.34341
2.3371
2.31213
2.29099
2.28946
2.30246
2.32733
2.3317
2.36325
2.36285
2.3645
2.37106
2.36288
2.37427
2.35468
2.34958
2.35446
2.37146
2.35623
2.34335
2.34656
2.35977
2.35468
2.34497
2.34491
2.35312
2.35474
2.36481
2.3562
2.3613
2.36453
2.35468
2.34491
2.33319
2.33484
2.31674
2.32498
2.32343
2.31372
2.30389
2.2941
2.29254
2.30203
2.29568
2.2941
2.32349
2.32535
2.32498
2.33667
2.3269
2.31683
2.32535
2.33511
2.35153
2.35117
2.36099
2.384
2.4039
2.40543
2.39722
2.38904
2.40387
2.38519
2.38242
2.39374
2.40195
2.41492
2.42651
2.42807
2.43631
2.43784
2.42966
2.41675
2.41678
2.42661
2.44644
2.44608
2.44608
2.41833
2.43472
2.4281
2.42651
2.41635
2.40503
2.40662
2.38864
2.39691
2.38083
2.37769
2.38748
2.39725
2.41364
2.42496
2.42651
2.43433
2.43436
2.45554
2.43939
2.44803
2.45776
2.44604
2.46402
2.48199
2.46716
2.44568
2.45551
2.44763
2.42807
2.44452
2.44608
2.45581
2.45581
2.48367
2.47733
2.48511
2.4902
2.49683
2.50815
2.4902
2.50659
2.50824
2.50854
2.49869
2.48514
2.48511
2.48669
2.47845
2.48676
2.50504
2.52612
2.55078
2.55545
2.57495
2.58984
2.5914
2.59998
2.61951
2.61951
2.60974
2.61636
2.61792
2.63589
2.63705
2.66479
2.67615
2.66989
2.66016
2.6488
2.65701
2.66519
2.66837
2.67651
2.68628
2.70581
2.69769
2.70932
2.68979
2.68628
2.68942
2.68784
2.68784
2.69919
2.69754
2.72507
2.7207
2.71915
2.72733
2.71756
2.72574
2.71402
2.72534
2.73862
2.7352
2.73865
2.74838
2.73047
2.72067
2.73706
2.73865
2.72226
2.72729
2.73706
2.74838
2.73865
2.75659
2.74683
2.75659
2.75818
2.76639
2.75156
2.74841
2.76636
2.76794
2.78433
2.78433
2.79568
2.7973
2.80545
2.81519
2.79062
2.79724
2.79565
2.78589
2.77771
2.77615
2.78433
2.79568
2.78906
2.81686
2.82379
2.82068
2.81085
2.81876
2.81873
2.81873
2.81714
2.82849
2.83676
2.84021
2.84842
2.84998
2.86789
2.86758
2.85938
2.84958
2.84958
2.83984
2.83005
2.83823
2.84799
2.84805
2.83981
2.83667
2.8367
2.84293
2.8461
2.87222
2.8934
2.90506
2.91675
2.91837
2.89874
2.90662
2.89996
2.9082
2.88867
2.89844
2.89218
2.91678
2.91025
2.91052
2.92188
2.91873
2.92029
2.91873
2.92026
2.91211
2.90076
2.89255
2.89099
2.9007
2.89063
2.89734
2.89908
3.01538
2.58566
2.44351
2.14053
2.15747
2.08395
2.02286
1.97412
1.96088
1.94144
1.96652
2.00912
2.0224
2.01578
2.01733
2.04471
2.01385
2.02374
2.03879
2.06155
2.07956
2.06165
2.07825
2.08118
2.09442
2.08118
2.06671
2.06042
2.0636
2.08151
2.0994
2.12033
2.11429
2.11237
2.11081
2.11249
2.10303
2.07834
2.07803
2.07813
2.05026
2.0585
2.06512
2.07144
2.05069
2.06516
2.06833
2.06699
2.08432
2.10422
2.0961
2.10614
2.12411
2.11365
2.11404
2.12222
2.13232
2.12729
2.14209
2.14529
2.13544
2.12732
2.1257
2.12573
2.13391
2.14526
2.1503
2.16016
2.18124
2.18817
2.19919
2.23367
2.24365
2.25809
2.26434
2.25778
2.26123
2.22342
2.17148
2.09961
2.03595
2.05228
2.12061
2.18591
2.23669
2.23547
2.22223
2.23199
2.24023
2.26834
2.62045
2.64987
2.35779
3.20291
3.77209
4.02539
4.08023
4.06055
4.0864
4.13861
4.15955
4.15457
4.14478
4.13147
4.12164
4.10019
4.1185
4.12982
4.13959
4.15094
4.16382
4.18686
4.20007
4.20941
4.20129
4.21295
4.23248
4.22427
4.19965
4.19812
4.18668
4.1684
4.1489
4.14566
4.1485
4.13718
4.15543
4.15836
4.15863
4.15738
4.15866
4.15042
4.1441
4.14255
4.13242
4.12271
4.1293
4.12399
4.12149
4.11951
4.1145
4.1246
4.11285
4.13248
4.13593
4.15036
4.16177
4.19141
4.19101
4.19431
4.17694
4.16354
4.1828
4.17621
4.19293
4.20242
4.20581
4.21402
4.20438
4.20621
4.18628
4.17651
4.17148
4.16324
4.15668
4.15543
4.16168
4.17966
4.19409
4.20407
4.21442
4.21405
4.2157
4.21445
4.20624
4.18826
4.19461
4.17694
4.17026
4.15894
4.16522
4.16675
4.16675
4.15854
4.17661
4.17499
4.19604
4.19604
4.20584
4.20581
4.21561
4.23355
4.22699
4.25507
4.25507
4.25507
4.24683
4.23044
4.23523
4.21753
4.22574
4.21402
4.22226
4.24179
4.24344
4.25464
4.24487
4.25464
4.24487
4.24487
4.25632
4.26636
4.27771
4.28745
4.30542
4.31519
4.32495
4.33472
4.32495
4.31836
4.29724
4.28903
4.28394
4.27731
4.27576
4.27426
4.28278
4.30545
4.29565
4.31216
4.30737
4.28748
4.28433
4.28433
4.27612
4.26636
4.26636
4.2644
4.26605
4.26639
4.28757
4.28943
4.27808
4.27652
4.27808
4.29453
4.31717
4.31686
4.31863
4.34296
4.36401
4.35931
4.35779
4.366
4.37732
4.37729
4.37888
4.37576
4.38083
4.38904
4.40039
4.40665
4.4082
4.39685
4.38712
4.3855
4.36752
4.36441
4.36444
4.39371
4.41653
4.43823
4.45776
4.46902
4.46713
4.47693
4.47693
4.48514
4.46875
4.46561
4.47693
4.46875
4.45895
4.44919
4.43784
4.4476
4.42969
4.43787
4.4281
4.42651
4.45428
4.46402
4.47226
4.50485
4.51834
4.52966
4.53281
4.52951
4.52731
4.51755
4.51443
4.50784
4.49841
4.47534
4.49487
4.48669
4.47693
4.49683
4.49487
4.51285
4.50623
4.52582
4.52609
4.51758
4.51443
4.49805
4.48669
4.47852
4.49487
4.50467
4.49646
4.48828
4.4769
4.46716
4.46558
4.46716
4.48514
4.50632
4.50974
4.50818
4.49997
4.49838
4.49841
4.48865
4.50504
4.51636
4.51953
4.52774
4.53748
4.53903
4.53748
4.53906
4.54568
4.55386
4.55545
4.54724
4.57504
4.58667
4.5918
4.58203
4.57068
4.58203
4.56091
4.56091
4.56085
4.55896
4.58832
4.59021
4.59991
4.59137
4.58826
4.5918
4.58047
4.57849
4.59839
4.61441
4.60934
4.6062
4.61755
4.63901
4.63083
4.61288
4.61795
4.6293
4.61954
4.60818
4.61792
4.63593
4.63904
4.64722
4.65857
4.66837
4.66016
4.64063
4.60938
4.60779
4.61597
4.61597
4.62576
4.64218
4.64996
4.65198
4.41714
3.79083
3.4212
3.22882
3.01883
2.88696
2.84677
2.79764
2.76498
2.74731
2.73752
2.70642
2.69037
2.67874
2.67599
2.68271
2.68295
2.70026
2.72675
2.72177
2.7381
2.77094
2.75616
2.75616
2.74475
2.77878
2.76904
2.79211
2.81161
2.79205
2.79208
2.80859
2.78427
2.78116
2.77917
2.7612
2.75964
2.73828
2.74677
2.75458
2.75977
2.76672
2.77774
2.78113
2.76981
2.77612
2.77802
2.78632
2.76816
2.76791
2.77606
2.7663
2.76599
2.7663
2.78238
2.7843
2.78241
2.77411
2.78403
2.77444
2.75269
2.76279
2.74762
2.7449
2.755
2.76288
2.77103
2.77261
2.77921
2.78241
2.78238
2.77414
2.76599
2.76437
2.76636
2.74991
2.75626
2.71875
2.70584
2.66171
2.67148
2.68787
2.71552
2.73697
2.75302
2.7562
2.771
2.7988
2.81992
3.14124
3.69092
3.07809
4.99106
5.7388
6.06717
6.0495
6.02155
6.0535
6.06021
6.03229
6.00577
5.99603
6.00098
5.9928
5.97476
5.99545
6.00839
6.02005
6.00873
5.99899
5.98413
5.96771
5.96609
5.97751
5.98248
5.98248
5.97269
5.98056
5.97424
5.96451
5.95279
5.96414
5.97739
5.9856
5.99374
6.0032
6.00006
6.00668
6.00818
6.00168
5.99881
5.99377
6.00037
6.00003
6.01013
6.01138
6.01172
6.00357
5.99216
5.9856
5.99216
5.97418
5.98209
5.97266
5.9606
5.97232
5.98907
6.00162
6.02969
6.04099
6.06061
6.04254
6.05231
6.03601
6.02469
6.02341
6.01294
6.01169
5.99997
6.00162
6.00507
6.01483
6.00156
6.0032
6.01328
6.02469
6.03287
6.02655
6.03122
6.0246
6.03287
6.0246
6.02615
6.01639
5.98044
5.97742
5.98553
5.98706
5.97577
5.9856
6.00546
6.01328
6.00815
6.00507
6.00003
6.01523
6.02304
6.01791
6.0246
6.04422
6.05231
6.05542
6.04568
6.04733
6.07224
6.05698
6.07538
6.0817
6.07846
6.0769
6.06714
6.05737
6.04919
6.04605
6.05594
6.05737
6.04764
6.04761
6.05429
6.04099
6.04761
6.04413
6.0473
6.06909
6.07068
6.04916
6.04761
6.03122
6.00192
5.97916
5.96362
5.98679
5.98697
6.00311
5.99808
5.99686
5.99838
5.9953
5.98706
5.96713
5.96561
5.95386
5.97348
5.98355
5.97693
5.99496
6.00507
6.00659
6.01483
6.02615
6.02621
6.02768
6.00977
6.00192
6.00845
5.99841
5.99838
6.01483
6.01636
6.01443
6.02429
6.05386
6.0687
6.06052
6.05896
6.07028
6.06055
6.0488
6.04568
6.06714
6.09488
6.0867
6.08826
6.09644
6.10623
6.09958
6.10117
6.09799
6.09802
6.08826
6.08826
6.08826
6.08667
6.08829
6.11444
6.10934
6.10623
6.10779
6.10779
6.11752
6.10779
6.12738
6.15546
6.15036
6.16171
6.15662
6.15503
6.13867
6.14526
6.14685
6.13046
6.14526
6.15659
6.16635
6.16824
6.18787
6.19763
6.17966
6.17621
6.18472
6.18796
6.18823
6.19644
6.21753
6.21405
6.22693
6.23199
6.23514
6.23669
6.23514
6.24646
6.24487
6.22849
6.21872
6.22534
6.21716
6.20737
6.20389
6.18747
6.19574
6.19604
6.20117
6.20776
6.20935
6.20425
6.21091
6.19763
6.18787
6.19604
6.21716
6.22693
6.23511
6.23514
6.24487
6.26285
6.24646
6.2449
6.22693
6.23679
6.23856
6.22693
6.23669
6.23666
6.2449
6.24646
6.24652
6.23874
6.2406
6.23904
6.23904
6.2406
6.25699
6.23865
6.22729
6.2355
6.22888
6.22733
6.23865
6.24844
6.25818
6.27774
6.29724
6.29724
6.29724
6.28903
6.2793
6.25818
6.2468
6.24655
6.26639
6.27774
6.26953
6.27966
6.28281
6.27966
6.27145
6.28784
6.2699
6.26831
6.25858
6.26639
6.26639
6.25153
6.24686
6.24841
6.2402
6.2207
6.20114
6.216
6.2027
6.01065
6.517
5.17474
4.44644
4.04877
3.68976
3.48645
3.39224
3.31393
3.25507
3.21454
3.19189
3.16736
3.13641
3.12949
3.15295
3.1662
3.1564
3.18573
3.18573
3.16437
3.142
3.15143
3.1373
3.13699
3.14517
3.13663
3.11713
3.0881
3.08618
3.09256
3.08969
3.10889
3.14801
3.14832
3.1499
3.15341
3.15182
3.15848
3.14835
3.13867
3.14679
3.14676
3.15497
3.15973
3.16006
3.15182
3.11942
3.10583
3.09793
3.11597
3.14407
3.1488
3.1749
3.17801
3.19608
3.19757
3.20731
3.19763
3.20734
3.18936
3.18619
3.17453
3.18591
3.17761
3.17459
3.17142
3.16327
3.17145
3.17337
3.16479
3.17148
3.18433
3.19131
3.20581
3.20264
3.21249
3.21713
3.21082
3.54062
3.8063
3.78818
3.67703
3.25403
3.16904
3.12091
3.00296
2.73975
2.44284
2.28284
2.54169
2.94717
3.19498
3.25809
3.24646
3.21869
3.19601
3.16318
3.19574
3.67923
3.90723
6.15939
7.3443
7.61212
7.59808
7.5957
7.58572
7.52301
7.50784
7.51123
7.51758
7.49951
7.48962
7.47003
7.46469
7.47638
7.44693
7.43341
7.41385
7.42242
7.44321
7.44156
7.43335
7.41568
7.43491
7.43835
7.45798
7.46918
7.47086
7.4614
7.45279
7.43478
7.4317
7.41528
7.41684
7.4071
7.41208
7.42319
7.41687
7.40555
7.38754
7.37778
7.35815
7.35785
7.35629
7.35818
7.35785
7.37741
7.39566
7.39853
7.40079
7.3989
7.40079
7.39066
7.39102
7.38092
7.38092
7.38126
7.37268
7.37305
7.36441
7.36447
7.37109
7.37427
7.38086
7.39066
7.38748
7.40012
7.40231
7.39215
7.40042
7.3941
7.40201
7.39413
7.39255
7.40042
7.41208
7.43161
7.41492
7.42343
7.41489
7.40546
7.38397
7.37418
7.3739
7.34644
7.34335
7.35468
7.35428
7.35437
7.34488
7.36444
7.34451
7.38248
7.38593
7.42184
7.41479
7.41333
7.42499
7.41522
7.42148
7.4231
7.43164
7.45398
7.4527
7.45428
7.43631
7.45435
7.44604
7.43475
7.4332
7.44617
7.448
7.42624
7.43475
7.45428
7.43631
7.43472
7.44449
7.45438
7.45425
7.46402
7.49179
7.5032
7.50659
7.48709
7.46558
7.45428
7.4183
7.4035
7.40201
7.40546
7.40359
7.4071
7.42535
7.41708
7.42499
7.45602
7.448
7.45624
7.46405
7.46558
7.47546
7.46744
7.47574
7.49683
7.50311
7.50632
7.4953
7.48862
7.48706
7.48511
7.48511
7.46713
7.44769
7.45468
7.45428
7.44608
7.43433
7.44574
7.45935
7.48706
7.48044
7.50662
7.52457
7.52768
7.53589
7.55542
7.54724
7.53745
7.54565
7.55701
7.53909
7.52963
7.51831
7.51013
7.49878
7.47888
7.46912
7.47733
7.48709
7.48865
7.5004
7.50854
7.50659
7.49841
7.49686
7.50659
7.51636
7.5098
7.50659
7.49841
7.51639
7.51639
7.5148
7.53433
7.53751
7.55386
7.55551
7.55737
7.56714
7.57849
7.57681
7.57654
7.56839
7.55075
7.53943
7.5296
7.51794
7.51794
7.51794
7.49808
7.49838
7.50507
7.50662
7.50659
7.52612
7.5473
7.54099
7.53937
7.55704
7.55701
7.54727
7.54565
7.56363
7.56683
7.55893
7.54919
7.55585
7.55078
7.53943
7.52811
7.52966
7.51013
7.51013
7.51169
7.53629
7.55896
7.5769
7.59644
7.61597
7.61597
7.62576
7.62573
7.60583
7.60583
7.61566
7.60779
7.6062
7.60779
7.59644
7.61441
7.61755
7.62732
7.63086
7.63748
7.64072
7.62927
7.62772
7.61636
7.61441
7.60938
7.6062
7.6062
7.58984
7.58008
7.58359
7.56052
7.55899
7.56717
7.57535
7.59335
7.6062
7.60779
7.60934
7.59958
7.60117
7.58008
7.5867
7.59332
7.58359
7.5769
7.56168
7.56491
7.57504
7.59332
7.59647
7.59647
7.61441
7.60779
7.5914
7.5769
7.58826
7.58826
7.58981
7.60464
7.61951
7.63748
7.6488
7.68985
6.59488
8.59207
5.75964
5.06845
4.48996
4.16531
3.95679
3.80499
3.71246
3.65225
3.60785
3.51801
3.49622
3.47153
3.47629
3.46341
3.46155
3.45023
3.44894
3.44705
3.43729
3.42755
3.45215
3.47989
3.49951
3.48965
3.50812
3.49823
3.48819
3.48856
3.47873
3.47522
3.47333
3.46707
3.46399
3.4722
3.46396
3.48203
3.46429
3.4624
3.47382
3.47058
3.48035
3.48349
3.48193
3.48038
3.47879
3.48035
3.48047
3.47058
3.46906
3.48035
3.47061
3.45425
3.45105
3.45929
3.45929
3.45108
3.43777
3.44604
3.44601
3.42645
3.43591
3.43781
3.45428
3.45734
3.44757
3.45575
3.46371
3.45575
3.46402
3.47571
3.48511
3.49335
3.49524
3.50467
3.49515
3.48471
3.47021
3.46362
3.44403
3.43433
3.42606
3.42108
3.41327
3.42139
3.42459
3.43271
3.43433
3.40652
3.42456
3.42297
3.40817
3.41983
3.43124
3.46054
3.46045
3.48044
3.48825
3.49139
3.49011
3.4816
3.46207
3.44092
3.423
3.4328
3.44257
3.45105
3.46405
3.47382
3.49207
3.49332
3.5
3.51324
3.50339
3.50977
3.50467
3.51324
3.505
3.49179
3.49335
3.50027
3.49176
3.49176
3.49023
3.5
3.51984
3.51129
3.52109
3.50504
3.50195
3.48233
3.47223
3.47226
3.46091
3.46082
3.46558
3.4722
3.47852
3.47852
3.5
3.50659
3.50977
3.48035
3.49805
3.50156
3.48358
3.48355
3.5
3.49014
3.47379
3.47226
3.46396
3.46872
3.46054
3.46054
3.47067
3.49023
3.48035
3.48203
3.49023
3.5
3.50662
3.5
3.51831
3.5199
3.51172
3.49374
3.4823
3.47226
3.46246
3.48203
3.48233
3.48199
3.48038
3.48828
3.47852
3.47028
3.48669
3.48828
3.49335
3.49988
3.48981
3.48981
3.47217
3.47031
3.47037
3.46246
3.46896
3.47665
3.48047
3.48047
3.48047
3.48199
3.46246
3.47058
3.46246
3.4707
3.4902
3.50195
3.50031
3.51797
3.50308
3.50153
3.51324
3.49365
3.50156
3.51483
3.50183
3.5
3.48007
3.49844
3.49011
3.48825
3.50156
3.50974
3.53085
3.53082
3.53281
3.53113
3.53082
3.51288
3.51993
3.52957
3.50153
3.49844
3.51169
3.49844
3.48856
3.46875
3.48825
3.47852
3.47037
3.47888
3.47101
3.47891
3.4754
3.47849
3.48672
3.49176
3.49988
3.49149
3.4953
3.51151
3.5192
3.51129
3.51953
3.51953
3.50977
3.49875
3.50977
3.50977
3.50974
3.50977
3.52148
3.51993
3.52805
3.54727
3.54883
3.53278
3.53281
3.5296
3.52261
3.50934
3.48004
3.4902
3.4968
3.49139
3.48172
3.5004
3.51828
3.5293
3.53906
3.55701
3.57031
3.57184
3.58005
3.5882
3.56989
3.56015
3.57028
3.57031
3.58008
3.57031
3.59958
3.61121
3.59961
3.6109
3.6109
3.58151
3.57187
3.55078
3.55078
3.56876
3.56873
3.56873
3.57849
3.58984
3.58981
3.58194
3.57184
3.56207
3.56876
3.57852
3.55231
3.55734
3.55704
3.55899
3.54919
3.54724
3.54883
3.53906
3.55896
3.55234
3.55231
3.54913
3.54883
3.56055
3.55078
3.55075
3.54102
3.56055
3.56866
3.55859
3.56055
3.56055
3.57849
3.58008
3.58826
3.57184
3.57031
3.57849
3.57382
3.5444
3.54257
3.54102
3.53436
3.53125
3.53125
3.53946
3.5296
3.53748
3.55899
3.58829
3.58005
3.58163
3.60782
3.61133
3.60818
3.5918
3.59024
3.58038
3.56055
3.56873
3.57031
3.57184
3.58826
3.5867
3.58826
3.58008
3.58008
3.59488
3.58826
3.59961
3.61133
3.63086
3.63077
3.61911
3.60272
3.58823
3.57849
3.56873
3.55075
3.54102
3.54922
3.55231
3.55078
3.54102
3.54089
3.55078
3.56873
3.56052
3.55234
3.55728
3.54883
3.54724
3.5571
3.55896
3.55896
3.5867
3.58981
3.58826
3.57849
3.57849
3.59802
3.59961
3.59647
3.59961
3.59961
3.58984
3.57849
3.57031
3.57849
3.57028
3.56873
3.59021
3.59998
3.61795
3.61792
3.61954
3.61951
3.61789
3.63553
3.62888
3.6207
3.62891
3.65039
3.65039
3.65857
3.66171
3.66833
3.68631
3.67813
3.6781
3.68631
3.68787
3.67804
3.63864
3.62732
3.62894
3.61951
3.61789
3.62732
3.62222
3.6293
3.62262
3.62109
3.63907
3.63904
3.64725
3.65854
3.66992
3.67496
3.67966
3.68933
3.68124
3.66992
3.66016
3.65857
3.66016
3.6488
3.65701
3.66678
3.66837
3.66016
3.65039
3.64874
3.65671
3.63229
3.61911
3.61093
3.61755
3.60583
3.61288
3.61954
3.63086
3.63086
3.63086
3.63742
3.62891
3.60742
3.61401
3.62381
3.61719
3.62732
3.61911
3.62732
3.61911
3.61755
3.61758
3.60934
3.63745
3.63083
3.64725
3.66013
3.65854
3.65036
3.65039
3.6488
3.65036
3.6488
3.67499
3.68787
3.69449
3.69608
3.68121
3.67148
3.66992
3.65195
3.65039
3.64874
3.64844
3.65662
3.66483
3.66992
3.66171
3.65506
3.65039
3.6586
3.64063
3.65195
3.66516
3.68591
3.70078
3.7074
3.70898
3.69922
3.6777
3.66797
3.6582
3.63864
3.6207
3.62573
3.6207
3.61755
3.63748
3.6488
3.65857
3.65857
3.65857
3.64218
3.65036
3.6488
3.64218
3.64725
3.64874
3.66837
3.67813
3.65192
3.6586
3.66837
3.66678
3.6488
3.6488
3.66678
3.65195
3.65857
3.66989
3.6796
3.65308
3.66171
3.65225
3.65036
3.62891
3.62573
3.62418
3.62378
3.60739
3.62222
3.63519
3.64685
3.64841
3.64529
3.65671
3.66833
3.66827
3.66638
3.6781
3.66006
3.64374
3.64883
3.63867
3.62888
3.62891
3.61758
3.59961
3.59961
3.58826
3.5867
3.58826
3.59647
3.60623
3.616
3.61758
3.59961
3.59961
3.59296
3.58356
3.582
3.56241
3.57849
3.56873
3.57693
3.57855
3.58044
3.61795
3.61951
3.61951
3.62927
3.64059
3.64874
3.64023
3.63708
3.63046
3.62723
3.62888
3.60934
3.60425
3.59766
3.60779
3.61758
3.59805
3.60779
3.60779
3.60938
3.5997
3.61951
3.61942
3.62732
3.63046
3.63708
3.64685
3.63702
3.63708
3.64529
3.64853
3.65039
3.66678
3.6781
3.67969
3.66168
3.66678
3.66992
3.66003
3.65506
3.66837
3.67966
3.68942
3.69604
3.69919
3.71872
3.70889
3.70544
3.70712
3.69763
3.67969
3.66833
3.66678
3.66833
3.66016
3.6488
3.65701
3.66016
3.65857
3.6785
3.68982
3.70779
3.70935
3.70935
3.71915
3.70117
3.69962
3.69131
3.69919
3.67966
3.67972
3.67184
3.6785
3.67029
3.68005
3.68826
3.68973
3.67969
3.66016
3.66016
3.6586
3.64371
3.63742
3.63708
3.63867
3.63708
3.63867
3.63708
3.62732
3.63086
3.62927
3.61951
3.61951
3.62924
3.63901
3.65698
3.67816
3.68161
3.69138
3.69958
3.70935
3.70935
3.69131
3.70746
3.70935
3.70926
3.68781
3.67773
3.66953
3.66638
3.65662
3.65662
3.63867
3.65503
3.65662
3.6402
3.64841
3.6582
3.66992
3.68982
3.69958
3.70621
3.73715
3.73709
3.72729
3.72733
3.71915
3.72733
3.70117
3.70935
3.71094
3.69952
3.70895
3.68945
3.68787
3.69922
3.65347
3.66013
3.66168
3.6781
3.69296
3.68155
3.69952
3.69101
3.69763
3.68945
3.66992
3.66833
3.66989
3.66992
3.66168
3.66992
3.67966
3.69604
3.69919
3.69763
3.69608
3.68945
3.68942
3.67969
3.69608
3.67148
3.6781
3.67648
3.67459
3.66483
3.6781
3.68631
3.68942
3.70746
3.70114
3.69955
3.67184
3.65857
3.66519
3.65036
3.64722
3.6586
3.66833
3.68164
3.69141
3.69952
3.69919
3.69101
3.69754
3.69409
3.69568
3.68903
3.68591
3.69577
3.68787
3.67801
3.66953
3.66638
3.66638
3.66794
3.66638
3.67615
3.6781
3.68787
3.69604
3.70743
3.69101
3.69608
3.72534
3.72537
3.73837
3.75504
3.75662
3.76794
3.75977
3.76791
3.74997
3.73047
3.73865
3.71902
3.73679
3.75195
3.76172
3.78629
3.79102
3.77969
3.7699
3.75037
3.74881
3.74686
3.75818
3.75818
3.76984
3.75977
3.76794
3.75977
3.76132
3.75
3.73865
3.73044
3.72733
3.70776
3.70935
3.71912
3.73709
3.74527
3.74841
3.73199
3.73706
3.72067
3.70273
3.69138
3.6734
3.68005
3.68008