-0.357452
-0.378601
-0.382477
-0.397217
-0.388763
-0.372711
-0.365967
-0.357513
-0.339874
-0.326508
-0.326263
-0.323456
-0.300812
-0.325073
-0.317169
-0.337921
-0.329773
-0.312134
-0.330109
-0.307007
-0.289154
-0.295685
-0.302002
-0.31015
-0.307068
-0.297333
-0.288727
-0.277771
-0.261322
-0.267975
-0.279022
-0.271454
-0.253174
-0.257843
-0.233643
-0.232025
-0.202789
-0.205811
-0.197296
-0.181
-0.181641
-0.188232
-0.185974
-0.169647
-0.160156
-0.155121
-0.155121
-0.156647
-0.148438
-0.150085
-0.132446
-0.101501
-0.0914001
-0.0699158
-0.0503845
-0.057373
-0.0684814
-0.0883179
-0.0898438
-0.0976868
-1.06E-01
-1.00E-01
-1.08E-01
-7.97E-02
-6.02E-02
-5.86E-02
-4.22E-02
-1.95E-02
-1.14E-02
-1.79E-02
-1.10E-02
1.14E-13
-8.21E-03
8.21E-03
1.48E-02
0.0594482
0.136047
-1.29E-01
-0.232117
-0.185852
-0.246429
-0.0873413
0.578888
1.86386
2.94733
3.64551
4.11423
4.4744
4.73E+00
4.89529
4.99957
5.10925
5.21E+00
5.27E+00
5.33E+00
5.39E+00
5.44669
5.49E+00
5.54E+00
5.54E+00
5.52E+00
5.53E+00
5.53E+00
5.57E+00
5.60E+00
5.62E+00
5.67551
5.68988
5.73886
5.75241
5.75394
5.76529
5.7731
5.76837
5.7782
5.7977
5.81766
5.84027
5.85828
5.85983
5.88754
5.90747
5.91214
5.93045
5.93127
5.96756
6.00012
6.02155
6.02499
6.02975
6.06754
6.08994
6.09842
6.10989
6.15582
6.18167
6.20117
6.22394
6.22418
6.23553
6.23404
6.23395
6.23199
6.25165
6.26834
6.29294
6.31528
6.332
6.3613
6.38409
6.40073
6.43008
6.43317
6.44098
6.44586
6.47418
6.47574
6.48718
6.50348
6.51324
6.52469
6.53632
6.51791
6.53442
6.55435
6.58865
6.58521
6.60162
6.59528
6.60318
6.59683
6.61639
6.62421
6.66528
6.69656
6.74411
6.76483
6.76636
6.79742
6.81601
6.82886
6.82693
6.85477
6.85971
6.86444
6.88397
6.90515
6.90698
6.92505
6.95624
6.97729
6.97729
7.01645
7.04608
7.05545
7.07504
7.09491
7.11444
7.10776
7.10632
7.09995
7.10785
7.11639
7.11795
7.14413
7.15854
7.17657
7.19812
7.2113
7.21951
7.22577
7.25504
7.26791
7.2778
7.30429
7.31683
7.34335
7.37421
7.37573
7.37732
7.39694
7.40543
7.40854
7.40698
7.41678
7.43805
7.45972
7.47925
7.487
7.50641
7.51834
7.51834
7.51834
7.53632
7.54105
7.55112
7.55267
7.58041
7.59842
7.59995
7.60971
7.62936
7.65582
7.66873
7.67819
7.71127
7.73239
7.76013
7.78122
7.8027
7.79453
7.81906
7.81873
7.83987
7.84998
7.86951
7.88083
7.88083
7.90045
7.92029
7.948
7.97574
7.9953
8.01483
8.03592
8.04886
8.04916
8.04251
8.04916
8.06055
8.07846
8.07849
8.09802
8.13092
8.1394
8.14096
8.15894
8.17691
8.16989
8.16995
8.18005
8.21597
8.20114
8.2356
8.25858
8.29608
8.31058
8.33041
8.35971
8.36639
8.37451
8.37106
8.38083
8.37106
8.39886
8.40073
8.40231
8.4187
8.43823
8.44958
8.45932
8.45776
8.4574
8.46558
8.46713
8.48669
8.49811
8.51794
8.54926
8.57224
8.58044
8.60815
8.62769
8.63748
8.63904
8.62106
8.61948
8.63904
8.64059
8.63239
8.63904
8.64059
8.65857
8.65195
8.65036
8.65033
8.6684
8.66989
8.67807
8.68784
8.68784
8.68787
8.70737
8.72067
8.74188
8.73389
8.76141
8.77145
8.79138
8.80933
8.82068
8.84683
8.86639
8.89722
8.90857
8.91803
8.92966
8.94763
8.95895
8.95078
8.96091
8.97067
8.95932
8.96091
8.95932
8.9805
8.98239
8.99057
9.01013
9.03943
9.04453
9.06085
9.07187
9.10464
9.11911
9.14685
9.15823
9.16681
9.18982
9.18164
9.17529
9.17188
9.18985
9.2027
9.19922
9.21051
9.24527
9.25818
9.25317
9.27652
9.29099
9.31564
8.85428
8.08829
7.41647
6.82474
6.37302
6.03558
5.80386
5.62958
5.47409
5.3793
5.30289
5.21335
5.16586
5.14316
5.12198
5.09583
5.07919
5.07993
5.06348
5.08148
5.04675
5.02588
4.9733
4.98343
4.99316
4.9866
4.9866
4.97842
4.98856
4.97562
4.98318
4.9819
4.96393
4.95261
4.94092
4.96051
4.93457
4.93936
4.93896
4.93085
4.93112
4.89835
4.90814
4.90027
4.89835
4.88864
4.88547
4.88864
4.88544
4.89682
4.90341
4.90033
4.8956
4.86911
4.87411
4.84915
4.83151
4.82651
4.84326
4.85428
4.85623
4.87256
4.86752
4.8757
4.85779
4.85306
4.84647
4.84134
4.83478
4.84332
4.85458
4.85468
4.8367
4.83661
4.8187
4.80585
4.81085
4.78125
4.74997
4.72031
4.73199
4.78278
4.83319
4.85968
4.87421
4.87772
4.8761
4.88242
4.88394
4.9183
4.92648
6.19345
8.81299
10.4801
11.404
11.9597
12.2586
12.4314
12.5554
12.6499
12.7233
12.7805
12.8264
12.8311
12.8506
12.8619
12.8865
12.8915
12.9009
12.9025
12.9271
12.9661
12.9973
13.0283
13.0658
13.0837
13.084
13.1051
13.1168
13.1364
13.1591
13.1802
13.2066
13.2192
13.2305
13.2504
13.2485
13.2699
13.3028
13.3043
13.3273
13.3415
13.3797
13.384
13.3976
13.4219
13.4234
13.443
13.4465
13.4562
13.4836
13.4675
13.4757
13.4872
13.4937
13.5051
13.5152
13.5445
13.5441
13.5638
13.5676
13.5836
13.6047
13.6243
13.6292
13.6277
13.6195
13.6192
13.6195
13.6457
13.675
13.6945
13.7271
13.7371
13.7551
13.7828
13.8153
13.8367
13.8547
13.8578
13.8578
13.848
13.8399
13.8289
13.8386
13.8382
13.8644
13.8856
13.8989
13.9285
13.9582
13.9875
14.0067
14.0265
14.0266
14.0297
14.0395
14.0511
14.051
14.0605
14.0766
14.098
14.1047
14.1078
14.1258
14.1568
14.1507
14.1523
14.1883
14.198
14.1996
14.2176
14.2371
14.2567
14.2648
14.2875
14.2894
14.3074
14.3191
14.3418
14.3519
14.3582
14.3777
14.3793
14.3629
14.3792
14.3988
14.4281
14.4297
14.4558
14.477
14.4988
14.5101
14.5199
14.5296
14.5476
14.5589
14.5786
14.5803
14.5882
14.5785
14.6176
14.639
14.657
14.6683
14.6962
14.7273
14.7371
14.7402
14.7581
14.7582
14.7794
14.7812
14.7878
14.8024
14.8027
14.8108
14.8105
14.8203
14.8562
14.8773
14.8953
14.9364
14.9496
14.9872
14.9788
14.998
15.0196
15.0492
15.0426
15.0508
15.0722
15.0625
15.0722
15.0738
15.0738
15.0918
15.1047
15.1328
15.162
15.1976
15.209
15.2304
15.2438
15.2539
15.244
15.2519
15.2796
15.2993
15.3125
15.3125
15.3289
15.3383
15.3496
15.3496
15.368
15.3972
15.4183
15.4394
15.4574
15.4887
15.5004
15.5003
15.5019
15.5004
15.5281
15.5508
15.564
15.5933
15.5918
15.6101
15.6035
15.6214
15.618
15.6277
15.639
15.6683
15.696
15.6992
15.7156
15.7188
15.7305
15.7209
15.7289
15.7222
15.7386
15.7597
15.7895
15.8141
15.8223
15.8535
15.8616
15.8808
15.8824
15.9086
15.9414
15.9597
15.9906
16.0215
16.0312
16.0429
16.0429
16.0425
16.0524
16.0609
16.0624
16.0706
16.1066
16.1195
16.1391
16.1504
16.1683
16.1617
16.1617
16.1437
16.1422
16.1324
16.1308
16.1406
16.1683
16.1898
16.2109
16.2484
16.2597
16.2613
16.2777
16.2793
16.2617
16.2617
16.2715
16.2813
16.2796
16.291
16.3187
16.3484
16.368
16.3711
16.3711
16.3777
16.3809
16.3633
16.3847
16.4008
16.4004
16.4316
16.4691
16.484
16.4773
16.5019
16.5297
16.5297
16.5148
16.5097
16.5297
16.5312
16.5293
16.539
16.5602
16.5672
16.5605
16.5872
16.0346
14.6508
13.4875
12.5758
11.9238
11.377
10.9541
10.6077
10.3645
10.205
10.0626
9.94858
9.89532
9.86349
9.8049
9.74472
9.70718
9.66779
9.66623
9.66464
9.66425
9.64328
9.60928
9.61124
9.61078
9.59949
9.59631
9.60223
9.5932
9.57016
9.55661
9.54395
9.51785
9.49991
9.47519
9.43741
9.43423
9.40848
9.42493
9.42139
9.42957
9.44092
9.4328
9.42996
9.43939
9.43152
9.43939
9.42834
9.43121
9.43817
9.4101
9.40695
9.38239
9.34949
9.33667
9.31866
9.3183
9.33701
9.33002
9.32883
9.32837
9.32684
9.32809
9.31824
9.32495
9.3136
9.3266
9.32529
9.31708
9.30545
9.29559
9.30701
9.29562
9.27731
9.2746
9.25656
9.22534
9.17496
9.12564
9.11444
9.10934
9.12762
9.17642
9.20071
9.19131
9.20425
9.21756
9.25189
9.26825
9.38403
9.52563
11.9762
16.8298
18.7259
19.4943
19.865
20.0176
20.0687
20.1042
20.1249
20.1659
20.1889
20.1873
20.1692
20.1903
20.2114
20.2162
20.2443
20.2688
20.2814
20.3028
20.3126
20.3255
20.3387
20.3453
20.3747
20.4172
20.4235
20.4321
20.4562
20.4606
20.4626
20.4707
20.4708
20.4723
20.4922
20.5004
20.5051
20.5121
20.523
20.5244
20.5347
20.5625
20.5852
20.6067
20.6265
20.634
20.6356
20.6539
20.6554
20.6555
20.6671
20.6899
20.7179
20.7488
20.7585
20.7633
20.7781
20.7781
20.7812
20.7812
20.8058
20.8286
20.8269
20.8562
20.8742
20.8757
20.8871
20.8957
20.9167
20.9281
20.946
20.9575
20.9759
20.989
20.9973
21.0152
21.0262
21.0277
21.0457
21.039
21.0672
21.0605
21.0964
21.1192
21.1375
21.157
21.1797
21.1621
21.1703
21.18
21.1785
21.1719
21.1718
21.1847
21.1993
21.2109
21.2206
21.2273
21.2566
21.2777
21.2957
21.307
21.3184
21.3336
21.3336
21.35
21.3613
21.3809
21.4167
21.4398
21.4675
21.4789
21.5101
21.5179
21.5195
21.5195
21.5292
21.5211
21.5261
21.5476
21.5508
21.559
21.5786
21.6
21.6035
21.6117
21.6293
21.6586
21.6898
21.7094
21.7386
21.7519
21.7715
21.7601
21.7597
21.7418
21.7484
21.7598
21.7715
21.7781
21.7992
21.8187
21.832
21.8484
21.8597
21.8793
21.9086
21.9019
21.9199
21.925
21.9316
21.9511
21.9495
21.9507
21.9965
22.0015
22.0116
22.0277
22.0586
22.0684
22.0703
22.0902
22.1277
22.1308
22.1523
22.1703
22.1898
22.2207
22.2308
22.232
22.2679
22.2809
22.2828
22.2828
22.2914
22.3191
22.3223
22.3336
22.3316
22.3398
22.3648
22.3648
22.3762
22.3875
22.407
22.4183
22.4281
22.4594
22.4707
22.4886
22.5113
22.5129
22.523
22.5116
22.5195
22.5129
22.5179
22.5375
22.5472
22.5683
22.5879
22.6094
22.6027
22.6093
22.629
22.6308
22.6394
22.641
22.6687
22.6816
22.6832
22.6996
22.7289
22.75
22.7617
22.7812
22.809
22.8203
22.8137
22.8172
22.848
22.861
22.8711
22.8988
22.9301
22.925
22.9414
22.9414
22.9496
22.9609
22.9609
22.9722
22.9885
22.9933
23.0097
23.0195
23.0308
23.041
23.059
23.0609
23.0723
23.0721
23.0785
23.1
23.1113
23.1324
23.1406
23.1503
23.1484
23.1601
23.1602
23.1523
23.1683
23.1797
23.1828
23.191
23.1914
23.2011
23.2371
23.2402
23.2778
23.291
23.2929
23.3109
23.332
23.3418
23.3336
23.3499
23.3547
23.373
23.3566
23.3613
23.3711
23.389
23.4008
23.3925
23.3988
23.4004
23.4086
23.4297
23.4316
23.4413
23.4574
23.4672
23.4801
23.4981
23.518
23.5441
23.5602
23.5683
23.5719
23.5801
23.5914
23.5914
23.6113
23.6457
23.6782
23.7078
23.7223
23.7289
23.1395
21.259
19.4646
18.0805
17.042
16.2321
15.6227
15.2211
14.9028
14.6364
14.4029
14.2346
14.104
14.0111
13.9279
13.851
13.7952
13.7631
13.7206
13.7108
13.6991
13.6909
13.6702
13.6764
13.66
13.6452
13.6421
13.6206
13.5947
13.5664
13.5359
13.5146
13.5046
13.5144
13.5245
13.5213
13.5128
13.4936
13.4722
13.4495
13.423
13.4085
13.4265
13.4378
13.4476
13.4558
13.4574
13.4659
13.4507
13.4464
13.4382
13.4183
13.4151
13.3972
13.3871
13.3772
13.3656
13.3593
13.3417
13.3366
13.3253
13.3086
13.3269
13.3268
13.3183
13.3089
13.2957
13.2749
13.2679
13.2449
13.2319
13.2371
13.2191
13.237
13.2418
13.2258
13.2406
13.2125
13.1734
13.1534
13.1828
13.1975
13.2285
13.2253
13.1992
13.1965
13.203
13.2304
13.2497
13.3551
14.1458
17.7933
24.4907
25.7321
25.9608
26.0422
26.0271
26.0183
26.0275
26.005
25.9866
25.98
25.9799
25.9881
25.9927
25.9842
25.994
25.9795
25.9583
25.9552
25.947
25.9568
25.95
25.9564
25.9677
25.9529
25.963
25.9614
25.9629
25.9645
25.9645
25.9642
25.9579
25.9676
25.9661
25.9578
25.9805
25.9903
25.9919
25.9922
26.0004
25.9938
26.0086
26.0004
26.0118
26.0121
26.0168
26.0102
26.0117
26.0047
25.9937
26.0016
26.0118
25.9969
26.0105
26.0234
26.0129
26.0117
26.0114
26.0136
26.0051
25.9793
25.964
25.9429
25.9559
25.9527
25.9543
25.9465
25.9547
25.9856
25.9793
25.9773
25.9871
25.9886
25.9886
25.9773
25.9688
25.9594
25.9465
25.9578
25.9579
25.966
25.9755
25.9839
25.9937
25.9887
25.9953
26.0051
25.9953
26.0084
26.0168
26.0266
26.0347
26.0196
26.048
26.0558
26.0672
26.0786
26.0789
26.0886
26.0605
26.057
26.0554
26.039
26.0293
26.0458
26.0574
26.0672
26.075
26.0848
26.0687
26.0703
26.0758
26.0789
26.0804
26.0969
26.0981
26.1097
26.1113
26.1113
26.1261
26.1191
26.1371
26.1273
26.1551
26.1664
26.1765
26.1879
26.1898
26.1898
26.1883
26.1961
26.1781
26.17
26.1867
26.1867
26.1964
26.2258
26.227
26.2305
26.2209
26.2109
26.1914
26.18
26.1882
26.1914
26.198
26.1976
26.2171
26.2286
26.2108
26.2106
26.2094
26.2289
26.2308
26.2209
26.2176
26.2192
26.2422
26.2191
26.2386
26.2304
26.2321
26.2406
26.2503
26.2616
26.2597
26.2597
26.2711
26.2613
26.2617
26.2781
26.2992
26.3203
26.3398
26.3515
26.3629
26.3644
26.3792
26.3793
26.3808
26.4086
26.4199
26.448
26.4609
26.4609
26.459
26.441
26.4297
26.4297
26.4281
26.4297
26.4398
26.448
26.4692
26.489
26.5004
26.5117
26.5215
26.5297
26.5394
26.5312
26.5215
26.5215
26.5117
26.5117
26.5035
26.5003
26.4937
26.5183
26.5132
26.4999
26.4999
26.4898
26.5062
26.4996
26.4898
26.5082
26.5196
26.5199
26.5297
26.5215
26.5395
26.5234
26.5316
26.5316
26.5281
26.5394
26.5492
26.5605
26.5703
26.5703
26.5703
26.5703
26.5867
26.5785
26.5687
26.5703
26.5786
26.5902
26.5625
26.5609
26.5801
26.582
26.5703
26.5605
26.5507
26.5586
26.5684
26.598
26.6031
26.6113
26.6016
26.618
26.6113
26.6113
26.6097
26.639
26.6699
26.6633
26.6781
26.698
26.6879
26.6895
26.6664
26.6664
26.6585
26.6504
26.6409
26.6371
26.6386
26.6305
26.6468
26.6469
26.6485
26.6667
26.6879
26.6879
26.7208
26.7422
26.7699
26.7797
26.7992
26.791
26.7816
26.7812
26.7812
26.7828
26.7992
26.8121
26.8089
26.8187
26.8105
26.8105
26.8168
26.8087
26.8203
26.8285
26.8484
26.8809
27.0055
26.4301
24.1068
21.4995
19.7006
18.4383
17.529
16.8006
16.2468
15.8171
15.4366
15.192
14.9961
14.8404
14.6908
14.5927
14.5111
14.4619
14.4294
14.3717
14.3162
14.3084
14.3198
14.2952
14.2921
14.2807
14.2659
14.2218
14.2237
14.2006
14.194
14.1855
14.2042
14.2155
14.2057
14.2155
14.2057
14.1995
14.1701
14.1452
14.1143
14.1226
14.1194
14.1291
14.1305
14.1288
14.119
14.1187
14.1128
14.1031
14.0933
14.1014
14.0995
14.1159
14.1027
14.0882
14.0878
14.0897
14.0682
14.0703
14.0471
14.0508
14.0573
14.0718
14.0705
14.0961
14.1081
14.0918
14.0658
14.0453
14.0324
14.0097
13.9882
14.0065
14.0015
14.005
14.0359
14.0656
14.0867
14.1934
14.3994
14.3881
14.0209
13.9291
13.9065
13.8936
13.8432
13.7586
13.6099
13.5778
13.6443
13.7879
13.871
13.8871
13.8738
13.8792
13.9136
13.9425
13.9753
14.2286
17.3043
25.912
28.2347
28.3687
28.3779
28.3687
28.3161
28.3107
28.2926
28.2253
28.1874
28.153
28.1365
28.1023
28.0876
28.0795
28.0924
28.0822
28.0907
28.0841
28.0728
28.0677
28.0481
28.0314
28.0251
28.0055
27.9942
27.9828
27.961
27.9544
27.9532
27.9629
27.9708
27.9935
28.0051
27.9969
27.9989
27.989
27.979
27.9806
27.971
27.9496
27.9219
27.9187
27.9035
27.9008
27.9102
27.9122
27.9235
27.9141
27.9137
27.9238
27.8937
27.9
27.9133
27.8989
27.8926
27.886
27.8925
27.8957
27.8824
27.8844
27.8875
27.9023
27.8876
27.8926
27.8941
27.9169
27.909
27.8879
27.8843
27.8774
27.8648
27.8562
27.8547
27.8563
27.8465
27.8449
27.8367
27.8169
27.8238
27.8156
27.7973
27.7977
27.7898
27.7894
27.7879
27.798
27.7996
27.8238
27.8352
27.8438
27.8547
27.8484
27.873
27.8759
27.8871
27.8972
27.8906
27.907
27.8988
27.8906
27.8988
27.9004
27.8808
27.8859
27.8907
27.891
27.8875
27.8875
27.8777
27.8695
27.8644
27.8759
27.8696
27.8499
27.8547
27.8562
27.8562
27.8398
27.8301
27.83
27.8285
27.8383
27.8414
27.8499
27.8648
27.8562
27.8351
27.8364
27.8433
27.8254
27.809
27.8188
27.8421
27.832
27.8206
27.8222
27.8484
27.8499
27.8501
27.8519
27.8617
27.8699
27.8695
27.8613
27.8597
27.8582
27.8417
27.8285
27.8383
27.8484
27.848
27.8613
27.8777
27.9168
27.9101
27.9118
27.9186
27.9296
27.9101
27.9019
27.8984
27.8968
27.8968
27.9067
27.9183
27.9265
27.9363
27.9215
27.9297
27.9398
27.9398
27.9398
27.93
27.9382
27.9383
27.948
27.9395
27.948
27.9511
27.9594
27.9609
27.9609
27.9526
27.9492
27.9509
27.9547
27.9449
27.9433
27.9299
27.9199
27.9363
27.9477
27.9872
27.9824
28.0004
28.0101
28.0101
28.0195
28.0293
28.0293
28.0277
28.0375
28.0293
28.0406
28.0214
28.018
28.0395
28.0348
28.0332
28.0414
28.0691
28.0706
28.0624
28.059
28.0671
28.0684
28.0688
28.0804
28.0999
28.1097
28.1015
28.0933
28.1035
28.1117
28.0953
28.1035
28.1117
28.1312
28.1343
28.1328
28.1246
28.1214
28.1097
28.1015
28.1066
28.098
28.1062
28.0996
28.0981
28.0918
28.0722
28.082
28.0804
28.0984
28.1031
28.1097
28.1196
28.1215
28.1113
28.1277
28.1277
28.1308
28.1308
28.1324
28.1488
28.1422
28.1324
28.1324
28.1508
28.1406
28.1308
28.1309
28.121
28.1371
28.1289
28.1273
28.1386
28.1469
28.1582
28.1683
28.1699
28.1684
28.159
28.1507
28.1488
28.1488
28.1422
28.1422
28.134
28.1309
28.1292
28.1585
28.1601
28.1683
28.1781
28.1996
28.2012
28.193
28.1914
28.2012
28.2129
28.203
28.2093
28.2289
28.2406
28.2308
28.2211
28.2293
25.8787
29.5078
24.0991
21.5752
19.6795
18.2786
17.243
16.4771
15.8593
15.4284
15.1098
14.8223
14.6071
14.4369
14.2735
14.1595
14.0595
14.011
13.9732
13.9307
13.908
13.8885
13.8572
13.8542
13.851
13.823
13.8102
13.8018
13.7744
13.753
13.7318
13.7304
13.7288
13.719
13.7171
13.7073
13.7058
13.696
13.714
13.7155
13.7139
13.714
13.7155
13.7124
13.6944
13.6925
13.6749
13.662
13.68
13.7011
13.6843
13.6913
13.6913
13.6718
13.6715
13.662
13.6698
13.6682
13.6679
13.6698
13.6617
13.6682
13.6879
13.6811
13.6879
13.6898
13.6797
13.6601
13.6389
13.6402
13.6409
13.6422
13.6295
13.6371
13.6573
13.6585
13.6734
13.6683
13.6784
13.6385
13.6371
13.6355
13.6207
13.6159
13.6011
13.6062
13.6078
13.6179
13.6097
13.6164
13.6143
13.6078
13.5933
13.58
13.5558
13.557
13.5492
13.5362
13.5555
13.5475
13.5539
13.5375
13.5343
13.5277
13.5461
13.5424
13.5277
13.5343
13.5444
13.5406
13.5344
13.5179
13.5229
13.5245
13.5164
13.5164
13.5262
13.5132
13.5406
13.5246
13.5328
13.5343
13.5421
13.5421
13.5476
13.5542
13.5457
13.5441
13.5343
13.5359
13.5328
13.5261
13.5522
13.5734
13.5851
13.5671
13.5671
13.5624
13.5637
13.5702
13.5617
13.5652
13.5637
13.5441
13.5359
13.5248
13.5226
13.5128
13.4851
13.4953
13.4855
13.484
13.4839
13.4839
13.4921
13.4855
13.4855
13.4839
13.4839
13.4742
13.4709
13.4707
13.4707
13.4671
13.4605
13.4821
13.4937
13.4824
13.484
13.4838
13.4703
13.4492
13.443
13.4414
13.4332
13.4281
13.4199
13.4297
13.4297
13.4332
13.4398
13.4395
13.441
13.4312
13.4492
13.4312
13.4215
13.4102
13.4102
13.4199
13.4102
13.4215
13.4429
13.443
13.425
13.4121
13.4023
13.3922
13.3496
13.3398
13.3594
13.3711
13.3824
13.3905
13.3837
13.3941
13.3957
13.3925
13.4121
13.4219
13.407
13.4135
13.4297
13.4511
13.4528
13.4547
13.4496
13.4511
13.4495
13.4395
13.441
13.4507
13.4445
13.4429
13.4429
13.4414
13.4152
13.4199
13.4105
13.3906
13.3824
13.3922
13.4
13.3941
13.3729
13.3742
13.3464
13.3351
13.3401
13.3433
13.3433
13.3613
13.3612
13.3625
13.3531
13.3386
13.3437
13.3371
13.3422
13.3237
13.3285
13.3316
13.332
13.35
13.3336
13.3402
13.3513
13.3679
13.3691
13.3445
13.3516
13.3434
13.3418
13.3304
13.3332
13.3301
13.3281
13.3136
13.3219
13.3121
13.3203
13.3022
13.3004
13.2921
13.2824
13.2924
13.2921
13.3102
13.3203
13.3383
13.3332
13.3285
13.33
13.3137
13.3124
13.3105
13.3023
13.2926
13.291
13.3089
13.3121
13.3039
13.2844
13.2812
13.2746
13.2668
13.262
13.255
13.2797
13.2828
13.2633
13.2633
13.2797
13.2914
13.2813
13.2925
13.2909
13.3023
13.2925
13.2957
13.2695
13.2452
13.2535
13.2535
13.2437
13.2519
13.252
13.2617
13.2437
13.2437
13.2422
13.2503
13.2402
13.2367
13.2402
13.2402
13.2418
13.25
13.2453
13.2453
13.2371
13.216
13.203
13.1945
13.2109
13.2324
13.234
13.2339
13.2355
13.2421
13.25
13.2402
13.2418
13.2484
13.2515
13.2433
13.25
13.2551
13.2535
13.2339
13.2386
13.2238
13.2223
13.214
13.2109
13.2223
13.2124
13.2285
13.2336
13.2238
13.2437
13.2519
13.2336
13.2386
13.2422
13.2387
13.2304
13.2125
13.2144
13.1929
13.2047
13.198
13.1932
13.1828
13.1812
13.1914
13.1797
13.1617
13.17
13.1816
13.1636
13.1605
13.1621
13.1718
13.1621
13.1703
13.1718
13.1929
13.193
13.2027
13.2011
13.1926
13.2027
13.193
13.1832
13.1734
13.1816
13.1652
13.1601
13.1436
13.1223
13.1109
13.1109
13.1191
13.1371
13.1422
13.1406
13.1504
13.1602
13.1441
13.1523
13.1621
13.1605
13.1801
13.1801
13.1914
13.1914
13.2211
13.2241
13.214
13.196
13.1832
13.1898
13.1914
13.1832
13.1882
13.2175
13.2224
13.2242
13.2324
13.2242
13.2029
13.191
13.1812
13.1699
13.1683
13.173
13.1714
13.1469
13.1535
13.1535
13.1359
13.1585
13.1683
13.1715
13.1714
13.1613
13.1335
13.1222
13.1242
13.1144
13.1211
13.1211
13.1211
13.103
13.1211
13.1308
13.1242
13.1129
13.1308
13.1343
13.1211
13.1488
13.1504
13.1617
13.1683
13.1601
13.1617
13.1519
13.1586
13.1472
13.1441
13.1539
13.1621
13.1523
13.144
13.1504
13.1504
13.1519
13.1238
13.1109
13.1211
13.1227
13.1211
13.1176
13.1289
13.1304
13.1406
13.1324
13.1324
13.1406
13.1342
13.1093
13.1211
13.1308
13.1191
13.1227
13.1226
13.1211
13.1242
13.0934
13.0836
13.0641
13.0707
13.0723
13.0605
13.0687
13.0785
13.0621
13.0605
13.0703
13.0882
13.0914
13.0898
13.0898
13.1078
13.1112
13.1012
13.0816
13.0914
13.08
13.0894
13.0898
13.1093
13.129
13.1307
13.1485
13.1504
13.1636
13.1554
13.1441
13.1507
13.1309
13.1242
13.1078
13.116
13.1011
13.0914
13.0816
13.0883
13.0898
13.0734
13.0898
13.0898
13.1078
13.1191
13.139
13.1324
13.1472
13.1504
13.1504
13.134
13.1406
13.1437
13.1437
13.1308
13.1386
13.1566
13.1617
13.1504
13.1406
13.1324
13.1242
13.1129
13.1129
13.1113
13.139
13.1422
13.1309
13.1308
13.139
13.1406
13.1323
13.1402
13.1617
13.1633
13.1535
13.1422
13.1406
13.1504
13.1503
13.1504
13.1683
13.1617
13.1519
13.1324
13.1211
13.1129
13.1016
13.0918
13.082
13.082
13.0999
13.1176
13.1289
13.1406
13.1406
13.1407
13.1523
13.123
13.1148
13.1148
13.1328
13.1245
13.1308
13.1227
13.1195
13.1093
13.1273
13.1289
13.1305
13.1386
13.1305
13.1226
13.1011
13.1012
13.0914
13.08
13.0933
13.0836
13.0918
13.0918
13.0851
13.0918
13.0738
13.1019
13.105
13.1116
13.1114
13.1133
13.123
13.1113
13.1015
13.0917
13.0836
13.0804
13.0836
13.0738
13.082
13.0753
13.082
13.0934
13.0819
13.0801
13.082
13.082
13.0902
13.0918
13.1097
13.1113
13.1129
13.1246
13.1246
13.1147
13.1031
13.1014
13.0816
13.0898
13.1093
13.1109
13.1027
13.1109
13.1207
13.1207
13.0996
13.1078
13.1012
13.1094
13.1113
13.1113
13.1015
13.0934
13.0836
13.0624
13.0801
13.0836
13.0721
13.0621
13.0523
13.0406
13.0406
13.0293
13.0113
13.023
13.0492
13.0722
13.0723
13.0644
13.0824
13.0922
13.1117
13.0968
13.105
13.1129
13.0933
13.0832
13.0719
13.0722
13.0605
13.0523
13.0472
13.0488
13.0508
13.0605
13.08
13.098
13.1012
13.0898
13.0914
13.0996
13.0867
13.0738
13.0656
13.0722
13.0719
13.0785
13.098
13.0914
13.0801
13.08
13.0996
13.0898
13.0718
13.0703
13.0605
13.0605
13.0508
13.0523
13.0539
13.0424
13.0621
13.0621
13.0703
13.08
13.0785
13.0882
13.0898
13.0914
13.0914
13.0996
13.1191
13.1125
13.1012
13.0996
13.0918
13.082
13.0738
13.0738
13.0624
13.0523
13.0488
13.0602
13.0621
13.0343
13.0328
13.0425
13.064
13.0722
13.0621
13.0786
13.0902
13.1
13.0851
13.0625
13.0722
13.0457
13.0344
13.0312
13.0313
13.0507
13.0492
13.0508
13.0508
13.0507
13.0441
13.0311
13.0211
13.039
13.0422
13.0504
13.0504
13.0523
13.0539
13.0542
13.0508
13.0719
13.0719
13.0472
13.0605
13.0461
13.0527
13.0445
13.0331
13.0297
13.0312
13.0394
13.0703
13.0722
13.0722
13.0624
13.0703
13.0621
13.0523
13.041
13.041
13.0426
13.023
13.0199
13.0312
13.023
13.0133
13.0215
13.0097
13.0276
13.0226
13.0113
13.0313
13.0312
13.023
13.0214
13.0113
13.0493
13.0492
13.0328
13.0249
13.0148
13.0019
12.9839
12.9933
13.0016
13.0277
13.0374
13.0406
13.0488
13.057
13.0488
13.0473
13.0508
13.0492
13.0312
13.0116
13.0097
13.0211
13.0113
13.0016
12.9933