-0.339905
-0.382477
-0.390686
-0.398834
-0.409912
-0.426605
-0.419983
-0.408661
-0.388794
-0.369507
-0.367615
-0.352783
-0.323486
-0.328583
-0.330139
-0.351227
-0.341461
-0.31723
-0.310211
-0.313721
-0.281311
-0.269592
-0.281311
-0.273102
-0.276642
-0.278259
-0.269897
-0.268005
-0.268097
-0.263367
-0.259827
-0.267944
-0.295837
-0.28952
-0.279755
-0.259827
-0.248505
-0.23053
-0.200836
-0.197723
-0.202789
-0.209412
-0.200836
-0.200928
-0.18985
-0.175049
-0.168427
-0.178192
-0.161774
-0.168427
-0.152008
-0.150452
-0.134033
-0.112854
-0.0879517
-0.0684204
-0.066864
-0.0505371
-0.0492859
-0.0195923
-2.00E-02
1.56E-03
8.45E-03
1.95E-02
1.95E-02
1.75E-02
1.95E-02
1.95E-02
1.79E-02
-6.10E-05
-6.10E-05
2.56E-13
-1.14E-02
-2.15E-02
-4.58E-04
0.086731
0.272125
-7.72E-02
-0.184906
-0.147339
-0.148499
0.0933838
0.0702515
0.406738
0.673126
0.767151
0.868469
0.900085
9.10E-01
0.937134
0.953766
0.953705
9.52E-01
9.92E-01
1.01E+00
1.00E+00
0.99234
9.89E-01
1.02E+00
1.05E+00
1.07E+00
1.08E+00
1.09E+00
1.10E+00
1.10E+00
1.10E+00
1.10461
1.10275
1.11417
1.12112
1.15198
1.14731
1.15515
1.16525
1.17856
1.17026
1.1684
1.17651
1.17783
1.17661
1.17847
1.1684
1.1665
1.16675
1.16174
1.18158
1.18127
1.20273
1.20276
1.2226
1.21753
1.21869
1.21219
1.21597
1.22415
1.19604
1.18478
1.17142
1.15503
1.15353
1.15509
1.14566
1.16046
1.17502
1.18478
1.21283
1.21408
1.23199
1.23352
1.24173
1.23166
1.24023
1.26135
1.26321
1.27307
1.28278
1.28275
1.28394
1.30362
1.29721
1.30386
1.31519
1.30698
1.30707
1.30582
1.2941
1.28433
1.28244
1.30392
1.33002
1.33633
1.34488
1.33667
1.33667
1.32846
1.33316
1.33636
1.35464
1.36447
1.36636
1.37424
1.37418
1.36597
1.35776
1.33823
1.33633
1.3187
1.3269
1.32535
1.33511
1.3559
1.36761
1.39566
1.41324
1.41479
1.41324
1.40659
1.41644
1.42657
1.42847
1.43628
1.43784
1.45425
1.45581
1.46207
1.46683
1.48196
1.46869
1.45581
1.4473
1.44449
1.44604
1.44604
1.44604
1.46564
1.48706
1.50815
1.50464
1.51596
1.52737
1.53745
1.53745
1.52768
1.54565
1.56683
1.58667
1.5668
1.5687
1.5769
1.5687
1.5769
1.58011
1.60464
1.61752
1.62573
1.63391
1.62891
1.63745
1.64526
1.64682
1.67462
1.67807
1.69955
1.70111
1.71088
1.71909
1.72064
1.70923
1.72845
1.73676
1.75824
1.7601
1.76321
1.76636
1.77768
1.79721
1.79721
1.82495
1.82651
1.83627
1.84955
1.82806
1.83627
1.82962
1.83978
1.83627
1.82971
1.82846
1.81204
1.81049
1.81714
1.83002
1.83823
1.87418
1.89526
1.90659
1.918
1.93628
1.94604
1.93118
1.95111
1.95581
1.95737
1.93753
1.95581
1.9476
1.95581
1.95581
1.95737
1.96878
1.97885
1.98041
1.98862
2.01636
2.03745
2.03909
2.04916
2.07535
2.0687
2.08002
2.07846
2.07846
2.08823
2.06985
2.05862
2.05072
2.04086
2.04877
2.05698
2.04877
2.06519
2.0961
2.11597
2.12729
2.13705
2.13705
2.13861
2.1304
2.12885
2.15033
2.15854
2.17972
2.18002
2.19644
2.17963
2.17496
2.17142
2.15353
2.1687
2.17181
2.19955
2.20111
2.20932
2.21088
2.22064
2.23041
2.23196
2.23862
2.24017
2.24838
2.25815
2.24994
2.25815
2.27768
2.289
2.29877
2.28079
2.29565
2.30698
2.30698
2.29721
2.289
2.29721
2.30502
2.3183
2.31839
2.33157
2.33823
2.33978
2.33978
2.33978
2.32181
2.33823
2.34955
2.33978
2.33978
2.35931
2.37885
2.3804
2.38705
2.37885
2.39056
2.40033
2.4101
2.40189
2.40033
2.41003
2.39017
2.37885
2.37573
2.37891
2.42502
2.12079
1.90985
1.78516
1.69635
1.64423
1.62207
1.6015
1.58859
1.55432
1.57074
1.59189
1.5954
1.62985
1.64151
1.65759
1.65454
1.66455
1.66431
1.6908
1.72992
1.73651
1.72955
1.7233
1.73151
1.73962
1.75418
1.77884
1.78729
1.7952
1.80338
1.79205
1.7807
1.76266
1.76086
1.74948
1.7561
1.77884
1.80533
1.81625
1.80814
1.82486
1.82611
1.82837
1.81821
1.81635
1.83658
1.8179
1.80844
1.81519
1.83151
1.83472
1.83307
1.81323
1.81519
1.80533
1.82309
1.83658
1.83627
1.85611
1.8562
1.86588
1.85767
1.84604
1.86432
1.8558
1.87259
1.87222
1.86441
1.87918
1.89212
1.8902
1.88354
1.90973
1.92297
1.92456
1.91315
1.89993
1.86243
1.82492
1.78296
1.78195
1.81165
1.86398
1.90344
1.92297
1.93469
1.95267
1.96078
1.99835
1.99994
2.21252
2.20532
2.63947
3.16962
3.53189
3.66891
3.73862
3.80188
3.89026
3.90955
3.90604
3.89938
3.91422
3.91736
3.8782
3.87314
3.86337
3.8829
3.89111
3.89767
3.90869
3.92032
3.91534
3.90393
3.87775
3.85977
3.84845
3.83551
3.84653
3.85471
3.85947
3.87454
3.8891
3.89221
3.87299
3.88235
3.87073
3.87219
3.89032
3.88589
3.90854
3.9133
3.91519
3.9133
3.89728
3.88586
3.9136
3.91364
3.92307
3.94293
3.9559
3.95587
3.96088
3.98196
3.9754
3.98196
3.98196
3.98672
3.96558
3.96558
3.94604
3.93784
3.94415
3.92807
3.93472
3.93634
3.97415
3.96527
3.96048
3.96243
3.96558
3.95737
3.93628
3.92651
3.93604
3.95621
3.96753
3.9855
3.98511
4.01291
4.02457
4.02417
4.01596
4.01596
4.00784
3.98196
3.98511
3.98511
3.98511
3.99332
3.99643
4.00598
4.00815
3.99838
4.02457
4.05386
4.04565
4.04565
4.0668
4.07846
4.0769
4.07846
4.08667
4.07651
4.0766
4.08823
4.07651
4.08472
4.08627
4.09613
4.10464
4.1062
4.10269
4.1059
4.10776
4.10776
4.11752
4.12729
4.13705
4.14838
4.14993
4.16791
4.17612
4.17776
4.17963
4.17963
4.18784
4.19604
4.1976
4.20743
4.20111
4.20776
4.20621
4.20932
4.1976
4.21402
4.22034
4.24527
4.24994
4.24838
4.24994
4.24173
4.24838
4.2222
4.21909
4.20892
4.1976
4.20581
4.18784
4.19409
4.20746
4.21088
4.19916
4.21878
4.24057
4.24838
4.25815
4.25815
4.27768
4.28589
4.28891
4.30667
4.32025
4.32025
4.32181
4.32181
4.33002
4.33978
4.34644
4.3511
4.34799
4.36792
4.37924
4.3808
4.38235
4.3808
4.39056
4.39212
4.4183
4.41165
4.41675
4.39682
4.41479
4.42621
4.42963
4.43784
4.45111
4.45111
4.43939
4.41986
4.43634
4.43002
4.43979
4.46753
4.47064
4.48041
4.49994
4.5015
4.5097
4.51947
4.52768
4.55542
4.56009
4.54877
4.5687
4.55032
4.56204
4.55853
4.55698
4.57495
4.5683
4.57495
4.57025
4.56049
4.55853
4.55698
4.54877
4.55698
4.54526
4.54535
4.54721
4.54886
4.55072
4.56049
4.57025
4.58002
4.57181
4.57993
4.59955
4.59964
4.59174
4.57025
4.58197
4.57886
4.56049
4.56049
4.54907
4.55862
4.54877
4.5687
4.57846
4.59174
4.61127
4.62769
4.62259
4.62103
4.6308
4.64722
4.65189
4.6601
4.67807
4.66791
4.66946
4.67612
4.69916
4.67932
4.67807
4.70581
4.69916
4.69916
4.68274
4.66986
4.68784
4.68118
4.69604
4.68939
4.71713
4.71869
4.70227
4.71713
4.70267
4.6929
4.67142
4.66986
4.67963
4.68784
4.70111
4.73712
4.74213
4.74173
4.73862
4.74829
4.7597
4.74173
4.73196
4.74017
4.7597
4.76947
4.76947
4.78079
4.80386
4.78079
4.7515
4.7597
4.7597
4.73352
4.71399
4.72885
4.72064
4.71088
4.79141
4.40921
4.02783
3.73502
3.43289
3.27533
3.1644
3.11322
3.05112
2.99222
2.96603
2.97781
2.98767
2.97479
2.95361
2.95837
2.94235
2.94391
2.95181
2.94897
2.95837
2.95026
2.94901
2.93073
2.93423
2.94049
2.92596
2.92453
2.93112
2.92636
2.944
2.97211
2.97531
2.96744
2.95914
2.9765
2.9686
2.96985
2.98969
3.0014
3.01126
3.00961
3.01773
3.03705
3.03735
3.02728
3.03079
3.0162
2.99799
2.98666
2.98697
3.0062
3.0065
2.99954
2.99673
3.01437
3.01627
3.01437
3.01437
3.02258
3.02292
3.02261
3.02768
3.0358
3.04721
3.06354
3.06674
3.06198
3.03745
3.01636
3.00339
2.99643
2.99017
3.00641
3.01596
3.02408
3.03394
3.05032
3.02768
2.98352
2.98196
3.00305
3.03265
3.06635
3.0979
3.09445
3.1026
3.09445
3.11243
3.1308
3.173
3.20065
3.36774
4.77542
5.7912
6.25775
6.46463
6.61917
6.68088
6.69907
6.71323
6.70526
6.66736
6.63953
6.63101
6.62634
6.62634
6.62509
6.63956
6.65244
6.65558
6.64893
6.63596
6.63095
6.64737
6.64267
6.63635
6.6344
6.64066
6.634
6.63596
6.63596
6.63751
6.63715
6.63745
6.63876
6.62268
6.60971
6.60971
6.61761
6.62082
6.6312
6.65042
6.66049
6.65979
6.65353
6.65228
6.64212
6.62579
6.58823
6.57504
6.59995
6.59299
6.6015
6.61096
6.61127
6.61252
6.61603
6.61636
6.62454
6.61948
6.60587
6.62259
6.63394
6.61752
6.62384
6.62418
6.64371
6.65668
6.64682
6.67145
6.67465
6.6929
6.70425
6.6926
6.67657
6.68314
6.69455
6.68668
6.70111
6.71558
6.71713
6.70547
6.72379
6.71713
6.71558
6.70551
6.70587
6.7226
6.73706
6.73517
6.72064
6.73547
6.74683
6.74173
6.74838
6.74994
6.7597
6.76636
6.74994
6.74808
6.73862
6.74527
6.74017
6.74838
6.74683
6.76636
6.75775
6.75626
6.74683
6.75659
6.74683
6.73666
6.74649
6.74838
6.74838
6.73041
6.71869
6.73862
6.75504
6.76956
6.7597
6.77768
6.78745
6.77103
6.74838
6.73862
6.74683
6.73862
6.73517
6.74487
6.74799
6.74643
6.74799
6.74643
6.73822
6.75659
6.76797
6.77808
6.78784
6.77612
6.78745
6.78909
6.78589
6.79565
6.8187
6.84799
6.84799
6.8562
6.85941
6.84955
6.81674
6.83316
6.82651
6.82651
6.83627
6.84454
6.8559
6.85141
6.8511
6.83823
6.85629
6.86127
6.85141
6.86908
6.87885
6.87885
6.89017
6.89017
6.89993
6.90854
6.90659
6.91635
6.93784
6.94916
6.93939
6.93939
6.94916
6.92297
6.93118
6.93274
6.94916
6.96713
6.99683
7.0097
7.01791
7.00824
7.01987
7.02963
7.03119
7.02298
7.02612
7.02924
7.00305
7.00815
7.00815
7.00815
7.01791
7.02924
7.0441
7.03745
7.04565
7.03079
7.03745
7.03079
7.01437
7.02103
7.04056
7.04877
7.05698
7.06009
7.06674
7.0683
7.08627
7.09604
7.11713
7.12689
7.11868
7.12885
7.12885
7.12885
7.11908
7.11752
7.11597
7.0976
7.09604
7.07962
7.07806
7.0632
7.08002
7.09799
7.11087
7.13705
7.14682
7.15668
7.15854
7.15854
7.14838
7.14847
7.14047
7.13705
7.14682
7.14838
7.14993
7.13861
7.13861
7.13861
7.15503
7.16635
7.16635
7.16791
7.17612
7.17767
7.17767
7.1597
7.15659
7.17786
7.17026
7.16196
7.1683
7.19769
7.20111
7.20267
7.20111
7.18118
7.1601
7.17838
7.18939
7.1976
7.20737
7.20901
7.20932
7.21909
7.21909
7.22064
7.24017
7.24017
7.25159
7.26166
7.26157
7.26947
7.2515
7.25659
7.27612
7.27582
7.25815
7.25815
7.25815
7.24994
7.23032
7.2265
7.22495
7.21674
7.22668
7.21909
7.25504
7.2597
7.27603
7.29721
7.3183
7.34915
7.46533
7.05783
6.22549
5.55859
5.03265
4.63446
4.37704
4.16791
4.0394
3.96759
3.92227
3.86838
3.8208
3.81454
3.80133
3.80994
3.80338
3.80673
3.81461
3.83463
3.815
3.81158
3.81024
3.81158
3.80142
3.80844
3.79395
3.79517
3.81473
3.79861
3.80499
3.79398
3.81189
3.79828
3.80814
3.82993
3.8476
3.84946
3.84125
3.8558
3.85767
3.85101
3.84595
3.85071
3.83929
3.8511
3.84158
3.80853
3.8186
3.80853
3.8186
3.82806
3.83813
3.84915
3.84665
3.83627
3.84283
3.83783
3.82806
3.81354
3.83472
3.84445
3.84479
3.8558
3.85464
3.87408
3.88394
3.87408
3.87378
3.86557
3.84439
3.83627
3.82016
3.82486
3.8183
3.82175
3.81165
3.80853
3.77258
3.7218
3.6976
3.72375
3.74512
3.76086
3.78745
3.78424
3.77768
3.79245
3.81204
3.82336
3.90198
4.06711
4.15814
7.28589
8.83749
9.32346
9.49438
9.57111
9.57977
9.58313
9.56824
9.53665
9.52557
9.54315
9.54001
9.53171
9.51657
9.51025
9.50055
9.51221
9.53839
9.53644
9.56259
9.56924
9.55908
9.543
9.54456
9.51486
9.51331
9.48712
9.48401
9.47736
9.48557
9.5083
9.50034
9.51486
9.51175
9.50034
9.52621
9.50824
9.51801
9.51956
9.53128
9.52142
9.51331
9.5394
9.54575
9.52457
9.52112
9.5394
9.53909
9.53439
9.53128
9.54291
9.54721
9.56525
9.55539
9.5636
9.54532
9.54565
9.5394
9.52417
9.52423
9.52457
9.5145
9.51321
9.51486
9.51477
9.52298
9.51797
9.50854
9.5015
9.50464
9.50314
9.5145
9.53119
9.55237
9.57376
9.57181
9.56519
9.55859
9.53745
9.53589
9.54721
9.56519
9.55698
9.55704
9.54916
9.55902
9.5394
9.52768
9.52301
9.52457
9.53589
9.54376
9.5636
9.59299
9.58823
9.61292
9.64407
9.62735
9.62924
9.59995
9.59839
9.58823
9.56204
9.55542
9.56519
9.58316
9.59454
9.60626
9.62769
9.6355
9.61752
9.62729
9.60931
9.60776
9.60782
9.61792
9.64566
9.65854
9.65854
9.67816
9.6636
9.64087
9.62885
9.61908
9.63715
9.64056
9.65698
9.66675
9.673
9.68433
9.67776
9.68472
9.67963
9.6683
9.66635
9.64993
9.64526
9.64847
9.6601
9.68628
9.70892
9.71713
9.71869
9.71713
9.72534
9.73361
9.72064
9.71753
9.71713
9.7254
9.73862
9.73196
9.72064
9.70267
9.71909
9.69446
9.68149
9.68597
9.70581
9.70737
9.71713
9.72885
9.7269
9.71878
9.70932
9.6929
9.70776
9.70111
9.70932
9.72064
9.74683
9.75659
9.7597
9.76791
9.77768
9.789
9.789
9.79877
9.81009
9.82806
9.82806
9.83939
9.86401
9.86713
9.87698
9.86908
9.87885
9.86743
9.87534
9.87689
9.87885
9.87064
9.86908
9.86908
9.87064
9.86908
9.87729
9.88705
9.89682
9.90659
9.91641
9.92807
9.91321
9.90854
9.91986
9.90854
9.90854
9.90863
9.92026
9.92181
9.92847
9.92972
9.91205
9.91205
9.91205
9.92026
9.92181
9.91675
9.92963
9.92963
9.92807
9.92963
9.91986
9.92142
9.9183
9.91986
9.92963
9.9183
9.93784
9.92142
9.93118
9.92297
9.91165
9.89203
9.89212
9.89056
9.89877
9.89056
9.90698
9.92816
9.948
9.95111
9.96088
9.97729
9.99838
9.99994
10.0097
10.0097
10.0015
9.98187
9.96713
9.97025
9.94916
9.93939
9.9476
9.96533
9.98862
10.0164
10.0292
10.0359
10.0488
10.039
10.039
10.0308
10.0292
10.041
10.0589
10.08
10.062
10.057
10.039
10.039
10.0308
10.0031
9.99173
9.99994
10.0195
10.0097
10.0195
10.0374
10.0374
10.0489
10.0589
10.0687
10.0488
10.0292
10.0261
10.0554
10.0406
10.021
10.0374
10.0488
10.0406
10.0292
10.0374
10.0472
10.0554
10.0684
10.1426
9.63962
8.56494
7.11667
6.24207
5.76401
5.40759
5.11899
4.90814
4.75345
4.65704
4.61804
4.58441
4.57587
4.57086
4.54971
4.52713
4.52048
4.54001
4.54355
4.54031
4.50574
4.51392
4.51617
4.50757
4.51236
4.49628
4.50415
4.50571
4.50769
4.52753
4.53384
4.52408
4.52057
4.51587
4.49323
4.48978
4.49323
4.47363
4.45844
4.47025
4.47366
4.48187
4.50775
4.52759
4.52094
4.51947
4.51978
4.4982
4.48978
4.47836
4.47025
4.44907
4.44095
4.45758
4.45541
4.46362
4.47375
4.45728
4.47369
4.4472
4.46198
4.4472
4.44867
4.45697
4.45572
4.45386
4.43268
4.43277
4.43118
4.44089
4.44565
4.4769
4.49478
4.49789
4.50424
4.51285
4.51791
4.54407
4.71494
4.87939
4.90601
4.56659
4.42706
4.43924
4.44391
4.3815
4.20392
3.9512
3.91226
4.09705
4.29602
4.42773
4.46704
4.48187
4.46863
4.48627
4.47876
4.48315
4.70627
5.43433
6.68423
11.6107
12.0552
12.1178
12.1089
12.0827
12.0524
12.0179
11.9832
11.9456
11.924
11.8718
11.8522
11.8376
11.8307
11.831
11.8357
11.8177
11.8079
11.8192
11.8141
11.811
11.8224
11.8173
11.8271
11.8371
11.8188
11.8289
11.8024
11.7914
11.7746
11.7895
11.7727
11.7728
11.7844
11.8137
11.8172
11.8172
11.8367
11.8578
11.8464
11.8461
11.8481
11.8301
11.8188
11.8106
11.8106
11.8093
11.8286
11.8332
11.814
11.8301
11.8402
11.8332
11.8238
11.8219
11.8042
11.8039
11.8059
11.8206
11.827
11.8238
11.8418
11.8366
11.8531
11.8628
11.8448
11.8742
11.866
11.8546
11.8563
11.8562
11.8464
11.8367
11.8332
11.8367
11.8234
11.8231
11.8417
11.8448
11.8543
11.8546
11.8562
11.856
11.8761
11.8843
11.8875
11.9023
11.9153
11.9089
11.9136
11.9086
11.9085
11.8988
11.9234
11.9184
11.9167
11.9152
11.9167
11.8988
11.9038
11.8773
11.866
11.8773
11.9034
11.905
11.9164
11.9347
11.9398
11.9246
11.9246
11.9164
11.9167
11.9347
11.946
11.9425
11.9457
11.9589
11.9574
11.9656
11.9753
11.9554
11.9652
11.9558
11.9542
11.9442
11.946
11.946
11.9558
11.9456
11.936
11.9378
11.9281
11.9347
11.9379
11.9398
11.9344
11.9558
11.9378
11.9296
11.9363
11.9378
11.9558
11.9378
11.9457
11.9738
11.9851
11.9851
12.0031
12.0343
12.0457
12.0535
12.0469
12.0374
12.0488
12.0585
12.0523
12.041
12.0507
12.0589
12.0507
12.0605
12.0605
12.0652
12.0668
12.0605
12.0589
12.0492
12.0523
12.0683
12.0585
12.057
12.0488
12.075
12.0797
12.0902
12.0882
12.0898
12.1175
12.1191
12.1288
12.1288
12.1206
12.1371
12.1273
12.1273
12.1274
12.1554
12.1585
12.1488
12.1667
12.1683
12.1878
12.1878
12.1894
12.186
12.1796
12.1797
12.1683
12.1781
12.1781
12.1863
12.2058
12.1976
12.2156
12.2074
12.1976
12.1992
12.1878
12.1992
12.1878
12.1894
12.191
12.198
12.2074
12.2371
12.2386
12.2386
12.2449
12.2446
12.2382
12.2269
12.2269
12.2188
12.2484
12.2499
12.2566
12.2679
12.2859
12.2792
12.2859
12.289
12.2726
12.2499
12.2402
12.2468
12.2546
12.2563
12.2746
12.2679
12.2843
12.271
12.2613
12.2433
12.2417
12.2597
12.2695
12.2597
12.2566
12.2679
12.2499
12.2679
12.2679
12.2793
12.2811
12.271
12.2675
12.2757
12.287
12.2773
12.2757
12.2774
12.2792
12.2515
12.2484
12.2484
12.2499
12.2546
12.2562
12.2562
12.2644
12.2578
12.2566
12.2777
12.2792
12.2891
12.2992
12.3089
12.3285
12.3187
12.3089
12.3136
12.3265
12.3167
12.3101
12.2906
12.2988
12.2988
12.3003
12.3085
12.307
12.3265
12.3363
12.3296
12.3363
12.3214
12.3167
12.3199
12.3429
10.3271
14.123
9.09308
8.00696
7.09113
6.40024
5.92352
5.62363
5.43109
5.26782
5.16525
5.1066
5.07861
5.02191
4.98447
4.97617
4.95798
4.95166
4.95993
4.97986
4.98807
4.98141
4.99469
4.99625
5.00095
5.0108
5.00446
5.03073
5.01923
5.02524
5.01703
5.01587
5.02252
5.00766
4.97986
4.97641
4.98495
4.96664
4.9733
4.99948
5.02258
5.05377
5.04556
5.07175
5.09128
5.08298
5.07965
5.078
5.07141
5.04401
5.04089
5.03073
5.01276
5.0014
5.00299
5.01587
5.02875
5.01907
5.0358
5.05502
5.04712
5.06674
5.07642
5.07962
5.07837
5.0683
5.05063
5.03735
5.02924
5.02759
5.03735
5.03549
5.04565
5.03735
5.04565
5.05377
5.05698
5.07175
5.0683
5.06354
5.07651
5.05688
5.06519
5.05844
5.06009
5.06509
5.06674
5.065
5.05502
5.06323
5.06354
5.07465
5.0737
5.09137
5.11441
5.12253
5.13199
5.12564
5.0976
5.09799
5.0686
5.039
5.04245
5.03745
5.0441
5.05222
5.03745
5.03586
5.03424
5.04407
5.06351
5.073
5.06509
5.05502
5.03705
5.05414
5.03235
5.02414
5.02924
5.04056
5.06393
5.05228
5.0636
5.07339
5.07492
5.05533
5.04407
5.05539
5.0636
5.07202
5.07297
5.08157
5.0929
5.1026
5.08469
5.07492
5.08157
5.05533
5.05188
5.05188
5.04367
5.04056
5.03073
5.04407
5.0343
5.03119
5.04245
5.04211
5.05383
5.05383
5.05539
5.06354
5.0636
5.06195
5.05344
5.05539
5.0636
5.0636
5.06198
5.07806
5.07141
5.07806
5.08157
5.09134
5.08508
5.09329
5.07526
5.07336
5.07846
5.06042
5.06165
5.07181
5.07336
5.08157
5.11118
5.10617
5.10461
5.10617
5.09476
5.05533
5.04056
5.0144
5.01941
5.01096
5.0097
5.02454
5.03275
5.03268
5.04211
5.03394
5.02448
5.03079
5.03235
5.03275
5.0065
5.03079
5.03082
5.0343
5.05072
5.05222
5.06204
5.06992
5.08157
5.06198
5.08627
5.08472
5.07336
5.05222
5.06323
5.07181
5.08313
5.07993
5.07962
5.08978
5.09134
5.08948
5.08817
5.09955
5.09955
5.09134
5.08157
5.07175
5.08322
5.07339
5.08978
5.11429
5.13861
5.13046
5.13391
5.14056
5.13425
5.1062
5.10266
5.09128
5.0816
5.06204
5.07181
5.07025
5.07025
5.08157
5.08157
5.08002
5.06204
5.07019
5.04526
5.03275
5.00494
4.99173
4.99173
4.99994
5.0015
5.0015
5.01947
5.02298
5.01941
5.02063
5.01917
5.02454
5.02454
5.01315
5.02924
5.04407
5.06049
5.05383
5.04907
5.05032
5.05853
5.06985
5.07181
5.07336
5.0979
5.10892
5.09915
5.11752
5.11087
5.10931
5.10931
5.1387
5.11438
5.11127
5.11282
5.11118
5.1011
5.08313
5.08353
5.09329
5.07181
5.08823
5.09134
5.08972
5.0976
5.08939
5.0929
5.09485
5.09485
5.1015
5.10306
5.10461
5.09323
5.0932
5.1011
5.11087
5.10422
5.1011
5.11743
5.11868
5.11087
5.1011
5.08157
5.09143
5.08508
5.08188
5.07336
5.09134
5.10306
5.11282
5.11118
5.1011
5.11087
5.1011
5.1011
5.10776
5.09946
5.08939
5.08118
5.08157
5.09955
5.10931
5.12064
5.12064
5.14847
5.13071
5.1304
5.11899
5.12064
5.10931
5.0929
5.08002
5.08157
5.07336
5.07181
5.04056
5.04565
5.06018
5.05072
5.05884
5.06985
5.07141
5.08353
5.08508
5.0932
5.09955
5.1011
5.09955
5.1011
5.10931
5.12885
5.13187
5.14017
5.1601
5.17142
5.15305
5.14838
5.14838
5.14682
5.14993
5.1304
5.14682
5.16
5.16125
5.16986
5.17963
5.17963
5.1597
5.14017
5.12064
5.10931
5.09134
5.08157
5.08978
5.08157
5.09799
5.11908
5.12885
5.13861
5.13861
5.16986
5.16986
5.16986
5.17142
5.19281
5.20071
5.1925
5.18274
5.17142
5.1601
5.1601
5.1601
5.15189
5.16165
5.18314
5.17493
5.17493
5.19955
5.21243
5.21078
5.21869
5.21048
5.19916
5.2269
5.22845
5.22534
5.21869
5.23666
5.25775
5.24799
5.24173
5.2597
5.26126
5.26947
5.26791
5.25305
5.2515
5.23352
5.21243
5.20932
5.19281
5.1976
5.19095
5.20071
5.21048
5.19601
5.20261
5.21048
5.2218
5.21869
5.21048
5.22534
5.23666
5.22845
5.23001
5.21204
5.20737
5.20071
5.18939
5.1929
5.21097
5.2225
5.22055
5.21204
5.21204
5.20227
5.1929
5.19955
5.20267
5.1929
5.20111
5.20737
5.19095
5.1893
5.17767
5.17767
5.17923
5.189
5.189
5.16946
5.1597
5.16791
5.17612
5.17767
5.17767
5.18588
5.1972
5.21713
5.21048
5.19406
5.19916
5.20422
5.20258
5.19406
5.1925
5.1925
5.1976
5.18118
5.18784
5.18784
5.18939
5.18784
5.18118
5.17963
5.17963
5.16165
5.16986
5.19916
5.1991
5.20862
5.22845
5.2222
5.21909
5.20422
5.20111
5.18304
5.18118
5.16986
5.18118
5.18939
5.18784
5.18784
5.19916
5.20071
5.19916
5.20737
5.20227
5.21713
5.23511
5.23822
5.21359
5.20892
5.22055
5.21829
5.20853
5.22845
5.21683
5.23041
5.21234
5.19095
5.18118
5.17297
5.17142
5.17963
5.18939
5.18118
5.17953
5.16946
5.16791
5.16125
5.1597
5.16791
5.16791
5.16986
5.16986
5.14212
5.15854
5.15854
5.16675
5.1597
5.15823
5.1683
5.1601
5.15659
5.17807
5.16986
5.17963
5.17142
5.18314
5.18314
5.20111
5.20102
5.20383
5.21399
5.21243
5.21399
5.19946
5.1925
5.19916
5.18744
5.19095
5.16476
5.155
5.18002
5.18314
5.19135
5.20267
5.22729
5.24017
5.24164
5.25775
5.24954
5.26291
5.2518
5.24164
5.23978
5.23987
5.24008
5.2218
5.22845
5.22845
5.23166
5.23032
5.23822
5.24838
5.24173
5.23041
5.24017
5.23196
5.24994
5.26126
5.26126
5.26312
5.25815
5.26126
5.2597
5.26126
5.2515
5.2515
5.24329
5.23001
5.2601
5.24008
5.2265
5.26801
5.28949
5.30103
5.30228
5.29251
5.31058
5.3222
5.31226
5.29211
5.29565
5.29886
5.30228
5.28235
5.29056
5.30579
5.27292
5.26117
5.26126
5.26126
5.24173
5.23196
5.2597
5.27103
5.27103
5.27768
5.28745
5.27768
5.26947
5.26791
5.26126
5.26947
5.27103
5.26791
5.27768
5.27924
5.28079
5.26947
5.28079
5.28079
5.289
5.28079
5.29877
5.27924
5.27924
5.27924
5.28745
5.29721
5.29877
5.289
5.27573
5.29526
5.30853
5.29877
5.29681
5.30032
5.28235
5.26126
5.2597
5.26947
5.26126
5.25815
5.27768
5.27768
5.27728
5.26086
5.24799
5.2218
5.21869
5.21048
5.21869
5.22064
5.23187
5.23831
5.25815
5.26947
5.27924
5.27103
5.2515
5.25815
5.27142
5.27142
5.29095
5.27133
5.27924
5.29211
5.29251
5.29251
5.30072
5.31204
5.31049
5.30893
5.30072
5.29251
5.27298
5.27142
5.27142
5.27142
5.26166
5.26166
5.26987
5.27298
5.27298
5.27133
5.28088
5.30072
5.32846
5.33157
5.34955
5.35931
5.36282
5.33347
5.33313
5.32181
5.32336
5.32181
5.32181
5.31195
5.31839
5.32016
5.32651
5.31674
5.31683
5.32025
5.34644
5.33978
5.34799
5.36908
5.37885
5.40503
5.39838
5.39838
5.39682
5.39017
5.37064
5.35931
5.35266
5.34955
5.35931
5.34125
5.3476
5.3558
5.3476
5.33783
5.3476
5.3558
5.37689
5.38675
5.37875
5.38861
5.39017
5.39017
5.39993
5.39993
5.40814
5.39993
5.39682
5.39838
5.3804
5.37885
5.3804
5.38705
5.40659
5.4097
5.40814
5.42142
5.41165
5.4101
5.39368
5.39056
5.3855
5.38861
5.37064
5.36752
5.35931
5.34955
5.3511
5.34134
5.32993
5.31985
5.31009
5.3183
5.31165
5.32025
5.32025
5.33823
5.33978
5.34955
5.34799
5.33002
5.32846
5.32806
5.34604
5.3511
5.3511
5.36087
5.36243
5.34955
5.32336
5.32025
5.32025
5.33002
5.33978
5.34955
5.35931
5.36087
5.34134
5.33978
5.33823
5.33157
5.33823
5.33823
5.3429
5.3515
5.34323
5.35931
5.37064
5.37219
5.37064
5.37885
5.37064
5.36752
5.35931
5.33002
5.32181
5.33002
5.33002
5.33978
5.36282
5.36127
5.36127
5.36948
5.35931
5.34134
5.34644
5.36908
5.36908