-4.63336
-4.25E+00
-3.94E+00
-3.82031
-3.66986
-3.54407
-3.44611
-3.3316
-3.21E+00
-3.12079
-3.04584
-2.92328
-2.78241
-2.69611
-2.61E+00
-2.50629
-2.67291
-2.8764
-2.41E+00
-2.34E+00
-2.33478
-2.28595
-2.18622
-2.09967
-2.0473
-1.99E+00
-1.92E+00
-1.84137
-1.80E+00
-1.76E+00
-1.71E+00
-1.68E+00
-1.62E+00
-1.5473
-1.4754
-1.42E+00
-1.36E+00
-1.33E+00
-1.28E+00
-1.26E+00
-1.22E+00
-1.16022
-1.14E+00
-1.13E+00
-1.10E+00
-1.07697
-1.04071
-9.94E-01
-0.957825
-9.10E-01
-8.89E-01
-8.76E-01
-8.52E-01
-8.13E-01
-7.71E-01
-0.714417
-0.660156
-6.03E-01
-5.49E-01
-5.16E-01
-4.69E-01
-4.50E-01
-4.11E-01
-4.06E-01
-3.78E-01
-3.17E-01
-2.62E-01
-1.91E-01
-1.13E-01
-5.24E-02
2.27E-13
4.08E-02
7.31E-02
1.11E-01
2.91E-01
3.48E+00
4.79095
4.54407
3.46295
0.503967
0.813354
-1.24908
-2.65839
-3.5578
-2.3559
-1.09137
-0.860291
-0.782288
-0.748047
-0.713989
-0.694153
-0.648743
-0.639099
-0.644226
-0.650757
-0.65741
-0.64386
-0.625854
-0.596558
-5.69E-01
-0.552795
-0.546265
-0.554382
-0.544556
-0.526672
-0.525085
-0.523071
-0.52124
-0.529785
-0.523132
-0.505188
-0.477844
-0.47113
-0.462585
-0.462646
-0.441467
-0.431702
-0.395813
-0.35321
-0.317261
-0.302795
-0.317749
-0.330933
-0.320496
-0.330505
-3.06E-01
-2.86E-01
-0.263367
-0.250061
-0.255188
-0.269714
-0.242249
-0.239136
-0.222656
-0.202881
-0.173523
-0.159058
-0.160706
-0.13092
-0.113037
-0.09375
-0.0723267
-0.062561
-0.0462036
-0.0559692
-0.0657349
-0.0774536
-0.0575562
-0.031311
-0.0376587
-0.0379639
-0.0297852
-0.0181274
-3.72E-03
0.0269165
0.0470581
0.0631714
0.0651245
0.0581665
0.0372925
0.0319214
0.0581055
0.079895
0.100708
0.120605
0.153015
0.151733
0.180786
0.202209
0.221741
0.233459
0.249451
0.255798
0.247986
0.245178
0.270935
0.282349
0.282288
0.283875
0.30188
0.321716
0.357239
0.370239
0.409668
0.420959
0.434265
0.424377
0.415955
0.422913
0.430725
0.452271
0.479919
0.471741
0.454895
0.430725
0.445923
0.43573
0.437439
0.471985
0.490906
0.522156
0.524048
0.549927
0.577942
0.594055
0.604126
0.623718
0.635437
0.633423
0.638245
0.645142
0.654602
0.672913
0.684265
0.695557
0.684204
0.675964
0.694031
0.703674
0.721375
0.742859
0.756042
0.759216
0.783875
0.80365
0.809631
0.797058
0.804993
0.797058
0.787292
0.775696
0.794006
0.803345
0.82135
0.842468
0.855652
0.871704
0.88623
0.894714
0.914673
0.935852
0.955383
0.965393
0.965027
0.960022
0.947083
0.945496
0.947205
0.944275
0.951782
0.955017
0.953735
0.973267
0.974548
0.992798
1.03192
1.05182
1.05304
1.06311
1.07288
1.06622
1.05615
1.04669
1.07135
1.09912
1.12561
1.15656
1.18097
1.20343
1.20685
1.20526
1.20343
1.19708
1.19745
1.18732
1.1955
1.19708
1.20538
1.21704
1.20532
1.22333
1.22522
1.24127
1.26398
1.28381
1.28705
1.29712
1.28693
1.29358
1.28857
1.26935
1.28583
1.29877
1.3233
1.33618
1.36713
1.39673
1.41461
1.42407
1.41742
1.41907
1.40649
1.40295
1.4046
1.41467
1.4342
1.42914
1.43579
1.43903
1.4588
1.47681
1.48456
1.48468
1.48651
1.49634
1.49445
1.53229
1.54517
1.56317
1.56635
1.58459
1.59393
1.60223
1.61389
1.59088
1.58771
1.57965
1.56976
1.57642
1.57794
1.58459
1.58783
1.60413
1.60724
1.59747
1.61389
1.64484
1.66791
1.65997
1.65179
1.65179
1.61078
1.59747
1.57489
1.58618
1.61389
1.62177
1.64478
1.66431
1.66742
1.66754
1.67603
1.67755
1.67603
1.67572
1.66779
1.6745
1.68732
1.68732
1.68732
1.71356
1.74634
1.76898
1.77563
1.7674
1.79681
1.82642
1.80023
1.79401
1.80493
1.81793
1.82642
1.82599
1.84595
1.84906
1.85883
1.83929
1.82794
1.83618
1.84406
1.90973
2.33575
1.89386
1.78943
1.59607
1.71991
1.84845
1.98724
2.03992
2.04144
2.02478
2.15906
2.33209
2.4071
2.57489
2.71869
2.79169
2.84241
2.8736
2.85529
2.78217
2.89563
3.11615
3.14844
3.2038
3.26385
3.29974
3.36664
3.40796
3.41461
3.39948
3.38812
3.36823
3.3847
3.41626
3.44708
3.4682
3.47333
3.4798
3.49762
3.51733
3.50421
3.51581
3.51733
3.53851
3.54797
3.56
3.58307
3.58099
3.60065
3.60217
3.617
3.62213
3.60052
3.612
3.6369
3.64288
3.63177
3.63031
3.64478
3.63812
3.63977
3.64166
3.63025
3.62018
3.63824
3.64667
3.66583
3.68707
3.69904
3.69037
3.70032
3.72174
3.76434
3.79047
3.83783
3.87219
3.89362
3.95532
3.87933
3.75507
3.71338
3.71344
3.70685
3.77734
3.927
4.02155
4.01776
4.01215
3.9931
4.5495
5.21844
4.71075
0.92511
0.164368
1.2193
2.64215
3.01715
3.11298
3.13403
3.14532
3.11249
3.11603
3.09454
3.10614
3.11584
3.11865
3.12213
3.11359
3.11237
3.112
3.10065
3.10223
3.11078
3.112
3.12213
3.14325
3.12689
3.09943
3.08807
3.1037
3.11359
3.14172
3.17291
3.19244
3.1972
3.16779
3.14471
3.13495
3.13153
3.12518
3.12848
3.12048
3.10217
3.08295
3.09552
3.10541
3.1319
3.16125
3.15448
3.16595
3.16779
3.16772
3.1413
3.13654
3.11896
3.10223
3.09589
3.08942
3.08771
3.10565
3.12689
3.15173
3.15619
3.17407
3.17572
3.17792
3.17731
3.17603
3.21356
3.22479
3.23273
3.24603
3.2298
3.23157
3.2298
3.23938
3.23999
3.23969
3.23615
3.22992
3.22809
3.22675
3.24786
3.25739
3.26733
3.27728
3.29865
3.28851
3.27716
3.27875
3.24908
3.24945
3.2608
3.25415
3.26898
3.28534
3.30145
3.3374
3.33765
3.35693
3.35883
3.36737
3.38629
3.39319
3.40802
3.41754
3.41937
3.41772
3.4292
3.44904
3.43732
3.4386
3.4389
3.42908
3.40106
3.37842
3.40338
3.39673
3.42609
3.42444
3.40796
3.4093
3.40961
3.40765
3.39166
3.39008
3.38843
3.39795
3.40765
3.41583
3.4455
3.45526
3.4765
3.4881
3.47992
3.47479
3.47479
3.48462
3.51556
3.5174
3.53705
3.54706
3.5744
3.5874
3.58771
3.59595
3.59747
3.59589
3.58112
3.5799
3.58612
3.56659
3.57764
3.58771
3.60724
3.58893
3.59906
3.617
3.62836
3.62994
3.6319
3.62909
3.62677
3.62836
3.62842
3.60724
3.61896
3.61896
3.63818
3.67596
3.69708
3.72803
3.72681
3.74475
3.72797
3.70844
3.6889
3.67914
3.68573
3.6889
3.71509
3.73309
3.75452
3.77563
3.77521
3.80304
3.82288
3.84399
3.84711
3.84564
3.84906
3.83929
3.82123
3.81781
3.8374
3.84747
3.8526
3.84283
3.83136
3.83771
3.84088
3.83929
3.84399
3.87494
3.86859
3.83929
3.83417
3.84393
3.86346
3.86823
3.87677
3.89471
3.87994
3.88654
3.87836
3.90619
3.91626
3.93109
3.93109
3.94598
3.9588
3.9455
3.96857
3.97833
3.98779
3.98969
3.99945
4.00909
4.02057
4.0174
4.03693
4.04987
4.03851
4.04639
4.04865
4.06
4.05682
4.06622
4.05963
4.0874
4.08771
4.07758
4.08575
4.09747
4.11713
4.12872
4.14825
4.15649
4.16937
4.17755
4.16937
4.17914
4.17914
4.17914
4.17102
4.18927
4.19904
4.2088
4.22015
4.22833
4.2298
4.22797
4.23773
4.25415
4.25726
4.2851
4.30646
4.32599
4.30298
4.29828
4.29669
4.27863
4.27692
4.28864
4.31665
4.31976
4.31976
4.32135
4.32635
4.32599
4.32953
4.33783
4.36743
4.40497
4.41937
4.401
4.40924
4.42096
4.41119
4.41119
4.40802
4.41626
4.3963
4.38971
4.38654
4.38654
4.38654
4.3963
4.39478
4.3963
4.48322
4.78473
4.44421
4.14624
4.08423
4.05945
4.19244
4.26178
4.28796
4.3028
4.35638
4.53522
4.66882
4.66571
4.80377
4.95575
5.05969
5.1037
5.11029
5.04468
4.96503
5.20648
5.33984
5.40155
5.47327
5.45526
5.4599
5.50409
5.60419
5.64166
5.6463
5.65131
5.65143
5.65961
5.65961
5.65961
5.67096
5.66931
5.66278
5.67877
5.68225
5.68231
5.69403
5.70209
5.68536
5.71002
5.71344
5.71002
5.71161
5.71698
5.70374
5.70685
5.71039
5.72955
5.73151
5.72009
5.71979
5.71832
5.7182
5.70874
5.70966
5.70026
5.69244
5.67084
5.66937
5.67096
5.67096
5.67255
5.69867
5.70221
5.67279
5.66583
5.67572
5.69904
5.70697
5.72198
5.78351
5.80841
5.85052
5.79425
5.68317
5.65277
5.63623
5.6236
5.72699
5.87585
5.93634
5.9588
5.95032
5.99127
6.4549
7.1864
6.79474
2.79926
1.99457
3.23199
4.5191
4.87848
4.97736
5.01453
5.02264
5.03595
5.02264
5.01123
4.9964
4.98657
4.96356
4.95221
4.9765
4.99133
5.02875
5.05353
5.0553
5.04706
5.0553
5.04681
5.01581
5.02405
5.03387
5.04205
5.03546
5.05182
5.0683
5.065
5.07599
5.0744
5.07764
5.08771
5.08612
5.10223
5.09589
5.09241
5.08112
5.0603
5.0694
5.06781
5.07806
5.08612
5.09552
5.09918
5.07788
5.06946
5.07794
5.10413
5.09747
5.09552
5.09723
5.09113
5.06122
5.03851
5.0351
5.03888
5.04547
5.05463
5.07953
5.07953
5.08929
5.10529
5.1546
5.17279
5.17731
5.18732
5.20685
5.1889
5.15961
5.15765
5.17603
5.18744
5.22485
5.23956
5.27692
5.31
5.32953
5.33929
5.31964
5.32098
5.30682
5.29169
5.29669
5.28851
5.29663
5.30817
5.30341
5.30988
5.32764
5.3526
5.36713
5.38531
5.414
5.42755
5.42249
5.41272
5.42755
5.43768
5.42731
5.44708
5.45685
5.45026
5.45374
5.43427
5.44086
5.41931
5.42719
5.41748
5.41779
5.4256
5.44879
5.48462
5.49945
5.5108
5.5174
5.52216
5.52087
5.51868
5.5451
5.56635
5.57477
5.59589
5.59912
5.61737
5.61041
5.61542
5.61859
5.62677
5.62018
5.62836
5.62018
5.62054
5.62518
5.63495
5.66437
5.68579
5.70538
5.70844
5.71698
5.73779
5.75763
5.75922
5.7674
5.77686
5.79047
5.78882
5.7901
5.79669
5.79669
5.7901
5.78693
5.81659
5.82794
5.8327
5.85101
5.85919
5.862
5.83893
5.82947
5.82764
5.85571
5.88342
5.92413
5.9389
5.95844
5.95844
5.95026
5.92749
5.91083
5.91937
5.91937
5.90961
5.90131
5.90106
5.90955
5.91742
5.9256
5.96631
5.97638
6.0061
6.00922
6.02716
6.04828
6.03851
6.04828
6.05804
6.05804
6.06622
6.07141
6.06183
6.06976
6.08771
6.10065
6.13812
6.13654
6.1463
6.14954
6.15643
6.16583
6.15961
6.16937
6.18744
6.20728
6.22675
6.21198
6.22998
6.24982
6.26111
6.27057
6.2608
6.2674
6.27716
6.27875
6.27875
6.28693
6.30646
6.31787
6.32794
6.34747
6.36078
6.34937
6.35724
6.362
6.35413
6.34747
6.34906
6.33929
6.35876
6.35022
6.34552
6.33893
6.34906
6.34906
6.33929
6.33771
6.33575
6.36505
6.36981
6.37018
6.39984
6.39984
6.40948
6.41742
6.4389
6.45844
6.45532
6.46661
6.47638
6.46979
6.43036
6.43579
6.45685
6.46661
6.46198
6.46039
6.45062
6.4455
6.46661
6.47638
6.48468
6.51587
6.54669
6.55804
6.56158
6.56976
6.58929
6.60895
6.58966
6.59125
6.60767
6.60913
6.59711
6.59399
6.61676
6.61859
6.62836
6.62677
6.63812
6.64789
6.67407
6.68384
6.69366
6.70685
6.71661
6.71509
6.74603
6.73956
6.74438
6.75568
6.76715
6.77875
6.77875
6.78033
6.78033
6.77875
6.85785
7.09906
6.67346
6.30579
6.19049
6.43921
6.51373
6.61334
6.66376
6.67352
6.77008
6.96967
7.11334
7.11646
7.20221
7.3136
7.45734
7.4978
7.49274
7.41888
7.49298
7.59619
7.6554
7.76318
7.88165
7.89972
7.91071
7.94196
7.97797
8.01263
8.0108
8.0108
8.00763
8.01392
8.02716
8.02875
8.03033
8.04169
8.04352
8.0401
8.05499
8.0517
8.05182
8.06158
8.06146
8.05298
8.0451
8.04169
8.03534
8.02173
8.01556
8.01263
8.0307
8.03851
8.05841
8.08575
8.09906
8.10895
8.11066
8.11859
8.11194
8.0744
8.05646
8.03339
7.98773
7.97955
7.9881
7.99084
7.97797
7.98773
7.99249
8.008
8.02399
8.04327
8.07953
8.13831
8.16779
8.18579
8.20331
8.15234
8.07507
8.06451
8.10065
8.0744
8.11096
8.26691
8.34137
8.35931
8.35931
8.37067
8.87518
9.53558
9.28577
5.36499
4.57513
5.68536
7.03717
7.3902
7.47076
7.52301
7.55194
7.57147
7.58636
7.56488
7.54907
7.55188
7.58771
7.62372
7.64984
7.67413
7.71039
7.7265
7.70844
7.69867
7.70062
7.69867
7.68732
7.69208
7.70178
7.68732
7.70703
7.68768
7.69562
7.70526
7.70685
7.71857
7.73499
7.7558
7.78534
7.82294
7.8526
7.85919
7.83929
7.82294
7.81158
7.80988
7.84564
7.86542
7.89667
7.92767
7.91772
7.9093
7.89819
7.92255
7.94708
7.97479
7.98975
8.00446
8.01715
8.04401
8.05817
8.04706
8.06476
8.06158
8.04987
8.05011
8.04993
8.07007
8.07922
8.12555
8.13824
8.14972
8.14288
8.16144
8.16742
8.17883
8.19586
8.21008
8.23657
8.24786
8.27716
8.30658
8.32672
8.36517
8.36041
8.3689
8.37177
8.37671
8.3913
8.39667
8.4093
8.40326
8.37994
8.37994
8.38812
8.39948
8.40143
8.40961
8.43732
8.44208
8.43268
8.42944
8.4386
8.4635
8.48462
8.50934
8.51105
8.54834
8.57635
8.58771
8.62689
8.64471
8.67572
8.66968
8.66937
8.67096
8.68768
8.6889
8.70856
8.71344
8.73938
8.73309
8.74628
8.74915
8.74786
8.7674
8.76752
8.77594
8.76898
8.77716
8.76709
8.76898
8.7771
8.7851
8.7951
8.81
8.82959
8.85608
8.86383
8.88623
8.88812
8.91425
8.92914
8.93384
8.95685
8.96661
8.9776
8.98615
8.98151
8.97833
8.9881
8.99945
9.01898
9.04211
9.04901
9.06158
9.06317
9.06
9.06
9.07635
9.08575
9.10541
9.1369
9.14008
9.15643
9.17572
9.19556
9.20526
9.22803
9.22833
9.23651
9.24603
9.25604
9.27521
9.2851
9.29669
9.28033
9.28033
9.30017
9.29474
9.3175
9.32953
9.34943
9.37714
9.37054
9.38196
9.39044
9.39673
9.40839
9.43579
9.44525
9.44867
9.45844
9.47797
9.45831
9.45813
9.4682
9.47638
9.47797
9.47955
9.51392
9.52521
9.54205
9.55841
9.57965
9.58148
9.56195
9.58655
9.58612
9.60541
9.62524
9.64478
9.64789
9.63971
9.6463
9.63977
9.64825
9.65143
9.65802
9.66779
9.68732
9.70697
9.69904
9.69745
9.71509
9.70026
9.7085
9.71198
9.72681
9.7381
9.7381
9.74762
9.76587
9.77716
9.78033
9.79987
9.8147
9.82758
9.84717
9.84088
9.83771
9.85724
9.85718
9.88458
9.90411
9.92719
9.95685
9.9566
9.98462
9.97797
9.98615
9.99438
9.99762
9.98969
9.99945
9.9928
9.98151
9.9635
9.97833
9.98969
9.9881
9.97992
9.99634
10.0159
10.0257
10.0471
10.0569
10.0682
10.0779
10.0795
10.0795
10.0795
10.0893
10.1171
10.1354
10.1678
10.1776
10.1971
10.2084
10.1803
10.1953
10.2068
10.1807
10.1889
10.1909
10.1873
10.1905
10.1627
10.1858
10.2053
10.2265
10.2381
10.2381
10.2741
10.2889
10.2905
10.3002
10.3182
10.3312
10.3592
10.3853
10.5519
10.8423
10.2173
9.84894
9.87213
9.97357
10.0595
10.1623
10.2094
10.1996
10.2845
10.3911
10.515
10.5709
10.7108
10.8542
10.9522
10.9897
10.9916
10.9224
11.0164
11.1078
11.191
11.2984
11.4112
11.4205
11.4503
11.4603
11.478
11.4979
11.4842
11.4647
11.4501
11.4483
11.478
11.4976
11.4993
11.4995
11.501
11.4991
11.4831
11.4717
11.4877
11.4896
11.4847
11.4881
11.4911
11.5026
11.5108
11.5206
11.5076
11.4963
11.501
11.4911
11.5108
11.5089
11.5096
11.5259
11.5463
11.5319
11.5302
11.5222
11.506
11.4827
11.4635
11.4682
11.4518
11.4424
11.4503
11.4522
11.4783
11.4959
11.5156
11.5436
11.5862
11.5927
11.6054
11.6349
12.7724
14.3325
14.8913
15.0226
15.0694
15.0693
14.1354
12.1885
11.5378
8.62524
7.69916
7.60809
7.5484
7.52423
7.54755
10.2372
11.5074
11.6893
11.7922
11.8053
11.7835
13.5036
12.4865
11.373
7.97327
9.00055
10.5156
11.097
11.3045
11.3449
11.3695
11.4349
11.4918
11.5163
11.5242
11.5256
11.5499
11.5714
11.5843
11.6108
11.6417
11.6514
11.666
11.6741
11.6694
11.6565
11.6725
11.6924
11.694
11.676
11.6662
11.6447
11.6562
11.671
11.694
11.687
11.6791
11.6974
11.6889
11.6776
11.6955
11.6953
11.7072
11.7088
11.7068
11.7003
11.7186
11.746
11.7381
11.7678
11.7589
11.7658
11.7491
11.7479
11.7659
11.7756
11.8148
11.81
11.8181
11.8409
11.8459
11.8554
11.8772
11.88
11.8869
11.8917
11.8702
11.8865
11.9
11.9162
11.9503
11.9863
11.9818
11.9714
11.9685
11.9861
11.9897
11.9781
11.9752
11.9847
11.9763
11.9781
11.9785
11.988
11.9959
12.001
12.0108
12.0108
12.0139
12.019
12.0468
12.0568
12.0662
12.0776
12.0811
12.0714
12.0795
12.0779
12.0909
12.0974
12.1069
12.1284
12.1271
12.1253
12.1381
12.112
12.1009
12.081
12.0807
12.0974
12.1432
12.1662
12.1972
12.1909
12.1908
12.1725
12.1674
12.1757
12.1873
12.207
12.2104
12.2103
12.1936
12.1788
12.1955
12.2151
12.2267
12.2578
12.2693
12.269
12.2722
12.2624
12.2674
12.2788
12.2873
12.3116
12.3099
12.3257
12.3393
12.3377
12.3572
12.3393
12.3459
12.3604
12.3771
12.4049
12.4077
12.4048
12.4257
12.426
12.421
12.4178
12.4222
12.421
12.4127
12.408
12.4014
12.4096
12.3983
12.4277
12.4373
12.437
12.4487
12.4294
12.4389
12.437
12.4471
12.4553
12.4941
12.5042
12.4929
12.501
12.4815
12.4768
12.4816
12.4818
12.4963
12.5174
12.5287
12.519
12.5256
12.519
12.5256
12.5353
12.5483
12.5666
12.5811
12.5877
12.5992
12.6108
12.617
12.6072
12.5955
12.6069
12.6183
12.6202
12.6104
12.6088
12.6186
12.617
12.6006
12.6072
12.617
12.6467
12.6464
12.6482
12.6381
12.6268
12.6346
12.6265
12.6205
12.6256
12.6304
12.6389
12.6381
12.6284
12.6365
12.6479
12.6596
12.6776
12.6776
12.6956
12.7264
12.7202
12.7202
12.7268
12.7166
12.7182
12.7131
12.7147
12.7264
12.7394
12.7361
12.7459
12.7198
12.7264
12.7463
12.746
12.7495
12.7756
12.7706
12.7608
12.769
12.7673
12.7573
12.7491
12.7459
12.7558
12.7493
12.7491
12.7656
12.7725
12.7709
12.7853
12.7885
12.769
12.7526
12.7479
12.7495
12.7413
12.7495
12.7576
12.7854
12.7967
12.8245
12.8492
12.8592
12.8608
12.851
12.8705
12.8624
12.8592
12.8572
12.8409
12.8542
12.8491
12.8574
12.8772
12.8705
12.8787
12.8881
12.8928
12.8897
12.8748
12.8781
12.8784
12.8572
12.8475
12.8459
12.8572
12.8769
12.8901
12.8967
12.8983
12.8982
12.9092
12.8901
12.8951
12.8995
12.9096
12.908
12.908
13.4635
12.8555
13.704
13.4105
13.2695
13.3268
13.3146
13.273
13.3013
13.3177
13.3508
13.36
13.3568
13.3782
13.378
13.3868
13.3518
13.3491
13.3541
13.3635
13.3737
13.3459
13.3588
13.372
13.3732
13.383
13.3912
13.4127
13.4162
13.4111
13.4108
13.437
13.4435
13.4338
13.4487
13.4537
13.4615
13.4471
13.4244
13.4294
13.4112
13.4178
13.4194
13.4293
13.4213
13.4327
13.4327
13.4244
13.3934
13.3815
13.3819
13.3622
13.3686
13.3702
13.3799
13.3998
13.4195
13.4327
13.449
13.4326
13.429
13.4288
13.4303
13.4205
13.4205
13.4342
13.426
13.4095
13.3979
13.3995
13.3802
13.385
13.3666
13.3569
13.3666
13.3569
13.36
13.3768
13.3702
13.3998
13.4112
13.421
13.4307
13.4405
13.447
13.437
13.4467
13.4288
13.419
13.4175
13.4291
13.4291
13.4193
13.4174
13.4174
13.4354
13.4436
13.4467
13.4467
13.4467
13.4682
13.4503
13.4307
13.4471
13.4451
13.4467
13.419
13.4256
13.419
13.4371
13.4307
13.4225
13.4291
13.4408
13.4405
13.4373
13.4194
13.4256
13.4355
13.4276
13.3834
13.3557
13.3329
13.3147
13.2936
13.2921
13.2791
13.2772
13.3015
13.2952
13.3148
13.3166
13.3045
13.2983
13.2999
13.2823
13.2628
13.2725
13.2869
13.3049
13.3163
13.3346
13.3557
13.3553
13.3487
13.3298
13.3279
13.3178
13.326
13.3277
13.3198
13.3362
13.3572
13.3588
13.3705
13.3542
13.3655
13.3541
13.3294
13.3311
13.3229
13.3279
13.3264
13.3214
13.3377
13.3277
13.3279
13.3182
13.3099
13.3065
13.2885
13.2947
13.2983
13.308
13.3014
13.2999
13.2721
13.2623
13.2509
13.2428
13.2674
13.2885
13.2916
13.308
13.2983
13.2884
13.2882
13.2591
13.2752
13.2784
13.2881
13.2784
13.2686
13.2706
13.2526
13.2495
13.251
13.2576
13.2428
13.238
13.2377
13.2213
13.2182
13.2003
13.2003
13.2003
13.1823
13.1826
13.1905
13.1721
13.151
13.1479
13.1596
13.158
13.1776
13.1905
13.1987
13.21
13.2366
13.2216
13.2166
13.2166
13.2245
13.2397
13.2233
13.2186
13.2202
13.2087
13.2018
13.1987
13.2049
13.2182
13.2198
13.2381
13.2479
13.2298
13.2198
13.2249
13.2296
13.2147
13.2166
13.2018
13.2088
13.194
13.1776
13.1807
13.1646
13.1612
13.1694
13.1674
13.1674
13.1694
13.1514
13.1678
13.1678
13.1873
13.171
13.1694
13.1577
13.1302
13.1119
13.0842
13.0811
13.0912
13.0991
13.117
13.1284
13.1561
13.1674
13.1788
13.1823
13.1909
13.1728
13.1515
13.1404
13.1404
13.1385
13.1268
13.1385
13.1483
13.1498
13.1596
13.1432
13.1498
13.1498
13.1498
13.1483
13.1284
13.1284
13.1463
13.1498
13.1514
13.1417
13.1612
13.171
13.1693
13.1873
13.1772
13.1871
13.1956
13.2038
13.2003
13.1893
13.199
13.181
13.1596
13.1417
13.1186
13.1186
13.1186
13.1088
13.1006
13.117
13.1022
13.0991
13.0795
13.0795
13.0616
13.0682
13.0518
13.0533
13.0518
13.0322
13.0108
13.0189
13.0206
13.0386
13.0421
13.0584
13.0696
13.076
13.0973
13.0994
13.0814
13.0714
13.0897
13.0912
13.0748
13.0795
13.0991
13.1026
13.1108
13.1186
13.1284
13.1186
13.1072
13.0795
13.0779
13.0694
13.058
13.0596
13.0499
13.058
13.0302
13.0367
13.0206
13.0091
13.0089
13.0287
13.0502
13.0303
13.0123
13.0174
13.0092
12.9897
12.978
12.9861
12.9777
12.9796
12.9666
12.9568
12.9303
12.937
12.9288
12.9194
12.9311
12.9506
12.9604
12.9604
12.9702
12.9897
12.9799
12.9717
12.9686
12.9783
12.9799
12.9635
12.962
12.9686
12.9522
12.949
12.9553
12.9471
12.9553
12.9389
12.9553
12.9584
12.9405
12.9471
12.9307
12.9373
12.9487
12.9471
12.9503
12.949
12.967
12.9686
12.9768
12.9764
12.9682
12.9503
12.9389
12.9307
12.9112
12.9112
12.8998
12.9096
12.9014
12.8915
12.8995
12.8979
12.9014
12.8917
12.8881
12.8784
12.867
12.8768
12.8897
12.8979
12.8815
12.8686
12.8588
12.8409
12.8295
12.8459
12.8373
12.857
12.867
12.8952
12.908
12.908
12.9178
12.9096
12.9014
12.867
12.8541
12.8427
12.8392
12.8112
12.8147
12.808
12.808
12.7866
12.7784
12.7689
12.7686
12.7686
12.7768
12.7803
12.7967
12.808
12.8261
12.8198
12.8198
12.81
12.7971
12.7984
12.7905
12.7889
12.7869
12.8084
12.7999
12.8084
12.8299
12.8116
12.81
12.8018
12.7986
12.81
12.81
12.8116
12.8198
12.808
12.81
12.8018
12.8084
12.8182
12.8279
12.808
12.7999
12.7885
12.7787
12.7654
12.7573
12.7654
12.7671
12.7674
12.7576
12.7576
12.7561
12.7557
12.7589
12.7491
12.7393
12.7213
12.7131
12.6987
12.6807
12.6678
12.6776
12.6892
12.707
12.7268
12.7202
12.7366
12.7397
12.728
12.7379
12.7479
12.7576
12.7514
12.7479
12.7381
12.7479
12.7397
12.7608
12.751
12.7772
12.7885
12.7885
12.7983
12.7885
12.808
12.7916
12.7721
12.7787
12.7689
12.7589
12.7393
12.7377
12.7397
12.7299
12.7397
12.7479
12.7608
12.7526
12.7413
12.7298
12.71
12.6791
12.6858
12.6937
12.6971
12.7084
12.7084
12.7037
12.6907
12.674
12.6612
12.6776
12.6691
12.671
12.6596
12.658
12.6678
12.6677
12.6658
12.6674
12.6675
12.6658
12.6756
12.6577
12.6381
12.6367
12.6287
12.6272
12.6205
12.6287
12.6319
12.6401
12.6401
12.6432
12.6498
12.6302
12.6269
12.637
12.6319
12.619
12.6124
12.5909
12.5846
12.5912
12.601
12.6009
12.6088
12.6088
12.6186
12.6186
12.6365
12.6202
12.6268
12.6284
12.6186
12.6088
12.5909
12.5811
12.5811
12.5893
12.5826
12.5714
12.5616
12.5749
12.5959
12.5991
12.617
12.6268
12.6202
12.6268
12.6299
12.6252
12.635
12.6365
12.6365
12.6382
12.65
12.6287
12.6217
12.6088
12.5924
12.5893
12.5794
12.6069
12.6085
12.6281
12.6302
12.6202
12.63
12.5928
12.5994
12.6026
12.6009
12.5991
12.5955
12.617
12.6186
12.6233
12.6347
12.6186
12.6088
12.6186
12.5991
12.5811
12.5795
12.5698
12.5795
12.5696
12.5873
12.5991
12.5893
12.6006
12.6006
12.5811
12.5698
12.56
12.5421
12.5405
12.5467
12.5287
12.5369
12.5287
12.5287
12.519
12.5092
12.5026
12.5092
12.5045
12.4979
12.4995
12.519
12.5092
12.5159
12.5191
12.511
12.4995
12.4877
12.4713
12.442
12.4389
12.4291
12.4096
12.408
12.4158
12.4256
12.419
12.4272
12.4371
12.4373
12.4291
12.4373
12.4488
12.4327
12.4311
12.4407
12.4306
12.4385
12.4288
12.4568
12.4405
12.4553
12.4765
12.4702
12.4882
12.4998
12.4897
12.5076
12.5108
12.5159
12.5026
12.4815
12.4897
12.4799
12.4702
12.4503
12.4456
12.4471
12.437
12.4272
12.437
12.437
12.4568
12.4487
12.4389
12.4471
12.437
12.449
12.429
12.437
12.4451
12.4565
12.4581
12.4483
12.4451
12.4288
12.4256
12.4092
12.3979
12.4143
12.4174
12.4077
12.4272
12.4288
12.4354
12.4108
12.4092
12.4256
12.4272
12.4389
12.4471
12.4667
12.4783
12.4584
12.4584
12.4471
12.4389
12.4389
12.4451
12.4405
12.4307
12.4112
12.4194
12.4096
12.3881
12.3768
12.3865
12.4046
12.4096
12.4034
12.3802
12.3717
12.3604
12.3326
12.3198
12.3279
12.3393
12.3475
12.3572
12.3604
12.3491
12.3491
12.331
12.3276
12.3389
12.3292
12.3494
12.3494
12.3604
12.3553
12.3456
12.3393
12.3311
12.3198
12.3116
12.3033
12.3182
12.3459
12.3737
12.3686
12.3752
12.3768
12.3588
12.3572
12.3475
12.3491
12.3572
12.3686
12.385
12.3881
12.4077
12.4014
12.4178
12.4112
12.3834
12.3737
12.3624
12.3412
12.3412
12.3299
12.3397
12.3315
12.3381
12.3592
12.3409
12.331
12.3229
12.3279
12.3229
12.3116
12.3214
12.3377
12.3475
12.3506
12.3491
12.3506
12.3588
12.3572
12.367