-0.171509
-2.00E-01
-2.47E-01
-0.241821
-0.241943
-0.242188
-0.227295
-0.217285
-2.19E-01
-0.184448
-0.16333
-0.143738
-0.128906
-0.12738
-1.63E-01
-0.216003
-0.207825
-0.235474
2.58E-02
9.21E-01
0.420288
0.026001
-0.0842285
-0.105225
-0.152344
-1.67E-01
-1.59E-01
-0.166504
-1.54E-01
-1.62E-01
-1.63E-01
-1.73E-01
-1.50E-01
-0.166931
-0.166809
-1.65E-01
-1.70E-01
-1.88E-01
-1.81E-01
-1.72E-01
-1.57E-01
-0.109802
-7.54E-02
-6.41E-02
-8.04E-02
-0.0914917
-0.101196
-1.03E-01
-0.0999756
-8.14E-02
-8.36E-02
-6.21E-02
-6.06E-02
-8.01E-02
-8.99E-02
-0.0898438
-0.083313
-9.03E-02
-8.01E-02
-6.25E-02
-4.11E-02
-4.26E-02
-1.49E-02
-1.17E-02
-4.55E-13
-9.77E-03
-1.95E-02
-9.83E-03
-2.31E-02
-4.10E-02
-4.10E-02
-1.95E-02
-1.29E-02
-4.55E-13
1.95E-02
9.34E-03
0.0210571
0.83728
0.258118
0.0214233
0.0452271
-0.834351
-1.17822
-1.8689
-0.351685
0.169434
0.205994
0.14093
0.119324
0.132751
0.137268
0.158569
0.151978
0.155029
0.125732
0.143372
0.143677
0.161682
0.181335
2.09E-01
0.21405
0.223816
0.198792
0.185913
0.179688
0.197754
0.222229
0.243713
0.253113
0.2547
0.24646
0.236694
0.238281
0.224976
0.254761
0.2547
0.292664
0.312073
0.318726
0.333191
0.338196
0.341064
0.338135
0.346191
0.339783
3.37E-01
3.46E-01
0.33667
0.357788
0.357788
0.357788
0.359375
0.339722
0.356201
0.373779
0.369141
0.391724
0.423096
0.437866
0.439453
0.428162
0.439697
0.421448
0.419922
0.408203
0.410095
0.424988
0.437866
0.436279
0.437866
0.44104
0.439331
0.458984
4.75E-01
0.506287
0.532715
0.533997
0.535583
0.540588
0.541016
0.55072
0.541016
0.557312
0.563232
0.594604
0.61792
0.637085
0.648682
0.646545
0.666687
0.676147
0.686035
0.687866
0.689392
0.67804
0.679321
0.68158
0.687866
0.705444
0.707397
0.726929
0.735107
0.730103
0.719055
0.735107
0.746582
0.766418
0.796021
0.828125
0.865967
0.878906
0.898743
0.888672
0.908203
0.926514
0.928467
0.934387
0.945801
0.975708
0.996521
1.02332
1.04565
1.0387
1.06555
1.07971
1.07025
1.06012
1.06055
1.05231
1.05688
1.06836
1.07031
1.0589
1.05701
1.06519
1.04883
1.04529
1.06677
1.0863
1.09143
1.09802
1.11755
1.11914
1.10931
1.12073
1.11127
1.1192
1.12762
1.13196
1.14539
1.17499
1.17456
1.19452
1.19922
1.20923
1.20898
1.20892
1.20074
1.20081
1.19128
1.20905
1.21594
1.23828
1.26318
1.27893
1.27808
1.28558
1.26941
1.26917
1.26978
1.25977
1.26941
1.26923
1.27112
1.25812
1.26758
1.2793
1.26953
1.28589
1.28906
1.29883
1.3089
1.30865
1.29877
1.31012
1.32654
1.32813
1.32031
1.33826
1.36597
1.37573
1.38708
1.37885
1.38904
1.38873
1.39716
1.38708
1.4035
1.40826
1.41711
1.4425
1.43903
1.43915
1.44794
1.46716
1.46875
1.48828
1.49841
1.52612
1.55548
1.56842
1.56708
1.57813
1.58795
1.60809
1.61914
1.62067
1.62878
1.60895
1.62897
1.65698
1.63898
1.63708
1.6485
1.66669
1.67456
1.66803
1.68005
1.69641
1.7074
1.70551
1.69763
1.68781
1.64996
1.64185
1.65533
1.66638
1.67621
1.69287
1.7074
1.6911
1.68158
1.66821
1.66791
1.69916
1.7074
1.71246
1.71246
1.73041
1.7124
1.70892
1.73865
1.77771
1.78748
1.80701
1.83667
1.85931
1.89722
1.87573
1.86755
1.85931
1.84955
1.84802
1.83942
1.83972
1.85736
1.84918
1.82965
1.82031
1.8269
1.83508
1.84644
1.85425
1.85583
1.8493
1.85461
1.88708
1.90503
1.94257
1.97351
2.00464
2.02771
2.02106
2.02771
2.02606
2.03552
2.05511
2.04877
2.039
2.04095
2.04755
2.04724
2.04883
2.05865
2.06714
2.08508
2.09802
2.05701
2.05731
2.04883
2.04877
2.06677
2.0946
2.39667
2.15216
2.05029
2.05286
2.10077
2.13037
2.11206
2.10303
2.13049
2.17456
2.17609
1.80841
1.65601
1.862
1.99731
2.14935
2.1535
2.17181
2.2027
2.19916
2.21875
2.21259
2.1817
2.98492
2.68103
2.40912
2.36047
2.36243
2.34607
2.34595
2.31482
2.29218
2.28235
2.27106
2.2616
2.2843
2.31519
2.32806
2.32495
2.3219
2.30383
2.30701
2.30859
2.29724
2.2793
2.30237
2.26648
2.19958
2.11609
2.05438
1.97565
1.91882
1.86462
1.82043
1.79114
1.76855
1.67352
1.57965
1.57965
1.57965
1.80518
2.12817
2.1698
2.16675
2.16479
2.18945
2.22736
2.26318
2.29736
2.29565
2.29724
2.29089
2.25769
2.21832
2.09082
1.96985
1.90979
1.948
2.19403
2.41748
3.16638
2.61292
1.80066
1.95532
2.25732
2.44202
2.50983
2.51959
2.53589
2.58801
3.30548
1.12543
2.33899
2.58997
2.52771
2.53094
2.565
2.60474
2.60938
2.63092
2.63245
2.63208
2.63281
2.62421
2.61908
2.62585
2.6308
2.64032
2.61444
2.63867
2.64056
2.65192
2.6535
2.66138
2.68433
2.68591
2.68787
2.65662
2.65662
2.67822
2.68475
2.71246
2.73358
2.74811
2.74841
2.76318
2.77423
2.7793
2.78589
2.77771
2.77612
2.79724
2.79724
2.81677
2.82849
2.83826
2.83978
2.81213
2.8269
2.83826
2.83502
2.84613
2.85931
2.88708
2.88391
2.91492
2.9328
2.96411
2.95428
2.95428
2.94916
2.94763
2.96716
2.96869
2.99646
3.01483
3.04376
3.03906
3.07507
3.0686
3.06989
3.10474
4.85193
4.27332
2.05194
3.98663
4.24799
3.62775
3.2782
3.1709
3.15497
3.18939
3.21912
3.24646
3.26129
3.2793
3.26941
3.27271
3.2597
3.2597
3.25812
3.27393
3.28906
3.31519
3.32849
3.33002
3.32684
3.33636
3.34802
3.35468
3.36719
3.39722
3.41797
3.41827
3.41992
3.4281
3.44763
3.43127
3.42645
3.43597
3.44611
3.47534
3.48669
3.51489
3.51825
3.52936
3.52606
3.51599
3.5293
3.53784
3.54224
3.5589
3.58167
3.58972
3.57312
3.58191
3.56836
3.58813
3.59772
3.60779
3.64368
3.65857
3.66016
3.65027
3.65979
3.66016
3.65027
3.6582
3.65039
3.66675
3.6781
3.69763
3.70746
3.7077
3.73358
3.73016
3.71906
3.71716
3.72858
3.72723
3.72034
3.73865
3.75818
3.76794
3.77759
3.79071
3.80072
3.81873
3.82684
3.84607
3.86566
3.88586
3.8985
3.91992
3.92487
3.92938
3.95117
3.94952
3.96362
3.97662
3.99011
3.98828
3.98669
3.97852
3.99646
4.00977
4.02454
4.02112
4.03625
4.04883
4.0191
4.01794
4.0163
4.02734
4.04724
4.06519
4.09644
4.10779
4.10938
4.1355
4.13043
4.12927
4.1308
4.14716
4.15503
4.16138
4.17651
4.18274
4.19763
4.1828
4.17651
4.19604
4.19763
4.22382
4.23669
4.25818
4.25146
4.24805
4.24146
4.23077
4.23047
4.24683
4.25781
4.27771
4.29559
4.30701
4.32849
4.3316
4.33826
4.33826
4.33984
4.3562
4.35583
4.37573
4.3988
4.39838
4.3772
4.38672
4.39526
4.38861
4.4035
4.41986
4.43787
4.46558
4.47693
4.47693
4.47845
4.48199
4.47888
4.49176
4.48859
4.48004
4.47693
4.50464
4.52576
4.5437
4.56335
4.58508
4.59637
4.57977
4.57849
4.56866
4.57806
4.59766
4.60303
4.60938
4.61755
4.62732
4.6272
4.62543
4.6438
4.64874
4.65662
4.65662
4.67297
4.67615
4.67303
4.69763
4.7074
4.72028
4.72693
4.74829
4.76599
4.77734
4.77734
4.77893
4.77734
4.7937
4.80859
4.79919
4.80389
4.80542
4.79559
4.7937
4.78552
4.79688
4.79059
4.81519
4.79724
4.80701
4.80701
4.82495
4.83319
4.83783
4.85614
4.8606
4.86914
4.87927
4.89722
4.89063
4.92188
5.18188
4.9566
4.91064
4.91418
4.92957
4.95068
4.95221
4.96198
4.99481
4.98627
4.94562
4.65369
4.53656
4.63409
4.77502
4.88446
4.88867
4.94299
4.97681
4.95898
4.93823
4.85114
5.11719
5.56689
5.30231
5.08252
5.00769
4.99481
5.00781
5.02295
5.01282
5.02734
5.01093
4.99335
4.98853
4.99646
4.99799
4.98169
5.00507
5.01001
4.99799
5.00983
5.0163
5.0293
5.03589
5.0293
5.02771
5.00977
4.98816
4.96875
4.98486
4.99182
4.99011
4.97034
4.97852
4.98047
4.98352
4.99493
5.03241
5.02924
5.01941
4.98474
4.97186
4.96875
4.97205
4.95544
4.97693
4.99176
4.9801
4.97382
4.9574
4.93591
4.948
4.96057
4.98358
4.99493
5.00659
5.01611
5.01123
5.05042
4.95331
4.62726
4.40601
4.612
4.83929
4.94
4.95093
4.98877
5.01831
4.97485
5.6731
3.92773
5.39075
5.38202
5.30713
5.28284
5.28442
5.26355
5.2677
5.2616
5.27777
5.29224
5.29108
5.3269
5.33484
5.35156
5.3891
5.40546
5.4234
5.43475
5.45386
5.46716
5.47699
5.49518
5.51599
5.50464
5.4801
5.45923
5.47382
5.53131
5.55261
5.58948
5.60272
5.5863
5.56989
5.55042
5.46863
5.35266
5.7254
6.15662
5.98877
5.8197
5.79376
5.78241
5.79883
5.79248
5.80035
5.81042
5.82654
5.84613
5.85773
5.86096
5.88593
5.9035
5.91992
5.94452
5.97028
5.97852
5.987
5.99298
5.99963
5.99994
6.00342
6.0293
6.0296
6.04028
6.05731
6.06018
6.04913
6.07343
6.07813
6.11285
6.1554
6.17297
6.20398
6.21594
6.22858
6.24646
6.24835
6.2594
6.27649
6.30865
6.33508
6.32971
6.32184
6.34485
6.36572
6.36945
6.38562
6.40503
6.42462
6.4281
6.43634
6.44922
6.47888
6.48047
6.5097
6.5163
6.5274
6.5343
6.54541
6.56372
6.60303
6.62073
6.62921
6.62891
6.62891
6.6488
6.64685
6.64685
6.6582
6.68787
6.70081
6.7171
6.74133
6.74805
6.75781
6.7793
6.79724
6.81519
6.79919
6.81055
6.82849
6.84448
6.83948
6.8382
6.84106
6.86591
6.88708
6.8985
6.92651
6.96399
6.98315
6.98639
6.99646
7.01636
7.01941
7.03558
7.05701
7.07526
7.09766
7.0979
7.11725
7.13751
7.14716
7.17267
7.18433
7.20709
7.22723
7.20892
7.21716
7.21716
7.21716
7.21716
7.23047
7.24054
7.25818
7.26599
7.29736
7.32526
7.3363
7.33795
7.33661
7.37573
7.38708
7.38873
7.40692
7.41833
7.4281
7.41797
7.4082
7.39832
7.39185
7.39215
7.38074
7.40814
7.44763
7.48511
7.50818
7.52771
7.55542
7.55859
7.56683
7.5788
7.57654
7.59613
7.60779
7.62921
7.64844
7.6778
7.69946
7.7027
7.7207
7.72723
7.73016
7.72852
7.73859
7.74487
7.77588
7.79919
7.8269
7.83661
7.84918
7.85736
7.84912
7.85901
7.84137
7.83002
7.83826
7.8562
7.85767
7.85736
7.84918
7.87732
7.86908
7.86908
7.8855
7.89685
7.92456
7.94775
7.96747
7.99017
8.0097
8.00977
8.02606
8.04883
8.03278
8.05585
8.07538
8.08826
8.10779
8.11768
8.11633
8.12885
8.12885
8.12885
8.13708
8.14673
8.17773
8.18787
8.18787
8.20581
8.22693
8.24646
8.23663
8.24963
8.25153
8.24017
8.24011
8.23828
8.23822
8.24841
8.26636
8.26947
8.27924
8.29565
8.30701
8.31671
8.33789
8.36243
8.40472
8.4082
8.42456
8.44409
8.4574
8.47693
8.47028
8.47382
8.46405
8.46747
8.45233
8.46716
8.45898
8.4574
8.46094
8.45929
8.49646
8.49805
8.51794
8.53748
8.55701
8.55865
8.56873
8.56708
8.58472
8.56989
8.57654
8.55859
8.55859
8.5766
8.57019
8.60461
8.6438
8.66516
8.67145
8.66675
8.68628
8.67969
8.67963
8.6781
8.69775
8.90143
8.65015
8.5863
8.7135
8.73615
8.68707
8.59436
8.51428
8.54877
8.56158
8.55029
8.34143
8.18884
8.27661
8.42987
8.45624
8.48706
8.50623
8.50116
8.45221
8.44763
8.38397
8.78912
9.112
8.86487
8.64783
8.58313
8.55688
8.55035
8.55859
8.58502
8.58948
8.57996
8.5863
8.57343
8.56012
8.53235
8.54095
8.52411
8.43732
8.38037
8.24951
8.11743
8.2525
8.77631
8.74097
8.52563
8.6228
9.00458
8.77808
8.54791
8.49158
8.4519
8.4245
8.40198
8.48553
8.53912
8.54565
8.54218
8.5047
8.487
8.47028
8.46088
8.45898
8.46844
8.45105
8.43787
8.42303
8.37061
8.35938
8.34918
8.34637
8.41809
8.4281
8.45428
8.4574
8.46753
8.45898
8.47534
8.51282
8.32385
7.99023
7.8573
8.13074
8.38159
8.45477
8.461
8.4707
8.47583
8.44128
9.1286
7.6651
8.60046
8.85736
8.82813
8.86438
8.89691
8.87415
8.84637
8.85242
8.85309
8.89063
8.91333
8.95898
8.98016
9.01172
9.02582
9.05078
9.09143
9.10461
9.12378
9.16168
9.1958
9.21716
9.24487
9.26794
9.2793
9.28589
9.29724
9.29919
9.33356
9.37427
9.39722
9.42657
9.43933
9.45544
9.46051
9.48669
9.51599
9.55383
9.55859
9.57965
9.57495
9.61438
9.63678
9.66669
9.71375
9.73511
9.75665
9.75153
9.77417
9.79724
9.81677
9.84802
9.87732
9.89685
9.93628
9.94922
9.95892
9.98035
9.99451
10.0176
10.021
10.039
10.0652
10.0961
10.114
10.1567
10.193
10.2269
10.2582
10.2613
10.2878
10.2992
10.3367
10.3558
10.3594
10.3871
10.4086
10.4363
10.4489
10.4758
10.5145
10.5276
10.539
10.5488
10.5753
10.5977
10.6177
10.6604
10.6762
10.696
10.7087
10.7288
10.7578
10.7871
10.7988
10.8101
10.825
10.8381
10.8477
10.866
10.8785
10.8987
10.9016
10.9182
10.9379
10.9558
10.9933
11.0344
11.0688
11.0948
11.0992
11.1176
11.1308
11.134
11.1472
11.1599
11.1882
11.2059
11.2368
11.2828
11.327
11.3729
11.3984
11.4265
11.4395
11.4495
11.4489
11.459
11.4949
11.5093
11.5492
11.5883
11.6191
11.637
11.668
11.6976
11.7042
11.743
11.7321
11.7288
11.7383
11.7582
11.7565
11.7692
11.7797
11.8057
11.8184
11.8215
11.8285
11.8401
11.8398
11.8559
11.8823
11.8985
11.9167
11.9363
11.9574
11.967
11.9883
12.011
12.0393
12.0391
12.0652
12.0781
12.1078
12.1078
12.1176
12.1469
12.1781
12.1962
12.1862
12.2039
12.2188
12.2403
12.2422
12.2487
12.2499
12.2664
12.2613
12.2678
12.2692
12.2828
12.2909
12.325
12.3445
12.3513
12.3596
12.3578
12.3495
12.348
12.3495
12.348
12.3741
12.4054
12.4379
12.4773
12.5066
12.5098
12.5375
12.5471
12.557
12.5587
12.5671
12.5867
12.6144
12.609
12.6176
12.6288
12.6385
12.6418
12.6304
12.6289
12.6586
12.6682
12.6582
12.6844
12.7094
12.7484
12.7582
12.8054
12.8366
12.8558
12.8589
12.8789
12.8906
12.889
12.8953
12.8987
12.8984
12.8902
12.8788
12.8867
12.8984
12.905
12.9363
12.9476
12.9478
12.9675
12.9984
13.0261
13.0391
13.0652
13.098
13.1093
13.1077
13.1353
13.155
13.1581
13.1699
13.1879
13.2156
13.2269
13.2285
13.2366
13.2559
13.2613
13.2515
13.25
13.2715
13.2682
13.2875
13.2859
13.2972
13.3137
13.3169
13.3187
13.3254
13.3383
13.3464
13.3644
13.3691
13.3875
13.3972
13.4246
13.4281
13.4219
13.43
13.4656
13.4605
13.4687
13.4672
13.4769
13.4785
13.4574
13.4672
13.4868
13.4807
13.4867
13.5063
13.5281
13.543
13.5851
13.5962
13.6097
13.6211
13.6293
13.6324
13.6129
13.6046
13.6997
13.8279
13.7516
13.6309
13.5605
13.5621
13.5585
13.557
13.5983
13.6109
13.542
13.191
13.1603
13.3107
13.4646
13.5359
13.475
13.5294
13.5507
13.4913
13.3886
13.4811
13.7498
14.03
13.7093
13.5514
13.5109
13.4768
13.4753
13.4362
13.4016
13.3973
13.3824
13.3906
13.371
13.3738
13.371
13.3726
13.3609
13.3413
13.3513
13.33
13.3317
13.3203
13.3367
13.348
13.3297
13.3171
13.3168
13.3005
13.2878
13.2711
13.2695
13.2793
13.2613
13.25
13.235
13.2352
13.2351
13.2356
13.2453
13.2484
13.2386
13.2316
13.2203
13.201
13.2219
13.2058
13.1992
13.1715
13.1602
13.1484
13.1832
13.1828
13.1879
13.1781
13.1582
13.1601
13.1223
13.7817
15.8398
15.8964
14.0695
13.264
13.0888
13.0781
13.0846
13.1367
12.3536
10.8682
10.5146
11.7301
12.6675
13.0648
13.1802
13.1833
13.1879
13.1191
13.5967
12.0574
12.8466
13.2458
13.3397
13.3192
13.3564
13.3925
13.4102
13.4367
13.4524
13.459
13.4969
13.5098
13.5266
13.5555
13.5472
13.5078
13.4471
13.5067
13.629
13.7043
13.7766
13.8008
13.8071
13.8238
13.8429
13.8644
13.8562
13.8739
13.9019
13.9117
13.9246
13.8882
13.8773
13.8988
13.943
13.987
13.9393
14.0017
14.2787
14.3579
14.325
14.2451
14.2367
14.2644
14.2906
14.2909
14.2988
14.2971
14.3348
14.348
14.3741
14.3887
14.4164
14.4297
14.4589
14.4671
14.5176
14.541
14.5491
14.5668
14.5946
14.6176
14.6159
14.6438
14.6664
14.6711
14.6894
14.7139
14.7383
14.7664
14.7976
14.8234
14.8445
14.8579
14.8695
14.8757
14.8887
14.8972
14.9082
14.9183
14.9196
14.9186
14.9101
14.8984
14.9066
14.9379
14.9558
14.9769
15.0246
15.0488
15.0656
15.0589
15.0684
15.0784
15.075
15.0767
15.0883
15.1179
15.1273
15.1469
15.1534
15.1793
15.1877
15.1973
15.198
15.209
15.2104
15.2253
15.2106
15.2339
15.2562
15.2957
15.3171
15.3268
15.3575
15.3594
15.3726
15.3688
15.3875
15.407
15.4296
15.443
15.4315
15.4672
15.4688
15.4932
15.4946
15.5148
15.5164
15.5178
15.5176
15.5179
15.5375
15.546
15.5472
15.557
15.5668
15.5768
15.5883
15.5914
15.5967
15.5863
15.6172
15.6472
15.6746
15.6973
15.701
15.7105
15.7073
15.7169
15.7207
15.7386
15.7843
15.7988
15.8152
15.8187
15.8477
15.8578
15.8679
15.8852
15.8789
15.8953
15.8953
15.8824
15.8972
15.8972
15.8965
15.8969
15.923
15.9458
15.9414
15.948
15.987
15.98
15.9801
15.9968
16.0079
16.0277
16.0277
16.0441
16.057
16.0488
16.0472
16.0636
16.0864
16.0968
16.0964
16.1192
16.1195
16.1257
16.1371
16.1387
16.1452
16.1664
16.196
16.1926
16.1992
16.1897
16.2141
16.207
16.2187
16.1894
16.2271
16.2355
16.2382
16.2465
16.2546
16.2856
16.2875
16.3054
16.3168
16.3183
16.2988
16.307
16.3085
16.3085
16.289
16.3254
16.3481
16.3581
16.3562
16.3578
16.3676
16.3757
16.3574
16.377
16.3953
16.4348
16.4363
16.4476
16.4781
16.4769
16.4984
16.5081
16.5097
16.5082
16.5164
16.5098
16.5016
16.4968
16.5
16.4949
16.4984
16.505
16.516
16.5211
16.5458
16.5718
16.5863
16.5699
16.5765
16.5785
16.5687
16.559
16.5652
16.5867
16.5883
16.5784
16.5895
16.5816
16.5718
16.5589
16.5554
16.539
16.5554
16.5668
16.5684
16.5671
16.5687
16.5686
16.5668
16.5817
16.6059
16.6078
16.6339
16.6453
16.6667
16.6847
16.7058
16.6879
16.7058
16.7156
16.7386
16.7106
16.6714
16.6859
16.6895
16.6976
16.6957
16.6957
16.7172
16.7386
16.7305
16.7272
16.7089
16.6992
16.7027
16.6895
16.7043
16.7583
16.9742
16.8266
16.6417
16.5775
16.6075
16.6226
16.614
16.6241
16.6042
16.5859
16.5652
16.5256
16.5012
16.4917
16.4734
16.4687
16.4609
16.4527
16.4527
16.451
16.4492
16.441
16.4035
16.3906
16.3905
16.3773
16.379
16.3792
16.3593
16.3574
16.3496
16.2957
16.278
16.2582
16.2449
16.2368
16.2468
16.25
16.2516
16.2303
16.2101
16.2106
16.191
16.1715
16.1586
16.1406
16.1453
16.137
16.1453
16.1469
16.1289
16.1387
16.1307
16.1176
16.1094
16.0831
16.0504
16.0309
16.0195
15.9901
15.9688
15.9672
15.9753
15.9769
15.9573
15.9652
15.9586
15.9594
15.9594
15.9492
15.9543
15.9393
15.9359
15.9195
15.8918
15.8676
15.8477
15.8265
15.8168
15.8187
15.809
15.8172
15.809
15.8171
15.8008
15.7777
15.7598
15.7402
15.7109
15.6995
15.6895
15.668
15.6746
15.6761
15.6664
15.6664
15.6469
15.6273
15.614
15.606
15.6062
15.58
15.5847
15.5847
15.5687
15.557
15.5375
15.5339
15.5192
15.5148
15.5132
15.4984
15.4883
15.4691
15.4578
15.4379
15.4215
15.4347
15.4445
15.4508
15.4539
15.4293
15.4285
15.4073
15.3937
15.3855
15.3856
15.3757
15.3824
15.3738
15.3657
15.3742
15.3511
15.3547
15.3284
15.3086
15.2793
15.2761
15.2645
15.2582
15.2649
15.275
15.2731
15.2484
15.2454
15.2468
15.2452
15.2253
15.227
15.214
15.1976
15.1827
15.1715
15.1453
15.1226
15.1079
15.0687
15.0656
15.0441
15.0438
15.0344
15.0325
15.0297
15.0149
15.0215
14.9851
14.9738
14.9719
14.9641
14.9656
14.9507
14.9343
14.9262
14.8988
14.884
14.8839
14.8676
14.8574
14.8351
14.8332
14.8086
14.8054
14.7761
14.7727
14.7747
14.7731
14.7715
14.7809
14.7761
14.7894
14.7797
14.7679
14.7565
14.7465
14.7578
14.7371
14.7551
14.7468
14.7433
14.7253
14.7255
14.7058
14.7039
14.6777
14.6664
14.6484
14.6077
14.6141
14.6058
14.5847
14.593
14.6028
14.5949
14.5765
14.5637
14.5753
14.5574
14.5292
14.467
14.3854
14.348
14.3923
14.4708
14.5594
14.5687
14.5605
14.5492
14.4902
14.4656
14.4429
14.4016
14.3593
14.3383
14.3203
14.291
14.2859
14.2761
14.2777
14.2875
14.2941
14.2777
14.2679
14.2664
14.2546
14.2546
14.207
14.1875
14.1957
14.1777
14.1761
14.1761
14.1761
14.1746
14.1664
14.1664
14.1406
14.1016
14.0769
14.0687
14.0574
14.0375
14.0293
14.0281
14.0472
14.0391
14.0293
14.0277
14.0179
14.0164
14.0258
14.0239
14.0082
14.0066
13.9968
13.9937
13.9886
13.9984
14.0082
14.0261
14.0098
14
13.9871
13.9609
13.9379
13.9395
13.9558
13.9476
13.9574
13.9476
13.946
13.9395
13.9102
13.889
13.8792
13.8773
13.8773
13.8574
13.8558
13.8477
13.8445
13.8168
13.7824
13.7777
13.7598
13.7516
13.7402
13.7386
13.7402
13.7207
13.7175
13.6992
13.6879
13.6996
13.6816
13.6781
13.6683
13.6387
13.6172
13.614
13.6157
13.616
13.6339
13.6273
13.6078
13.598
13.5964
13.5863
13.5586
13.5391
13.5293
13.5016
13.4707
13.4492
13.441
13.4281
13.4167
13.4167
13.4277
13.4082
13.4183
13.4199
13.4199
13.3984
13.3757
13.3754
13.3656
13.3297
13.3265
13.3184
13.3203
13.2988
13.2957
13.2972
13.2793
13.2875
13.2777
13.2679
13.2664
13.2484
13.2504
13.2206
13.1893
13.1777
13.1602
13.1667
13.1469
13.1453
13.1437
13.134
13.1156
13.0977
13.0863
13.0847
13.0879
13.0781
13.0765
13.0668
13.0488
13.0535
13.0551
13.0766
13.0605
13.057
13.0488
13.0406
13.0211
12.9821
12.9691
12.9675
12.9609
12.9382
12.9445
12.9706
12.9852
12.9773
12.9656
12.9934
12.9871
12.9785
12.9867
12.9766
12.9863
12.957
12.9457
12.9261
12.9246
12.9246
12.9066
12.8965
12.8707
12.8578
12.8398
12.8285
12.809
12.7894
12.7958
12.791
12.7796
12.7598
12.7484
12.7383
12.7106
12.6859
12.6761
12.6582
12.6664
12.6664
12.6859
12.6793
12.6957
12.6957
12.686
12.6683
12.6683
12.6504
12.6293
12.6211
12.6097
12.6176
12.6094
12.6176
12.6191
12.6273
12.6094
12.598
12.5703
12.559
12.5394
12.5297
12.5179
12.5261
12.5261
12.5
12.5164
12.5261
12.5082
12.5062
12.5078
12.4964
12.4965
12.4703
12.4965
12.498
12.4883
12.4883
12.4785
12.498
12.4785
12.4605
12.4558
12.4261
12.4343
12.4082
12.3855
12.3757
12.3594
12.3723
12.3477
12.3364
12.3383
12.3383
12.3187
12.2874
12.2953
12.2793
12.2777
12.2894
12.2813
12.2878
12.2714
12.2598
12.2386
12.2269
12.2188
12.2175
12.225
12.2269
12.2386
12.2172
12.2074
12.1945
12.1863
12.1832
12.173
12.1761
12.1859
12.168
12.1664
12.1597
12.15
12.1402
12.1273
12.1012
12.0832
12.0703
12.0785
12.0671
12.0371
12.0618
12.057
12.0586
12.057
12.0472
12.0195
11.9805
11.9691
11.9379
11.907
11.8949
11.8981
11.902
11.8902
11.8967
11.8949
11.9031
11.8949
11.895
11.8906
11.8957
11.8871
11.8789
11.8691
11.866
11.8594
11.848
11.8394
11.8184
11.8086
11.8152
11.807
11.7953
11.7937
11.8035
11.8152
11.789
11.7855
11.7789
11.7676
11.7594
11.7679
11.75
11.7386
11.7453
11.7403
11.7308
11.7191
11.7093
11.6859
11.6761
11.6664
11.6469
11.6371
11.6371
11.6371
11.6371
11.6453
11.655
11.6469
11.6371
11.6113
11.6016
11.5901
11.5702
11.5582
11.5469
11.5535
11.5535
11.5632
11.5746
11.5765
11.5684
11.5665
11.5668
11.5601
11.5276
11.516
11.5062
11.5078
11.4996
11.4965
11.4769
11.4671
11.4832
11.4864
11.4851
11.4965
11.4883
11.4965
11.4801
11.4605
11.4528
11.4316
11.43
11.4199
11.4183
11.4167
11.4066
11.4148
11.3871
11.4067
11.4089
11.4152
11.4183
11.4004
11.4003
11.4067
11.3988
11.3906
11.3972
11.407
11.407
11.3808
11.3789
11.3707
11.3414
11.3104
11.2808
11.2695
11.2418
11.2386
11.2289
11.2253
11.2352
11.2367
11.2188
11.2253
11.2172
11.2269
11.2269
11.2156
11.2188
11.2238
11.2269
11.1895
11.196
11.1976
11.1746
11.1403
11.1453
11.1566
11.1566
11.1598
11.1582
11.1761
11.15
11.1289
11.1093
11.0977
11.0961
11.0801
11.059
11.041
11.0297
11.0281
11.0082
10.9968
10.9952
11.0031
11.0048
10.9867
10.9671
10.9457
10.9277
10.916
10.9066
10.9148
10.9164
10.918
10.9015
10.8804
10.8922
10.8773
10.8773
10.8757
10.8855
10.8872
10.8695
10.8679
10.8594
10.866
10.8691
10.8694
10.8773
10.8773
10.8774
10.8694
10.8675
10.8575
10.8284
10.8184
10.8168
10.8132
10.7871
10.7922
10.7855
10.7856
10.7793
10.7711
10.7777
10.7792
10.7773
10.7676
10.7594
10.7629
10.748
10.7644
10.7383
10.7351
10.7105
10.7074
10.6992
10.6976
10.6879
10.6863
10.6879
10.6781
10.6782
10.6749
10.6765
10.6765
10.6667
10.6586
10.6602
10.6585
10.632
10.6191
10.6094
10.616
10.6078
10.5817
10.5883
10.5768
10.5863
10.5879
10.5668
10.5586
10.5472
10.5587
10.5328
10.5313
10.5199
10.5281
10.5277
10.5195
10.5182
10.5262
10.528
10.5046
10.5062
10.4913
10.4867
10.4784
10.4847
10.4863
10.475
10.4457
10.4277
10.4261
10.3917
10.3691
10.361
10.3726
10.3516
10.3663
10.3695
10.3695
10.3613
10.348
10.3496
10.3496
10.348
10.348
10.3202
10.325
10.3168
10.3086
10.2906
10.2793
10.2957
10.2941
10.3235
10.2991
10.3055
10.3074
10.2957
10.2906
10.2711
10.2859
10.2777
10.25
10.2305
10.219
10.1859
10.1844
10.1402
10.1207
10.1094
10.1078
10.0882
10.0977
10.0977
10.0945
10.1058
10.0961
10.1059
10.098
10.0765
10.0765
10.0765
10.0652
10.0488
10.0293
10.0098
9.99023
9.98865
9.98865
9.98865
10.0016
10.0325
10.0457
10.0391
10.0375
10.0195