-0.339905
-0.046064498
-0.057765996
-0.069406494
-0.083976992
-0.10416249
-0.101032987
-0.093203485
-0.076828983
-0.061034481
-0.062634979
-0.051295477
-0.025490975
-0.034080473
-0.039128971
-0.063709469
-0.057435967
-0.036697465
-0.033170962
-0.04017346
-0.011255958
-0.003029456
-0.018240954
-0.013524452
-0.02055695
-0.025666448
-0.020796946
-0.022397444
-0.025981942
-0.02474444
-0.024696937
-0.036306435
-0.067691933
-0.064867431
-0.058594929
-0.042159427
-0.034329925
-0.019847423
0.006354079
0.005974581
-0.002583917
-0.012699415
-0.007615912
-0.01120041
-0.003614908
0.007693594
0.010823096
-0.002434402
0.0104911
0.000345602
0.013272104
0.011335606
0.024262108
0.041948611
0.063358413
0.079397215
0.077461117
0.090295519
0.088054221
0.114255323
0.110355125
0.128422627
0.131820129
0.139377631
0.135885133
0.130392636
0.128900138
0.12540764
0.120315142
0.098861644
0.095369146
0.091937648
0.07704515
0.063452652
0.081002154
0.164698656
0.346600158
-0.006217339
-0.117415837
-0.083341335
-0.087993833
0.150396469
0.123771671
0.456765673
0.719661175
0.810193677
0.908019179
0.936142681
0.942565183
0.966206686
0.979346188
0.97579269
0.970595192
1.007102694
1.021610196
1.008117698
0.9969652
0.990132702
1.017640204
1.044147706
1.060655209
1.067162711
1.073670213
1.080177715
1.076685217
1.073192719
1.074310221
1.068957723
1.076885225
1.080342727
1.107710229
1.099547731
1.103895234
1.110502736
1.120320238
1.10852774
1.103175242
1.107792744
1.105620246
1.100907748
1.09927525
1.085712752
1.080320254
1.077077756
1.068575259
1.084922761
1.081120263
1.099087765
1.095625267
1.111972769
1.103410271
1.101077773
1.091085275
1.091372777
1.096060279
1.064457781
1.049705284
1.032852786
1.012970288
1.00797779
1.006045292
0.993122794
1.004430296
1.015497798
1.0217653
1.046322802
1.044080304
1.058497807
1.056535309
1.061252811
1.047690313
1.052767815
1.070395317
1.068762819
1.075130321
1.081347823
1.077825325
1.075522827
1.091710329
1.081807832
1.084965334
1.092802836
1.081100338
1.07769784
1.072955342
1.057742844
1.044480346
1.039097848
1.05708535
1.079692852
1.082510354
1.087567857
1.075865359
1.072372861
1.060670363
1.061877865
1.061585367
1.076372869
1.082710371
1.081107873
1.085495375
1.081942877
1.070240379
1.058537882
1.035515384
1.030122886
1.009000388
1.01370789
1.008665392
1.014932894
1.032230396
1.040447898
1.0650054
1.079092902
1.077150405
1.072107907
1.061965409
1.068322911
1.074960413
1.073367915
1.077685417
1.075752919
1.088670421
1.086737923
1.089505425
1.090772927
1.10241043
1.085647932
1.069275434
1.057272936
1.050970438
1.04902794
1.045535442
1.042042944
1.058150446
1.076077948
1.09367545
1.086672952
1.094500455
1.102417957
1.109005459
1.105512961
1.092250463
1.106727965
1.124415467
1.140762969
1.117400471
1.115807973
1.120515475
1.108822977
1.11353048
1.113247982
1.134285484
1.143672986
1.148390488
1.15307799
1.144585492
1.149632994
1.153950496
1.152017998
1.1763255
1.176283003
1.194270505
1.192338007
1.198615509
1.203333011
1.201390513
1.186488015
1.202215517
1.207033019
1.225020521
1.223388023
1.223005525
1.222663028
1.23049053
1.246528032
1.243035534
1.267283036
1.265350538
1.27161804
1.281405542
1.256423044
1.261140546
1.250998048
1.25766555
1.250663053
1.240610555
1.235868057
1.215955559
1.210913061
1.214070563
1.223458065
1.228175567
1.260633069
1.278220571
1.286058073
1.293975575
1.308763078
1.31503058
1.296678082
1.313115584
1.314323086
1.312390588
1.28905809
1.303845592
1.292143094
1.296860596
1.293368098
1.291435601
1.299353103
1.305930605
1.303998107
1.308715609
1.332963111
1.350560613
1.348708115
1.355285617
1.377983119
1.367840621
1.375668123
1.370615626
1.367123128
1.37340063
1.351528132
1.336805634
1.325413136
1.312060638
1.31647814
1.321195642
1.309493144
1.322420646
1.349838148
1.366215651
1.374043153
1.380310655
1.376818157
1.374885659
1.363183161
1.358140663
1.376128165
1.380845667
1.398533169
1.395340671
1.408268173
1.387965676
1.379803178
1.37277068
1.351388182
1.363065684
1.362683186
1.386930688
1.38499819
1.389715692
1.387783194
1.394050696
1.400328198
1.398385701
1.401553203
1.399610705
1.404328207
1.410605709
1.398903211
1.403620713
1.419658215
1.427485717
1.433763219
1.412290721
1.423658224
1.431495726
1.428003228
1.41474073
1.403038232
1.407755734
1.412073236
1.421860738
1.41845824
1.428145742
1.431313244
1.429370746
1.425878249
1.422385751
1.400923253
1.413850755
1.421678257
1.408415759
1.404923261
1.420960763
1.437008265
1.435065767
1.438223269
1.426530771
1.434748274
1.441025776
1.447303278
1.43560078
1.430548282
1.436755784
1.413403286
1.398590788
1.39197829
1.391665792
1.434283294
1.126560796
0.912128299
0.783945801
0.691643303
0.636030805
0.610378307
0.586315809
0.569913311
0.532150813
0.545078315
0.562735817
0.562753319
0.593710822
0.601878324
0.614465826
0.607923328
0.61444083
0.610708332
0.633705834
0.669333336
0.672430838
0.66197834
0.652235842
0.656953344
0.661570847
0.672638349
0.693805851
0.698763353
0.703180855
0.707868357
0.693045859
0.678203361
0.656670863
0.651378365
0.636505867
0.639633369
0.658880872
0.681878374
0.689305876
0.677703378
0.69093088
0.688688382
0.687455884
0.673803386
0.668450888
0.68518839
0.663015892
0.650063394
0.653320897
0.666148399
0.665865901
0.660723403
0.637390905
0.635858407
0.622505909
0.636773411
0.646770913
0.642968415
0.659315917
0.65591342
0.662100922
0.650398424
0.635275926
0.650063428
0.63805093
0.651348432
0.647485934
0.636183436
0.647460938
0.65690844
0.651495942
0.641343445
0.664040947
0.673788449
0.671885951
0.656983453
0.640270955
0.599278457
0.558275959
0.512823461
0.508320963
0.534528465
0.583365967
0.61933347
0.635370972
0.643598474
0.658085976
0.662703478
0.69678098
0.694878482
0.903965984
0.893273486
1.323930988
1.85058849
2.209365992
2.342893495
2.409110997
2.468878499
2.553766001
2.569563503
2.562561005
2.552408507
2.563756009
2.563403511
2.520751013
2.512198515
2.498936018
2.51497352
2.519691022
2.522758524
2.530286026
2.538423528
2.52995103
2.515048532
2.485376034
2.463903536
2.449091038
2.43265854
2.440186043
2.444873545
2.446141047
2.457718549
2.468786051
2.468403553
2.445691055
2.451558557
2.436446059
2.434413561
2.449051063
2.441128565
2.460286068
2.46155357
2.459951072
2.454568574
2.435056076
2.420143578
2.44439108
2.440938582
2.446876084
2.463243586
2.472721088
2.46919859
2.470716093
2.488303595
2.478251097
2.481318599
2.477826101
2.479093603
2.454461105
2.450968607
2.427936109
2.416243611
2.419061113
2.399488616
2.402646118
2.40077362
2.435091122
2.422718624
2.414436126
2.412893628
2.41255113
2.400848632
2.376266134
2.363003636
2.369041138
2.385718641
2.393546143
2.408023645
2.404141147
2.428448649
2.436616151
2.432723653
2.421021155
2.417528657
2.405916159
2.376543661
2.376201163
2.372708666
2.369216168
2.37393367
2.373551172
2.379608674
2.378286176
2.365023678
2.38772118
2.413518682
2.401816184
2.398323686
2.415981188
2.424148691
2.419096193
2.417163695
2.421881197
2.408228699
2.404826201
2.412963703
2.397751205
2.402468707
2.400526209
2.406893711
2.411911214
2.409978716
2.402976218
2.40269372
2.401061222
2.397568724
2.403836226
2.410113728
2.41638123
2.424218732
2.422276234
2.436763736
2.441481239
2.439628741
2.438006243
2.434513745
2.439231247
2.443938749
2.442006251
2.448343753
2.438531255
2.441688757
2.436646259
2.436263761
2.421051264
2.433978766
2.436806268
2.45824377
2.459421272
2.454368774
2.452436276
2.440733778
2.44389128
2.414218782
2.407616284
2.393953786
2.379141289
2.383858791
2.362396293
2.365153795
2.375031297
2.374958799
2.359746301
2.375873803
2.394171305
2.398488807
2.404766309
2.401273812
2.417311314
2.422028816
2.421556318
2.43582382
2.445911322
2.442418824
2.440486326
2.436993828
2.44171133
2.447978832
2.451146334
2.452313837
2.445711339
2.462148841
2.469976343
2.468043845
2.466101347
2.461058849
2.467326351
2.465393853
2.488081355
2.477938857
2.479546359
2.456123862
2.470601364
2.478528866
2.478456368
2.48317387
2.492951372
2.489458874
2.474246376
2.451223878
2.46421138
2.454398882
2.460676384
2.484923887
2.484541389
2.490818891
2.506856393
2.504923895
2.509631397
2.515908899
2.520626401
2.544873903
2.546051405
2.531238907
2.54767641
2.525803912
2.534031414
2.527028916
2.521986418
2.53646392
2.526321422
2.529478924
2.521286426
2.508033928
2.50258143
2.497538932
2.485836435
2.490553937
2.475341439
2.471938941
2.470306443
2.468463945
2.466831447
2.473108949
2.479376451
2.485653953
2.473951455
2.478578957
2.49470646
2.491303962
2.479911464
2.454928966
2.463156468
2.45655397
2.434691472
2.431198974
2.416286476
2.422343978
2.40900148
2.425438982
2.431706485
2.441493987
2.457531489
2.470458991
2.461866493
2.456813995
2.463091497
2.476018999
2.477196501
2.481914003
2.496391505
2.482739008
2.48079651
2.483964012
2.503511514
2.480179016
2.475436518
2.49968402
2.489541522
2.486049024
2.466136526
2.449764028
2.46425153
2.454099033
2.465466535
2.455324037
2.479571539
2.477639041
2.457726543
2.469094045
2.451141547
2.437879049
2.412906551
2.407854053
2.414131555
2.418849058
2.42862656
2.461144062
2.462661564
2.458769066
2.452166568
2.45834407
2.466261572
2.444799074
2.431536576
2.436254078
2.45229158
2.458569083
2.455076585
2.462904087
2.482481589
2.455919091
2.423136593
2.427844095
2.424351597
2.394679099
2.371656601
2.383024103
2.371321606
2.358069108
2.43510661
2.049414112
1.664541614
1.368239116
1.062616618
0.90156412
0.787141622
0.732469124
0.666876626
0.604484128
0.574801631
0.583089133
0.589456635
0.573084137
0.548411639
0.549679141
0.530166643
0.528234145
0.532641647
0.526309149
0.532216651
0.520614153
0.515871656
0.494099158
0.49410666
0.496874162
0.478851664
0.473929166
0.477026668
0.46877417
0.482921672
0.507539174
0.507246676
0.495884178
0.484091681
0.497959183
0.486566685
0.484324187
0.500671689
0.508889191
0.515256693
0.510114195
0.514741697
0.530569199
0.527376701
0.513814204
0.513831706
0.495749208
0.47404671
0.459224212
0.456041714
0.471779216
0.468586718
0.45813422
0.451831722
0.465979224
0.464386726
0.458994229
0.455501731
0.460219233
0.457066735
0.453264237
0.454841739
0.459469241
0.467386743
0.480224245
0.479931747
0.471679249
0.443656751
0.419074254
0.402611756
0.392159258
0.38240676
0.395154262
0.401211764
0.405839266
0.412206768
0.42509427
0.398961772
0.351309274
0.346256776
0.363854279
0.389961781
0.420169283
0.448226785
0.441284287
0.445941789
0.434299291
0.448786793
0.463664295
0.502371797
0.526529299
0.690126802
2.094314304
3.106601806
3.569659308
3.77304681
3.924094312
3.982311814
3.997009316
4.007676818
3.99621432
3.954821822
3.923499324
3.911486827
3.903324329
3.899831831
3.895089333
3.906066835
3.915454337
3.915101839
3.904959341
3.888496843
3.879994345
3.892921847
3.884729349
3.874916852
3.869474354
3.872241856
3.862089358
3.86055686
3.857064362
3.855121864
3.851269366
3.848076868
3.84589437
3.826321872
3.809859374
3.806366877
3.810774379
3.810491881
3.817379383
3.833106885
3.839684387
3.835491889
3.825739391
3.820996893
3.807344395
3.787521897
3.746469399
3.729786902
3.751204404
3.740751906
3.745769408
3.75173691
3.748554412
3.746311914
3.746329416
3.743166918
3.74785442
3.739301922
3.722199425
3.735426927
3.743284429
3.723371931
3.726199433
3.723046935
3.739084437
3.748561939
3.735209441
3.756346943
3.756054445
3.770811947
3.77866945
3.763526952
3.744004454
3.747081956
3.754999458
3.74363696
3.754574462
3.765551964
3.763609466
3.748456968
3.76328447
3.753131972
3.748089475
3.734526977
3.731394479
3.744631981
3.755599483
3.750216985
3.732194487
3.743531989
3.751399491
3.742806993
3.745964495
3.744031997
3.7502995
3.753467002
3.733554504
3.728202006
3.715249508
3.71840701
3.709814512
3.714532014
3.709489516
3.725527018
3.71342452
3.708442023
3.695519525
3.701787027
3.688534529
3.674872031
3.681209533
3.679607035
3.676114537
3.654652039
3.639439541
3.655877043
3.668804545
3.679832048
3.66647955
3.680967052
3.687244554
3.667332056
3.641189558
3.62793706
3.632654562
3.620952064
3.614009566
3.620217068
3.61984457
3.614792073
3.612859575
3.607807077
3.596104579
3.610982081
3.618869583
3.625487085
3.631754587
3.616542089
3.624379591
3.622527093
3.615834595
3.622102098
3.6416596
3.667457102
3.663964604
3.668682106
3.668399608
3.65504711
3.618744612
3.631672114
3.621529616
3.618037118
3.624304621
3.629082123
3.636949625
3.628967127
3.625164629
3.608802131
3.623369633
3.624857135
3.611504637
3.625682139
3.631959641
3.628467143
3.636294646
3.632802148
3.63906965
3.644187152
3.638744654
3.645012156
3.663009658
3.67083716
3.657574662
3.654082164
3.660359666
3.630677168
3.635394671
3.633462173
3.646389675
3.660867177
3.687074679
3.696452181
3.701169683
3.688007185
3.696144687
3.702412189
3.700479691
3.688777193
3.688424696
3.688052198
3.6583697
3.659977202
3.656484704
3.652992206
3.659259708
3.66709721
3.678464712
3.668322214
3.673029716
3.654677219
3.657844721
3.647692223
3.627779725
3.630947227
3.646984729
3.651702231
3.656419733
3.656037235
3.659194737
3.657262239
3.671739741
3.678017244
3.695614746
3.701882248
3.69017975
3.696857252
3.693364754
3.689872256
3.676609758
3.67155726
3.666514762
3.644652264
3.639599766
3.619687269
3.614634771
3.596282273
3.609609775
3.624087277
3.633474779
3.656162281
3.662439783
3.668807285
3.667174787
3.663682289
3.650029791
3.646627294
3.635134796
3.628222298
3.6344998
3.632567302
3.630624804
3.615812306
3.612319808
3.60882731
3.621754812
3.629582314
3.626089817
3.624157319
3.628874821
3.626932323
3.623439825
3.601977327
3.595374829
3.613152331
3.602059833
3.590267335
3.593114837
3.619012339
3.618939842
3.617007344
3.611954846
3.588532348
3.56395985
3.578747352
3.586264854
3.590982356
3.597259858
3.59540736
3.592224862
3.598502364
3.595009867
3.593067369
3.609104871
3.605612373
3.613539875
3.620117377
3.616534879
3.620942381
3.599479883
3.601077385
3.617114887
3.613322389
3.592159892
3.588667394
3.585174896
3.573472398
3.5503599
3.543047402
3.538004904
3.526302406
3.532749908
3.52166741
3.554124912
3.555292415
3.568129917
3.585817419
3.603414921
3.630772423
3.743459925
3.332467427
2.496634929
1.826242431
1.296809933
0.895127435
0.634214937
0.42159244
0.289589942
0.214287444
0.165474946
0.108092448
0.05701995
0.047267452
0.030564954
0.035682456
0.025629958
0.02548746
0.029874962
0.046402465
0.023279967
0.016367469
0.011534971
0.009382473
-0.004270025
-0.000742523
-0.018725021
-0.020997519
-0.004930017
-0.024542515
-0.021655013
-0.03615751
-0.021740008
-0.038842506
-0.032475004
-0.014177502
0.0277489
0.028657975
0.01949705
0.033096125
0.0340152
0.026404275
0.02039335
0.024202425
0.0118315
0.022690575
0.01221965
-0.021781275
-0.0126622
-0.023683125
-0.01456405
-0.006054975
0.0030641
0.013133175
0.00968225
-0.001648675
0.0039604
-0.001990525
-0.01271145
-0.028182375
-0.0079533
0.000825775
0.00021485
0.010273925
0.008163
0.026652075
0.03556115
0.024750225
0.0234993
0.014338375
-0.00779255
-0.016863475
-0.0339244
-0.030175325
-0.03768625
-0.035187175
-0.0462381
-0.050309025
-0.08720995
-0.138940875
-0.1640918
-0.138892725
-0.11847365
-0.103684575
-0.0780455
-0.082206425
-0.08971735
-0.075898275
-0.0572592
-0.046890125
0.03077895
0.194958025
0.2850371
3.411836175
4.96248525
5.447504325
5.6174734
5.693252475
5.70096155
5.703370625
5.6875297
5.654988775
5.64295785
5.659586925
5.655496
5.646245075
5.63015415
5.622883225
5.6122323
5.622941375
5.64817045
5.645269525
5.6704686
5.676167675
5.66505675
5.648025825
5.6486349
5.617983975
5.61548305
5.588342125
5.5842812
5.576680275
5.58393935
5.605718425
5.5968075
5.610376575
5.60631565
5.593954725
5.6188738
5.599952875
5.60877195
5.609371025
5.6201401
5.609329175
5.60026825
5.625407325
5.6308064
5.608675475
5.60427455
5.621603625
5.6203427
5.614691775
5.61063085
5.621309925
5.624659
5.641748075
5.63093715
5.638196225
5.6189653
5.618344375
5.61114345
5.594962525
5.5940716
5.593460675
5.58243975
5.580198825
5.5808979
5.579856975
5.58711605
5.581155125
5.5707742
5.562783275
5.56497235
5.562521425
5.5729305
5.588669575
5.60889865
5.629337725
5.6264368
5.618865875
5.61131495
5.589224025
5.5867131
5.597082175
5.61411125
5.604950325
5.6040594
5.595228475
5.60413755
5.583566625
5.5708957
5.565274775
5.56588385
5.576252925
5.583172
5.602061075
5.63050015
5.624789225
5.6485283
5.678727375
5.66105645
5.661995525
5.6317546
5.629243675
5.61813275
5.590991825
5.5834209
5.592239975
5.60925905
5.619688125
5.6304572
5.650936275
5.65779535
5.638864425
5.6476835
5.628752575
5.62625165
5.625360725
5.6345098
5.661298875
5.67322795
5.672277025
5.6909461
5.675435175
5.65175425
5.638783325
5.6280624
5.645181475
5.64764055
5.663109625
5.6719287
5.677227775
5.68760685
5.680085925
5.686095
5.680054075
5.66777315
5.664872225
5.6475013
5.641880375
5.64413945
5.654818525
5.6800476
5.701736675
5.70899575
5.709604825
5.7070939
5.714352975
5.72167205
5.707751125
5.7036902
5.702339275
5.70965835
5.721927425
5.7143165
5.702045575
5.68312465
5.698593725
5.6730128
5.659091875
5.66262095
5.681510025
5.6821191
5.690928175
5.70169725
5.698796325
5.6897254
5.679314475
5.66194355
5.675852625
5.6682517
5.675510775
5.68587985
5.711118925
5.719928
5.722087075
5.72934615
5.738165225
5.7485343
5.747583375
5.75640245
5.766771525
5.7837906
5.782839675
5.79321875
5.816887825
5.8190569
5.827955975
5.81910505
5.827924125
5.8155532
5.822512275
5.82311135
5.824120425
5.8149595
5.812448575
5.81149765
5.812106725
5.8095958
5.816854875
5.82566395
5.834483025
5.8433021
5.852171175
5.86288025
5.847069325
5.8414484
5.851817475
5.83954655
5.838595625
5.8377347
5.848413775
5.84901285
5.854721925
5.855021
5.836400075
5.83544915
5.834498225
5.8417573
5.842356375
5.83634545
5.848274525
5.8473236
5.844812675
5.84542175
5.834700825
5.8353099
5.831238975
5.83184805
5.840667125
5.8283862
5.846975275
5.82960435
5.838413425
5.8292525
5.816981575
5.79641065
5.795549725
5.7930388
5.800297875
5.79113695
5.806606025
5.8268351
5.845724175
5.84788325
5.856702325
5.8721614
5.892300475
5.89290955
5.901718625
5.9007677
5.891616775
5.87103585
5.855344925
5.857514
5.835473075
5.82475215
5.832011225
5.8487903
5.871129375
5.89795845
5.909807525
5.9155566
5.927505675
5.91675475
5.915803825
5.9066529
5.904101975
5.91495105
5.931900125
5.9520492
5.933098275
5.92714735
5.908196425
5.9072455
5.898094575
5.86944365
5.857122725
5.8643818
5.882990875
5.87223995
5.881089025
5.8980381
5.897087175
5.90763625
5.916685325
5.9255344
5.904683475
5.88413255
5.880081625
5.9084307
5.892679775
5.87212885
5.887577925
5.898027
5.888876075
5.87652515
5.883774225
5.8926233
5.899872375
5.91192145
5.985170525
5.4812396
4.405608675
2.95638775
2.080836825
1.6018259
1.244454975
0.95490405
0.743103125
0.5874622
0.490101275
0.45015035
0.415569425
0.4060785
0.400117575
0.37801665
0.354485725
0.3468848
0.365463875
0.36805295
0.363862025
0.3283411
0.335570175
0.33686925
0.327318325
0.3311574
0.314126475
0.32104555
0.321654625
0.3226837
0.341572775
0.34693185
0.336220925
0.33176
0.326109075
0.30251815
0.298117225
0.3006163
0.280065375
0.26392445
0.274783525
0.2772426
0.284501675
0.30943075
0.328319825
0.3207189
0.318297975
0.31765705
0.295126125
0.2857552
0.273384275
0.26432335
0.242192425
0.2331215
0.248800575
0.24567965
0.252938725
0.2621178
0.244696875
0.26015595
0.232715025
0.2465441
0.230813175
0.23133225
0.238681325
0.2364804
0.233669475
0.21153855
0.210677625
0.2081367
0.216895775
0.22070485
0.251003925
0.267933
0.270092075
0.27549115
0.283150225
0.2872593
0.312468375
0.48238745
0.645886525
0.6715556
0.331184675
0.19070375
0.201932825
0.2056519
0.142290975
-0.03623995
-0.289910875
-0.3298018
-0.145962725
0.05205635
0.182815425
0.2211745
0.235053575
0.22086265
0.237551725
0.2290908
0.232529875
0.45469895
1.181808025
2.4307571
7.356276175
7.79982525
7.861474325
7.8516234
7.824472475
7.79322155
7.757770625
7.7221197
7.683568775
7.66101785
7.607866925
7.587316
7.571765075
7.56391415
7.563263225
7.5670123
7.548061375
7.53731045
7.547659525
7.5416086
7.537557675
7.54800675
7.541955825
7.5508049
7.559853975
7.54060305
7.549752125
7.5223012
7.510350275
7.49259935
7.506548425
7.4887975
7.487946575
7.49859565
7.526944725
7.5294938
7.528542875
7.54709195
7.567241025
7.5548901
7.553639175
7.55468825
7.535737325
7.5234864
7.514335475
7.51338455
7.511133625
7.5294827
7.533131775
7.51298085
7.528129925
7.537279
7.529328075
7.51897715
7.516126225
7.4974753
7.496224375
7.49727345
7.511022525
7.5164716
7.512320675
7.52936975
7.523218825
7.5387679
7.547516975
7.52856605
7.557015125
7.5478642
7.535513275
7.53626235
7.535211425
7.5244605
7.513809575
7.50935865
7.511907725
7.4976568
7.496405875
7.51405495
7.516204025
7.5247531
7.524102175
7.52475125
7.523600325
7.5427494
7.549998475
7.55224755
7.566096625
7.5781457
7.570794775
7.57454385
7.568592925
7.567542
7.556891075
7.58054015
7.574589225
7.5719383
7.569487375
7.57003645
7.551185525
7.5552346
7.527783675
7.51553275
7.525881825
7.5510309
7.551679975
7.56212905
7.579478125
7.5836272
7.567476275
7.56652535
7.557374425
7.5567235
7.573772575
7.58412165
7.579670725
7.5819198
7.594168875
7.59171795
7.598967025
7.6077161
7.586865175
7.59571425
7.585363325
7.5828124
7.571861475
7.57271055
7.571759625
7.5806087
7.569457775
7.55890685
7.559755925
7.549105
7.554754075
7.55700315
7.557952225
7.5516013
7.572050375
7.55309945
7.543948525
7.5496976
7.550246675
7.56729575
7.548344825
7.5552939
7.582442975
7.59279205
7.591841125
7.6088902
7.639139275
7.64958835
7.656437425
7.6488865
7.638435575
7.64888465
7.657633725
7.6504828
7.638231875
7.64698095
7.654230025
7.6450791
7.653928175
7.65297725
7.656726325
7.6573754
7.650124475
7.64757355
7.636922625
7.6390717
7.654120775
7.64336985
7.640918925
7.631768
7.657017075
7.66076615
7.670315225
7.6673643
7.668013375
7.69476245
7.695411525
7.7041606
7.703209675
7.69405875
7.709607825
7.6988569
7.697905975
7.69705505
7.724104125
7.7262532
7.715602275
7.73255135
7.733200425
7.7517495
7.750798575
7.75144765
7.747096725
7.7397458
7.738894875
7.72654395
7.735393025
7.7344421
7.741691175
7.76024025
7.751089325
7.7681384
7.758987475
7.74823655
7.748885625
7.7365347
7.746983775
7.73463285
7.735281925
7.735931
7.741980075
7.75042915
7.779178225
7.7797273
7.778776375
7.78412545
7.782874525
7.7755236
7.763272675
7.76232175
7.753270825
7.7819199
7.782468975
7.78821805
7.798567125
7.8156162
7.807965275
7.81371435
7.815863425
7.7985125
7.774861575
7.76421065
7.769859725
7.7767088
7.777457875
7.79480695
7.787156025
7.8026051
7.788354175
7.77770325
7.758752325
7.7562014
7.773250475
7.78209955
7.771348625
7.7672977
7.777646775
7.75869585
7.775744925
7.774794
7.785243075
7.78609215
7.775041225
7.7705903
7.777839375
7.78818845
7.777537525
7.7749866
7.775735675
7.77658475
7.747933825
7.7438829
7.742931975
7.74348105
7.747230125
7.7478792
7.746928275
7.75417735
7.746626425
7.7444755
7.764624575
7.76517365
7.774122725
7.7832718
7.792020875
7.81066995
7.799919025
7.7891681
7.792917175
7.80486625
7.794115325
7.7865644
7.766113475
7.77336255
7.772411625
7.7729607
7.780209775
7.77775885
7.796307925
7.805157
7.797506075
7.80325515
7.787404225
7.7817533
7.784002375
7.80605145
5.789300525
9.5842496
4.553378675
3.46630775
2.549526825
1.8576859
1.380014975
1.07917405
0.885683125
0.7214622
0.617941275
0.55834035
0.529399425
0.4717485
0.433357575
0.42410665
0.404965725
0.3976948
0.405013875
0.42399295
0.431252025
0.4236411
0.435970175
0.43657925
0.440328325
0.4492274
0.441936475
0.46725555
0.454804625
0.4598637
0.450702775
0.44859185
0.454290925
0.43848
0.409729075
0.40532815
0.412917225
0.3936563
0.399365375
0.42459445
0.446743525
0.4769826
0.467821675
0.49306075
0.511639825
0.5023889
0.498107975
0.49550705
0.487966125
0.4596152
0.455544275
0.44443335
0.425512425
0.4132015
0.413840575
0.42576965
0.437698725
0.4270678
0.442846875
0.46111595
0.452265025
0.4709341
0.479663175
0.48191225
0.479711325
0.4686904
0.450069475
0.43583855
0.426777625
0.4241767
0.432985775
0.43017485
0.439383925
0.430133
0.437482075
0.44465115
0.446910225
0.4607293
0.456328375
0.45061745
0.462636525
0.4420556
0.449414675
0.44171375
0.442412825
0.4464619
0.447160975
0.44447005
0.433539125
0.4407982
0.440157275
0.45031635
0.448415425
0.4651345
0.487223575
0.49439265
0.502901725
0.4956008
0.466609875
0.46604895
0.435708025
0.4051571
0.407656175
0.40170525
0.407404325
0.4145734
0.398852475
0.39631155
0.393740625
0.4026197
0.421108775
0.42964785
0.420786925
0.409766
0.390845075
0.40698415
0.384243225
0.3750823
0.379231375
0.38960045
0.412019525
0.3994186
0.409787675
0.41862675
0.419205825
0.3986649
0.386453975
0.39682305
0.404082125
0.4115512
0.411550275
0.41919935
0.429578425
0.4383275
0.419466575
0.40874565
0.414444725
0.3872538
0.382852875
0.38190195
0.372741025
0.3686801
0.357899175
0.37028825
0.359567325
0.3555064
0.365815475
0.36452455
0.375293625
0.3743427
0.374951775
0.38215085
0.381259925
0.378659
0.369198075
0.37019715
0.377456225
0.3765053
0.373934375
0.38906345
0.381462525
0.3871616
0.389720675
0.39853975
0.391328825
0.3985879
0.379606975
0.37675605
0.380905125
0.3619142
0.362193275
0.37140235
0.372001425
0.3792605
0.407919575
0.40195865
0.399447725
0.4000568
0.387695875
0.34731495
0.331594025
0.3044831
0.308542175
0.29914125
0.296930325
0.3108194
0.318078475
0.31705755
0.325536625
0.3164157
0.306004775
0.31136385
0.311972925
0.311422
0.284221075
0.30756015
0.306639225
0.3091683
0.324637375
0.32518645
0.334055525
0.3409846
0.351683675
0.33114275
0.354481825
0.3519809
0.339669975
0.31757905
0.327638125
0.3352672
0.345636275
0.34148535
0.340224425
0.3494335
0.350042575
0.34723165
0.344970725
0.3553998
0.354448875
0.34528795
0.334567025
0.3237961
0.334315175
0.32353425
0.338973325
0.3625324
0.385901475
0.37680055
0.379299625
0.3849987
0.377737775
0.34873685
0.344245925
0.331915
0.321284075
0.30077315
0.309592225
0.3070813
0.306130375
0.31649945
0.315548525
0.3130476
0.294116675
0.30131575
0.275434825
0.2619739
0.233212975
0.21905205
0.218101125
0.2253602
0.225969275
0.22501835
0.242037425
0.2445965
0.240075575
0.24034465
0.237933725
0.2423528
0.241401875
0.22906095
0.244200025
0.2580791
0.273548175
0.26593725
0.260226325
0.2605254
0.267784475
0.27815355
0.279162625
0.2797617
0.303350775
0.31341985
0.302698925
0.320118
0.312517075
0.31000615
0.309055225
0.3374943
0.312223375
0.30816245
0.308761525
0.3061706
0.295139675
0.27621875
0.275667825
0.2844769
0.262045975
0.27751505
0.279674125
0.2771032
0.284032275
0.27487135
0.277430425
0.2784295
0.277478575
0.28317765
0.283786725
0.2843858
0.272054875
0.27107395
0.278023025
0.2868421
0.279241175
0.27517025
0.290549325
0.2908484
0.282087475
0.27136655
0.250885625
0.2597947
0.252493775
0.24834285
0.238871925
0.255901
0.266670075
0.27547915
0.272888225
0.2618573
0.270676375
0.25995545
0.259004525
0.2647136
0.255462675
0.24444175
0.235280825
0.2347199
0.251748975
0.26055805
0.270937125
0.2699862
0.296865275
0.27815435
0.276893425
0.2645325
0.265231575
0.25295065
0.235589725
0.2217588
0.222357875
0.21319695
0.210696025
0.1784951
0.182634175
0.19621325
0.185802325
0.1929714
0.203030475
0.20363955
0.214808625
0.2154077
0.222576775
0.22797585
0.228574925
0.226074
0.226673075
0.23393215
0.252521225
0.2545903
0.261939375
0.28091845
0.291287525
0.2719666
0.266345675
0.26539475
0.262883825
0.2650429
0.244561975
0.26003105
0.272260125
0.2725592
0.280218275
0.28903735
0.288086425
0.2672055
0.246724575
0.22624365
0.213962725
0.1950418
0.184320875
0.19157995
0.182419025
0.1978881
0.218027175
0.22684625
0.235655325
0.2347044
0.265003475
0.26405255
0.263101625
0.2637107
0.284149775
0.29109885
0.281937925
0.271227
0.258956075
0.24668515
0.245734225
0.2447833
0.235622375
0.24443145
0.264970525
0.2558096
0.254858675
0.27852775
0.290456825
0.2878559
0.294814975
0.28565405
0.273383125
0.3001722
0.300771275
0.29671035
0.289109425
0.3061285
0.326267575
0.31555665
0.308345725
0.3253648
0.325973875
0.33323295
0.330722025
0.3149111
0.312410175
0.29347925
0.271438325
0.2673774
0.249916475
0.25375555
0.246154625
0.2549637
0.263782775
0.24836185
0.254010925
0.26093
0.271299075
0.26723815
0.258077225
0.2719863
0.282355375
0.27319445
0.273803525
0.2548826
0.249261675
0.24165075
0.229379825
0.2319389
0.249057975
0.25963705
0.256736125
0.2472752
0.246324275
0.23560335
0.225282425
0.2309815
0.233150575
0.22242965
0.229688725
0.2349978
0.217626875
0.21502595
0.202445025
0.2014941
0.202103175
0.21092225
0.209971325
0.1894804
0.178769475
0.18602855
0.193287625
0.1938867
0.192935775
0.20019485
0.210563925
0.229543
0.221942075
0.20457115
0.208720225
0.2128293
0.210238375
0.20076745
0.198256525
0.1973056
0.201454675
0.18408375
0.189792825
0.1888419
0.189440975
0.18694005
0.179329125
0.1768282
0.175877275
0.15694635
0.164205425
0.1925545
0.191543575
0.20011265
0.218991725
0.2117908
0.207729875
0.19190895
0.187848025
0.1688271
0.166016175
0.15374525
0.164114325
0.1713734
0.168872475
0.16792155
0.178290625
0.1788897
0.176388775
0.18364785
0.177596925
0.191506
0.208535075
0.21069415
0.185113225
0.1794923
0.190171375
0.18696045
0.176249525
0.1952186
0.182647675
0.19527675
0.176255825
0.1539149
0.143193975
0.13403305
0.131532125
0.1387912
0.147600275
0.13843935
0.135838425
0.1248175
0.122316575
0.11470565
0.112204725
0.1194638
0.118512875
0.11951195
0.118561025
0.0898701
0.105339175
0.10438825
0.111647325
0.1036464
0.101225475
0.11034455
0.101193625
0.0967327
0.117261775
0.10810085
0.116919925
0.107759
0.118528075
0.11757715
0.134596225
0.1335553
0.135414375
0.14462345
0.142112525
0.1427216
0.127240675
0.11932975
0.125038825
0.1123679
0.114926975
0.08778605
0.077075125
0.1011442
0.103313275
0.11057235
0.120941425
0.1446105
0.156539575
0.15705865
0.172217725
0.1630568
0.175475875
0.16341495
0.152304025
0.1494931
0.148632175
0.14789125
0.128660325
0.1343594
0.133408475
0.13566755
0.133376625
0.1403257
0.149534775
0.14193385
0.129662925
0.138472
0.129311075
0.14634015
0.156709225
0.1557583
0.156667375
0.15074645
0.152905525
0.1503946
0.151003675
0.14029275
0.139341825
0.1301809
0.115949975
0.14508905
0.124118125
0.1095872
0.150146275
0.17067535
0.181264425
0.1815635
0.170842575
0.18796165
0.198630725
0.1877398
0.166638875
0.16922795
0.171487025
0.1739561
0.153075175
0.16033425
0.174613325
0.1407924
0.128091475
0.12723055
0.126279625
0.1057987
0.095077775
0.12186685
0.132245925
0.131295
0.136994075
0.14581315
0.135092225
0.1259313
0.123420375
0.11581945
0.123078525
0.1236876
0.119616675
0.12843575
0.129044825
0.1296439
0.117372975
0.12774205
0.126791125
0.1340502
0.124889275
0.14191835
0.121437425
0.1204865
0.119535575
0.12679465
0.135603725
0.1362128
0.125491875
0.11127095
0.129850025
0.1421691
0.131458175
0.12854725
0.131106325
0.1121854
0.090144475
0.08763355
0.096452625
0.0872917
0.083230775
0.10180985
0.100858925
0.099508
0.082137075
0.06831615
0.041175225
0.0371143
0.027953375
0.03521245
0.036211525
0.0464906
0.051979675
0.07086875
0.081237825
0.0900569
0.080895975
0.06041505
0.066114125
0.0784332
0.077482275
0.09606135
0.075490425
0.0824495
0.094368575
0.09381765
0.092866725
0.1001258
0.110494875
0.10799395
0.105483025
0.0963221
0.087161175
0.06668025
0.064169325
0.0632184
0.062267475
0.05155655
0.050605625
0.0578647
0.060023775
0.05907285
0.056471925
0.065071
0.083960075
0.11074915
0.112908225
0.1299373
0.138746375
0.14130545
0.111004525
0.1097136
0.097442675
0.09804175
0.095540825
0.0945899
0.083778975
0.08926805
0.090087125
0.0954862
0.084765275
0.08390435
0.086373425
0.1116125
0.104001575
0.11126065
0.131399725
0.1402188
0.165447875
0.15784695
0.156896025
0.1543851
0.146784175
0.12630325
0.114022325
0.1064214
0.102360475
0.11116955
0.092158625
0.0975577
0.104806775
0.09565585
0.084934925
0.093754
0.101003075
0.12114215
0.130051225
0.1211003
0.130009375
0.13061845
0.129667525
0.1384766
0.137525675
0.14478475
0.135623825
0.1315629
0.132171975
0.11324105
0.110740125
0.1113392
0.117038275
0.13562735
0.137786425
0.1352755
0.147604575
0.13688365
0.134382725
0.1170118
0.112940875
0.10692995
0.109089025
0.0901681
0.086097175
0.07693625
0.066225325
0.0668244
0.056113475
0.04375255
0.032721625
0.0220107
0.029269775
0.02166885
0.029317925
0.028367
0.045396075
0.04599515
0.054814225
0.0523033
0.033382375
0.03087145
0.029520525
0.0465496
0.050658675
0.04970775
0.058526825
0.0591359
0.045304975
0.01816405
0.014103125
0.0131522
0.021971275
0.03078035
0.039599425
0.0484085
0.049017575
0.02853665
0.026025725
0.0235248
0.015913875
0.02162295
0.020672025
0.0243911
0.032040175
0.02281925
0.037948325
0.0483274
0.048926475
0.04642555
0.053684625
0.0445237
0.040452775
0.03129185
0.001050925
-0.00811
-0.000850925
-0.00180185
0.007007225
0.0290963
0.026595375
0.02564445
0.032903525
0.0217826
0.002861675
0.00701075
0.028699825
0.0277489