-0.230835
-1.98E-01
-2.00E-01
-0.165222
-0.121094
-0.127686
-0.0999756
-0.106689
-1.05E-01
-0.107849
-0.108154
-0.0917358
-0.0784912
-0.0866699
-9.66E-02
-0.0933838
-0.121094
-0.127625
-1.19E-01
-1.18E-01
-0.101868
-0.0965576
-0.0953369
-0.124146
-0.12262
-1.14E-01
-1.10E-01
-0.108154
-1.00E-01
-8.51E-02
-8.68E-02
-7.88E-02
-7.03E-02
-0.0609131
-0.0592651
-5.08E-02
-4.93E-02
-5.94E-02
-6.72E-02
-6.25E-02
-6.25E-02
-0.0343628
-3.60E-02
-2.30E-02
-1.99E-02
-0.0162964
-0.0180664
-1.83E-02
-0.0394897
-2.81E-02
-1.99E-02
-1.96E-02
-2.84E-02
-3.59E-02
-3.75E-02
-0.0494995
-0.0488892
-4.28E-02
-2.93E-02
-2.02E-02
-8.24E-03
1.10E-02
1.25E-02
2.26E-02
5.98E-03
1.33E-02
2.10E-02
3.10E-02
2.11E-02
2.07E-02
1.92E-02
7.93E-03
-4.55E-13
-1.17E-02
8.24E-03
-1.01E-02
-0.0214844
0.821533
0.0903931
-0.156128
-0.184021
-0.614441
1.19751
-2.16528
-0.423157
-0.140503
0.179626
0.339355
0.401489
0.385193
0.408569
0.449219
0.471924
0.481689
0.475342
0.475037
0.46051
0.483215
0.507813
5.10E-01
0.54895
0.568298
0.599243
0.59613
0.603882
0.574951
0.60083
0.632141
0.643799
0.665161
0.684387
0.703857
0.734741
0.770813
0.802307
0.803589
0.823486
0.869141
0.84613
0.841431
0.860962
0.892212
0.884033
0.888672
0.892212
8.98E-01
9.11E-01
0.905029
0.922974
0.925781
0.90625
0.921509
0.947266
0.97699
0.986328
1.01917
1.03552
1.04224
1.06995
1.09143
1.091
1.09961
1.11096
1.12073
1.14856
1.16992
1.20117
1.21088
1.2121
1.20081
1.21375
1.21216
1.22229
1.24E+00
1.25159
1.26764
1.26288
1.26917
1.29883
1.31372
1.32971
1.33984
1.33948
1.3512
1.36719
1.39032
1.40186
1.42114
1.46875
1.47186
1.47186
1.47546
1.47192
1.46564
1.45264
1.47852
1.49139
1.51917
1.52264
1.53241
1.53906
1.5603
1.57697
1.61292
1.62238
1.62262
1.64178
1.63556
1.64996
1.66296
1.67963
1.70746
1.70233
1.72668
1.74182
1.74146
1.76288
1.77106
1.77429
1.78235
1.79889
1.81018
1.83948
1.84143
1.8512
1.85901
1.87073
1.87891
1.92468
1.93408
1.9574
1.98175
1.9917
2.00128
1.98553
1.98828
1.99304
1.99182
1.99811
2.01605
2.04077
2.05902
2.0965
2.10083
2.10278
2.1109
2.10437
2.11255
2.12262
2.14032
2.16797
2.18951
2.21875
2.2403
2.23987
2.24304
2.25159
2.25159
2.26794
2.29065
2.30042
2.32813
2.32501
2.33942
2.34937
2.35272
2.3512
2.37061
2.37042
2.38556
2.41986
2.44263
2.46716
2.46997
2.48041
2.48987
2.50122
2.50146
2.4931
2.48199
2.48987
2.49811
2.52777
2.55859
2.57806
2.58606
2.59137
2.59106
2.59143
2.58167
2.62579
2.62036
2.6355
2.63208
2.65161
2.6355
2.64191
2.67804
2.68762
2.69928
2.72034
2.74805
2.76294
2.77112
2.75317
2.74799
2.75909
2.77112
2.78247
2.78088
2.79407
2.81335
2.82849
2.84106
2.86133
2.8808
2.88171
2.9082
2.90656
2.91144
2.92151
2.93127
2.95746
2.97034
2.9903
2.99963
3.00122
2.99963
2.99341
2.99341
3.00146
3.01105
3.02271
3.021
3.03217
3.03906
3.05035
3.06018
3.07147
3.08948
3.13049
3.14026
3.1582
3.19073
3.18121
3.17932
3.17108
3.18286
3.18286
3.19922
3.21875
3.23987
3.24146
3.27112
3.30042
3.32153
3.33789
3.34302
3.35931
3.34424
3.33167
3.32343
3.33002
3.33948
3.32813
3.33124
3.33954
3.34961
3.35938
3.37732
3.39038
3.42657
3.43781
3.45868
3.48669
3.49963
3.53088
3.54065
3.55859
3.57971
3.59766
3.61066
3.61755
3.63049
3.61566
3.60266
3.59418
3.604
3.62427
3.64368
3.67773
3.67932
3.69263
3.7207
3.73865
3.76135
3.77271
3.77301
3.77112
3.7793
3.80048
3.8172
3.86603
4.85345
3.15753
3.99414
3.76611
3.60577
3.6001
3.61304
3.59973
3.59619
3.6095
3.59644
3.62396
3.61755
3.63049
3.62042
3.62579
3.64502
3.66693
3.68628
3.68445
3.67816
3.68634
3.69574
3.70557
3.73358
3.75793
3.7301
3.71722
3.70239
3.70435
3.72546
3.73022
3.75787
3.73987
3.73193
3.72351
3.72858
3.71912
3.73328
3.74811
3.74146
3.73865
3.7204
3.7074
3.69891
3.70746
3.73523
3.74969
3.76135
3.76794
3.78754
3.78088
3.78748
3.79065
3.78717
3.80072
3.79028
3.7973
3.7973
3.80048
3.78589
3.78094
3.76135
3.74847
3.72192
3.73047
3.74805
3.77588
3.79102
3.81842
3.81879
3.79065
3.79578
3.79071
3.77777
3.77612
3.75745
3.75952
3.74646
3.72705
3.73047
3.77618
3.80707
3.83984
3.8512
3.84766
3.84766
3.84106
3.8313
3.81677
4.34113
2.49652
3.20081
3.65039
3.8606
4.00977
4.09302
4.14026
4.17969
4.18091
4.14691
4.14185
4.16992
4.19769
4.23364
4.26611
4.26135
4.28748
4.30859
4.3363
4.38843
4.40356
4.41992
4.41956
4.38367
4.38208
4.39374
4.39374
4.40161
4.41333
4.46094
4.48364
4.48358
4.48987
4.50476
4.50348
4.54077
4.55231
4.57031
4.57501
4.59296
4.61444
4.63525
4.66992
4.71375
4.72375
4.75934
4.7821
4.77264
4.78876
4.81049
4.8313
4.84961
4.86572
4.89368
4.90155
4.94073
4.96057
4.96252
4.98206
4.9801
4.98987
5.01135
4.99487
5.00281
5.0343
5.05194
5.07349
5.08636
5.10278
5.13708
5.14813
5.16174
5.18945
5.19922
5.19415
5.22064
5.24927
5.2547
5.27765
5.29541
5.30231
5.30353
5.32971
5.33948
5.37891
5.42615
5.45081
5.4801
5.47693
5.48364
5.48315
5.48169
5.49963
5.52893
5.55353
5.58948
5.60272
5.61255
5.63556
5.65674
5.66791
5.68097
5.67145
5.69263
5.70398
5.72034
5.73206
5.75323
5.77966
5.80865
5.82977
5.84137
5.86066
5.89063
5.88519
5.8938
5.89886
5.90198
5.9184
5.92114
5.95551
5.98322
5.99146
6.02063
6.04187
6.06836
6.0531
6.06342
6.08826
6.10089
6.10107
6.15826
6.17932
6.20862
6.22198
6.23047
6.24835
6.25128
6.28088
6.30078
6.32312
6.33008
6.35242
6.36127
6.37073
6.39191
6.39014
6.40002
6.38208
6.39844
6.43127
6.45245
6.49841
6.54065
6.56494
6.58002
6.58948
6.5993
6.62103
6.63049
6.63049
6.65979
6.68127
6.69415
6.70081
6.73364
6.75476
6.77271
6.78082
6.77893
6.79846
6.80988
6.81836
6.83667
6.85907
6.88049
6.89838
6.91296
6.93286
6.96716
6.98822
7.01105
7.02271
7.04883
7.06018
7.06329
7.0719
7.08002
7.10089
7.12384
7.11243
7.14026
7.16138
7.19104
7.21216
7.24023
7.26288
7.28088
7.28088
7.29218
7.28241
7.32495
7.34113
7.34302
7.36255
7.37067
7.39191
7.3855
7.40002
7.40167
7.40198
7.42816
7.4574
7.4668
7.4978
7.51135
7.53088
7.55237
7.54407
7.55194
7.56494
7.58008
7.59796
7.58948
7.60754
7.62891
7.6488
7.67151
7.69104
7.72034
7.73163
7.74182
7.76959
7.77112
7.78088
7.78906
7.82825
7.84961
7.87891
7.89221
7.92651
7.94067
7.94104
7.96057
7.95898
7.98987
7.99133
8.0094
8.01251
8.02429
8.01642
8.02612
8.04218
8.05353
8.05188
8.05548
8.08008
8.1012
8.10938
8.12891
8.15161
8.17938
8.19104
8.19922
8.20898
8.20892
8.21838
8.20044
8.20703
8.19885
8.21851
8.21875
8.23676
8.27429
8.29846
8.33948
8.37036
8.39185
8.41327
8.4425
8.47974
8.4801
8.50781
8.53088
8.54065
8.55042
8.56372
8.5719
8.59143
8.59961
8.62073
8.65039
8.66333
8.67999
8.68286
8.67303
8.68939
8.67078
8.68085
8.69928
9.5907
8.14014
8.84625
8.67401
8.58942
8.60284
8.60626
8.59302
8.58447
8.55859
8.55707
8.53754
8.53247
8.54926
8.56683
8.57507
8.59619
8.60938
8.60938
8.58948
8.57813
8.57147
8.56177
8.54889
8.54065
8.53601
8.54425
8.54883
8.54224
8.54572
8.54065
8.57819
8.59656
8.60791
8.61127
8.60083
8.6012
8.59143
8.591
8.59766
8.61926
8.6355
8.6582
8.6712
8.66162
8.67279
8.65344
8.64178
8.64026
8.63202
8.61914
8.6286
8.62891
8.64545
8.64063
8.65826
8.66016
8.67151
8.68921
8.68988
8.70905
8.71722
8.72192
8.72034
8.69568
8.69135
8.69226
8.69611
8.67816
8.67615
8.68604
8.67651
8.68567
8.70081
8.69104
8.68286
8.66956
8.66644
8.6192
8.62231
8.6286
8.63879
8.68164
8.74023
8.74341
8.75983
8.7793
8.79102
8.81018
8.91486
9.36829
7.31195
8.16724
8.58936
8.83929
8.92731
8.99146
9.07654
9.13666
9.16138
9.18433
9.22699
9.2821
9.31049
9.34924
9.37891
9.39813
9.42151
9.45734
9.48792
9.49463
9.52264
9.53412
9.5636
9.56335
9.59802
9.61377
9.64209
9.65472
9.68439
9.70227
9.71332
9.73358
9.77271
9.79376
9.80194
9.82782
9.85461
9.90161
9.91986
9.96875
9.98486
10.0112
10.0325
10.0735
10.0769
10.0831
10.1301
10.173
10.2219
10.2629
10.3118
10.3413
10.3462
10.3464
10.3331
10.3427
10.3492
10.4052
10.4457
10.4767
10.5015
10.5208
10.5273
10.5227
10.5323
10.5681
10.5995
10.6321
10.6534
10.6942
10.7137
10.7418
10.7629
10.7891
10.8086
10.8496
10.8806
10.9199
10.9587
10.9739
11.0097
11.0125
11.0325
11.0438
11.0538
11.0731
11.1011
11.1028
11.1289
11.1403
11.1601
11.1911
11.2124
11.2399
11.263
11.2941
11.3301
11.3512
11.3887
11.3918
11.4117
11.4246
11.4442
11.4641
11.4915
11.5247
11.559
11.5814
11.5718
11.5699
11.5829
11.5898
11.5813
11.611
11.6308
11.6696
11.7074
11.7286
11.7711
11.8086
11.8512
11.8887
11.9098
11.9508
11.9702
11.9895
11.9995
12.0341
12.0524
12.0784
12.1188
12.1586
12.1895
12.209
12.2415
12.2515
12.2727
12.2841
12.3036
12.3234
12.3395
12.3525
12.3788
12.4036
12.4016
12.4114
12.4196
12.4492
12.4426
12.4524
12.4671
12.4993
12.5293
12.5521
12.5784
12.5895
12.6028
12.6321
12.6418
12.6614
12.6813
12.7206
12.7399
12.7695
12.8008
12.8137
12.8399
12.8512
12.8625
12.8707
12.8922
12.9102
12.9313
12.9606
12.9605
12.9716
12.9816
13.0031
13.0324
13.0586
13.0814
13.1078
13.1175
13.14
13.1469
13.1598
13.1875
13.2024
13.2317
13.2317
13.2578
13.279
13.3203
13.3332
13.3512
13.3691
13.3723
13.382
13.3903
13.4067
13.42
13.4313
13.4672
13.4899
13.5114
13.5375
13.5763
13.6074
13.6324
13.652
13.6798
13.6945
13.6859
13.6812
13.6926
13.6926
13.7039
13.7285
13.748
13.7609
13.7871
13.8165
13.8281
13.8297
13.8331
13.8297
13.8461
13.8622
13.8727
13.8906
13.918
13.9505
13.9656
13.9804
14.0094
14.0192
14.0305
14.0568
14.0617
14.0637
14.0836
14.0933
14.0911
14.0945
14.1243
14.1438
14.1617
14.2008
14.2187
14.2563
14.2791
14.2953
14.3184
14.3234
14.3416
14.3727
14.3808
14.4016
14.4051
14.4117
14.441
14.4606
14.4606
14.4703
14.5079
14.5344
14.5425
14.5504
14.5699
14.593
14.6289
14.6438
14.6602
14.673
14.7023
14.7206
14.7301
14.7595
14.8004
14.8184
14.8496
14.861
14.8707
14.861
14.8691
14.8691
14.8672
14.8785
14.8903
14.9181
14.9297
14.9688
14.9899
15.0226
15.023
15.0161
15.041
15.0324
15.0488
15.0062
15.8812
14.5683
15.1554
15.0928
15.0074
14.9965
15.0099
15.0048
15.0067
14.9868
14.9872
15.0067
14.9802
14.9952
14.9899
14.9868
15.0063
14.9899
14.9949
14.9966
15.0278
15.0641
15.052
15.0278
15.0211
15.0063
14.9883
14.9602
14.9703
14.9719
14.9751
14.977
14.957
14.959
14.9688
14.9603
14.941
14.9296
14.9212
14.9101
14.9033
14.9016
14.9003
14.8918
14.8724
14.8711
14.8785
14.9001
14.8906
14.9278
14.9528
14.959
14.941
14.9395
14.941
14.9278
14.9396
14.9476
14.9606
14.9767
14.9871
14.9911
14.9821
14.9882
14.9931
14.9949
15.0133
14.9999
15.0079
14.9962
15.0016
15.0278
15.039
15.0403
15.0406
15.0442
15.0309
15.0001
14.9754
14.941
14.9309
14.959
15.016
15.0634
15.0618
15.0453
15.0567
15.0781
15.0883
15.0945
15.5027
13.5534
14.4276
14.9147
15.1316
15.2593
15.323
15.3883
15.4376
15.5082
15.5453
15.5978
15.6422
15.6599
15.691
15.7007
15.7219
15.7235
15.7532
15.784
15.8038
15.8395
15.8802
15.9038
15.9329
15.9512
15.9637
15.9984
16.0325
16.0551
16.0751
16.1206
16.145
16.1367
16.1715
16.1976
16.2316
16.2664
16.3068
16.3528
16.3809
16.4211
16.4426
16.4543
16.4739
16.4836
16.5231
16.5328
16.5504
16.5633
16.593
16.6043
16.6223
16.6335
16.6418
16.6813
16.6926
16.7219
16.7532
16.7809
16.8039
16.8414
16.8805
16.9102
16.9036
16.9215
16.941
16.9528
16.9507
16.9798
17
17.0388
17.0684
17.0809
17.1371
17.1598
17.1813
17.2024
17.2402
17.2695
17.3016
17.3137
17.3247
17.3531
17.382
17.3918
17.402
17.4297
17.4621
17.4739
17.4835
17.4914
17.5048
17.5211
17.5403
17.5656
17.5896
17.6011
17.6208
17.6422
17.6548
17.6602
17.6824
17.7008
17.7235
17.7415
17.7434
17.7499
17.7513
17.7695
17.7531
17.763
17.7793
17.7953
17.8235
17.8348
17.8871
17.9212
17.941
17.9409
17.9684
17.9821
17.9754
17.9902
17.9993
18.0411
18.0422
18.052
18.0765
18.0711
18.0947
18.121
18.1387
18.1418
18.1532
18.1699
18.198
18.1844
18.204
18.2106
18.2219
18.2239
18.2336
18.2499
18.2529
18.2828
18.291
18.2903
18.3168
18.3183
18.338
18.3414
18.3594
18.384
18.3903
18.3918
18.418
18.4293
18.4492
18.4524
18.4802
18.4922
18.5032
18.5129
18.5243
18.5492
18.57
18.5786
18.5814
18.5867
18.5684
18.5633
18.5715
18.5797
18.6012
18.6305
18.6516
18.6583
18.6875
18.6711
18.6761
18.681
18.6894
18.6829
18.6943
18.7109
18.7418
18.7415
18.7578
18.7676
18.7872
18.7988
18.8086
18.8184
18.8317
18.8333
18.8414
18.8593
18.8704
18.8906
18.9133
18.9215
18.8953
18.9
18.9098
18.9212
18.9578
18.9723
19.0082
19.0114
19.0114
19.0031
19.0097
19.0208
19.0211
19.0406
19.0539
19.0785
19.0809
19.0617
19.0617
19.0719
19.0605
19.0422
19.0536
19.059
19.0699
19.0797
19.0931
19.1015
19.1012
19.1224
19.1227
19.1422
19.1601
19.1813
19.1844
19.1829
19.1828
19.1699
19.1512
19.15
19.15
19.168
19.1778
19.1957
19.2285
19.2266
19.2677
19.2594
19.2594
19.2629
19.2648
19.2516
19.2597
19.2891
19.2986
19.3086
19.3265
19.3379
19.3524
19.3809
19.3921
19.4133
19.4329
19.4344
19.4508
19.4606
19.4703
19.4622
19.4785
19.5016
19.4917
19.5063
19.5273
19.5485
19.5422
19.5488
19.5488
19.5422
19.5324
19.5391
19.5422
19.5684
19.5699
19.5598
19.55
19.5504
19.5602
19.5684
19.5602
19.5898
19.5751
19.5735
19.5817
19.58
19.609
19.5942
19.5992
19.6122
19.557
20.2004
19.1478
19.6723
19.6464
19.5786
19.5047
19.4739
19.4739
19.4805
19.4918
19.5045
19.5067
19.4985
19.4805
19.4785
19.4625
19.4998
19.4982
19.4969
19.4688
19.4817
19.4789
19.4703
19.472
19.4965
19.4966
19.5082
19.5231
19.5328
19.5192
19.4734
19.4574
19.4375
19.4376
19.4313
19.4277
19.4297
19.4575
19.4571
19.4692
19.4656
19.4689
19.4477
19.4214
19.4294
19.4199
19.4017
19.3984
19.4164
19.4199
19.4211
19.4313
19.4554
19.4523
19.4606
19.4575
19.4543
19.4572
19.4672
19.4684
19.4691
19.4915
19.5098
19.5113
19.5126
19.4933
19.4738
19.4786
19.4684
19.4427
19.4542
19.4622
19.4512
19.4476
19.4572
19.477
19.5164
19.5731
19.6403
21.0378
22.0084
21.138
19.8044
19.5657
19.5679
19.5122
19.4566
18.448
16.0327
16.53
19.6208
20.0073
19.7399
19.6464
19.6144
19.6142
19.639
19.6285
20.1295
17.6505
19.2688
19.1241
19.4405
19.6285
19.6957
19.7136
19.7726
19.8216
19.8481
19.8625
19.861
19.8477
19.8841
19.8824
19.8954
19.8969
19.8906
19.9132
19.9099
19.8954
19.9167
19.9391
19.9574
19.9622
19.9706
19.9524
19.9688
19.9785
19.9915
19.9867
20.0192
20.0211
20.0291
20.0425
20.0274
20.0145
20.0211
20.0223
20.0243
20.0226
20.0211
20.0341
20.0668
20.0977
20.093
20.1028
20.0831
20.0712
20.08
20.0536
20.0519
20.0571
20.0715
20.0523
20.0603
20.0769
20.0876
20.1028
20.1191
20.1238
20.1144
20.1207
20.1204
20.1289
20.1321
20.1583
20.1652
20.1891
20.1844
20.1746
20.1699
20.1727
20.178
20.2072
20.2219
20.2336
20.2332
20.2418
20.2512
20.2614
20.2743
20.2821
20.291
20.289
20.2919
20.2926
20.309
20.3017
20.3187
20.3134
20.2843
20.2625
20.2496
20.2516
20.2594
20.2758
20.2906
20.3035
20.3038
20.2954
20.2925
20.3134
20.3285
20.3493
20.3613
20.3495
20.3509
20.3414
20.3317
20.3317
20.3105
20.3118
20.33
20.3314
20.3414
20.366
20.3802
20.3707
20.3871
20.3723
20.3395
20.3513
20.3546
20.3413
20.3442
20.3614
20.3988
20.4016
20.3915
20.402
20.4003
20.4032
20.3922
20.3903
20.3723
20.3805
20.3723
20.3824
20.3903
20.3821
20.418
20.4052
20.3906
20.4019
20.4012
20.3918
20.3823
20.3919
20.4183
20.4196
20.4197
20.4282
20.4394
20.4505
20.4492
20.441
20.4574
20.4622
20.4684
20.4526
20.4606
20.4606
20.4719
20.4887
20.5197
20.5293
20.539
20.5403
20.5391
20.5226
20.5015
20.5094
20.5126
20.5214
20.5145
20.5211
20.5325
20.5031
20.5176
20.5129
20.5195
20.5242
20.5211
20.5094
20.5195
20.5195
20.5322
20.5211
20.5375
20.5438
20.5359
20.5426
20.5507
20.5617
20.5716
20.5719
20.5687
20.5602
20.5634
20.5524
20.5343
20.5141
20.5309
20.5605
20.5602
20.5633
20.5699
20.5765
20.5845
20.5817
20.5817
20.5981
20.6207
20.6309
20.6305
20.6305
20.632
20.6093
20.6091
20.5981
20.611
20.6008
20.6074
20.6306
20.6488
20.6516
20.6859
20.6907
20.6859
20.6878
20.6844
20.691
20.6633
20.6617
20.6696
20.6696
20.6711
20.6809
20.6946
20.7012
20.7023
20.6992
20.6891
20.707
20.6923
20.6829
20.691
20.7008
20.7007
20.6808
20.6895
20.691
20.6813
20.6829
20.693
20.7192
20.7305
20.7289
20.7399
20.7395
20.7383
20.7137
20.7188
20.7203
20.7008
20.691
20.6813
20.6895
20.6731
20.6731
20.6813
20.7075
20.7106
20.7203
20.7106
20.7187
20.7301
20.7137
20.7122
20.7223
20.7321
20.7336
20.7239
20.7304
20.7203
20.7203
20.7188
20.7269
20.7203
20.7302
20.7465
20.7285
20.7399
20.7219
20.7285
20.7219
20.7122
20.7109
20.7285
21.4855
20.0874
20.7377
20.6542
20.6008
20.6095
20.6306
20.6273
20.6208
20.6125
20.5962
20.5864
20.588
20.5867
20.5864
20.5948
20.5978
20.5945
20.5782
20.575
20.5895
20.5719
20.5751
20.5731
20.5507
20.5586
20.5406
20.5406
20.552
20.541
20.5469
20.5402
20.5309
20.5391
20.5408
20.5328
20.5328
20.5493
20.5309
20.5375
20.5294
20.5379
20.5395
20.577
20.5813
20.58
20.5797
20.5813
20.5618
20.5047
20.4918
20.5
20.5
20.5016
20.5278
20.549
20.5488
20.5472
20.5489
20.5293
20.5293
20.5391
20.5504
20.5406
20.5289
20.5469
20.5488
20.5309
20.5293
20.5227
20.5289
20.5208
20.5208
20.5227
20.5309
20.5195
20.5195
20.5391
20.5488
20.549
20.5406
20.5391
20.5587
20.5605
20.5617
20.5535
20.5699
20.5879
20.5699
20.5614
20.5684
20.5504
20.5605
20.5703
20.5703
20.5731
20.5859
20.5958
20.5961
20.5977
20.5879
20.5879
20.5977
20.5992
20.5911
20.5977
20.6125
20.6125
20.6309
20.6227
20.6289
20.6403
20.6207
20.6207
20.611
20.6011
20.6008
20.593
20.6207
20.5961
20.5833
20.582
20.5734
20.5719
20.5699
20.5781
20.5879
20.6074
20.5992
20.593
20.593
20.591
20.5731
20.5817
20.5848
20.5898
20.593
20.5898
20.5992
20.611
20.6306
20.6305
20.6403
20.6503
20.6598
20.6434
20.6533
20.6339
20.65
20.6516
20.632
20.6141
20.5927
20.598
20.5911
20.5715
20.5701
20.5918
20.603
20.5828
20.593
20.593
20.6109
20.609
20.6024
20.6047
20.6031
20.6031
20.6078
20.593
20.5816
20.5797
20.5812
20.5699
20.5535
20.5504
20.5422
20.5406
20.5422
20.5602
20.5863
20.6074
20.5895
20.5879
20.6044
20.6271
20.6208
20.6227
20.6309
20.6227
20.6145
20.585
20.5715
20.5715
20.5618
20.5781
20.5715
20.5781
20.5633
20.5716
20.5657
20.5641
20.5703
20.5621
20.5605
20.5605
20.5508
20.5508
20.5305
20.5289
20.5321
20.5309
20.559
20.5602
20.5602
20.5602
20.5716
20.554
20.5524
20.5488
20.5605
20.5504
20.5422
20.5587
20.552
20.5504
20.539
20.5371
20.5406
20.5192
20.5273
20.5012
20.5012
20.511
20.5012
20.5012
20.4996
20.4895
20.5078
20.5094
20.511
20.5078
20.5375
20.5145
20.5294
20.5277
20.5309
20.5407
20.5247
20.5211
20.5114
20.5278
20.5309
20.5375
20.557
20.5586
20.5602
20.5637
20.5422
20.5325
20.5128
20.5012
20.4734
20.4818
20.4739
20.4821
20.4918
20.5035
20.5313
20.5231
20.5132
20.5114
20.5114
20.5082
20.5195
20.5293
20.5391
20.5309
20.5129
20.5078
20.4915
20.4883
20.4899
20.498
20.5078
20.5273
20.5309
20.5309
20.5391
20.5505
20.5328
20.5325
20.5211
20.5129
20.5129
20.5094
20.5192
20.493
20.5016
20.5211
20.5129
20.5129
20.5293
20.5375
20.5504
20.5504
20.5587
20.5668
20.5536
20.5504
20.5504
20.5504
20.552
20.5242
20.5309
20.5309
20.5406
20.5406
20.5309
20.529
20.5309
20.5094
20.4898
20.47
20.4602
20.47
20.4703
20.4899
20.4918
20.5
20.5
20.5114
20.5078
20.4898
20.4879
20.4766
20.4684
20.4586
20.4572
20.4508
20.4492
20.4524
20.4508
20.4277
20.4457
20.4309
20.4313
20.4313
20.4395
20.4234
20.4492
20.4395
20.4493
20.4594
20.4707
20.4723
20.4836
20.4723
20.4722
20.4605
20.4586
20.4602
20.4688
20.4719
20.4836
20.4821
20.482
20.4719
20.4622
20.454
20.4524
20.4426
20.4426
20.4395
20.4329
20.4754
20.4719
20.4719
20.4652
20.4734
20.4722
20.4637
20.4426
20.459
20.457
20.4504
20.4391
20.4211
20.4114
20.4098
20.3903
20.3903
20.4051
20.3984
20.4165
20.4446
20.4313
20.4297
20.4297
20.4492
20.4247
20.4313
20.441
20.459
20.4769
20.4899
20.5012
20.493
20.4801
20.4801
20.4622
20.4606
20.459
20.4704
20.4723
20.464
20.4508
20.4391
20.4211
20.4016
20.4016
20.3903
20.3856
20.3906
20.4102
20.4183
20.4102
20.4199
20.4215
20.4313
20.4247
20.4313
20.4329
20.441
20.4508
20.4606
20.4492
20.441
20.441
20.4426
20.4231
20.4231
20.4133
20.4035
20.4
20.3837
20.3809
20.3613
20.361
20.3512
20.361
20.3708
20.3645
20.3711
20.3906
20.402
20.3824
20.3743
20.3727
20.371
20.3672
20.3785
20.3984
20.4099
20.3984
20.3918
20.3723
20.361
20.3707
20.3645
20.3531
20.3367
20.3348
20.3153
20.3203
20.3203
20.3411
20.3509
20.361
20.3707
20.402
20.3922
20.3805
20.3789
20.3903
20.3918
20.3867
20.3981
20.4016
20.4
20.3918
20.3821
20.3707
20.3707
20.3821
20.384
20.3824
20.3824
20.4004
20.4102
20.402
20.402
20.4117
20.4117
20.3984
20.3899
20.3918
20.3622
20.3395
20.3477
20.3492
20.3395
20.3493
20.3578
20.3676
20.3676
20.3691
20.3887
20.3969
20.3887
20.3984
20.4
20.418
20.3918
20.3821
20.3726
20.3723
20.3544
20.361
20.3625
20.3789
20.3789
20.3789
20.3887
20.3723
20.3512
20.3348
20.3297
20.3297
20.3297
20.3333
20.3578
20.3707
20.3723
20.3887
20.42
20.4199
20.4332
20.4332
20.4379
20.4528
20.4543
20.4329
20.4215
20.4379
20.4117
20.4036
20.3824
20.3824
20.3723
20.3641
20.3625
20.3544
20.3528
20.3594
20.361
20.3594
20.3707
20.3528
20.3512
20.361
20.3411
20.3512
20.361
20.3512
20.3414
20.3199
20.3134
20.3086
20.3102
20.3134
20.3102
20.3199
20.3199
20.3215
20.3461
20.3492
20.3691
20.361
20.3512
20.361
20.3477
20.3528
20.361
20.3547
20.3629
20.3711
20.348
20.3531
20.3515
20.343
20.3594
20.3723
20.3707
20.3871
20.4
20.3887
20.3836
20.3707
20.3871
20.3805
20.3887
20.4098
20.4196
20.4117
20.4114
20.4149
20.4215
20.4052
20.3922
20.384
20.402
20.402
20.3856
20.3922
20.3954
20.3891
20.3808
20.3969
20.3981
20.4082
20.3903
20.3707
20.3625
20.3414
20.3297
20.3181
20.3415
20.3414
20.3496
20.3512
20.3691
20.3824
20.3789
20.3824
20.3906
20.4004
20.4183
20.4117
20.4199
20.4215
20.4215
20.4036
20.402
20.4133
20.3938
20.3922
20.4004
20.402
20.3903
20.3969
20.3984
20.4099
20.4199
20.4231
20.4296
20.4293
20.413
20.4016
20.4215
20.4313
20.423
20.4129
20.4211
20.413
20.3837
20.3723
20.3707
20.3824
20.3824
20.3906
20.402
20.4215
20.4297
20.4492
20.4426
20.4508
20.4606
20.4507
20.4309
20.4129
20.4098
20.4031
20.4016
20.4036
20.3856
20.3938
20.4117
20.4034
20.3837
20.3903
20.4098
20.4196
20.4196
20.4082
20.4181
20.402
20.3922
20.3704
20.3852
20.4098
20.418
20.416
20.4376
20.4196
20.4133
20.4183
20.4395
20.4492
20.459
20.4606
20.4707
20.4609
20.4606
20.4504
20.452
20.4324
20.4196
20.4391
20.4473
20.4668
20.4703
20.4965
20.5012
20.4899
20.4899
20.4622
20.4508
20.4426
20.4196
20.4293
20.441
20.4344
20.441
20.4329
20.4426
20.4246
20.4309
20.4489
20.4602
20.4703
20.4821
20.4902
20.4801
20.4703
20.4622
20.4606
20.4785
20.4915
20.5094
20.5094
20.5192
20.5129
20.5016
20.4918
20.4918
20.4836
20.4688
20.4637
20.4605
20.4489
20.4622
20.4508
20.4508
20.431
20.4117
20.4
20.4
20.4
20.4114
20.4196
20.4211
20.4293
20.4211
20.4196
20.4293
20.4309
20.4473
20.4309
20.4492
20.4524
20.4703
20.4801
20.4719
20.4883
20.4899
20.4996
20.4996
20.4996
20.4996
20.5278
20.5504
20.5684
20.5699
20.5699
20.5833
20.5715
20.5684
20.5519
20.5325
20.5391
20.5145
20.5098
20.4852
20.4821
20.5082
20.5179
20.5212
20.5426
20.5344
20.5328
20.5227
20.511
20.5129
20.5176
20.5391
20.5621
20.5621
20.5504
20.5243
20.5047
20.5016
20.4817
20.4703
20.4836
20.5016
20.5098
20.5114
20.5195
20.5211
20.511
20.5078
20.4915
20.511