-0.269531
-0.295624
-0.308197
-0.328125
-0.339447
-0.349304
-0.357819
-0.366028
-0.367584
-0.355865
-0.365631
-0.357422
-0.373932
-0.365936
-0.365631
-0.349213
-0.326263
-0.307037
-0.321869
-0.331635
-0.312103
-0.315247
-0.315155
-0.316498
-0.305573
-0.285858
-0.277344
-0.285553
-0.277344
-0.249603
-0.254364
-0.257813
-0.244934
-0.21875
-0.217163
-0.199219
-0.189453
-0.169922
-0.15509
-0.156647
-0.156647
-0.156647
-0.150085
-0.151947
-0.142181
-0.142181
-0.132416
-0.147278
-0.148743
-0.144928
-0.135162
-0.12851
-0.135162
-0.110535
-0.0914001
-0.105927
-0.0996094
-0.106262
-0.0898438
-0.085144
-0.0879517
-0.098053
-9.64E-02
-8.94E-02
-8.63E-02
-8.12E-02
-5.04E-02
-4.88E-02
-3.09E-02
-2.62E-02
-0.0195313
0.00E+00
-1.61E-02
0
0.0292969
0.15564
0.383911
0.110077
-0.237793
-0.29071
4.52E-03
2.32E-01
-0.610229
-0.0921936
0.0507813
0.0354614
0.0256348
0.0142212
0.0201721
0.0223389
0.0267944
3.68E-02
5.13E-02
0.071167
0.0574951
0.0559998
0.0641174
0.0609436
0.0590515
0.0590515
0.0543823
0.0542908
0.0524292
0.0461731
0.0429688
0.0379639
0.051178
0.0543823
0.0660095
0.0739136
0.09375
0.0868225
0.0707092
0.0773621
0.0789185
0.0786133
0.0871277
0.0949402
0.0964966
0.0965881
0.0918884
0.0906372
0.0742188
0.0609436
0.0656433
0.085144
0.0801392
0.0789185
0.0953369
0.116425
0.137512
0.119537
0.129456
0.134766
0.151184
0.130859
0.147278
0.130859
0.137512
0.166809
0.178131
0.178131
0.196167
0.18985
0.198059
0.18634
0.18634
0.178131
0.197754
0.191406
0.199615
0.222656
0.230865
0.233978
0.222748
0.212891
0.219543
0.209778
0.203125
0.217987
0.230865
0.250397
0.250397
0.25351
0.233978
0.222656
0.2211
0.222656
0.229004
0.250397
0.260162
0.260162
0.251953
0.242188
0.250397
0.251953
0.260162
0.279694
0.301178
0.327362
0.338287
0.339935
0.341797
0.332031
0.34024
0.343353
0.312103
0.310547
0.300781
0.307434
0.291016
0.299316
0.328918
0.351959
0.351959
0.361725
0.391022
0.373047
0.359772
0.369537
0.379303
0.380859
0.369141
0.389069
0.410553
0.413757
0.410553
0.428528
0.431641
0.421875
0.430084
0.431641
0.421875
0.43985
0.421875
0.430084
0.431641
0.429688
0.455872
0.450775
0.472351
0.490631
0.501953
0.521881
0.523438
0.531647
0.533203
0.511719
0.510162
0.508606
0.519928
0.519928
0.51178
0.53009
0.551178
0.541412
0.551178
0.559387
0.560547
0.570404
0.572266
0.580475
0.573822
0.591797
0.588684
0.600006
0.601563
0.593353
0.617981
0.619537
0.632416
0.640533
0.632416
0.630859
0.650391
0.642181
0.642181
0.640625
0.640625
0.660156
0.651947
0.657043
0.687988
0.701172
0.701172
0.701172
0.701172
0.701172
0.70108
0.699219
0.687897
0.697754
0.728912
0.720703
0.719147
0.712494
0.702728
0.702728
0.701172
0.70108
0.699219
0.720795
0.712891
0.712891
0.712891
0.719147
0.737122
0.748444
0.748444
0.758209
0.75
0.759857
0.771484
0.779694
0.797668
0.812195
0.820709
0.820709
0.820709
0.812408
0.812103
0.800781
0.800781
0.822266
0.841888
0.861725
0.882813
0.882813
0.884369
0.884369
0.882721
0.862885
0.861328
0.869537
0.871094
0.882416
0.889069
0.910156
0.910156
0.911804
0.920319
0.920319
0.930084
0.923737
0.912109
0.921875
0.941406
0.931641
0.942963
0.951172
0.970703
0.962494
0.980865
0.983978
0.964447
0.959381
0.954681
0.962891
0.951172
0.959381
0.96759
0.96405
0.969147
0.960938
0.942963
0.931641
0.931641
0.931641
0.931641
0.942963
0.962891
0.964447
0.962494
0.952728
0.959381
0.959381
0.959381
0.970703
0.988678
1.00977
1
1
1.02618
1.02969
1.03125
1.01172
1.02969
1.03946
1.04102
1.03281
1.0293
1.04727
1.04062
1.04071
1.03632
1.0332
1.05118
1.05264
1.03281
1.03946
1.05243
1.07117
1.05008
1.19397
1.00189
1.09436
1.11288
1.05795
1.03696
1.05875
1.07016
1.0733
1.10107
1.12415
1.10767
1.11398
1.1207
1.12891
1.12607
1.14908
1.18289
1.1965
1.20773
1.22067
1.2128
1.216
1.21088
1.21759
1.21591
1.19608
1.20422
1.1879
1.1633
1.17337
1.17471
1.16833
1.18497
1.19415
1.19412
1.22412
1.21564
1.20233
1.22421
1.2258
1.2421
1.24182
1.2532
1.26331
1.27969
1.26678
1.27182
1.27148
1.27151
1.28128
1.28445
1.29135
1.31055
1.31213
1.3219
1.31058
1.32227
1.33203
1.33206
1.3418
1.36133
1.35498
1.37265
1.36105
1.35004
1.35977
1.35004
1.3598
1.36954
1.36136
1.36136
1.36288
1.35468
1.36133
1.34024
1.3125
1.28787
1.27145
1.25974
1.31207
1.35468
1.42178
1.43283
1.45078
1.4707
1.48865
1.49176
1.78186
1.54028
0.979431
1.32718
1.41492
1.43744
1.44397
1.43387
1.47495
1.47153
1.48419
1.48456
1.44693
1.44818
1.45016
1.44351
1.4614
1.4747
1.48755
1.50864
1.52155
1.53485
1.53348
1.51492
1.49692
1.50391
1.50351
1.50516
1.49539
1.5051
1.50516
1.52499
1.53442
1.53323
1.55389
1.55399
1.55429
1.5574
1.54733
1.54922
1.55905
1.56912
1.58044
1.60352
1.61795
1.62927
1.61765
1.61133
1.62119
1.60352
1.62146
1.60977
1.60974
1.61642
1.62772
1.60974
1.59998
1.61456
1.62109
1.61133
1.61954
1.6293
1.63086
1.63748
1.65866
1.65079
1.66565
1.66678
1.66678
1.66992
1.65857
1.66843
1.67181
1.67813
1.68951
1.70126
1.6933
1.69144
1.68982
1.6832
1.68008
1.65195
1.64893
1.6409
1.63083
1.634
1.64542
1.64059
1.65714
1.66052
1.67188
1.68167
1.67188
1.68008
1.69962
1.70117
1.69141
1.68985
1.70117
1.71289
1.71289
1.73083
1.73242
1.73242
1.72421
1.72263
1.72266
1.73083
1.74219
1.7421
1.74841
1.75977
1.76959
1.7699
1.77975
1.77966
1.78125
1.77148
1.80115
1.793
1.79456
1.81094
1.82227
1.84183
1.84375
1.84375
1.84534
1.83398
1.8324
1.82068
1.81915
1.81091
1.79297
1.79297
1.78946
1.77771
1.77774
1.78751
1.77939
1.77966
1.77148
1.78943
1.79099
1.79919
1.80899
1.82852
1.83981
1.84961
1.83984
1.83981
1.82849
1.8317
1.82227
1.81247
1.81601
1.8324
1.85349
1.87146
1.88123
1.90549
1.93799
1.94138
1.94141
1.94141
1.93192
1.92502
1.91513
1.91174
1.92346
1.91522
1.93323
1.93164
1.92813
1.92813
1.91174
1.91019
1.9086
1.91992
1.92966
1.93121
1.92969
1.95935
1.9707
1.9707
1.97229
1.97229
1.99219
1.99219
1.9906
2.00037
1.99216
2.0004
1.98203
1.97067
1.98398
1.99374
2.01016
2.01172
2.03952
2.06094
2.08868
2.07224
2.0625
2.07224
2.0625
2.04102
2.03943
2.06876
2.08011
2.06876
2.07031
2.09021
2.09335
2.06369
2.07224
2.07382
2.08203
2.0719
2.07031
2.07849
2.08008
2.06876
2.05896
2.09494
2.09647
2.10944
2.11795
2.13086
2.14063
2.12256
2.12897
2.14063
2.13901
2.12891
2.13867
2.14023
2.13867
2.12891
2.12109
2.12109
2.12109
2.11288
2.12109
2.1489
2.16205
2.17151
2.16171
2.16174
2.15198
2.1586
2.15195
2.16525
2.1781
2.19772
2.22888
2.2207
2.22226
2.21252
2.22064
2.21054
2.19922
2.19104
2.19962
2.21915
2.21262
2.21292
2.22107
2.23245
2.22266
2.23087
2.22073
2.19144
2.19144
2.18323
2.17181
2.17151
2.18942
2.20078
2.20901
2.21405
2.2207
2.24689
2.23358
2.24191
2.23596
2.22452
2.21448
2.21289
2.20313
2.21289
2.21289
2.23093
2.2308
2.24844
2.24026
2.24026
2.2453
2.23401
2.24219
2.25354
2.25507
2.27713
2.18021
2.28564
2.25259
2.35345
2.31351
2.27817
2.28024
2.30014
2.28198
2.28619
2.2991
2.29877
2.289
2.27603
2.27103
2.24493
2.24677
2.27133
2.26758
2.26947
2.28897
2.31012
2.29767
2.3335
2.37891
2.37262
2.36984
2.35965
2.35812
2.33829
2.33322
2.34677
2.36444
2.35782
2.36124
2.36758
2.3761
2.36758
2.38242
2.38586
2.37579
2.37579
2.37766
2.36752
2.37732
2.37927
2.37607
2.36758
2.37463
2.38593
2.36633
2.36292
2.35471
2.35663
2.35663
2.32416
2.31406
2.31561
2.3121
2.32217
2.30389
2.3219
2.35468
2.36487
2.3844
2.39096
2.41214
2.41995
2.42148
2.43137
2.42346
2.41522
2.42181
2.41174
2.43164
2.42346
2.40198
2.36795
2.3418
2.29446
2.32028
2.35626
2.41525
2.44455
2.43634
2.41522
2.42374
2.44141
2.44455
2.78073
2.5264
2.36603
2.2774
2.51477
2.52313
2.51947
2.49954
2.4881
2.50259
2.4975
2.50101
2.4978
2.48764
2.50912
2.5072
2.52008
2.55789
2.57401
2.57587
2.56723
2.56882
2.55087
2.54773
2.53482
2.54968
2.56131
2.58212
2.59189
2.60159
2.61136
2.6243
2.62268
2.61453
2.62463
2.62585
2.62463
2.61453
2.60986
2.6348
2.63788
2.63916
2.65585
2.66718
2.68839
2.68008
2.68674
2.70471
2.69971
2.70975
2.70935
2.72739
2.73553
2.74686
2.75354
2.7485
2.74881
2.7406
2.73083
2.71759
2.72546
2.73721
2.73907
2.73752
2.74063
2.75702
2.75861
2.76639
2.75632
2.76804
2.7785
2.7468
2.73837
2.74689
2.74844
2.73865
2.74686
2.75818
2.7778
2.77966
2.78757
2.79764
2.80743
2.81564
2.79257
2.78943
2.78287
2.7699
2.76013
2.77966
2.78787
2.80588
2.81876
2.82224
2.84186
2.8504
2.84842
2.83826
2.8172
2.82706
2.81757
2.8176
2.82068
2.83044
2.85831
2.86328
2.85156
2.86795
2.87936
2.89099
2.87106
2.88123
2.88126
2.86124
2.83005
2.82849
2.84811
2.84998
2.86142
2.8797
2.88123
2.90076
2.89099
2.90076
2.90231
2.91367
2.92032
2.92188
2.93005
2.93829
2.96603
2.98877
2.99023
2.98865
2.98047
2.9805
2.98047
2.95117
2.96762
2.95154
2.96603
2.96759
2.96912
2.99854
3.00192
3.00037
3.0004
3.00037
3.00027
2.99039
2.99255
2.98904
2.98398
2.98074
2.9906
2.99023
2.99023
2.98044
2.98047
2.98865
3.00818
3.00974
3.02109
3.02109
3.01132
3.01328
3.02463
3.03943
3.03116
3.05087
3.07071
3.08868
3.10007
3.10196
3.0918
3.08826
3.0918
3.10974
3.11133
3.13281
3.16211
3.17029
3.18164
3.17502
3.16681
3.14728
3.14404
3.15701
3.15546
3.15225
3.16837
3.1781
3.16833
3.16992
3.16177
3.18826
3.17343
3.18008
3.17188
3.18161
3.18826
3.19806
3.20786
3.21637
3.22577
3.229
3.23907
3.2453
3.25662
3.24338
3.23709
3.23053
3.21289
3.20313
3.20154
3.20313
3.20157
3.19958
3.21091
3.21756
3.2207
3.22067
3.2207
3.21249
3.23083
3.23401
3.2504
3.26016
3.26993
3.27823
3.28165
3.27615
3.28125
3.28757
3.27963
3.29102
3.28284
3.27307
3.26172
3.27145
3.2746
3.27304
3.27148
3.28946
3.28281
3.29922
3.2926
3.29922
3.30078
3.30078
3.30896
3.32031
3.32706
3.33865
3.34021
3.35001
3.35818
3.35156
3.33163
3.3219
3.32852
3.3465
3.35626
3.35782
3.38559
3.3793
3.38086
3.384
3.37268
3.37265
3.36124
3.37891
3.36096
3.34961
3.35779
3.35129
3.33362
3.34375
3.33362
3.33047
3.32581
3.33047
3.3418
3.36639
3.38907
3.4086
3.41992
3.45584
3.45743
3.46252
3.46262
3.44327
3.43332
3.4418
3.43042
3.44962
3.44299
3.4379
3.43124
3.44101
3.42499
3.59241
3.19788
3.23499
3.41763
3.4024
3.33813
3.332
3.3208
3.32437
3.33099
3.33307
3.36588
3.35571
3.38196
3.38223
3.39722
3.38742
3.38074
3.36749
3.36282
3.37411
3.35773
3.34796
3.3269
3.32181
3.34454
3.34485
3.35974
3.37289
3.37881
3.34454
3.34641
3.33981
3.32535
3.31866
3.31677
3.32535
3.32498
3.33826
3.3269
3.3465
3.35303
3.37589
3.37766
3.38391
3.37735
3.39529
3.37573
3.36758
3.36438
3.35626
3.37265
3.37411
3.37576
3.38397
3.39532
3.38742
3.36758
3.37421
3.37256
3.36603
3.35312
3.35623
3.35657
3.35822
3.34839
3.35312
3.33322
3.34174
3.35281
3.36444
3.35822
3.3761
3.38593
3.37775
3.36475
3.36136
3.34021
3.29922
3.26172
3.22226
3.25195
3.3121
3.36282
3.40353
3.40857
3.38751
3.35654
3.3465
3.37781
3.68759
3.79663
3.02286
3.24155
3.38757
3.40344
3.44913
3.48813
3.51898
3.53531
3.54657
3.56424
3.59705
3.61813
3.6774
3.72241
3.74429
3.78525
3.81766
3.83713
3.8497
3.85629
3.86285
3.85629
3.85315
3.87271
3.87463
3.87427
3.87967
3.89734
3.90433
3.91522
3.90869
3.94492
3.9758
3.96884
3.97888
3.97891
3.99689
4.00662
4.01486
4.01804
4.03635
4.04929
4.07733
4.08865
4.09842
4.11798
4.116
4.12741
4.11954
4.12109
4.12109
4.1196
4.11328
4.1199
4.12967
4.15546
4.17654
4.19763
4.2074
4.22852
4.21875
4.21875
4.21884
4.2305
4.24063
4.25198
4.2504
4.26331
4.27969
4.27969
4.28787
4.29919
4.30896
4.28943
4.29733
4.31873
4.32849
4.33673
4.3497
4.35974
4.35965
4.35272
4.36096
4.35938
4.33984
4.35779
4.36758
4.36914
4.36911
4.37732
4.3985
4.40039
4.40701
4.42654
4.42969
4.43787
4.46725
4.46915
4.47073
4.4527
4.44962
4.44803
4.42343
4.43982
4.43164
4.42813
4.44452
4.44107
4.43982
4.44803
4.45935
4.46094
4.48865
4.50821
4.54922
4.57031
4.58984
4.60779
4.60782
4.61093
4.60779
4.59958
4.5899
4.58868
4.59021
4.5918
4.60977
4.59494
4.60001
4.6293
4.62268
4.64063
4.64221
4.64063
4.63232
4.62268
4.62265
4.64063
4.65039
4.65039
4.65857
4.66833
4.68951
4.70935
4.71759
4.73865
4.75
4.74841
4.75977
4.74841
4.74182
4.73203
4.72891
4.74374
4.74216
4.73209
4.75192
4.77814
4.78125
4.77139
4.78748
4.79724
4.80859
4.81015
4.8121
4.8367
4.84961
4.84491
4.84802
4.84805
4.86758
4.8692
4.87772
4.88086
4.90039
4.90195
4.91833
4.93323
4.93323
4.94958
4.92178
4.92978
4.9317
4.9418
4.94998
4.95154
4.96289
4.96951
4.96448
4.96286
4.97266
4.966
4.97266
4.95468
4.95313
4.96289
4.9711
4.98904
4.99219
5.02811
5.02966
5.02307
5.01172
5.02304
5.02145
5
5.02969
5.02304
5.05118
5.04456
5.03479
5.03479
5.02502
5.02969
5.01328
5.01172
5.02966
5.02304
5.02969
5.03281
5.05899
5.07849
5.07852
5.10004
5.1293
5.15234
5.15048
5.15234
5.16211
5.16211
5.1409
5.14072
5.1344
5.14258
5.14258
5.15234
5.17191
5.19336
5.21127
5.20117
5.20432
5.21756
5.21252
5.20117
5.19141
5.18323
5.19958
5.20273
5.20114
5.2207
5.22067
5.23865
5.23206
5.22073
5.21915
5.22891
5.21252
5.21915
5.21915
5.24063
5.24023
5.24686
5.25
5.24182
5.24844
5.25
5.25168
5.25186
5.26331
5.2699
5.28284
5.28125
5.28943
5.29269
5.27344
5.30121
5.30081
5.30899
5.29251
5.30237
5.31213
5.3121
5.3219
5.31369
5.3367
5.33984
5.33987
5.34964
5.35779
5.37775
5.38086
5.3989
5.40076
5.41052
5.42032
5.41211
5.42029
5.43164
5.44302
5.52188
5.42523
5.20523
5.33929
5.26474
5.2309
5.18207
5.16928
5.16626
5.15018
5.14832
5.12375
5.0881
5.07651
5.04721
5.02451
5.0163
4.99838
4.987
4.97101
4.96396
4.95267
4.95578
4.93478
4.92804
4.92151
4.9281
4.91837
4.91043
4.91016
4.90695
4.91833
4.89877
4.89529
4.89883
4.89566
4.88553
4.86594
4.85303
4.8363
4.81876
4.80576
4.79727
4.78632
4.81253
4.81396
4.82538
4.82382
4.82034
4.81366
4.79407
4.78397
4.77264
4.76318
4.77463
4.76797
4.77655
4.77655
4.79291
4.80234
4.80389
4.79413
4.79443
4.77615
4.76642
4.76483
4.76358
4.76993
4.76483
4.7453
4.74026
4.7207
4.72229
4.7124
4.73996
4.73206
4.75351
4.77307
4.76633
5.12064
5.32544
5.30182
5.11172
4.73813
4.65961
4.69095
4.59439
4.3367
4.02664
3.91302
4.17313
4.61285
4.75858
4.75653
4.72372
4.71719
4.71405
4.73392
4.82867
5.28021
4.51202
4.49698
4.72916
4.92001
5.00632
5.10608
5.19681
5.26743
5.32947
5.37363
5.43063
5.46463
5.48767
5.4993
5.53802
5.58063
5.63956
5.6947
5.754
5.79965
5.83054
5.85165
5.88126
5.91373
5.92853
5.95282
5.96448
5.98209
5.99377
6.01303
6.03479
6.06412
6.0871
6.10828
6.14413
6.15704
6.1864
6.20782
6.22424
6.25705
6.27469
6.29608
6.28943
6.30753
6.3074
6.31873
6.32849
6.34998
6.37772
6.38904
6.40857
6.41998
6.41678
6.43796
6.43826
6.43982
6.4285
6.45624
6.46561
6.47693
6.47852
6.50006
6.5
6.49841
6.50818
6.52148
6.53787
6.54767
6.56525
6.57187
6.5817
6.56873
6.59024
6.59998
6.61954
6.65549
6.65866
6.67697
6.68799
6.67029
6.66052
6.66211
6.66211
6.67188
6.70154
6.70309
6.7258
6.729
6.75037
6.76013
6.75195
6.75195
6.77811
6.78125
6.79099
6.78943
6.8074
6.82849
6.8317
6.84021
6.85822
6.87109
6.87109
6.87305
6.87146
6.87149
6.88123
6.8746
6.86795
6.88748
6.9169
6.9418
6.96289
6.97928
6.9906
6.99219
7.01013
7.00192
7.00861
7.02966
7.04929
7.05429
7.06091
7.07068
7.08206
7.07227
7.07892
7.09021
7.08673
7.09802
7.10791
7.09998
7.10779
7.10938
7.12927
7.13086
7.13086
7.13086
7.15076
7.1488
7.17654
7.16998
7.18991
7.18982
7.18973
7.19772
7.19949
7.20935
7.20114
7.19608
7.19107
7.18982
7.17969
7.19958
7.20935
7.21445
7.22928
7.25192
7.26169
7.28122
7.29257
7.30234
7.33014
7.34335
7.35345
7.3613
7.36127
7.3692
7.38086
7.38095
7.40076
7.41211
7.43829
7.43155
7.42502
7.44141
7.44455
7.46249
7.47424
7.48242
7.49063
7.51013
7.51797
7.51797
7.50156
7.50818
7.52148
7.51169
7.50351
7.52148
7.53125
7.54919
7.55899
7.57034
7.58829
7.57346
7.57187
7.57031
7.58362
7.58359
7.59998
7.6293
7.64883
7.64883
7.66025
7.65234
7.65433
7.66248
7.66562
7.68201
7.69495
7.72107
7.72266
7.71448
7.71289
7.69495
7.69336
7.7113
7.72269
7.73398
7.73087
7.7504
7.76013
7.77151
7.78125
7.78125
7.81091
7.79611
7.80273
7.79456
7.79138
7.78317
7.7832
7.78983
7.79297
7.7879
7.81726
7.83203
7.83047
7.83353
7.84497
7.85345
7.85663
7.86319
7.88086
7.89072
7.9285
7.93985
7.95117
7.97928
7.98242
7.99063
7.99219
8.00201
8.01208
8.02344
8.00192
8.00195
7.99219
7.99219
7.9758
7.97266
7.98593
7.98596
7.98431
8.00354
8.01993
8.04105
8.04456
8.04456
8.07385
8.08359
8.06561
8.06244
8.08047
8.06253
8.06055
8.06717
8.0899
8.09021
8.10977
8.12109
8.11447
8.09329
8.08984
8.0719
8.06876
8.07343
8.08994
8.10001
8.12781
8.13126
8.14099
8.15234
8.15897
8.1637
8.17032
8.16367
8.19962
8.24374
8.18225
8.20093
8.08514
8.04031
7.95462
7.90244
7.84927
7.78024
7.74435
7.69427
7.65961
7.62885
7.62091
7.60931
7.59006
7.5687
7.53589
7.51321
7.49365
7.47064
7.44446
7.41122
7.40186
7.38397
7.37921
7.37103
7.33163
7.33707
7.31055
7.2894
7.27618
7.26477
7.26291
7.25467
7.22729
7.20908
7.20621
7.18631
7.1687
7.16522
7.1554
7.14725
7.10977
7.07886
7.07849
7.07727
7.05899
7.04922
7.04639
7.04611
7.01642
7.01318
7.0051
7.0051
7.00345
6.9949
6.98392
6.99182
6.98367
6.95782
6.92679
6.92303
6.91483
6.89365
6.9035
6.89374
6.90198
6.9035
6.87256
6.86407
6.85468
6.8367
6.81555
6.81522
6.81369
6.82385
6.84366
6.84494
6.86444
6.87421
6.8844
6.8761
6.86447
6.85468
6.85312
6.83664
6.83514
6.82538
6.8172
6.80579
6.78281
6.77304
6.75342
6.74533
6.73401
6.73401
6.7258
6.70779
6.69647
6.68506
6.68167
6.68475
6.68164
6.69339
6.67542
6.67542
6.66553
6.69962
6.70276
6.69958
6.7027
6.70273
6.72076
6.68661
6.66513
6.68289
6.67346
6.6637
6.65381
6.65039
6.64221
6.64063
6.63245
6.63245
6.63272
6.65048
6.64603
6.62268
6.5965
6.5918
6.58203
6.57382
6.56403
6.57224
6.57382
6.57227
6.56241
6.56873
6.55234
6.54102
6.52463
6.52148
6.52304
6.50665
6.48401
6.48242
6.48557
6.5
6.50037
6.50192
6.50351
6.48233
6.49179
6.48199
6.46054
6.45898
6.43948
6.44922
6.43127
6.43323
6.43164
6.4332
6.46091
6.45432
6.45468
6.45468
6.4613
6.46121
6.44293
6.44141
6.44296
6.43475
6.45273
6.44803
6.44495
6.44495
6.45313
6.43475
6.43008
6.43008
6.42032
6.41055
6.40393
6.40076
6.38281
6.3844
6.40073
6.39066
6.39066
6.39221
6.3743
6.36487
6.35352
6.37149
6.37463
6.37305
6.38275
6.39066
6.40039
6.40198
6.4137
6.42346
6.43323
6.42493
6.42148
6.39532
6.38242
6.38116
6.3465
6.33203
6.3223
6.31058
6.30399
6.31088
6.31876
6.32034
6.33203
6.34183
6.34183
6.34348
6.32413
6.3223
6.31213
6.28436
6.28281
6.28128
6.27335
6.28125
6.28098
6.28125
6.27304
6.27182
6.25354
6.26172
6.27151
6.25354
6.26993
6.27774
6.27933
6.28088
6.28088
6.26132
6.23361
6.23236
6.19608
6.19144
6.18323
6.18164
6.20285
6.21124
6.21918
6.22421
6.21249
6.2305
6.23193
6.23007
6.21054
6.21884
6.22894
6.2207
6.20938
6.21918
6.20627
6.19336
6.19492
6.19492
6.19495
6.18518
6.20157
6.20306
6.21918
6.22705
6.21249
6.20117
6.18475
6.17694
6.164
6.16525
6.17029
6.17346
6.15234
6.15234
6.14102
6.13284
6.12463
6.13126
6.15237
6.159
6.1637
6.17188
6.18167
6.17334
6.16174
6.14377
6.13397
6.11093
6.10471
6.11795
6.11951
6.14725
6.15039
6.17667
6.18008
6.18164
6.18167
6.17346
6.15549
6.14569
6.11478
6.11133
6.10977
6.11133
6.10159
6.11954
6.10471
6.10315
6.08673
6.08203
6.09338
6.08548
6.0918
6.08984
6.11133
6.11093
6.10471
6.10153
6.10315
6.09338
6.0722
6.06213
6.0621
6.06058
6.05237
6.06873
6.0719
6.06876
6.08826
6.08981
6.08829
6.08984
6.08017
6.09021
6.08362
6.08203
6.08362
6.0918
6.08353
6.08167
6.09143
6.07025
6.07813
6.07822
6.09805
6.10782
6.12933
6.1293
6.13907
6.14066
6.13086
6.11447
6.10159
6.08673
6.07382
6.05429
6.04456
6.04453
6.04294
6.05115
6.04453
6.04297
6.04297
6.0332
6.03323
6.04141
6.02655
6.01361
6.02307
6.03128
6.03128
6.01486
6.01993
6.02969
6.02304
6.02148
6.02148
6.03122
6.03281
6.0051
5.99374
5.99219
5.98233
5.99191
5.98401
5.97415
5.98215
5.9711
5.96289
5.94492
5.94336
5.94177
5.93359
5.95313
5.94327
5.94299
5.95126
5.96289
5.96289
5.97928
5.98907
5.98087
5.96448
5.9613
5.96289
5.94495
5.94492
5.94327
5.94141
5.93323
5.92151
5.90198
5.89883
5.91016
5.9133
5.92813
5.92969
5.9332
5.93164
5.92343
5.9285
5.93164
5.93164
5.92346
5.91681
5.91837
5.91992
5.90207
5.9137
5.9418
5.94174
5.96094
5.94299
5.94962
5.94962
5.93945
5.91174
5.91013
5.90198
5.89417
5.85471
5.88748
5.88086
5.88089
5.90701
5.91016
5.91678
5.90857
5.91016
5.90857
5.90039
5.90201
5.89407
5.87268
5.87268
5.86288
5.84647
5.85159
5.84183
5.85974
5.85666
5.86328
5.87146
5.87302
5.88593
5.88281
5.88126
5.87463
5.88281
5.87463
5.89102
5.87305
5.88437
5.90079
5.89417
5.91049
5.91837
5.91992
5.90042
5.89066
5.8988
5.88907
5.90048
5.87268
5.88086
5.88907
5.90039
5.90549
5.89407
5.89572
5.89413
5.91367
5.884
5.90039
5.92032
5.93005
5.91171
5.91214
5.93008
5.93005
5.93164
5.92502
5.93005
5.9137
5.91367
5.88596
5.88281
5.88281
5.90076
5.8988
5.90039
5.9086
5.92188
5.89572
5.8844
5.86127
5.84961
5.85117
5.85944
5.84335
5.8418
5.85974
5.86133
5.86331
5.86319
5.85938
5.86639
5.86328
5.84335
5.84998
5.84335
5.83203
5.83044
5.83047
5.83359
5.8418
5.85156
5.87305
5.88437
5.8844
5.90079
5.88437
5.91055
5.90234
5.88943
5.88281
5.88123
5.88281
5.85117
5.8399
5.83197
5.82187
5.82385
5.8223
5.83047
5.84183
5.84335
5.86328
5.87305
5.88123
5.89258
5.89572
5.90897
5.90234
5.89258
5.8746
5.8418
5.84024
5.82541
5.82227
5.83362
5.83713
5.82571
5.83362
5.83203
5.82376
5.80392
5.80899
5.83835
5.84842
5.85156
5.85828
5.86172
5.84531
5.8418
5.8222
5.81876
5.81213
5.81055
5.79102
5.79102
5.80078
5.78436
5.78943
5.79102
5.8172
5.8121
5.79257
5.78943
5.79257
5.80234
5.80234
5.81409
5.80273
5.80118
5.78128
5.78128
5.78946
5.7746
5.78125
5.76486
5.75351
5.74374
5.74219
5.75195
5.74219
5.76016
5.76172
5.77969
5.77148
5.7699
5.76328
5.7551
5.75034
5.73514
5.7258
5.74219
5.74377
5.76834
5.78125
5.78946
5.80902
5.81213
5.78439
5.78284
5.77463
5.78317
5.78317
5.77499
5.7832
5.80118
5.79959
5.793
5.7832
5.77148
5.76016
5.76172
5.76013
5.74219
5.75198
5.75195
5.74377
5.75354
5.76016
5.76987
5.77112
5.7793
5.78915
5.78946
5.79922
5.78943
5.77969
5.78796
5.79141
5.78943
5.77463
5.75497
5.7551
5.73712
5.74533
5.7421
5.75977
5.77304
5.76132
5.75977
5.75159
5.73361
5.73203
5.7207
5.71094
5.72891
5.74219
5.7504
5.74023
5.75195
5.74377
5.72226
5.71094
5.71915
5.70117
5.70117
5.70938
5.70117
5.71094
5.71091
5.71094
5.70114
5.69141
5.69141
5.68985
5.66214
5.66214
5.66205
5.66992
5.67975
5.69141
5.71912
5.73865
5.74182
5.76172
5.77463
5.78119
5.7793
5.7547
5.74023
5.71249
5.7012
5.69296
5.68948
5.7211
5.74219
5.73553
5.73398
5.73401
5.73557
5.73236
5.71408
5.71603
5.72421
5.72107
5.71448
5.71289
5.7113
5.70316
5.69339
5.69339
5.68982
5.68323
5.68164
5.68005
5.66833
5.67969
5.67969
5.68127
5.67346
5.69299
5.69495
5.70313
5.7113
5.71445
5.70309
5.67697
5.67542
5.65891
5.62766
5.62421
5.61288
5.61288
5.61133
5.63596
5.63904
5.6669
5.68008
5.66211
5.68985
5.69135
5.70908
5.69299
5.67346
5.68164
5.66202
5.64218
5.63907
5.64063
5.64218
5.65198
5.66016
5.66174
5.67148
5.6781
5.66992
5.69766
5.68945
5.68945
5.69922
5.71094
5.69101
5.68945
5.69919
5.68945
5.66016
5.64218
5.64063
5.6488
5.64725
5.65195
5.66837
5.69922
5.69922
5.68283
5.68945
5.66483
5.65198
5.65042
5.65039
5.64417
5.66055
5.66052
5.68005
5.69141
5.67502
5.67343
5.67346
5.66525
5.67181
5.65189
5.66016
5.66171
5.66992
5.67148
5.65195
5.63245
5.62424
5.62109
5.60471
5.61133
5.60156
5.60153
5.60977
5.61133
5.62109
5.61954
5.64066
5.65198
5.65198
5.65039
5.634
5.62619