-0.406921
-0.406982
-0.372864
-0.359589
-0.348022
-0.346741
-0.335327
-0.316772
-0.315918
-0.302673
-0.289642
-0.269714
-0.267944
-0.270203
-0.250214
-0.258118
-0.267944
-0.273621
-0.266357
-0.250214
-0.237
-0.229187
-0.220917
-0.202698
-0.209656
-0.190033
-0.180054
-0.176758
-0.178406
-0.197998
-0.190063
-0.189758
-0.189819
-0.186981
-0.178711
-0.147156
-0.11792
-0.10495
-0.088562
-0.0870056
-0.0787964
-0.0850525
-0.0869751
-0.108154
-0.0986328
-0.114716
-0.115967
-0.137787
-0.128021
-0.126068
-0.139038
-0.137787
-0.119751
-0.0999146
-0.118256
-0.129578
-0.120972
-0.112793
-0.0966797
-0.0799561
-0.0592651
-0.0311584
-2.64E-02
-2.65E-02
-1.82E-02
-1.68E-02
-2.84E-02
-2.02E-02
-1.04E-02
-1.51E-02
-0.0166016
-2.27E-13
1.93E-02
0.0516663
0.0895691
0.18103
0.287354
0.162659
-0.0438843
-0.0558472
2.96E-02
-2.79E-01
0.388062
0.0830078
0.0791626
0.039856
0.0134888
0.0318909
0.0222778
-0.0140381
-0.0253906
-8.94E-03
4.15E-03
0.0120544
0.0151062
0.0296631
0.0394287
0.0623779
0.0787659
0.0869751
0.09198
0.088562
0.106537
0.111511
0.109558
0.122253
0.12793
0.145874
0.145508
0.155273
0.18457
0.168152
0.194336
0.199097
0.206055
0.229065
0.245056
0.267853
0.27597
0.281067
0.300598
0.315369
0.331543
0.351379
0.369263
0.383789
0.372437
0.374329
0.374023
0.36261
0.360718
0.370911
0.398621
0.40213
0.41153
0.420044
0.452515
0.463867
0.455597
0.493164
0.504822
0.514648
0.532532
0.553711
0.575195
0.593079
0.5849
0.591187
0.594635
0.586182
0.575104
0.583313
0.594727
0.586456
0.584869
0.595947
0.602844
0.61731
0.627136
0.645416
0.664948
0.674408
0.684479
0.70401
0.707275
0.717316
0.727051
0.746613
0.774353
0.767365
0.795471
0.787231
0.806824
0.816895
0.818481
0.808716
0.816895
0.826691
0.829865
0.838013
0.837708
0.857544
0.86731
0.877075
0.913086
0.927856
0.945831
0.952148
0.973633
0.995026
1.008
1.02472
1.05716
1.06848
1.0798
1.09747
1.11075
1.10129
1.1095
1.11105
1.11926
1.12082
1.13846
1.13058
1.13879
1.15677
1.17786
1.19745
1.20911
1.23685
1.24973
1.25793
1.24973
1.258
1.27942
1.28098
1.28888
1.30713
1.33643
1.34589
1.33801
1.35599
1.37393
1.39667
1.39041
1.40051
1.4462
1.45715
1.47516
1.48019
1.50638
1.50949
1.52747
1.53729
1.54239
1.53918
1.52277
1.54739
1.54034
1.54034
1.56372
1.57004
1.60754
1.61075
1.61926
1.64044
1.63879
1.64035
1.65988
1.66965
1.66144
1.66965
1.67941
1.69073
1.69073
1.71027
1.71027
1.72012
1.74817
1.7677
1.78723
1.77902
1.78723
1.81653
1.81973
1.82159
1.81848
1.83771
1.84778
1.83801
1.8298
1.84622
1.86896
1.87082
1.88724
1.92627
1.93924
1.96066
1.97043
1.99152
2.01926
2.03369
2.04385
2.05206
2.06018
2.05988
2.06973
2.06339
2.06027
2.08801
2.09778
2.11731
2.12042
2.11896
2.13058
2.13214
2.14035
2.14191
2.15167
2.16339
2.1716
2.17471
2.18448
2.19269
2.19269
2.19113
2.20245
2.21075
2.229
2.2583
2.28564
2.30994
2.32004
2.3298
2.31183
2.32159
2.33136
2.3298
2.31183
2.33643
2.35089
2.36572
2.35715
2.36072
2.38724
2.40988
2.41144
2.4212
2.4212
2.42285
2.42307
2.43106
2.4509
2.45401
2.47043
2.48019
2.47354
2.46222
2.47043
2.50482
2.50128
2.52747
2.547
2.56848
2.59943
2.61096
2.60089
2.62872
2.64825
2.65167
2.65988
2.65988
2.66965
2.65979
2.65793
2.66931
2.67941
2.7088
2.72864
2.75323
2.77277
2.78253
2.79221
2.78214
2.78564
2.78253
2.79385
2.80206
2.82004
2.82977
2.84619
2.85919
2.85129
2.84778
2.86066
2.87863
2.88995
2.90793
2.92902
2.93723
2.92902
2.9834
2.84137
2.61859
2.71948
2.84964
2.95395
2.94403
2.97198
2.99512
3.0116
3.03494
3.04291
3.02686
3.0202
3.02689
3.03479
3.0434
3.04987
3.07425
3.07104
3.06958
3.06958
3.06949
3.08246
3.08099
3.10739
3.10861
3.12384
3.16449
3.15784
3.15283
3.13196
3.14807
3.15283
3.14337
3.16965
3.15472
3.15314
3.15314
3.14972
3.1402
3.12982
3.14651
3.18567
3.2005
3.23676
3.2673
3.28558
3.28683
3.26917
3.27551
3.26761
3.27393
3.28879
3.29541
3.29535
3.30518
3.28879
3.28558
3.27744
3.29541
3.29529
3.29346
3.29346
3.29501
3.30511
3.28372
3.28375
3.27271
3.2626
3.27396
3.27081
3.29379
3.30481
3.30478
3.30518
3.31177
3.31808
3.29034
3.26892
3.25284
3.26447
3.28876
3.32159
3.36716
3.38681
3.37704
3.39346
3.44113
3.43253
3.52753
2.95206
4.30933
3.32629
3.33521
3.36841
3.36755
3.39346
3.38165
3.33057
3.32611
3.31433
3.29605
3.32227
3.35379
3.36948
3.3616
3.36279
3.37604
3.40564
3.43619
3.45926
3.4823
3.48386
3.4873
3.49707
3.4873
3.50684
3.55408
3.57489
3.61426
3.6275
3.63068
3.63721
3.62402
3.63074
3.65051
3.66815
3.69904
3.71893
3.72363
3.7337
3.72205
3.7384
3.77917
3.80206
3.8299
3.85291
3.87082
3.88538
3.89703
3.9118
3.91299
3.92126
3.9361
3.94589
3.95596
3.95599
3.96732
3.97321
3.99469
4.01456
4.02597
4.06378
4.09277
4.11575
4.12393
4.13528
4.14667
4.1568
4.15677
4.17792
4.18799
4.17981
4.18768
4.21573
4.22708
4.22354
4.26434
4.2923
4.29544
4.29547
4.31693
4.33487
4.34744
4.36896
4.38721
4.40674
4.40833
4.41971
4.42822
4.44739
4.45404
4.48645
4.50598
4.49939
4.49982
4.51651
4.53098
4.53098
4.52942
4.56699
4.6095
4.6044
4.63724
4.66809
4.68762
4.7005
4.69894
4.7088
4.71222
4.7009
4.71887
4.70871
4.70871
4.71027
4.72668
4.72803
4.74191
4.74191
4.75168
4.77277
4.78253
4.7923
4.81848
4.81027
4.81848
4.83801
4.84943
4.8595
4.88879
4.93762
4.94424
4.96732
4.97198
4.99973
5.00949
5.01105
5.03879
5.04034
5.04822
5.04034
5.04034
5.06659
5.06027
5.07825
5.09933
5.12708
5.14661
5.15323
5.15323
5.14191
5.17792
5.16495
5.18137
5.20911
5.22708
5.23175
5.2334
5.24191
5.26144
5.25479
5.27277
5.28448
5.29581
5.32355
5.3136
5.32941
5.34113
5.35245
5.35245
5.37042
5.39001
5.40323
5.4212
5.4212
5.44894
5.47864
5.50333
5.49347
5.49191
5.51965
5.52942
5.55206
5.55197
5.57941
5.59903
5.61261
5.6044
5.62082
5.64035
5.65988
5.65323
5.6716
5.70245
5.71222
5.72198
5.71222
5.73175
5.73019
5.7298
5.74152
5.74973
5.75128
5.75128
5.74152
5.75793
5.76926
5.77081
5.78058
5.80212
5.79572
5.81339
5.84113
5.85089
5.85089
5.85254
5.85129
5.87082
5.85596
5.85284
5.86105
5.88254
5.90207
5.91183
5.94113
5.97043
5.96222
5.97354
5.98175
6.00128
5.99503
6.00168
6.02121
6.02432
6.02081
6.03879
6.05988
6.08136
6.10284
6.09464
6.12082
6.11407
6.10089
6.10089
6.11221
6.11847
6.11691
6.13995
6.15802
6.16144
6.1712
6.17276
6.19073
6.21222
6.22192
6.23135
6.22159
6.23145
6.2251
6.23212
6.25168
6.263
6.27942
6.29074
6.30206
6.32159
6.33322
6.31494
6.31183
6.32159
6.31808
6.30832
6.30832
6.31982
6.32199
6.3219
6.33136
6.34933
6.35245
6.36066
6.39816
6.40948
6.41299
6.42276
6.43097
6.44229
6.43448
6.44269
6.46066
6.47864
6.48996
6.51935
6.54736
6.54855
6.55676
6.55167
6.56183
6.55206
6.55362
6.56653
6.61972
6.41943
6.39056
6.30621
6.53497
6.57654
6.59244
6.59103
6.59824
6.61462
6.61151
6.62604
6.67877
6.68988
6.70502
6.72498
6.72144
6.71643
6.69531
6.69058
6.68051
6.66275
6.68207
6.67578
6.67584
6.67105
6.67902
6.66595
6.66608
6.64807
6.66443
6.65121
6.65442
6.66095
6.67426
6.68256
6.69254
6.71338
6.70236
6.71185
6.71204
6.71173
6.70013
6.69885
6.69034
6.71878
6.71368
6.72504
6.72314
6.71017
6.72003
6.70392
6.71066
6.69925
6.70703
6.69696
6.71527
6.7247
6.73801
6.73019
6.71878
6.72858
6.72821
6.71686
6.72668
6.73642
6.72504
6.71689
6.71536
6.71066
6.70746
6.69733
6.70511
6.69855
6.71371
6.72314
6.70526
6.70401
6.68286
6.63684
6.60754
6.61102
6.65509
6.71527
6.78525
6.77902
6.78598
6.797
6.81494
6.84464
6.99503
6.69254
7.41095
6.89902
6.86761
6.8259
6.81549
6.78885
6.78369
6.74451
6.74567
6.74878
6.73236
6.7355
6.7569
6.78583
6.77136
6.78104
6.77292
6.78467
6.80243
6.82324
6.85104
6.86426
6.8772
6.89706
6.91974
6.93646
6.94904
6.98029
6.97208
6.98694
7.01154
7.0213
7.02783
7.078
7.09317
7.10129
7.11115
7.12079
7.12567
7.1044
7.10284
7.10605
7.10284
7.10449
7.13068
7.13379
7.1618
7.18927
7.20251
7.21417
7.21228
7.21222
7.23151
7.25323
7.26465
7.29266
7.30371
7.32361
7.3252
7.32355
7.32159
7.33301
7.34943
7.38058
7.37207
7.38068
7.39551
7.39032
7.38535
7.39191
7.41309
7.43292
7.44394
7.45563
7.46222
7.46542
7.48184
7.4837
7.49503
7.5209
7.54395
7.5802
7.58612
7.59308
7.59277
7.61426
7.61612
7.61737
7.6423
7.65527
7.66339
7.66504
7.68292
7.69434
7.70215
7.69589
7.68448
7.69434
7.68643
7.68448
7.69434
7.7041
7.69424
7.69269
7.69238
7.68448
7.7038
7.70596
7.71738
7.7337
7.76456
7.78064
7.78409
7.78378
7.78915
7.80527
7.80869
7.80713
7.80994
7.80557
7.80362
7.79706
7.81693
7.81497
7.82642
7.83838
7.84619
7.85605
7.87277
7.8873
7.87589
7.89395
7.89542
7.91339
7.92947
7.94424
7.95721
7.97708
7.98486
7.99316
7.9884
7.99307
7.99316
7.99316
7.99823
7.99698
8.01465
8.04581
8.04736
8.04861
8.05713
8.06854
8.08487
8.08487
8.08966
8.08643
8.08643
8.07471
8.05673
8.06659
8.07471
8.08612
8.08957
8.1091
8.12708
8.12708
8.1333
8.16431
8.19424
8.19745
8.21573
8.23685
8.23019
8.24628
8.24817
8.26456
8.25793
8.23807
8.24661
8.2384
8.24158
8.23685
8.25793
8.25793
8.24622
8.23651
8.26465
8.2677
8.27948
8.2876
8.31689
8.31024
8.30872
8.31848
8.32825
8.31815
8.32013
8.32199
8.32043
8.32669
8.31497
8.32635
8.32669
8.34464
8.34784
8.34778
8.35754
8.37714
8.39035
8.397
8.40677
8.38995
8.39661
8.40643
8.40167
8.41974
8.41174
8.43762
8.44894
8.43253
8.43762
8.45691
8.46887
8.46887
8.46066
8.46732
8.46698
8.46066
8.47708
8.47043
8.47513
8.47668
8.47989
8.49817
8.49152
8.5177
8.52902
8.52902
8.547
8.5502
8.56848
8.55011
8.54034
8.54034
8.53879
8.52081
8.53568
8.53879
8.56815
8.58966
8.5899
8.59113
8.59113
8.58136
8.56339
8.56027
8.56183
8.58142
8.58997
8.6095
8.61105
8.61261
8.6091
8.6091
8.61066
8.6091
8.58762
8.59738
8.599
8.59268
8.58136
8.58136
8.59113
8.58957
8.59622
8.59113
8.59113
8.58966
8.59973
8.60129
8.62073
8.63019
8.6384
8.65802
8.6712
8.68292
8.66495
8.67157
8.67316
8.6712
8.66299
8.65167
8.65012
8.63019
8.6384
8.64346
8.64035
8.65833
8.7005
8.72879
8.44504
8.54941
8.49817
8.59247
8.59448
8.59906
8.65668
8.66534
8.7287
8.76505
8.76816
8.77487
8.78473
8.79291
8.79166
8.7981
8.79675
8.78989
8.7952
8.79303
8.78323
8.79681
8.78052
8.77887
8.79184
8.79175
8.77545
8.78043
8.77698
8.78674
8.77737
8.77386
8.78516
8.79175
8.80322
8.80353
8.81299
8.81329
8.81174
8.80167
8.79535
8.80042
8.81018
8.80511
8.83282
8.82434
8.8316
8.82275
8.81174
8.82785
8.82971
8.81964
8.80035
8.80637
8.80353
8.79193
8.79846
8.81018
8.82941
8.8313
8.83136
8.82971
8.83948
8.81134
8.82629
8.81644
8.81808
8.80823
8.79855
8.79852
8.79697
8.79529
8.78683
8.80511
8.81653
8.80676
8.80362
8.76611
8.74347
8.71378
8.71533
8.75635
8.79877
8.86728
8.90793
8.92621
8.92587
8.96378
8.97354
9.10284
8.57281
9.26517
8.85104
8.89731
8.83588
8.86786
8.84277
8.85236
8.83911
8.82425
8.80933
8.80933
8.80426
8.80457
8.82028
8.83542
8.83698
8.84674
8.8186
8.80884
8.82089
8.81354
8.81387
8.83026
8.8252
8.82675
8.83337
8.85455
8.86774
8.90527
8.9068
8.91626
8.91034
8.90872
8.90176
8.892
8.90057
8.90051
8.92761
8.93292
8.92792
8.94119
8.94122
8.92938
8.95065
8.95087
8.9411
8.94238
8.94434
8.94785
8.94778
8.94269
8.95215
8.97522
8.94778
8.96228
8.97235
8.97198
8.98151
9.00012
9.00449
9.00323
9.00449
9.008
8.99854
8.97043
8.97559
8.9888
8.97668
8.98489
8.99466
8.99628
9.00598
9.00439
8.99792
8.99503
8.96887
8.94113
8.93451
8.9295
8.9263
8.94269
8.95721
8.9834
8.99503
9.00323
9.00955
9.00638
8.98645
8.97824
8.99628
8.98996
8.97668
9.00446
8.99817
8.98846
8.99658
8.99661
9.00638
9.01776
9.02942
9.03918
9.04706
9.05051
9.06693
9.08145
9.08841
9.10635
9.11731
9.1384
9.13174
9.12872
9.12238
9.12238
9.11261
9.08957
9.09467
9.1091
9.09933
9.11575
9.09933
9.10098
9.08136
9.05206
9.04895
9.05051
9.05051
9.0799
9.08801
9.10754
9.12872
9.14856
9.15012
9.14035
9.14191
9.12393
9.11926
9.12082
9.13058
9.14346
9.15799
9.16809
9.15012
9.13058
9.11887
9.09073
9.09738
9.08606
9.10889
9.14856
9.14346
9.17004
9.16339
9.18292
9.1716
9.16183
9.15988
9.17947
9.1962
9.20911
9.20401
9.19928
9.19708
9.2005
9.19064
9.18887
9.20251
9.19455
9.19424
9.20245
9.20245
9.19113
9.19269
9.19269
9.2009
9.22043
9.22198
9.23175
9.25128
9.25128
9.24973
9.24973
9.26105
9.27902
9.2576
9.25949
9.24973
9.25949
9.25949
9.25284
9.26105
9.27237
9.2923
9.31183
9.30206
9.31183
9.31183
9.3298
9.34113
9.33136
9.33447
9.34268
9.33136
9.34113
9.33957
9.33136
9.3298
9.33957
9.33292
9.31964
9.30322
9.29855
9.30832
9.30994
9.30206
9.30206
9.31027
9.30206
9.29385
9.28244
9.28058
9.27081
9.27081
9.28067
9.27277
9.263
9.27942
9.29074
9.30713
9.30988
9.33801
9.32941
9.34933
9.35089
9.33096
9.34113
9.32471
9.33954
9.35089
9.36884
9.39151
9.37354
9.37863
9.36221
9.35089
9.3591
9.35089
9.3591
9.36066
9.36221
9.36417
9.3544
9.37082
9.36261
9.36261
9.38058
9.37238
9.39856
9.39346
9.40988
9.40988
9.40948
9.40945
9.40793
9.39978
9.41806
9.41144
9.40833
9.40829
9.41144
9.41147
9.41302
9.41147
9.4259
9.45236
9.4552
9.43723
9.45392
9.45361
9.44232
9.44073
9.45404
9.46066
9.45245
9.46222
9.45398
9.45087
9.44226
9.43097
9.45053
9.43918
9.4278
9.4505
9.45871
9.46689
9.46851
9.45752
9.44894
9.43918
9.43567
9.52792
9.31769
9.233
9.23526
9.34955
9.43604
9.45227
9.45596
9.49039
9.48065
9.48575
9.50027
9.51706
9.53317
9.52997
9.54614
9.51559
9.51556
9.5188
9.55194
9.56171
9.53354
9.53168
9.49771
9.48792
9.48483
9.48163
9.48639
9.49292
9.49924
9.50717
9.51129
9.5141
9.51419
9.52386
9.53204
9.54175
9.52509
9.52734
9.52386
9.51254
9.51105
9.51764
9.53717
9.54498
9.55167
9.55667
9.55322
9.55353
9.53369
9.52734
9.51416
9.51761
9.51926
9.54541
9.54691
9.547
9.53876
9.53912
9.53879
9.51764
9.5094
9.50433
9.50558
9.4993
9.50433
9.52551
9.53522
9.54657
9.56653
9.55667
9.56805
9.56021
9.54031
9.51758
9.49963
9.48956
9.50629
9.53528
9.74048
9.97528
9.94363
9.8548
9.58905
9.58392
9.57465
9.58286
9.47559
9.17072
9.14035
9.21954
9.30048
9.40948
9.46167
9.4617
9.46967
9.50275
9.51886
9.55167
9.96942
9.4837
9.7341
9.59082
9.58621
9.5235
9.48535
9.46191
9.42236
9.42419
9.41214
9.409
9.41083
9.40237
9.42877
9.4675
9.47412
9.46591
9.44791
9.44482
9.45294
9.47684
9.50183
9.49353
9.49158
9.5116
9.5213
9.50458
9.49667
9.4967
9.50836
9.50021
9.50677
9.53613
9.5506
9.5506
9.56671
9.58017
9.55368
9.54901
9.57703
9.57178
9.56381
9.57986
9.58142
9.59308
9.58295
9.58459
9.57358
9.58337
9.58334
9.57166
9.57315
9.54544
9.5354
9.52628
9.52438
9.5083
9.49664
9.4935
9.48486
9.48651
9.49658
9.49307
9.49631
9.51456
9.50452
9.50644
9.49701
9.50482
9.48331
9.49631
9.50452
9.50479
9.49005
9.49658
9.51611
9.51776
9.52588
9.52747
9.52591
9.53415
9.52786
9.5181
9.54739
9.55685
9.56537
9.57672
9.57822
9.57822
9.57791
9.57001
9.55869
9.56845
9.57669
9.56805
9.56653
9.57791
9.5618
9.55872
9.55048
9.56497
9.578
9.57825
9.60635
9.61923
9.62912
9.647
9.647
9.65829
9.65793
9.65643
9.65829
9.64191
9.62082
9.61545
9.60751
9.60754
9.60751
9.62552
9.62677
9.63876
9.65009
9.65985
9.65985
9.6712
9.6712
9.66299
9.65164
9.65009
9.63025
9.61728
9.62549
9.62048
9.61926
9.63058
9.63055
9.629
9.63055
9.64856
9.64813
9.6384
9.64978
9.6712
9.65167
9.65012
9.64188
9.64191
9.63681
9.65482
9.6579
9.67786
9.68103
9.67126
9.67157
9.66339
9.64035
9.62903
9.63876
9.64032
9.65009
9.65985
9.65289
9.67505
9.66144
9.65164
9.64505
9.65005
9.66144
9.67133
9.69272
9.70053
9.71851
9.73486
9.74155
9.72516
9.73373
9.74347
9.7337
9.73364
9.7529
9.77112
9.7626
9.75284
9.74969
9.73334
9.71222
9.71378
9.73016
9.73996
9.73682
9.74347
9.74347
9.75012
9.74976
9.7334
9.73215
9.73215
9.74347
9.75323
9.74347
9.76141
9.77124
9.77277
9.77121
9.77277
9.78094
9.77435
9.7645
9.75909
9.76886
9.79041
9.79697
9.79034
9.79544
9.78876
9.79855
9.78879
9.78214
9.78876
9.80011
9.79193
9.79034
9.79193
9.80167
9.79193
9.79224
9.78369
9.79199
9.8103
9.80362
9.80051
9.82004
9.82162
9.83136
9.82159
9.82001
9.81143
9.7919
9.7923
9.78879
9.7919
9.81183
9.80365
9.82825
9.83957
9.8313
9.83771
9.84933
9.84113
9.85089
9.8642
9.85284
9.86261
9.84622
9.84467
9.85129
9.84152
9.84311
9.86926
9.88068
9.88254
9.88058
9.89035
9.90167
9.89191
9.88373
9.8837
9.88373
9.86417
9.87238
9.88373
9.88217
9.88052
9.89035
9.88217
9.88019
9.88019
9.87042
9.86884
9.8345
9.82004
9.82007
9.82159
9.82162
9.80365
9.81189
9.81537
9.81378
9.82043
9.82199
9.82162
9.83139
9.83795
9.83099
9.83099
9.83301
9.82358
9.83179
9.82162
9.81845
10.0312
9.25739
9.77704
9.83887
9.86395
9.91199
9.88867
9.88211
9.88916
9.8956
9.90411
9.93036
9.98239
9.98746
9.96317
9.95966
9.95969
9.97623
9.9863
9.97299
9.96487
9.95187
9.96173
9.96176
9.95032
9.94064
9.93756
9.9375
9.94379
9.9715
9.9715
9.96487
9.97345
9.98282
9.99268
9.99298
9.99457
10.0012
10.0027
9.99106
9.9798
9.98334
9.99963
10.0012
9.99966
10.0059
10.0204
10.0305
10.0172
10.0107
10.011
10.0157
10.0306
10.0356
10.0306
10.0192
10.0192
10.0079
9.99969
9.9899
9.97861
9.98679
9.98019
9.97507
9.96848
9.97507
9.96841
9.94852
9.94733
9.93723
9.93408
9.93597
9.94388
9.9552
9.97345
9.97784
9.96841
9.96652
9.96497
9.97037
9.96844
9.9852
9.98798
9.98676
9.97824
9.98486
9.96533
9.96381
9.96564
9.95715
9.92587
9.93442
9.93762
9.93759
9.92618
9.91455
9.92627
9.92627
9.92627
9.93439
9.93607
9.96378
9.95551
9.95557
9.9458
9.95401
9.9473
9.94894
9.9458
9.92776
9.93408
9.90985
9.91498
9.89532
9.91144
9.91455
9.89691
9.90326
9.88681
9.89493
9.88486
9.88681
9.91498
9.9165
9.94263
9.93408
9.94388
9.93451
9.93451
9.9263
9.91653
9.9231
9.91302
9.92279
9.93256
9.93292
9.92621
9.9408
9.94427
9.93451
9.91327
9.91104
9.90948
9.91455
9.91458
9.90479
9.91141
9.9032
9.91104
9.91302
9.92276
9.92279
9.92276
9.94229
9.93411
9.93408
9.92435
9.92468
9.93253
9.92276
9.92279
9.93097
9.94272
9.93286
9.92432
9.92123
9.89813
9.9017
9.91299
9.93256
9.93286
9.94229
9.95206
9.95364
9.92435
9.93292
9.92471
9.91498
9.92319
9.90521
9.91498
9.90677
9.9133
9.93451
9.9263
9.92627
9.92474
9.92627
9.92502
9.93448
9.92435
9.90979
9.91928
9.93253
9.92438
9.92474
9.93451
9.9328
9.92438
9.92627
9.9165
9.91342
9.91956
9.90323
9.91299
9.90482
9.89337
9.90323
9.89505
9.89343
9.89346
9.90991
9.9017
9.89346
9.89502
9.88361
9.88174
9.86575
9.86414
9.86221
9.88174
9.87552
9.87228
9.8638
9.85245
9.83295
9.82983
9.8396
9.85092
9.84937
9.86069
9.8642
9.87402
9.86603
9.87396
9.87549
9.86926
9.87424
9.86731
9.8493
9.8512
9.87393
9.87393
9.88843
9.89154
9.89191
9.9017
9.88528
9.87396
9.87241
9.8508
9.86224
9.85248
9.84271
9.84271
9.85245
9.83447
9.82306
9.82318
9.81339
9.83966
9.84152
9.84973
9.84933
9.84937
9.86069
9.85403
9.83438
9.8591
9.87357
9.87201
9.8638
9.8642
9.87396
9.86407
9.86221
9.86224
9.86066
9.84427
9.85092
9.84933
9.8544
9.86264
9.86066
9.87042
9.86224
9.86728
9.85596
9.86264
9.86411
9.86377
9.8559
9.85248
9.85089
9.85248
9.8345
9.8313
9.83762
9.84747
9.84271
9.85245
9.84116
9.84933
9.85248
9.84933
9.86887
9.86066
9.88217
9.86575
9.85443
9.83646
9.80704
9.80209
9.79388
9.78061
9.78879
9.77237
9.77081
9.75287
9.75949
9.78418
9.77618
9.78412
9.79233
9.78412
9.78568
9.77271
9.77237
9.78058
9.77396
9.79193
9.78751
9.81183
9.80206
9.79541
9.8103
9.80014
9.80017
9.7728
9.75629
9.76926
9.76263
9.76419
9.76263
9.75128
9.76105
9.75946
9.75946
9.76926
9.78876
9.77396
9.76105
9.7626
9.75638
9.763
9.7728
9.77588
9.78247
9.78058
9.77396
9.78058
9.78058
9.78876
9.80011
9.82162
9.81183
9.82315
9.81494
9.81186
9.80365
9.78403
9.79349
9.78217
9.80011
9.79855
9.80521
9.80206
9.79233
9.7923
9.79385
9.79388
9.79388
9.7923
9.79388
9.78412
9.79892
9.80365
9.80362
9.79224
9.78372
9.78058
9.76419
9.77081
9.76263
9.77084
9.76105
9.77277
9.78256
9.77432
9.77277
9.78253
9.79224
9.76727
9.75595
9.7579
9.7626
9.77081
9.77081
9.76767
9.76923
9.7626
9.75122
9.72162
9.72003
9.72162
9.70209
9.70404
9.70404
9.70404
9.71375
9.71222
9.73175
9.73334
9.72357
9.72198
9.73175
9.74347
9.73529
9.7337
9.73364
9.72513
9.71225
9.71381
9.70392
9.69232
9.69238
9.71066
9.71225
9.69583
9.67941
9.68451
9.69269
9.69427
9.68607
9.69269
9.69263
9.68607
9.68292
9.69421
9.68256
9.68256
9.67276
9.67279
9.68256
9.68918
9.70215
9.70084
9.70871
9.71381
9.71222
9.71222
9.72198
9.71182
9.72354
9.69885
9.70016
9.70871
9.70715
9.71185
9.71182
9.72983
9.7352
9.71536
9.70206
9.70724
9.70911
9.70911
9.73019
9.74316
9.75131
9.7547
9.76459
9.75479
9.75287
9.74152
9.74307
9.75128
9.74814
9.73016
9.72705
9.73178
9.72354
9.7056
9.71381
9.69427
9.70752
9.73172
9.74152
9.72668
9.71692
9.69574
9.68411
9.66809
9.66144
9.65323
9.66302
9.6712
9.67123
9.68256
9.68411
9.70441
9.69269
9.68286
9.69073
9.6712
9.6579
9.65131
9.6579
9.64972
9.63177
9.62354
9.63184
9.65207
9.63556
9.63214
9.63214
9.63217
9.62393
9.6142
9.60599
9.60443
9.61264
9.63058
9.63214
9.64853
9.65985
9.65988
9.66962
9.66458
9.65323
9.65326
9.65479
9.66138
9.65286
9.64975
9.65167
9.62357
9.64035
9.62396
9.64194
9.65012
9.66147
9.67123
9.67279
9.67432
9.66299
9.65317
9.67282
9.67505
9.67462
9.67279
9.69232
9.68411
9.67279
9.66458
9.66144
9.66144
9.66144
9.64349
9.65167
9.65167
9.64191
9.65009
9.64191
9.65012
9.65985
9.65326
9.6337
9.61572
9.6044
9.58481
9.57315
9.56189
9.57199
9.55402
9.56027
9.56027
9.56998
9.56808
9.55988
9.56818
9.56027
9.56027
9.56186
9.55362
9.55362
9.54385
9.53409
9.52588
9.53098
9.50479
9.51144
9.53253
9.5423
9.56183
9.55365
9.56183
9.56183
9.55362
9.56183
9.56186
9.55362
9.55206
9.57159
9.56018
9.57004
9.5798
9.58292
9.60089
9.60092
9.61066
9.60248
9.62042
9.59933
9.59933
9.60089
9.5993
9.59113
9.57471
9.57315
9.58292
9.57318
9.57318
9.56339
9.57318
9.58295
9.60089
9.59271
9.58136
9.57159
9.56183
9.57004
9.54385
9.52591
9.53098
9.53918
9.54385
9.54385
9.54065
9.55988
9.57159
9.54697
9.53409
9.52081
9.52081
9.52747
9.52237
9.52237
9.54855
9.56339
9.57315
9.56339
9.58331
9.56339
9.55362
9.56027
9.55362
9.55206
9.56378
9.58176
9.58487
9.58325
9.57315
9.57159
9.57315
9.58136
9.58447
9.58136
9.57318
9.57318
9.54376
9.5126
9.49973
9.48956
9.50128
9.50128
9.52747
9.53214
9.53214
9.53214
9.54034
9.53058
9.53058
9.5419
9.55011
9.55051
9.54385
9.5423
9.53253
9.5423
9.5419
9.55832
9.55167
9.55167
9.55167
9.54385
9.53409
9.52432
9.52277
9.51291
9.52081
9.52081
9.51923
9.53879
9.53058
9.52902
9.52237
9.50284
9.51926
9.51416
9.51105
9.52237
9.53058
9.53214
9.53253
9.53253
9.55206
9.55362
9.56183
9.55362
9.56339
9.57159
9.56339
9.55206
9.55051
9.5423
9.55051
9.55206
9.55206
9.54385
9.55362
9.56183
9.54376
9.52393
9.53058
9.54855
9.54199
9.5423
9.534
9.53058
9.50433
9.51886
9.52042
9.52042
9.54706
9.54855
9.56494
9.55988
9.56808
9.55011
9.55011
9.55011
9.55011
9.55322
9.55011
9.55988
9.55167
9.55011
9.55011
9.56339
9.53214
9.53058
9.52237
9.52237
9.52237
9.52902
9.5423
9.55206
9.56183
9.57825
9.57159
9.55362
9.55206
9.56183
9.57199
9.56534
9.56027
9.57159
9.57004
9.56183
9.57159
9.57153
9.58105
9.56494
9.57355
9.56534
9.55396
9.55176
9.55051
9.55206
9.54376
9.55011
9.55167
9.55832
9.547
9.53253
9.5423
9.53253
9.53918
9.5126
9.54895
9.54385
9.53064
9.53244
9.53214
9.54034
9.53879
9.552
9.5795
9.58136
9.58957
9.58292
9.59113
9.60089
9.58127
9.56964
9.56299
9.56964
9.56143
9.55832
9.55832
9.55988
9.55988
9.57315
9.59119
9.60284
9.60431
9.61221
9.59424
9.58447
9.56342
9.55362
9.56018
9.5419
9.55994
9.55206