-60.76	-0.1073
-59.76	-0.102234
-58.76	-0.105438
-57.76	-0.110413
-56.76	-0.110413
-55.76	-0.12027
-54.76	-0.138153
-53.76	-0.139801
-52.76	-0.129944
-51.76	-0.139709
-50.76	-0.141357
-49.76	-0.14325
-48.76	-0.141296
-47.76	-0.141296
-46.76	-0.134735
-45.76	-0.121765
-44.76	-0.113556
-43.76	-0.0940247
-42.76	-0.0807495
-41.76	-0.0921326
-40.76	-0.0827026
-39.76	-0.084259
-38.76	-0.0924683
-37.76	-0.0924683
-36.76	-0.105438
-35.76	-0.0955811
-34.76	-0.0924683
-33.76	-0.102234
-32.76	-0.0940247
-31.76	-0.102234
-30.76	-0.0921326
-29.76	-0.0924683
-28.76	-0.0908813
-27.76	-0.0823059
-26.76	-0.0726013
-25.76	-0.072937
-24.76	-0.0827026
-23.76	-0.0662842
-22.76	-0.0612183
-21.76	-0.0627747
-20.76	-0.0628357
-19.76	-0.0549622
-18.76	-0.0514526
-17.76	-0.0432434
-16.76	-0.0514526
-15.76	-0.0530701
-14.76	-0.0631714
-13.76	-0.0612183
-12.76	-0.0709839
-11.76	-0.0627747
-10.76	-0.054657
-9.76	-0.0451965
-8.76	-0.0155029
-7.76	2.47192e-3
-6.76	0.0791016
-5.76	0.118408
-4.76	0.173553
-3.76	0.142548
-2.76	0.0639648
-1.76	0.0959778
-0.760002	-0.0469055
0.239998	0.529114
1.24	0.2034
2.24	0.243805
3.24	0.189026
4.24	0.195435
5.24	0.184875
6.24	0.212921
7.24	0.187866
8.24	0.148712
9.24	0.153473
10.24	0.179657
11.24	0.179657
12.24	0.161621
13.24	0.146851
14.24	0.158478
15.24	0.195984
16.24	0.223724
17.24	0.21701
18.24	0.205658
19.24	0.187317
20.24	0.188965
21.24	0.200592
22.24	0.203705
23.24	0.211853
24.24	0.216614
25.24	0.216614
26.24	0.20871
27.24	0.216614
28.24	0.218475
29.24	0.21817
30.24	0.218475
31.24	0.227936
32.24	0.228241
33.24	0.229797
34.24	0.229492
35.24	0.238007
36.24	0.239258
37.24	0.238007
38.24	0.241211
39.24	0.231384
40.24	0.229797
41.24	0.223175
42.24	0.2099
43.24	0.221283
44.24	0.223175
45.24	0.221619
46.24	0.201691
47.24	0.2099
48.24	0.203339
49.24	0.203644
50.24	0.211853
51.24	0.221619
52.24	0.221619
53.24	0.231049
54.24	0.223175
55.24	0.211853
56.24	0.191925
57.24	0.190369
58.24	0.191925
59.24	0.191986
60.24	0.202087
61.24	0.211853
62.24	0.223175
63.24	0.221222
64.24	0.22287
65.24	0.232941
66.24	0.224731
67.24	0.223175
68.24	0.239563
69.24	0.24115
70.24	0.252533
71.24	0.270813
72.24	0.270447
73.24	0.280212
74.24	0.301361
75.24	0.311462
76.24	0.321228
77.24	0.33255
78.24	0.33255
79.24	0.334198
80.24	0.322784
81.24	0.313019
82.24	0.313019
83.24	0.313019
84.24	0.321228
85.24	0.33255
86.24	0.342377
87.24	0.344269
88.24	0.342316
89.24	0.342316
90.24	0.350525
91.24	0.361847
92.24	0.363403
93.24	0.353638
94.24	0.361847
95.24	0.37326
96.24	0.384888
97.24	0.391541
98.24	0.394653
99.24	0.411072
100.24	0.422394
101.24	0.422394
102.24	0.441986
103.24	0.463409
104.24	0.463409
105.24	0.464966
106.24	0.464966
107.24	0.482941
108.24	0.502472
109.24	0.504028
110.24	0.512238
111.24	0.531769
112.24	0.52356
113.24	0.531769
114.24	0.533325
115.24	0.533417
116.24	0.543488
117.24	0.551697
118.24	0.563019
119.24	0.572784
120.24	0.58255
121.24	0.592316
122.24	0.602081
123.24	0.613495
124.24	0.623566
125.24	0.633331
126.24	0.641541
127.24	0.662628
128.24	0.664185
129.24	0.647766
130.24	0.652863
131.24	0.64621
132.24	0.644653
133.24	0.644653
134.24	0.643097
135.24	0.651306
136.24	0.662628
137.24	0.664185
138.24	0.664276
139.24	0.666138
140.24	0.674347
141.24	0.675903
142.24	0.684113
143.24	0.684113
144.24	0.702087
145.24	0.719727
146.24	0.732941
147.24	0.742706
148.24	0.752472
149.24	0.762238
150.24	0.783722
151.24	0.803253
152.24	0.803253
153.24	0.822845
154.24	0.821228
155.24	0.830994
156.24	0.83255
157.24	0.842316
158.24	0.834106
159.24	0.861908
160.24	0.883331
161.24	0.902863
162.24	0.89621
163.24	0.893097
164.24	0.902863
165.24	0.904419
166.24	0.905975
167.24	0.914185
168.24	0.934113
169.24	0.9552
170.24	0.9552
171.24	0.964966
172.24	0.973175
173.24	0.981384
174.24	0.984497
175.24	1.00253
176.24	1.01575
177.24	1.02396
178.24	1.04504
179.24	1.05481
180.24	1.06302
181.24	1.07434
182.24	1.07434
183.24	1.08255
184.24	1.09232
185.24	1.10052
186.24	1.11185
187.24	1.12161
188.24	1.12317
189.24	1.1427
190.24	1.15442
191.24	1.17395
192.24	1.19348
193.24	1.20325
194.24	1.22287
195.24	1.22473
196.24	1.22473
197.24	1.22473
198.24	1.22318
199.24	1.22473
200.24	1.22473
201.24	1.23294
202.24	1.23605
203.24	1.24426
204.24	1.24777
205.24	1.24612
206.24	1.25403
207.24	1.26389
208.24	1.27396
209.24	1.27396
210.24	1.29193
211.24	1.30325
212.24	1.31458
213.24	1.31458
214.24	1.32278
215.24	1.34232
216.24	1.35373
217.24	1.35403
218.24	1.37201
219.24	1.37512
220.24	1.36691
221.24	1.37512
222.24	1.37668
223.24	1.39465
224.24	1.39621
225.24	1.40628
226.24	1.42404
227.24	1.43567
228.24	1.43567
229.24	1.43567
230.24	1.44232
231.24	1.45364
232.24	1.44543
233.24	1.45364
234.24	1.46341
235.24	1.47318
236.24	1.48605
237.24	1.49426
238.24	1.51379
239.24	1.52356
240.24	1.53333
241.24	1.55481
242.24	1.57278
243.24	1.58411
244.24	1.58255
245.24	1.58411
246.24	1.58411
247.24	1.59396
248.24	1.59583
249.24	1.59583
250.24	1.59573
251.24	1.6134
252.24	1.63293
253.24	1.64465
254.24	1.66428
255.24	1.6759
256.24	1.68567
257.24	1.69543
258.24	1.69534
259.24	1.70325
260.24	1.7048
261.24	1.71497
262.24	1.73294
263.24	1.7345
264.24	1.75412
265.24	1.75443
266.24	1.76575
267.24	1.76575
268.24	1.76575
269.24	1.77551
270.24	1.78528
271.24	1.77707
272.24	1.78528
273.24	1.78528
274.24	1.79504
275.24	1.78528
276.24	1.79504
277.24	1.82278
278.24	1.83606
279.24	1.83762
280.24	1.83597
281.24	1.83566
282.24	1.84543
283.24	1.84543
284.24	1.84543
285.24	1.85715
286.24	1.87512
287.24	1.88489
288.24	1.88644
289.24	1.88489
290.24	1.88489
291.24	1.89465
292.24	1.8931
293.24	1.90442
294.24	1.91418
295.24	1.91769
296.24	1.9259
297.24	1.94388
298.24	1.93723
299.24	2.01779
300.24	1.77786
301.24	1.70895
302.24	1.8063
303.24	1.82068
304.24	1.8577
305.24	1.892
306.24	1.90848
307.24	1.95105
308.24	1.97888
309.24	2.00537
310.24	2.03122
311.24	2.06873
312.24	2.10825
313.24	2.1394
314.24	2.14255
315.24	2.14926
316.24	2.16879
317.24	2.17856
318.24	2.21451
319.24	2.28333
320.24	2.29654
321.24	2.32425
322.24	2.35208
323.24	2.3602
324.24	2.37308
325.24	2.36496
326.24	2.36996
327.24	2.36496
328.24	2.37503
329.24	2.3848
330.24	2.3927
331.24	2.3848
332.24	2.39301
333.24	2.41068
334.24	2.40942
335.24	2.41068
336.24	2.42075
337.24	2.42044
338.24	2.42084
339.24	2.43872
340.24	2.44193
341.24	2.44849
342.24	2.45831
343.24	2.4599
344.24	2.47784
345.24	2.4895
346.24	2.49896
347.24	2.50903
348.24	2.50052
349.24	2.51068
350.24	2.50903
351.24	2.50873
352.24	2.50092
353.24	2.50748
354.24	2.51691
355.24	2.50714
356.24	2.49927
357.24	2.4892
358.24	2.50558
359.24	2.50092
360.24	2.4895
361.24	2.48761
362.24	2.4892
363.24	2.50748
364.24	2.52826
365.24	2.53998
366.24	2.56802
367.24	2.56107
368.24	2.56927
369.24	2.55981
370.24	2.56769
371.24	2.55951
372.24	2.56802
373.24	2.58566
374.24	2.59698
375.24	2.58722
376.24	2.58411
377.24	2.56458
378.24	2.5173
379.24	2.47473
380.24	2.4552
381.24	2.4552
382.24	2.46497
383.24	2.46652
384.24	2.47464
385.24	2.46808
386.24	2.46808
387.24	2.49271
388.24	2.50714
389.24	2.6416
390.24	2.73129
391.24	3.34286
392.24	2.9256
393.24	2.88254
394.24	2.87918
395.24	2.86816
396.24	2.87982
397.24	2.83676
398.24	2.80737
399.24	2.79599
400.24	2.79565
401.24	2.78589
402.24	2.76794
403.24	2.77612
404.24	2.80066
405.24	2.81519
406.24	2.83817
407.24	2.83966
408.24	2.84442
409.24	2.86386
410.24	2.86865
411.24	2.87872
412.24	2.89005
413.24	2.90137
414.24	2.91113
415.24	2.92441
416.24	2.92435
417.24	2.92404
418.24	2.92599
419.24	2.91614
420.24	2.91583
421.24	2.91934
422.24	2.91769
423.24	2.91769
424.24	2.91895
425.24	2.92902
426.24	2.92084
427.24	2.92911
428.24	2.94699
429.24	2.94199
430.24	2.9505
431.24	2.94855
432.24	2.96152
433.24	2.97162
434.24	2.97162
435.24	2.98138
436.24	2.99277
437.24	3.00909
438.24	3.02045
439.24	3.03027
440.24	3.03372
441.24	3.03217
442.24	3.0517
443.24	3.05325
444.24	3.04504
445.24	3.06302
446.24	3.07278
447.24	3.08411
448.24	3.09396
449.24	3.09427
450.24	3.11224
451.24	3.1138
452.24	3.11847
453.24	3.13144
454.24	3.1431
455.24	3.16107
456.24	3.17239
457.24	3.19193
458.24	3.21146
459.24	3.23459
460.24	3.24115
461.24	3.24426
462.24	3.24426
463.24	3.25247
464.24	3.26224
465.24	3.26224
466.24	3.272
467.24	3.28177
468.24	3.3013
469.24	3.30286
470.24	3.30286
471.24	3.30286
472.24	3.31271
473.24	3.32278
474.24	3.32278
475.24	3.32278
476.24	3.34076
477.24	3.35208
478.24	3.37167
479.24	3.37357
480.24	3.40131
481.24	3.41263
482.24	3.41263
483.24	3.41263
484.24	3.42239
485.24	3.42404
486.24	3.4259
487.24	3.44232
488.24	3.46341
489.24	3.46497
490.24	3.49271
491.24	3.51224
492.24	3.51379
493.24	3.52356
494.24	3.51535
495.24	3.52551
496.24	3.51224
497.24	3.51379
498.24	3.53021
499.24	3.54153
500.24	3.56113
501.24	3.56302
502.24	3.57275
503.24	3.57275
504.24	3.57275
505.24	3.59076
506.24	3.58411
507.24	3.60217
508.24	3.61377
509.24	3.62512
510.24	3.64465
511.24	3.65283
512.24	3.67236
513.24	3.68372
514.24	3.70361
515.24	3.71338
516.24	3.73303
517.24	3.75287
518.24	3.7724
519.24	3.77197
520.24	3.78998
521.24	3.80127
522.24	3.82434
523.24	3.83411
524.24	3.83569
525.24	3.85205
526.24	3.8634
527.24	3.883
528.24	3.88489
529.24	3.90283
530.24	3.9126
531.24	3.92236
532.24	3.92395
533.24	3.92236
534.24	3.92236
535.24	3.93213
536.24	3.93213
537.24	3.93372
538.24	3.95331
539.24	3.97314
540.24	3.9845
541.24	4.00244
542.24	4.00403
543.24	4.01221
544.24	4.02045
545.24	4.03021
546.24	4.05139
547.24	4.04346
548.24	4.05322
549.24	4.06299
550.24	4.06458
551.24	4.06458
552.24	4.08411
553.24	4.10364
554.24	4.11182
555.24	4.12512
556.24	4.13489
557.24	4.14465
558.24	4.15442
559.24	4.1626
560.24	4.17395
561.24	4.1853
562.24	4.19348
563.24	4.20166
564.24	4.20325
565.24	4.21497
566.24	4.21497
567.24	4.22314
568.24	4.2345
569.24	4.24426
570.24	4.26221
571.24	4.27356
572.24	4.27356
573.24	4.28333
574.24	4.30292
575.24	4.32275
576.24	4.34424
577.24	4.35559
578.24	4.35718
579.24	4.37354
580.24	4.38489
581.24	4.39465
582.24	4.39465
583.24	4.40442
584.24	4.40442
585.24	4.40601
586.24	4.41418
587.24	4.4259
588.24	4.43567
589.24	4.44543
590.24	4.4552
591.24	4.46497
592.24	4.48291
593.24	4.4845
594.24	4.4845
595.24	4.49426
596.24	4.50244
597.24	4.51221
598.24	4.53174
599.24	4.54504
600.24	4.54504
601.24	4.54504
602.24	4.55481
603.24	4.56458
604.24	4.56616
605.24	4.58252
606.24	4.59387
607.24	4.60364
608.24	4.62158
609.24	4.63135
610.24	4.63647
611.24	4.63489
612.24	4.64465
613.24	4.65442
614.24	4.66418
615.24	4.66577
616.24	4.67236
617.24	4.67395
618.24	4.68372
619.24	4.68372
620.24	4.69348
621.24	4.70325
622.24	4.71301
623.24	4.72473
624.24	4.74268
625.24	4.75403
626.24	4.76379
627.24	4.77356
628.24	4.78333
629.24	4.78333
630.24	4.77356
631.24	4.77362
632.24	4.78369
633.24	4.79504
634.24	4.82123
635.24	4.84387
636.24	4.86536
637.24	4.88489
638.24	4.90442
639.24	4.92395
640.24	4.91577
641.24	4.9259
642.24	4.9259
643.24	4.93567
644.24	4.94543
645.24	4.9552
646.24	4.97314
647.24	4.9845
648.24	4.98608
649.24	5.00403
650.24	5.01575
651.24	5.01733
652.24	5.02551
653.24	5.03528
654.24	5.03528
655.24	5.03528
656.24	5.05322
657.24	5.05481
658.24	5.04663
659.24	5.04504
660.24	5.04663
661.24	5.05481
662.24	5.05475
663.24	5.06268
664.24	5.08606
665.24	5.086
666.24	5.1037
667.24	5.11377
668.24	5.12512
669.24	5.12671
670.24	5.12512
671.24	5.13489
672.24	5.13483
673.24	5.15442
674.24	5.15753
675.24	5.16577
676.24	5.18372
677.24	5.18878
678.24	5.2052
679.24	5.22632
680.24	5.23608
681.24	5.24622
682.24	5.24615
683.24	5.26379
684.24	5.27515
685.24	5.27515
686.24	5.28174
687.24	5.29309
688.24	5.27515
689.24	5.27197
690.24	5.33624
691.24	5.03076
692.24	5.13757
693.24	5.19647
694.24	5.23541
695.24	5.276
696.24	5.34473
697.24	5.37402
698.24	5.37726
699.24	5.39362
700.24	5.40851
701.24	5.4234
702.24	5.44293
703.24	5.46753
704.24	5.49683
705.24	5.52155
706.24	5.54614
707.24	5.56921
708.24	5.58716
709.24	5.60669
710.24	5.62622
711.24	5.63953
712.24	5.64612
713.24	5.65405
714.24	5.68207
715.24	5.69495
716.24	5.69342
717.24	5.70483
718.24	5.7149
719.24	5.71295
720.24	5.72119
721.24	5.72308
722.24	5.72272
723.24	5.71301
724.24	5.72778
725.24	5.72278
726.24	5.73132
727.24	5.74231
728.24	5.75903
729.24	5.76538
730.24	5.77191
731.24	5.77356
732.24	5.78015
733.24	5.77191
734.24	5.76025
735.24	5.75085
736.24	5.75049
737.24	5.75092
738.24	5.74109
739.24	5.74072
740.24	5.74109
741.24	5.74072
742.24	5.7395
743.24	5.7392
744.24	5.74738
745.24	5.74933
746.24	5.74768
747.24	5.75714
748.24	5.75714
749.24	5.7688
750.24	5.77826
751.24	5.77197
752.24	5.78674
753.24	5.78021
754.24	5.78174
755.24	5.78833
756.24	5.79816
757.24	5.80951
758.24	5.80981
759.24	5.80951
760.24	5.80792
761.24	5.80823
762.24	5.80792
763.24	5.79974
764.24	5.78833
765.24	5.8064
766.24	5.80792
767.24	5.8064
768.24	5.79504
769.24	5.76379
770.24	5.73608
771.24	5.71497
772.24	5.7052
773.24	5.69855
774.24	5.68872
775.24	5.67706
776.24	5.6806
777.24	5.68713
778.24	5.72632
779.24	5.79974
780.24	5.97803
781.24	5.96075
782.24	6.48389
783.24	6.09973
784.24	6.08832
785.24	6.12061
786.24	6.11847
787.24	6.1051
788.24	6.08044
789.24	6.09174
790.24	6.08826
791.24	6.11755
792.24	6.11432
793.24	6.10107
794.24	6.0863
795.24	6.07684
796.24	6.09637
797.24	6.11902
798.24	6.1322
799.24	6.14484
800.24	6.16779
801.24	6.18732
802.24	6.20215
803.24	6.21191
804.24	6.22168
805.24	6.22327
806.24	6.22479
807.24	6.23645
808.24	6.24591
809.24	6.25757
810.24	6.27051
811.24	6.28882
812.24	6.28998
813.24	6.29004
814.24	6.29858
815.24	6.30957
816.24	6.32123
817.24	6.33917
818.24	6.35059
819.24	6.36224
820.24	6.37201
821.24	6.37158
822.24	6.37006
823.24	6.3717
824.24	6.37201
825.24	6.37201
826.24	6.37982
827.24	6.39276
828.24	6.40283
829.24	6.41107
830.24	6.41418
831.24	6.41418
832.24	6.42236
833.24	6.44037
834.24	6.45166
835.24	6.46307
836.24	6.47314
837.24	6.48138
838.24	6.48291
839.24	6.49268
840.24	6.51221
841.24	6.51379
842.24	6.53174
843.24	6.5415
844.24	6.57092
845.24	6.58606
846.24	6.58606
847.24	6.604
848.24	6.60559
849.24	6.61536
850.24	6.62512
851.24	6.6333
852.24	6.64154
853.24	6.64307
854.24	6.65295
855.24	6.66107
856.24	6.67236
857.24	6.69385
858.24	6.69543
859.24	6.71497
860.24	6.72473
861.24	6.7345
862.24	6.76068
863.24	6.78174
864.24	6.80292
865.24	6.80481
866.24	6.81299
867.24	6.82275
868.24	6.82434
869.24	6.83252
870.24	6.83411
871.24	6.85205
872.24	6.85364
873.24	6.85364
874.24	6.85364
875.24	6.85364
876.24	6.86029
877.24	6.8634
878.24	6.88135
879.24	6.89465
880.24	6.90442
881.24	6.91272
882.24	6.93408
883.24	6.95361
884.24	6.97314
885.24	6.96497
886.24	6.98138
887.24	6.9845
888.24	6.9845
889.24	6.98291
890.24	6.99268
891.24	7.00409
892.24	7.02545
893.24	7.02356
894.24	7.04315
895.24	7.06458
896.24	7.07629
897.24	7.08447
898.24	7.09424
899.24	7.104
900.24	7.11536
901.24	7.11536
902.24	7.12671
903.24	7.13489
904.24	7.14465
905.24	7.15442
906.24	7.15601
907.24	7.17432
908.24	7.18567
909.24	7.19543
910.24	7.19543
911.24	7.20361
912.24	7.20361
913.24	7.21338
914.24	7.23138
915.24	7.23456
916.24	7.23645
917.24	7.24463
918.24	7.24622
919.24	7.25439
920.24	7.26416
921.24	7.26575
922.24	7.27551
923.24	7.29346
924.24	7.31299
925.24	7.31458
926.24	7.32434
927.24	7.33252
928.24	7.34387
929.24	7.35205
930.24	7.3634
931.24	7.38293
932.24	7.38293
933.24	7.39465
934.24	7.39465
935.24	7.40283
936.24	7.41425
937.24	7.42084
938.24	7.43213
939.24	7.43213
940.24	7.45013
941.24	7.46301
942.24	7.47119
943.24	7.47278
944.24	7.47284
945.24	7.47473
946.24	7.47314
947.24	7.47473
948.24	7.47473
949.24	7.48291
950.24	7.49268
951.24	7.51379
952.24	7.52551
953.24	7.54346
954.24	7.56299
955.24	7.56616
956.24	7.58252
957.24	7.59387
958.24	7.59546
959.24	7.60718
960.24	7.61694
961.24	7.61694
962.24	7.62671
963.24	7.62512
964.24	7.63489
965.24	7.63489
966.24	7.65283
967.24	7.65442
968.24	7.66614
969.24	7.6759
970.24	7.67749
971.24	7.6759
972.24	7.68567
973.24	7.69543
974.24	7.68561
975.24	7.69348
976.24	7.6853
977.24	7.69348
978.24	7.70325
979.24	7.70325
980.24	7.72119
981.24	7.7326
982.24	7.75439
983.24	7.75757
984.24	7.76575
985.24	7.75592
986.24	7.76379
987.24	7.77356
988.24	7.77356
989.24	7.77356
990.24	7.79163
991.24	7.80322
992.24	7.82275
993.24	7.83252
994.24	7.84229
995.24	7.85364
996.24	7.8634
997.24	7.8634
998.24	7.86694
999.24	7.87512
1000.24	7.8587
1001.24	7.85559
1002.24	7.84741
1003.24	7.86377
1004.24	7.86536
1005.24	7.8833
1006.24	7.88489
1007.24	7.89465
1008.24	7.89624
1009.24	7.90442
1010.24	7.90601
1011.24	7.91614
1012.24	7.90796
1013.24	7.91614
1014.24	7.91614
1015.24	7.91614
1016.24	7.93256
1017.24	7.9259
1018.24	7.93408
1019.24	7.93567
1020.24	7.94543
1021.24	7.9552
1022.24	7.95679
1023.24	7.96655
1024.24	7.97632
1025.24	7.97467
1026.24	7.99426
1027.24	7.99426
1028.24	8.00403
1029.24	8.00403
1030.24	7.99585
1031.24	8.00403
1032.24	8.01379
1033.24	8.00714
1034.24	7.99585
1035.24	8.00562
1036.24	8.00403
1037.24	8.02551
1038.24	8.03369
1039.24	8.03528
1040.24	8.05322
1041.24	8.06458
1042.24	8.07434
1043.24	8.07593
1044.24	8.08569
1045.24	8.09583
1046.24	8.09583
1047.24	8.09741
1048.24	8.10559
1049.24	8.10559
1050.24	8.104
1051.24	8.104
1052.24	8.11377
1053.24	8.12354
1054.24	8.13489
1055.24	8.14307
1056.24	8.14624
1057.24	8.14777
1058.24	8.14777
1059.24	8.14624
1060.24	8.13635
1061.24	8.12982
1062.24	8.11847
1063.24	8.11694
1064.24	8.12512
1065.24	8.13647
1066.24	8.14465
1067.24	8.14465
1068.24	8.15637
1069.24	8.14655
1070.24	8.14624
1071.24	8.14465
1072.24	8.14624
1073.24	8.15601
1074.24	8.15442
1075.24	8.16418
1076.24	8.17395
1077.24	8.18372
1078.24	8.18726
1079.24	8.18567
1080.24	8.17749
1081.24	8.26776
1082.24	8.01904
1083.24	8.03491
1084.24	8.12115
1085.24	8.15387
1086.24	8.17126
1087.24	8.20886
1088.24	8.24365
1089.24	8.27136
1090.24	8.27301
1091.24	8.28619
1092.24	8.29254
1093.24	8.32733
1094.24	8.36487
1095.24	8.39264
1096.24	8.41565
1097.24	8.427
1098.24	8.43054
1099.24	8.44031
1100.24	8.45825
1101.24	8.49573
1102.24	8.49731
1103.24	8.50397
1104.24	8.49261
1105.24	8.48413
1106.24	8.50085
1107.24	8.50049
1108.24	8.49261
1109.24	8.50397
1110.24	8.51184
1111.24	8.50397
1112.24	8.51221
1113.24	8.53015
1114.24	8.53998
1115.24	8.54144
1116.24	8.54309
1117.24	8.55164
1118.24	8.55127
1119.24	8.55164
1120.24	8.56104
1121.24	8.5614
1122.24	8.55951
1123.24	8.56927
1124.24	8.57117
1125.24	8.56927
1126.24	8.56958
1127.24	8.56927
1128.24	8.58917
1129.24	8.58093
1130.24	8.57904
1131.24	8.59076
1132.24	8.60706
1133.24	8.61847
1134.24	8.62006
1135.24	8.62659
1136.24	8.62823
1137.24	8.62671
1138.24	8.62006
1139.24	8.61841
1140.24	8.62823
1141.24	8.63959
1142.24	8.63794
1143.24	8.63959
1144.24	8.63135
1145.24	8.61841
1146.24	8.62982
1147.24	8.62817
1148.24	8.62158
1149.24	8.62006
1150.24	8.61682
1151.24	8.62476
1152.24	8.61499
1153.24	8.61847
1154.24	8.62671
1155.24	8.63647
1156.24	8.63635
1157.24	8.62982
1158.24	8.61694
1159.24	8.58411
1160.24	8.53839
1161.24	8.49426
1162.24	8.4552
1163.24	8.43726
1164.24	8.42737
1165.24	8.4173
1166.24	8.39935
1167.24	8.37976
1168.24	8.37158
1169.24	8.39465
1170.24	8.43567
1171.24	8.63025
1172.24	8.66504
1173.24	9.17395
1174.24	8.8183
1175.24	8.81281
1176.24	8.75659
1177.24	8.75763
1178.24	8.74585
1179.24	8.7583
1180.24	8.74371
1181.24	8.72229
1182.24	8.716
1183.24	8.72565
1184.24	8.73364
1185.24	8.73553
1186.24	8.76483
1187.24	8.79755
1188.24	8.81512
1189.24	8.77411
1190.24	8.76434
1191.24	8.758
1192.24	8.75452
1193.24	8.74951
1194.24	8.76111
1195.24	8.76111
1196.24	8.78064
1197.24	8.80176
1198.24	8.80334
1199.24	8.81342
1200.24	8.80334
1201.24	8.7951
1202.24	8.80334
1203.24	8.80487
1204.24	8.79541
1205.24	8.7951
1206.24	8.79669
1207.24	8.78882
1208.24	8.79822
1209.24	8.80011
1210.24	8.80011
1211.24	8.80957
1212.24	8.81964
1213.24	8.81146
1214.24	8.82129
1215.24	8.82941
1216.24	8.84894
1217.24	8.85217
1218.24	8.85248
1219.24	8.8587
1220.24	8.84076
1221.24	8.85059
1222.24	8.84076
1223.24	8.84076
1224.24	8.85059
1225.24	8.86224
1226.24	8.86224
1227.24	8.88177
1228.24	8.87158
1229.24	8.87323
1230.24	8.87201
1231.24	8.88177
1232.24	8.88177
1233.24	8.88135
1234.24	8.89124
1235.24	8.89154
1236.24	8.89972
1237.24	8.91107
1238.24	8.91077
1239.24	8.92084
1240.24	8.92236
1241.24	8.94037
1242.24	8.93372
1243.24	8.94189
1244.24	8.92395
1245.24	8.92249
1246.24	8.92432
1247.24	8.92236
1248.24	8.9126
1249.24	8.90283
1250.24	8.88489
1251.24	8.8833
1252.24	8.88135
1253.24	8.87323
1254.24	8.8833
1255.24	8.8833
1256.24	8.88489
1257.24	8.8833
1258.24	8.8833
1259.24	8.8833
1260.24	8.89154
1261.24	8.89111
1262.24	8.89276
1263.24	8.90131
1264.24	8.89465
1265.24	8.90283
1266.24	8.89307
1267.24	8.8833
1268.24	8.87982
1269.24	8.87323
1270.24	8.89154
1271.24	8.8833
1272.24	8.8833
1273.24	8.90131
1274.24	8.90283
1275.24	8.90448
1276.24	8.89465
1277.24	8.91107
1278.24	8.92084
1279.24	8.9306
1280.24	8.92395
1281.24	8.93372
1282.24	8.94189
1283.24	8.94348
1284.24	8.93372
1285.24	8.93372
1286.24	8.94348
1287.24	8.94348
1288.24	8.94189
1289.24	8.94348
1290.24	8.93372
1291.24	8.94354
1292.24	8.94385
1293.24	8.94543
1294.24	8.94543
1295.24	8.94543
1296.24	8.94543
1297.24	8.9552
1298.24	8.96497
1299.24	8.96338
1300.24	8.97473
1301.24	8.96497
1302.24	8.98138
1303.24	8.98291
1304.24	8.96497
1305.24	8.99115
1306.24	8.99432
1307.24	8.99622
1308.24	8.99622
1309.24	9.01263
1310.24	9.02393
1311.24	9.01379
1312.24	9.01221
1313.24	9.02045
1314.24	9.01379
1315.24	9.00403
1316.24	9.00244
1317.24	9.00403
1318.24	9.00409
1319.24	8.99463
1320.24	9.00439
1321.24	9.00244
1322.24	8.99268
1323.24	9.00092
1324.24	9.00244
1325.24	9.00244
1326.24	9.00409
1327.24	9.01263
1328.24	9.02045
1329.24	9.02045
1330.24	9.02197
1331.24	9.04163
1332.24	9.0517
1333.24	9.06146
1334.24	9.08099
1335.24	9.08417
1336.24	9.08606
1337.24	9.104
1338.24	9.09741
1339.24	9.10559
1340.24	9.10559
1341.24	9.10553
1342.24	9.10364
1343.24	9.08722
1344.24	9.09229
1345.24	9.09387
1346.24	9.09387
1347.24	9.10205
1348.24	9.10217
1349.24	9.12042
1350.24	9.1333
1351.24	9.14154
1352.24	9.14111
1353.24	9.1427
1354.24	9.15253
1355.24	9.15442
1356.24	9.15442
1357.24	9.15442
1358.24	9.14465
1359.24	9.14465
1360.24	9.1626
1361.24	9.16418
1362.24	9.15601
1363.24	9.15442
1364.24	9.16614
1365.24	9.17432
1366.24	9.16418
1367.24	9.15442
1368.24	9.15442
1369.24	9.1626
1370.24	9.17395
1371.24	9.17395
1372.24	9.18567
1373.24	9.19385
1374.24	9.18726
1375.24	9.19385
1376.24	9.18372
1377.24	9.19189
1378.24	9.20166
1379.24	9.19507
1380.24	9.19348
1381.24	9.2052
1382.24	9.2052
1383.24	9.21497
1384.24	9.20679
1385.24	9.21497
1386.24	9.2052
1387.24	9.19543
1388.24	9.19189
1389.24	9.19348
1390.24	9.19348
1391.24	9.21338
1392.24	9.21497
1393.24	9.22473
1394.24	9.2345
1395.24	9.25244
1396.24	9.25403
1397.24	9.26379
1398.24	9.25403
1399.24	9.24426
1400.24	9.25244
1401.24	9.25403
1402.24	9.24426
1403.24	9.24432
1404.24	9.25439
1405.24	9.26416
1406.24	9.26221
1407.24	9.26379
1408.24	9.26221
1409.24	9.26379
1410.24	9.26538
1411.24	9.25562
1412.24	9.26575
1413.24	9.26575
1414.24	9.27551
1415.24	9.29346
1416.24	9.30481
1417.24	9.31458
1418.24	9.32275
1419.24	9.32434
1420.24	9.32593
1421.24	9.31616
1422.24	9.31299
1423.24	9.30481
1424.24	9.29504
1425.24	9.29346
1426.24	9.28174
1427.24	9.28174
1428.24	9.28333
1429.24	9.29309
1430.24	9.30481
1431.24	9.3064
1432.24	9.31458
1433.24	9.32434
1434.24	9.32593
1435.24	9.32593
1436.24	9.30792
1437.24	9.29663
1438.24	9.28522
1439.24	9.28333
1440.24	9.27515
1441.24	9.26379
1442.24	9.25403
1443.24	9.26221
1444.24	9.26538
1445.24	9.26538
1446.24	9.28333
1447.24	9.28333
1448.24	9.29504
1449.24	9.31458
1450.24	9.30481
1451.24	9.31299
1452.24	9.31299
1453.24	9.30286
1454.24	9.3244
1455.24	9.32275
1456.24	9.32434
1457.24	9.32434
1458.24	9.32788
1459.24	9.32629
1460.24	9.31647
1461.24	9.3064
1462.24	9.29663
1463.24	9.29663
1464.24	9.29504
1465.24	9.29504
1466.24	9.30481
1467.24	9.31458
1468.24	9.31458
1469.24	9.32123
1470.24	9.31458
1471.24	9.31299
1472.24	9.40143
1473.24	9.15814
1474.24	9.14307
1475.24	9.19897
1476.24	9.22168
1477.24	9.27747
1478.24	9.31348
1479.24	9.36426
1480.24	9.36267
1481.24	9.36902
1482.24	9.39362
1483.24	9.42999
1484.24	9.43628
1485.24	9.45111
1486.24	9.46912
1487.24	9.50354
1488.24	9.5105
1489.24	9.53131
1490.24	9.54456
1491.24	9.56091
1492.24	9.57898
1493.24	9.59692
1494.24	9.59692
1495.24	9.60364
1496.24	9.62
1497.24	9.62659
1498.24	9.63635
1499.24	9.65277
1500.24	9.65747
1501.24	9.66534
1502.24	9.66565
1503.24	9.66412
1504.24	9.65588
1505.24	9.6524
1506.24	9.66223
1507.24	9.65277
1508.24	9.66223
1509.24	9.68207
1510.24	9.66412
1511.24	9.65247
1512.24	9.66254
1513.24	9.66418
1514.24	9.65125
1515.24	9.67236
1516.24	9.68054
1517.24	9.68213
1518.24	9.69031
1519.24	9.7099
1520.24	9.71802
1521.24	9.70166
1522.24	9.69183
1523.24	9.68842
1524.24	9.68213
1525.24	9.68054
1526.24	9.6806
1527.24	9.69849
1528.24	9.71808
1529.24	9.72119
1530.24	9.72156
1531.24	9.71143
1532.24	9.70825
1533.24	9.7099
1534.24	9.70007
1535.24	9.71808
1536.24	9.72943
1537.24	9.73132
1538.24	9.72943
1539.24	9.73096
1540.24	9.72156
1541.24	9.71967
1542.24	9.71802
1543.24	9.71967
1544.24	9.71967
1545.24	9.71997
1546.24	9.71967
1547.24	9.7099
1548.24	9.71021
1549.24	9.70831
1550.24	9.74426
1551.24	9.89514
1552.24	10.1957
1553.24	10.1881
1554.24	10.178
1555.24	10.1765
1556.24	10.1718
1557.24	10.16
1558.24	10.1011
1559.24	9.99878
1560.24	9.78534
1561.24	9.63275
1562.24	9.59644
1563.24	9.59119
1564.24	9.58264
1565.24	9.55823
1566.24	9.53491
1567.24	9.52197
1568.24	9.51886
1569.24	9.52545
1570.24	9.58417
1571.24	10.0163
1572.24	9.98053
1573.24	10.0185
1574.24	9.88513
1575.24	9.8844
1576.24	9.84918
1577.24	9.78528
1578.24	9.78333
1579.24	9.76685
1580.24	9.77655
1581.24	9.7746
1582.24	9.78442
1583.24	9.77142
1584.24	9.76013
1585.24	9.74017
1586.24	9.75464
1587.24	9.75464
1588.24	9.7663
1589.24	9.75964
1590.24	9.76941
1591.24	9.77911
1592.24	9.78387
1593.24	9.79706
1594.24	9.80847
1595.24	9.80017
1596.24	9.80841
1597.24	9.80176
1598.24	9.80176
1599.24	9.7951
1600.24	9.78217
1601.24	9.79358
1602.24	9.80487
1603.24	9.80487
1604.24	9.78882
1605.24	9.76886
1606.24	9.76892
1607.24	9.7674
1608.24	9.75757
1609.24	9.75916
1610.24	9.76575
1611.24	9.77869
1612.24	9.77081
1613.24	9.77863
1614.24	9.78027
1615.24	9.78882
1616.24	9.7998
1617.24	9.78217
1618.24	9.79034
1619.24	9.78839
1620.24	9.78027
1621.24	9.78687
1622.24	9.78027
1623.24	9.78882
1624.24	9.78021
1625.24	9.76385
1626.24	9.76416
1627.24	9.74622
1628.24	9.73138
1629.24	9.73138
1630.24	9.74933
1631.24	9.74432
1632.24	9.74115
1633.24	9.75092
1634.24	9.74426
1635.24	9.74268
1636.24	9.72314
1637.24	9.71143
1638.24	9.69354
1639.24	9.69232
1640.24	9.69232
1641.24	9.69855
1642.24	9.70331
1643.24	9.69385
1644.24	9.70209
1645.24	9.69385
1646.24	9.70013
1647.24	9.69189
1648.24	9.70178
1649.24	9.72162
1650.24	9.73138
1651.24	9.74115
1652.24	9.7428
1653.24	9.73291
1654.24	9.75092
1655.24	9.75092
1656.24	9.75092
1657.24	9.75409
1658.24	9.75439
1659.24	9.75092
1660.24	9.75244
1661.24	9.74426
1662.24	9.74268
1663.24	9.75244
1664.24	9.74426
1665.24	9.74426
1666.24	9.74426
1667.24	9.75092
1668.24	9.76233
1669.24	9.77551
1670.24	9.77393
1671.24	9.76221
1672.24	9.76221
1673.24	9.76221
1674.24	9.75403
1675.24	9.74268
1676.24	9.72473
1677.24	9.72119
1678.24	9.72278
1679.24	9.71301
1680.24	9.71307
1681.24	9.73138
1682.24	9.73291
1683.24	9.7345
1684.24	9.72473
1685.24	9.73291
1686.24	9.72473
1687.24	9.72314
1688.24	9.71497
1689.24	9.72314
1690.24	9.72314
1691.24	9.7428
1692.24	9.7345
1693.24	9.74268
1694.24	9.75244
1695.24	9.75244
1696.24	9.76068
1697.24	9.76221
1698.24	9.74426
1699.24	9.74268
1700.24	9.75256
1701.24	9.74426
1702.24	9.7345
1703.24	9.73291
1704.24	9.74115
1705.24	9.7345
1706.24	9.72473
1707.24	9.72314
1708.24	9.72314
1709.24	9.73291
1710.24	9.7345
1711.24	9.76233
1712.24	9.76416
1713.24	9.76221
1714.24	9.75403
1715.24	9.75244
1716.24	9.75092
1717.24	9.74426
1718.24	9.7345
1719.24	9.73291
1720.24	9.74432
1721.24	9.73645
1722.24	9.72473
1723.24	9.72473
1724.24	9.72314
1725.24	9.71338
1726.24	9.7052
1727.24	9.71338
1728.24	9.71185
1729.24	9.72162
1730.24	9.71143
1731.24	9.71307
1732.24	9.72314
1733.24	9.73291
1734.24	9.71497
1735.24	9.71497
1736.24	9.71655
1737.24	9.72473
1738.24	9.70679
1739.24	9.71497
1740.24	9.7345
1741.24	9.74622
1742.24	9.76416
1743.24	9.77393
1744.24	9.79346
1745.24	9.78528
1746.24	9.78528
1747.24	9.78369
1748.24	9.78528
1749.24	9.7771
1750.24	9.78528
1751.24	9.78528
1752.24	9.78528
1753.24	9.78369
1754.24	9.79346
1755.24	9.79974
1756.24	9.79309
1757.24	9.78339
1758.24	9.79346
1759.24	9.7771
1760.24	9.77551
1761.24	9.77551
1762.24	9.76575
1763.24	9.76569
1764.24	9.76379
1765.24	9.77356
1766.24	9.77356
1767.24	9.78333
1768.24	9.79468
1769.24	9.80481
1770.24	9.81458
1771.24	9.79816
1772.24	9.79663
1773.24	9.78687
1774.24	9.77551
1775.24	9.78528
1776.24	9.76733
1777.24	9.77393
1778.24	9.77393
1779.24	9.77551
1780.24	9.78369
1781.24	9.79346
1782.24	9.80481
1783.24	9.81458
1784.24	9.82593
1785.24	9.82434
1786.24	9.83411
1787.24	9.84387
1788.24	9.85718
1789.24	9.85559
1790.24	9.85559
1791.24	9.85559
1792.24	9.84741
1793.24	9.84583
1794.24	9.83252
1795.24	9.83252
1796.24	9.83252
1797.24	9.82275
1798.24	9.84229
1799.24	9.83411
1800.24	9.83569
1801.24	9.82593
1802.24	9.82593
1803.24	9.83411
1804.24	9.82593
1805.24	9.82593
1806.24	9.83252
1807.24	9.83411
1808.24	9.85205
1809.24	9.85718
1810.24	9.86536
1811.24	9.87512
1812.24	9.86694
1813.24	9.86536
1814.24	9.85559
1815.24	9.86536
1816.24	9.84741
1817.24	9.84424
1818.24	9.84583
1819.24	9.85718
1820.24	9.85718
1821.24	9.85559
1822.24	9.85553
1823.24	9.87317
1824.24	9.87476
1825.24	9.88293
1826.24	9.89465
1827.24	9.89465
1828.24	9.88293
1829.24	9.87476
1830.24	9.87158
1831.24	9.86499
1832.24	9.85364
1833.24	9.86182
1834.24	9.87317
1835.24	9.88293
1836.24	9.88135
1837.24	9.88293
1838.24	9.87476
1839.24	9.86499
1840.24	9.86499
1841.24	9.8634
1842.24	9.87512
1843.24	9.8833
1844.24	9.88489
1845.24	9.89307
1846.24	9.87317
1847.24	9.87317
1848.24	9.87476
1849.24	9.88489
1850.24	9.88489
1851.24	9.87671
1852.24	9.87512
1853.24	9.87512
1854.24	9.87512
1855.24	9.8634
1856.24	9.87512
1857.24	9.8833
1858.24	9.88489
1859.24	9.88135
1860.24	9.89111
1861.24	9.90442
1862.24	9.90442
1863.24	9.90442
1864.24	9.90442
1865.24	9.91418
1866.24	9.90601
1867.24	9.888
1868.24	9.90442
1869.24	9.89624
1870.24	9.86847
1871.24	9.90479
1872.24	10.0309
1873.24	9.70081
1874.24	9.73132
1875.24	9.79871
1876.24	9.86218
1877.24	9.89825
1878.24	9.91302
1879.24	9.9162
1880.24	9.91315
1881.24	9.92639
1882.24	9.94098
1883.24	9.94635
1884.24	9.94604
1885.24	9.95624
1886.24	9.9726
1887.24	9.97925
1888.24	9.98749
1889.24	9.9856
1890.24	9.99567
1891.24	10.0055
1892.24	10.0136
1893.24	10.0153
1894.24	10.0121
1895.24	10.0004
1896.24	9.9989
1897.24	9.9989
1898.24	10.0168
1899.24	10.0333
1900.24	10.0461
1901.24	10.0559
1902.24	10.0657
1903.24	10.0657
1904.24	10.0657
1905.24	10.056
1906.24	10.0645
1907.24	10.0629
1908.24	10.0642
1909.24	10.0645
1910.24	10.0645
1911.24	10.0528
1912.24	10.0462
1913.24	10.0352
1914.24	10.0317
1915.24	10.0153
1916.24	10.0037
1917.24	10.0106
1918.24	10.0236
1919.24	10.0219
1920.24	10.0219
1921.24	10.0317
1922.24	10.0317
1923.24	10.0236
1924.24	10.0137
1925.24	10.0317
1926.24	10.0419
1927.24	10.0317
1928.24	10.04
1929.24	10.0415
1930.24	10.0383
1931.24	10.0138
1932.24	10.0106
1933.24	10.0122
1934.24	10.009
1935.24	10.0005
1936.24	10.0009
1937.24	10.009
1938.24	10.0087
1939.24	9.99109
1940.24	9.99072
1941.24	9.99927
1942.24	10.0005
1943.24	10.0091
1944.24	10.0009
1945.24	9.99072
1946.24	9.9895
1947.24	9.99896
1948.24	9.99261
1949.24	9.99072
1950.24	10.0009
1951.24	10.0106
1952.24	10.0005
1953.24	9.98792
1954.24	9.9892
1955.24	9.98761
1956.24	9.96802
1957.24	9.96808
1958.24	9.96655
1959.24	9.96808
1960.24	9.96967
1961.24	9.96021
1962.24	9.95831
1963.24	9.95013
1964.24	9.94849
1965.24	9.95013
1966.24	9.93878
1967.24	9.94537
1968.24	9.94507
1969.24	9.93683
1970.24	9.92706
1971.24	9.92902
1972.24	9.9176
1973.24	9.90912
1974.24	9.90753
1975.24	9.90948
1976.24	9.91608
1977.24	9.9173
1978.24	9.90753
1979.24	9.91577
1980.24	9.91577
1981.24	9.9176
1982.24	9.90753
1983.24	9.90601
1984.24	9.89777
1985.24	9.90753
1986.24	9.90784
1987.24	9.90753
1988.24	9.90601
1989.24	9.88959
1990.24	9.89807
1991.24	9.88647
1992.24	9.88647
1993.24	9.88647
1994.24	9.888
1995.24	9.88647
1996.24	9.88647
1997.24	9.87659
1998.24	9.87476
1999.24	9.87671
2000.24	9.86694
2001.24	9.87512
2002.24	9.86694
2003.24	9.87512
2004.24	9.87671
2005.24	9.87512
2006.24	9.86694
2007.24	9.87671
2008.24	9.87506
2009.24	9.86652
2010.24	9.8634
2011.24	9.87671
2012.24	9.86694
2013.24	9.86536
2014.24	9.87354
2015.24	9.86536
2016.24	9.86182
2017.24	9.85364
2018.24	9.85205
2019.24	9.85364
2020.24	9.84387
2021.24	9.83411
2022.24	9.84387
2023.24	9.85364
2024.24	9.85364
2025.24	9.85364
2026.24	9.84546
2027.24	9.83569
2028.24	9.83411
2029.24	9.82434
2030.24	9.83411
2031.24	9.82593
2032.24	9.82434
2033.24	9.81458
2034.24	9.82434
2035.24	9.82434
2036.24	9.82434
2037.24	9.82434
2038.24	9.83252
2039.24	9.82593
2040.24	9.82434
2041.24	9.81616
2042.24	9.8064
2043.24	9.79663
2044.24	9.79504
2045.24	9.78522
2046.24	9.78333
2047.24	9.79309
2048.24	9.79309
2049.24	9.78491
2050.24	9.79663
2051.24	9.78839
2052.24	9.79663
2053.24	9.79816
2054.24	9.79498
2055.24	9.80286
2056.24	9.81458
2057.24	9.82434
2058.24	9.82434
2059.24	9.83417
2060.24	9.83606
2061.24	9.83606
2062.24	9.83606
2063.24	9.84424
2064.24	9.83765
2065.24	9.83606
2066.24	9.83752
2067.24	9.82593
2068.24	9.82593
2069.24	9.81616
2070.24	9.81616
2071.24	9.80792
2072.24	9.79663
2073.24	9.78528
2074.24	9.76569
2075.24	9.76379
2076.24	9.74585
2077.24	9.75403
2078.24	9.76538
2079.24	9.77863
2080.24	9.78687
2081.24	9.77863
2082.24	9.78522
2083.24	9.77515
2084.24	9.77515
2085.24	9.75714
2086.24	9.77551
2087.24	9.7771
2088.24	9.77863
2089.24	9.79498
2090.24	9.8064
2091.24	9.80792
2092.24	9.79816
2093.24	9.8064
2094.24	9.80792
2095.24	9.78833
2096.24	9.78839
2097.24	9.78687
2098.24	9.77856
2099.24	9.76691
2100.24	9.76691
2101.24	9.76733
2102.24	9.76886
2103.24	9.75592
2104.24	9.76379
2105.24	9.76538
2106.24	9.76691
2107.24	9.75714
2108.24	9.75757
2109.24	9.75909
2110.24	9.74768
2111.24	9.73761
2112.24	9.72784
2113.24	9.72632
2114.24	9.7262
2115.24	9.73608
2116.24	9.74738
2117.24	9.74585
2118.24	9.75562
2119.24	9.76575
2120.24	9.76733
2121.24	9.76575
2122.24	9.75757
2123.24	9.75745
2124.24	9.75562
2125.24	9.74896
2126.24	9.74933
2127.24	9.7395
2128.24	9.73761
2129.24	9.74585
2130.24	9.73761
2131.24	9.7345
2132.24	9.73608
2133.24	9.73639
2134.24	9.74426
2135.24	9.73608
2136.24	9.73761
2137.24	9.73608
2138.24	9.72632
2139.24	9.73608
2140.24	9.73608
2141.24	9.73639
2142.24	9.72632
2143.24	9.73608
2144.24	9.73608
2145.24	9.72632
2146.24	9.70831
2147.24	9.69855
2148.24	9.68561
2149.24	9.69348
2150.24	9.69507
2151.24	9.70679
2152.24	9.71497
2153.24	9.71655
2154.24	9.71655
2155.24	9.72632
2156.24	9.72473
2157.24	9.72632
2158.24	9.72632
2159.24	9.72473
2160.24	9.72473
2161.24	9.72467
2162.24	9.72278
2163.24	9.72632
2164.24	9.71655
2165.24	9.71655
2166.24	9.70679
2167.24	9.69702
2168.24	9.67902
2169.24	9.67584
2170.24	9.67554
2171.24	9.67395
2172.24	9.66577
2173.24	9.66577
2174.24	9.67236
2175.24	9.65753
2176.24	9.65601
2177.24	9.64624
2178.24	9.62671
2179.24	9.62512
2180.24	9.61694
2181.24	9.61536
2182.24	9.62354
2183.24	9.61694
2184.24	9.6153
2185.24	9.62476
2186.24	9.62317
2187.24	9.62317
2188.24	9.62671
2189.24	9.6333
2190.24	9.63489
2191.24	9.62671
2192.24	9.62512
2193.24	9.63489
2194.24	9.63647
2195.24	9.63647
2196.24	9.63489
2197.24	9.6333
2198.24	9.63489
2199.24	9.62671
2200.24	9.60718
2201.24	9.60559
2202.24	9.60559
2203.24	9.59894
2204.24	9.586
2205.24	9.57434
2206.24	9.58411
2207.24	9.57593
2208.24	9.5564
2209.24	9.55481
2210.24	9.54504
2211.24	9.53687
2212.24	9.54504
2213.24	9.54663
2214.24	9.5564
2215.24	9.56616
2216.24	9.57788
2217.24	9.58606
2218.24	9.58606
2219.24	9.57623
2220.24	9.57434
2221.24	9.57434
2222.24	9.57434
2223.24	9.57593
2224.24	9.57593
2225.24	9.56769
2226.24	9.56616
2227.24	9.56616
2228.24	9.5564
2229.24	9.5564
2230.24	9.55481
2231.24	9.55481
2232.24	9.54498
2233.24	9.53491
2234.24	9.53491
2235.24	9.55481
2236.24	9.5564
2237.24	9.5564
2238.24	9.56458
2239.24	9.57275
2240.24	9.57434
2241.24	9.55792
2242.24	9.54504
2243.24	9.55322
2244.24	9.5564
2245.24	9.5564
2246.24	9.5564
2247.24	9.56458
2248.24	9.55005
2249.24	9.54663
2250.24	9.54663
2251.24	9.54663
2252.24	9.53839
2253.24	9.53522
2254.24	9.55286
2255.24	9.56458
2256.24	9.56458
2257.24	9.56458
2258.24	9.56458
2259.24	9.5564
2260.24	9.54309
2261.24	9.54309
2262.24	9.54309
2263.24	9.53491
2264.24	9.54504
2265.24	9.54504
2266.24	9.54504
2267.24	9.54663
2268.24	9.54663
2269.24	9.55481
2270.24	9.54663
2271.24	9.55481
2272.24	9.54504
2273.24	9.54504
2274.24	9.54663
2275.24	9.5271
2276.24	9.5271
2277.24	9.52545
2278.24	9.53491
2279.24	9.54309
2280.24	9.53839
2281.24	9.54504
2282.24	9.55481
2283.24	9.56458
2284.24	9.5564
2285.24	9.54504
2286.24	9.55322
2287.24	9.55481
2288.24	9.54663
2289.24	9.5271
2290.24	9.52551
2291.24	9.51733
2292.24	9.50745
2293.24	9.50562
2294.24	9.50562
2295.24	9.48761
2296.24	9.49585
2297.24	9.49585
2298.24	9.49426
2299.24	9.49426
2300.24	9.4845
2301.24	9.4845
2302.24	9.4845
2303.24	9.48608
2304.24	9.48639
2305.24	9.48608
2306.24	9.48608
2307.24	9.48608
2308.24	9.4845
2309.24	9.4845
2310.24	9.47632
2311.24	9.47632
2312.24	9.47473
2313.24	9.47473
2314.24	9.47632
2315.24	9.46655
2316.24	9.46338
2317.24	9.46497
2318.24	9.4552
2319.24	9.4552
2320.24	9.44543
2321.24	9.45361
2322.24	9.4552
2323.24	9.46338
2324.24	9.46497
2325.24	9.46655
2326.24	9.47632
2327.24	9.47632
2328.24	9.47632
2329.24	9.48639
2330.24	9.49585
2331.24	9.50562
2332.24	9.49896
2333.24	9.4895
2334.24	9.49585
2335.24	9.47943
2336.24	9.47632
2337.24	9.47632
2338.24	9.47314
2339.24	9.46655
2340.24	9.45667
2341.24	9.45483
2342.24	9.45483
2343.24	9.44507
2344.24	9.4353
2345.24	9.43372
2346.24	9.43372
2347.24	9.43726
2348.24	9.44543
2349.24	9.43726
2350.24	9.4552
2351.24	9.45679
2352.24	9.46655
2353.24	9.46497
2354.24	9.46497
2355.24	9.4649
2356.24	9.46655
2357.24	9.46497
2358.24	9.46497
2359.24	9.47473
2360.24	9.4845
2361.24	9.49268
2362.24	9.50403
2363.24	9.50562
2364.24	9.50403
2365.24	9.50714
2366.24	9.50562
2367.24	9.50562
2368.24	9.51575
2369.24	9.49585
2370.24	9.4978
2371.24	9.4845
2372.24	9.4649
2373.24	9.45483
2374.24	9.45325
2375.24	9.46301
2376.24	9.45483
2377.24	9.47314
2378.24	9.46655
2379.24	9.47314
2380.24	9.47473
2381.24	9.45483
2382.24	9.45325
2383.24	9.44507
2384.24	9.44348
2385.24	9.4353
2386.24	9.43372
2387.24	9.44543
2388.24	9.44702
2389.24	9.4552
2390.24	9.45679
2391.24	9.4469
2392.24	9.44507
2393.24	9.4353
2394.24	9.43372
2395.24	9.42554
2396.24	9.41577
2397.24	9.41418
2398.24	9.41418
2399.24	9.40601
2400.24	9.38647
2401.24	9.38489
2402.24	9.40283
2403.24	9.41418
2404.24	9.41418
2405.24	9.40442
2406.24	9.40442
2407.24	9.41418
2408.24	9.39624
2409.24	9.38647
2410.24	9.37671
2411.24	9.38489
2412.24	9.39465
2413.24	9.39465
2414.24	9.40283
2415.24	9.39624
2416.24	9.40637
2417.24	9.40637
2418.24	9.39807
2419.24	9.39624
2420.24	9.41418
2421.24	9.41418
2422.24	9.41418
2423.24	9.41418
2424.24	9.41418
2425.24	9.39624
2426.24	9.38647
2427.24	9.38647
2428.24	9.38647
2429.24	9.37659
2430.24	9.37317
2431.24	9.37317
2432.24	9.37476
2433.24	9.3634
2434.24	9.3634
2435.24	9.35522
2436.24	9.33722
2437.24	9.34387
2438.24	9.32593
2439.24	9.31616
2440.24	9.31616
2441.24	9.31299
2442.24	9.32275
2443.24	9.32434
2444.24	9.32434
2445.24	9.34229
2446.24	9.34387
2447.24	9.34741
2448.24	9.35559
2449.24	9.34741
2450.24	9.33765
2451.24	9.33606
2452.24	9.32623
2453.24	9.32434
2454.24	9.31616
2455.24	9.31458
2456.24	9.32434
2457.24	9.34387
2458.24	9.35364
2459.24	9.3634
2460.24	9.3634
2461.24	9.3634
2462.24	9.3634
2463.24	9.35364
2464.24	9.35364
2465.24	9.35364
2466.24	9.34546
2467.24	9.35364
2468.24	9.35522
2469.24	9.34546
2470.24	9.34546
2471.24	9.34387
2472.24	9.34387
2473.24	9.34741
2474.24	9.34741
2475.24	9.34741
2476.24	9.34576
2477.24	9.37317
2478.24	9.36499
2479.24	9.35675
2480.24	9.35364
2481.24	9.34546
2482.24	9.34387
2483.24	9.33569
2484.24	9.33411
2485.24	9.33252
2486.24	9.33411
2487.24	9.34076
2488.24	9.34387
2489.24	9.34229
2490.24	9.33569
2491.24	9.33569
2492.24	9.33569
2493.24	9.33569
2494.24	9.33411
2495.24	9.33765
2496.24	9.32434
2497.24	9.33252
2498.24	9.31616
2499.24	9.3064
2500.24	9.30475
2501.24	9.30286
2502.24	9.31458
2503.24	9.31616
2504.24	9.31458
2505.24	9.3064
2506.24	9.30481
2507.24	9.30481
2508.24	9.31458
2509.24	9.31458
2510.24	9.32434
2511.24	9.32434
2512.24	9.31616
2513.24	9.31616
2514.24	9.31616
2515.24	9.31458
2516.24	9.3064
2517.24	9.31458
2518.24	9.32434
2519.24	9.32434
2520.24	9.3064
2521.24	9.30475
2522.24	9.3064
2523.24	9.30481
2524.24	9.28839
2525.24	9.30481
2526.24	9.31616
2527.24	9.31616
2528.24	9.30481
2529.24	9.30481
2530.24	9.32275
2531.24	9.31616
2532.24	9.30481
2533.24	9.30322
2534.24	9.30481
2535.24	9.31458
2536.24	9.31616
2537.24	9.31458
2538.24	9.29663
2539.24	9.30481
2540.24	9.31299
2541.24	9.31458
2542.24	9.30481
2543.24	9.29504
2544.24	9.30322
2545.24	9.30481
2546.24	9.30481
2547.24	9.28687
2548.24	9.29504
2549.24	9.30322
2550.24	9.29663
2551.24	9.29504
2552.24	9.29663
2553.24	9.29663
2554.24	9.30481
2555.24	9.30481
2556.24	9.31458
2557.24	9.31616
2558.24	9.32629
2559.24	9.32629
2560.24	9.31647
2561.24	9.3064
2562.24	9.3064
2563.24	9.30481
2564.24	9.28687
2565.24	9.2771
2566.24	9.27551
2567.24	9.26733
2568.24	9.26733
2569.24	9.26575
2570.24	9.27551
2571.24	9.28687
2572.24	9.28528
2573.24	9.28522
2574.24	9.28333
2575.24	9.28491
2576.24	9.27356
2577.24	9.27356
2578.24	9.26379
2579.24	9.25403
2580.24	9.25403
2581.24	9.25244
2582.24	9.24585
2583.24	9.25244
2584.24	9.25562
2585.24	9.27197
2586.24	9.27356
2587.24	9.28333
2588.24	9.28333
2589.24	9.27515
2590.24	9.26538
2591.24	9.26379
2592.24	9.25562
2593.24	9.24585
2594.24	9.24426
2595.24	9.23608
2596.24	9.22473
2597.24	9.22473
2598.24	9.2345
2599.24	9.2345
2600.24	9.24426
2601.24	9.24426
2602.24	9.24585
2603.24	9.23792
2604.24	9.24432
2605.24	9.2345
2606.24	9.2345
2607.24	9.22467
2608.24	9.2345
2609.24	9.2345
2610.24	9.2345
2611.24	9.22632
2612.24	9.22632
2613.24	9.21497
2614.24	9.21967
2615.24	9.21301
2616.24	9.20325
2617.24	9.20331
2618.24	9.2052
2619.24	9.20361
2620.24	9.19543
2621.24	9.19385
2622.24	9.20361
2623.24	9.19702
2624.24	9.19543
2625.24	9.19543
2626.24	9.19702
2627.24	9.19543
2628.24	9.20679
2629.24	9.21497
2630.24	9.22467
2631.24	9.2345
2632.24	9.24585
2633.24	9.24585
2634.24	9.23608
2635.24	9.2345
2636.24	9.21655
2637.24	9.21497
2638.24	9.19543
2639.24	9.20361
2640.24	9.2052
2641.24	9.1853
2642.24	9.19543
2643.24	9.18726
2644.24	9.17902
2645.24	9.1759
2646.24	9.18567
2647.24	9.18567
2648.24	9.18567
2649.24	9.18567
2650.24	9.18408
2651.24	9.19543
2652.24	9.18567
2653.24	9.20361
2654.24	9.19702
2655.24	9.19385
2656.24	9.20361
2657.24	9.21497
2658.24	9.21497
2659.24	9.2052
2660.24	9.2052
2661.24	9.21338
2662.24	9.20679
2663.24	9.20679
2664.24	9.2052
2665.24	9.19702
2666.24	9.19702
2667.24	9.18713
2668.24	9.17706
2669.24	9.17554
2670.24	9.16577
2671.24	9.17395
2672.24	9.17395
2673.24	9.19385
2674.24	9.18372
2675.24	9.19189
2676.24	9.19702
2677.24	9.18726
2678.24	9.17749
2679.24	9.1759
2680.24	9.17749
2681.24	9.18408
2682.24	9.18567
2683.24	9.16772
2684.24	9.1759
2685.24	9.18408
2686.24	9.18567
2687.24	9.17749
2688.24	9.1759
2689.24	9.18567
2690.24	9.18567
2691.24	9.19385
2692.24	9.18567
2693.24	9.1759
2694.24	9.18567
2695.24	9.1759
2696.24	9.16772
2697.24	9.16614
2698.24	9.16772
2699.24	9.1759
2700.24	9.1759
2701.24	9.1759
2702.24	9.1759
2703.24	9.18408
2704.24	9.1759
2705.24	9.1759
2706.24	9.18567
2707.24	9.17749
2708.24	9.1759
2709.24	9.17584
2710.24	9.17395
2711.24	9.16577
2712.24	9.16418
2713.24	9.16577
2714.24	9.17395
2715.24	9.16577
2716.24	9.16418
2717.24	9.16418
2718.24	9.15442
2719.24	9.14465
2720.24	9.12671
2721.24	9.11694
2722.24	9.12512
2723.24	9.11694
2724.24	9.11536
2725.24	9.11536
2726.24	9.11536
2727.24	9.12512
2728.24	9.11536
2729.24	9.11536
2730.24	9.12512
2731.24	9.12671
2732.24	9.13489
2733.24	9.1153
2734.24	9.11499
2735.24	9.10522
2736.24	9.10364
2737.24	9.09387
2738.24	9.09229
2739.24	9.09387
2740.24	9.09229
2741.24	9.1037
2742.24	9.10559
2743.24	9.10559
2744.24	9.09583
2745.24	9.08606
2746.24	9.09583
2747.24	9.09583
2748.24	9.09583
2749.24	9.07623
2750.24	9.0744
2751.24	9.08447
2752.24	9.07434
2753.24	9.08252
2754.24	9.09583
2755.24	9.10559
2756.24	9.11536
2757.24	9.11694
2758.24	9.11694
2759.24	9.1153
2760.24	9.10522
2761.24	9.09546
2762.24	9.09387
2763.24	9.08411
2764.24	9.08411
2765.24	9.08252
2766.24	9.07275
2767.24	9.08417
2768.24	9.08447
2769.24	9.08606
2770.24	9.07434
2771.24	9.07434
2772.24	9.07434
2773.24	9.05627
	
