-2.319949999999999790e-01
-2.414550000000000307e-01
-2.351070000000000104e-01
-2.238159999999999872e-01
-2.120969999999999800e-01
-2.039789999999999937e-01
-2.042849999999999944e-01
-2.023319999999999841e-01
-2.218630000000000047e-01
-2.219239999999999824e-01
-2.253420000000000145e-01
-2.238159999999999872e-01
-2.238159999999999872e-01
-2.218630000000000047e-01
-2.137449999999999906e-01
-2.140499999999999903e-01
-2.202760000000000273e-01
-2.235110000000000152e-01
-2.238159999999999872e-01
-2.140499999999999903e-01
-2.023319999999999841e-01
-2.039789999999999937e-01
-1.945189999999999975e-01
-1.843259999999999899e-01
-1.827999999999999903e-01
-1.730349999999999944e-01
-1.746830000000000049e-01
-1.663820000000000021e-01
-1.632689999999999975e-01
-1.535030000000000006e-01
-1.550290000000000001e-01
-1.647949999999999970e-01
-1.530759999999999899e-01
-1.547240000000000004e-01
-1.550290000000000001e-01
-1.550290000000000001e-01
-1.370849999999999846e-01
-1.257319999999999827e-01
-1.042480000000000073e-01
-8.471679999999999489e-02
-9.301760000000000583e-02
-8.319089999999999818e-02
-7.653810000000001168e-02
-7.342529999999999890e-02
-7.495119999999999560e-02
-6.677249999999999852e-02
-6.518550000000000733e-02
-7.495119999999999560e-02
-6.323240000000000804e-02
-7.312010000000000731e-02
-6.518550000000000733e-02
-7.342529999999999890e-02
-4.724119999999999708e-02
-3.393550000000000039e-02
1.837159999999999835e-02
2.247920000000000196e-01
2.530519999999999992e-01
1.436160000000000214e-01
3.070070000000000091e-02
1.379389999999999956e-02
-5.599979999999999958e-01
1.048399999999999999e+00
1.576049999999999951e+00
2.484739999999999949e+00
3.087340000000000195e+00
3.485599999999999810e+00
3.831730000000000302e+00
4.053830000000000489e+00
4.217039999999999900e+00
4.378779999999999895e+00
4.492860000000000298e+00
4.593989999999999796e+00
4.687380000000000102e+00
4.778749999999999609e+00
4.852540000000000298e+00
4.940430000000000099e+00
5.015439999999999898e+00
5.087280000000000690e+00
5.150940000000000296e+00
5.204900000000000304e+00
5.254030000000000200e+00
5.294620000000000104e+00
5.337280000000000690e+00
5.378230000000000288e+00
5.432129999999999903e+00
5.471189999999999998e+00
5.504030000000000200e+00
5.542969999999999509e+00
5.573909999999999698e+00
5.613400000000000389e+00
5.660639999999999894e+00
5.704769999999999897e+00
5.744139999999999802e+00
5.786439999999999806e+00
5.835630000000000095e+00
5.856690000000000396e+00
5.905580000000000496e+00
5.935179999999999900e+00
5.969240000000000101e+00
6.007080000000000197e+00
6.037959999999999994e+00
6.067630000000000301e+00
6.088750000000000107e+00
6.136350000000000193e+00
6.155580000000000496e+00
6.194950000000000401e+00
6.229000000000000092e+00
6.265259999999999607e+00
6.307500000000000107e+00
6.337159999999999904e+00
6.377810000000000201e+00
6.407469999999999999e+00
6.430180000000000007e+00
6.448059999999999903e+00
6.459410000000000096e+00
6.479000000000000092e+00
6.489069999999999894e+00
6.516849999999999810e+00
6.537959999999999994e+00
6.575810000000000599e+00
6.606319999999999304e+00
6.635989999999999611e+00
6.666869999999999408e+00
6.706299999999999706e+00
6.737180000000000391e+00
6.766849999999999810e+00
6.797730000000000494e+00
6.837160000000000792e+00
6.858280000000000598e+00
6.876219999999999999e+00
6.905580000000000496e+00
6.936770000000000103e+00
6.948119999999999408e+00
6.966060000000000585e+00
6.988769999999999705e+00
7.026610000000000689e+00
7.047730000000000494e+00
7.067630000000000301e+00
7.098510000000000986e+00
7.124630000000000685e+00
7.165339999999999598e+00
7.186770000000000103e+00
7.207889999999999020e+00
7.219539999999999402e+00
7.237180000000000391e+00
7.258610000000000895e+00
7.266849999999999810e+00
7.287960000000000882e+00
7.315669999999999895e+00
7.346560000000000201e+00
7.374630000000000685e+00
7.407099999999999795e+00
7.427060000000000883e+00
7.454710000000000392e+00
7.477419999999999511e+00
7.497310000000000585e+00
7.528200000000000003e+00
7.539860000000000895e+00
7.565669999999999895e+00
7.586789999999999701e+00
7.614869999999999806e+00
7.647339999999999804e+00
7.677060000000000883e+00
7.706299999999999706e+00
7.737180000000000391e+00
7.766849999999999810e+00
7.786380000000000301e+00
7.809080000000000688e+00
7.828920000000000101e+00
7.858280000000000598e+00
7.879699999999999704e+00
7.897280000000000300e+00
7.918460000000000498e+00
7.956299999999999706e+00
7.977419999999999511e+00
7.998839999999999506e+00
8.028139999999998722e+00
8.059079999999999799e+00
8.070739999999998915e+00
8.098449999999999704e+00
8.111449999999999605e+00
8.139469999999999317e+00
8.158999999999998920e+00
8.176639999999999020e+00
8.206300000000000594e+00
8.220829999999999416e+00
8.237550000000000594e+00
8.258670000000000400e+00
8.276609999999999800e+00
8.305910000000000792e+00
8.328610000000001179e+00
8.346919999999999007e+00
8.379389999999999006e+00
8.408999999999998920e+00
8.420349999999999113e+00
8.449710000000001386e+00
8.479309999999999903e+00
8.508610000000000895e+00
8.521610000000000795e+00
8.539860000000000895e+00
8.547670000000000101e+00
8.559079999999999799e+00
8.567629999999999413e+00
8.598510000000000986e+00
8.608219999999999317e+00
8.626219999999999999e+00
8.648930000000000007e+00
8.658999999999998920e+00
8.680180000000000007e+00
8.696530000000000982e+00
8.727420000000000400e+00
8.748839999999999506e+00
8.766849999999999810e+00
8.779790000000000205e+00
8.807859999999999800e+00
8.817260000000000986e+00
8.837160000000000792e+00
8.858280000000000598e+00
8.887939999999998619e+00
8.928530000000000300e+00
8.949710000000001386e+00
8.971130000000000493e+00
8.990660000000000096e+00
9.011839999999999407e+00
9.028139999999998722e+00
9.039489999999998915e+00
9.050779999999999603e+00
9.080199999999999605e+00
9.083619999999999806e+00
9.090270000000000294e+00
9.091799999999999216e+00
9.117980000000001084e+00
9.158689999999999998e+00
9.178530000000000300e+00
9.217589999999999506e+00
9.240230000000000388e+00
9.259889999999998622e+00
9.279719999999999303e+00
9.310969999999999303e+00
9.322269999999999612e+00
9.330199999999999605e+00
9.350039999999999907e+00
9.359799999999999898e+00
9.371089999999998810e+00
9.380860000000000198e+00
9.398860000000000881e+00
9.421569999999999112e+00
9.443360000000000198e+00
9.471130000000000493e+00
9.500429999999999708e+00
9.519960000000001088e+00
9.532899999999999707e+00
9.542970000000000397e+00
9.552730000000000388e+00
9.564090000000000202e+00
9.590270000000000294e+00
9.601560000000000983e+00
9.619569999999999510e+00
9.640750000000000597e+00
9.650819999999999510e+00
9.660579999999999501e+00
9.671879999999999811e+00
9.689880000000000493e+00
9.702760000000001384e+00
9.722350000000000492e+00
9.751950000000000784e+00
9.771480000000000388e+00
9.802730000000000388e+00
9.822269999999999612e+00
9.841799999999999216e+00
9.861330000000000595e+00
9.871219999999999217e+00
9.882810000000000983e+00
9.908999999999998920e+00
9.939880000000000493e+00
9.951169999999999405e+00
9.970829999999999416e+00
9.992189999999999017e+00
1.000040000000000084e+01
1.000350000000000072e+01
1.001169999999999938e+01
1.003950000000000031e+01
1.005080000000000062e+01
1.007200000000000095e+01
1.009179999999999922e+01
1.010979999999999990e+01
1.013749999999999929e+01
1.016019999999999968e+01
1.017159999999999975e+01
1.018009999999999948e+01
1.018829999999999991e+01
1.019969999999999999e+01
1.021799999999999997e+01
1.021759999999999913e+01
1.022739999999999938e+01
1.024879999999999924e+01
1.025350000000000072e+01
1.028279999999999994e+01
1.030589999999999939e+01
1.032540000000000013e+01
1.034650000000000070e+01
1.036650000000000027e+01
1.038439999999999941e+01
1.039419999999999966e+01
1.041060000000000052e+01
1.042190000000000083e+01
1.043159999999999954e+01
1.045120000000000005e+01
1.047070000000000078e+01
1.048210000000000086e+01
1.049540000000000006e+01
1.050350000000000072e+01
1.051329999999999920e+01
1.052309999999999945e+01
1.053279999999999994e+01
1.054260000000000019e+01
1.055080000000000062e+01
1.057029999999999959e+01
1.060319999999999929e+01
1.062459999999999916e+01
1.061480000000000068e+01
1.063250000000000028e+01
1.064419999999999966e+01
1.065390000000000015e+01
1.066370000000000040e+01
1.066370000000000040e+01
1.068520000000000003e+01
1.069490000000000052e+01
1.070279999999999987e+01
1.072230000000000061e+01
1.074189999999999934e+01
1.076529999999999987e+01
1.076529999999999987e+01
1.078320000000000078e+01
1.080429999999999957e+01
1.081409999999999982e+01
1.082540000000000013e+01
1.085350000000000037e+01
1.087299999999999933e+01
1.089259999999999984e+01
1.091370000000000040e+01
1.093319999999999936e+01
1.093479999999999919e+01
1.094650000000000034e+01
1.094650000000000034e+01
1.095470000000000077e+01
1.096410000000000018e+01
1.096250000000000036e+01
1.097230000000000061e+01
1.099019999999999975e+01
1.102309999999999945e+01
1.103289999999999971e+01
1.105429999999999957e+01
1.107390000000000008e+01
1.108549999999999969e+01
1.110309999999999953e+01
1.111449999999999960e+01
1.111599999999999966e+01
1.111289999999999978e+01
1.110629999999999917e+01
1.116259999999999941e+01
1.118290000000000006e+01
1.026950000000000074e+01
1.008370000000000033e+01
9.801210000000001088e+00
9.554380000000000095e+00
9.350459999999999994e+00
9.196960000000000690e+00
9.077819999999999112e+00
8.976380000000000692e+00
8.901370000000000005e+00
8.829530000000000101e+00
8.792419999999999902e+00
8.746769999999999712e+00
8.722110000000000696e+00
8.692500000000000782e+00
8.668330000000000979e+00
8.651920000000000499e+00
8.640499999999999403e+00
8.628849999999999909e+00
8.615969999999999018e+00
8.599550000000000693e+00
8.583560000000000301e+00
8.571899999999999409e+00
8.564030000000000697e+00
8.562070000000000292e+00
8.562129999999999797e+00
8.550720000000000098e+00
8.542539999999998912e+00
8.514770000000000394e+00
8.503169999999999007e+00
8.482359999999999900e+00
8.462460000000000093e+00
8.450810000000000599e+00
8.423400000000000887e+00
8.400330000000000297e+00
8.382450000000000401e+00
8.359739999999998616e+00
8.349610000000000198e+00
8.328489999999998616e+00
8.309020000000000294e+00
8.309020000000000294e+00
8.307370000000000587e+00
8.300779999999999603e+00
8.299260000000000304e+00
8.279659999999999798e+00
8.266420000000000101e+00
8.258539999999999992e+00
8.246889999999998722e+00
8.227360000000000895e+00
8.209410000000000096e+00
8.206179999999999808e+00
8.179689999999999017e+00
8.158569999999999212e+00
8.148860000000000881e+00
8.121089999999998810e+00
8.108150000000000190e+00
8.096500000000000696e+00
8.106260000000000687e+00
8.088620000000000587e+00
8.068789999999999907e+00
8.067199999999999704e+00
8.057370000000000587e+00
8.059020000000000294e+00
8.041019999999999612e+00
8.029659999999999798e+00
8.021480000000000388e+00
8.016719999999999402e+00
8.006650000000000489e+00
7.996889999999999610e+00
7.995360000000000689e+00
7.987119999999999997e+00
7.983950000000000102e+00
7.975399999999999601e+00
7.967589999999999506e+00
7.966060000000000585e+00
7.938289999999999402e+00
7.921880000000000699e+00
7.864869999999999806e+00
7.805910000000000792e+00
7.743710000000000981e+00
7.692989999999999107e+00
7.683230000000000004e+00
7.676569999999999894e+00
7.666810000000000791e+00
7.665280000000000094e+00
7.666810000000000791e+00
7.667110000000000980e+00
7.684810000000000585e+00
7.694580000000000197e+00
7.876280000000000392e+00
7.441960000000000797e+00
9.720829999999999416e+00
1.072749999999999915e+01
1.169040000000000035e+01
1.223709999999999987e+01
1.254379999999999917e+01
1.277919999999999945e+01
1.294410000000000061e+01
1.307799999999999940e+01
1.317599999999999838e+01
1.325769999999999982e+01
1.332639999999999958e+01
1.336860000000000070e+01
1.341779999999999973e+01
1.345839999999999925e+01
1.350569999999999915e+01
1.355630000000000024e+01
1.361660000000000004e+01
1.366230000000000011e+01
1.369500000000000028e+01
1.372940000000000005e+01
1.375050000000000061e+01
1.376999999999999957e+01
1.379930000000000057e+01
1.383869999999999933e+01
1.387940000000000040e+01
1.392200000000000060e+01
1.395480000000000054e+01
1.398409999999999975e+01
1.401529999999999987e+01
1.403640000000000043e+01
1.405589999999999939e+01
1.408530000000000015e+01
1.412459999999999916e+01
1.414729999999999954e+01
1.417699999999999960e+01
1.421610000000000085e+01
1.424729999999999919e+01
1.428449999999999953e+01
1.431729999999999947e+01
1.435670000000000002e+01
1.439729999999999954e+01
1.442849999999999966e+01
1.444810000000000016e+01
1.446920000000000073e+01
1.450009999999999977e+01
1.451999999999999957e+01
1.453129999999999988e+01
1.454930000000000057e+01
1.455240000000000045e+01
1.457039999999999935e+01
1.458200000000000074e+01
1.459179999999999922e+01
1.460979999999999990e+01
1.462930000000000064e+01
1.465869999999999962e+01
1.468009999999999948e+01
1.469960000000000022e+01
1.472889999999999944e+01
1.476179999999999914e+01
1.479139999999999944e+01
1.480269999999999975e+01
1.482070000000000043e+01
1.482390000000000008e+01
1.484999999999999964e+01
1.486299999999999955e+01
1.486490000000000045e+01
1.487299999999999933e+01
1.490080000000000027e+01
1.493009999999999948e+01
1.494299999999999962e+01
1.496250000000000036e+01
1.496250000000000036e+01
1.498049999999999926e+01
1.501179999999999914e+01
1.503320000000000078e+01
1.506099999999999994e+01
1.508869999999999933e+01
1.512930000000000064e+01
1.516029999999999944e+01
1.517029999999999923e+01
1.519139999999999979e+01
1.520279999999999987e+01
1.521090000000000053e+01
1.523049999999999926e+01
1.525350000000000072e+01
1.528139999999999965e+01
1.530269999999999975e+01
1.532070000000000043e+01
1.534179999999999922e+01
1.535309999999999953e+01
1.536289999999999978e+01
1.537270000000000003e+01
1.538439999999999941e+01
1.541210000000000058e+01
1.544960000000000022e+01
1.547240000000000038e+01
1.548240000000000016e+01
1.550200000000000067e+01
1.552309999999999945e+01
1.553129999999999988e+01
1.555269999999999975e+01
1.557230000000000025e+01
1.559340000000000082e+01
1.561129999999999995e+01
1.563090000000000046e+01
1.564220000000000077e+01
1.567190000000000083e+01
1.569309999999999938e+01
1.570470000000000077e+01
1.572269999999999968e+01
1.574070000000000036e+01
1.575350000000000072e+01
1.574540000000000006e+01
1.575350000000000072e+01
1.577149999999999963e+01
1.579099999999999859e+01
1.581409999999999982e+01
1.582390000000000008e+01
1.586960000000000015e+01
1.590039999999999942e+01
1.592350000000000065e+01
1.592350000000000065e+01
1.594309999999999938e+01
1.596449999999999925e+01
1.597419999999999973e+01
1.599220000000000041e+01
1.599540000000000006e+01
1.602339999999999876e+01
1.603480000000000061e+01
1.604459999999999908e+01
1.605270000000000152e+01
1.605430000000000135e+01
1.607229999999999848e+01
1.608200000000000074e+01
1.608360000000000056e+01
1.610000000000000142e+01
1.611129999999999995e+01
1.612269999999999825e+01
1.613439999999999941e+01
1.615230000000000032e+01
1.617190000000000083e+01
1.619490000000000052e+01
1.621290000000000120e+01
1.624070000000000036e+01
1.625349999999999895e+01
1.628130000000000166e+01
1.630079999999999885e+01
1.630239999999999867e+01
1.631050000000000111e+01
1.632189999999999941e+01
1.633170000000000144e+01
1.633360000000000056e+01
1.633200000000000074e+01
1.635979999999999990e+01
1.637109999999999843e+01
1.637269999999999825e+01
1.637269999999999825e+01
1.639890000000000114e+01
1.641019999999999968e+01
1.643329999999999913e+01
1.644490000000000052e+01
1.646290000000000120e+01
1.650039999999999907e+01
1.650509999999999877e+01
1.652309999999999945e+01
1.653640000000000043e+01
1.654609999999999914e+01
1.657379999999999853e+01
1.658520000000000039e+01
1.660310000000000130e+01
1.662269999999999825e+01
1.664219999999999899e+01
1.666019999999999968e+01
1.667350000000000065e+01
1.668319999999999936e+01
1.670279999999999987e+01
1.671249999999999858e+01
1.672230000000000061e+01
1.673209999999999908e+01
1.674190000000000111e+01
1.674220000000000041e+01
1.675349999999999895e+01
1.675509999999999877e+01
1.676529999999999987e+01
1.679459999999999908e+01
1.680430000000000135e+01
1.682539999999999836e+01
1.685160000000000124e+01
1.686289999999999978e+01
1.688240000000000052e+01
1.689219999999999899e+01
1.690360000000000085e+01
1.690549999999999997e+01
1.691529999999999845e+01
1.693319999999999936e+01
1.694460000000000122e+01
1.696450000000000102e+01
1.696450000000000102e+01
1.697419999999999973e+01
1.698560000000000159e+01
1.699380000000000024e+01
1.701170000000000115e+01
1.704459999999999908e+01
1.706409999999999982e+01
1.708360000000000056e+01
1.711129999999999995e+01
1.713090000000000046e+01
1.715390000000000015e+01
1.714580000000000126e+01
1.715230000000000032e+01
1.716369999999999862e+01
1.717190000000000083e+01
1.718319999999999936e+01
1.718319999999999936e+01
1.719140000000000157e+01
1.721259999999999835e+01
1.721450000000000102e+01
1.722419999999999973e+01
1.723400000000000176e+01
1.723400000000000176e+01
1.726170000000000115e+01
1.726679999999999993e+01
1.727499999999999858e+01
1.729459999999999908e+01
1.730430000000000135e+01
1.733170000000000144e+01
1.733360000000000056e+01
1.734179999999999922e+01
1.736489999999999867e+01
1.736329999999999885e+01
1.735310000000000130e+01
1.735310000000000130e+01
1.736489999999999867e+01
1.737460000000000093e+01
1.739260000000000161e+01
1.740390000000000015e+01
1.742350000000000065e+01
1.744299999999999784e+01
1.745629999999999882e+01
1.748400000000000176e+01
1.748560000000000159e+01
1.748560000000000159e+01
1.748389999999999844e+01
1.750349999999999895e+01
1.751490000000000080e+01
1.751490000000000080e+01
1.752469999999999928e+01
1.754260000000000019e+01
1.757389999999999830e+01
1.759339999999999904e+01
1.760310000000000130e+01
1.761129999999999995e+01
1.761289999999999978e+01
1.762269999999999825e+01
1.761289999999999978e+01
1.762269999999999825e+01
1.764219999999999899e+01
1.765549999999999997e+01
1.768159999999999954e+01
1.769460000000000122e+01
1.772070000000000078e+01
1.772579999999999956e+01
1.773400000000000176e+01
1.773400000000000176e+01
1.774540000000000006e+01
1.775349999999999895e+01
1.775509999999999877e+01
1.777309999999999945e+01
1.777659999999999840e+01
1.779459999999999908e+01
1.781409999999999982e+01
1.783360000000000056e+01
1.784499999999999886e+01
1.786479999999999890e+01
1.787269999999999825e+01
1.788400000000000034e+01
1.788400000000000034e+01
1.787580000000000169e+01
1.788439999999999941e+01
1.788439999999999941e+01
1.789420000000000144e+01
1.789580000000000126e+01
1.789580000000000126e+01
1.791369999999999862e+01
1.793319999999999936e+01
1.795469999999999899e+01
1.795629999999999882e+01
1.797419999999999973e+01
1.798560000000000159e+01
1.798400000000000176e+01
1.798389999999999844e+01
1.798359999999999914e+01
1.798560000000000159e+01
1.800349999999999895e+01
1.801330000000000098e+01
1.802469999999999928e+01
1.804260000000000019e+01
1.805900000000000105e+01
1.807029999999999959e+01
1.813960000000000150e+01
1.792129999999999868e+01
1.706940000000000168e+01
1.664160000000000039e+01
1.622469999999999857e+01
1.590450000000000053e+01
1.564969999999999928e+01
1.543730000000000047e+01
1.525760000000000005e+01
1.512209999999999965e+01
1.500599999999999845e+01
1.493270000000000053e+01
1.486739999999999995e+01
1.481520000000000081e+01
1.477289999999999992e+01
1.473039999999999949e+01
1.469599999999999973e+01
1.466009999999999991e+01
1.463900000000000112e+01
1.461439999999999984e+01
1.460459999999999958e+01
1.459479999999999933e+01
1.458309999999999995e+01
1.454260000000000019e+01
1.452299999999999969e+01
1.450350000000000072e+01
1.448210000000000086e+01
1.446090000000000053e+01
1.444449999999999967e+01
1.442309999999999981e+01
1.440230000000000032e+01
1.439059999999999917e+01
1.437930000000000064e+01
1.435979999999999990e+01
1.434019999999999939e+01
1.432029999999999959e+01
1.429099999999999859e+01
1.426799999999999891e+01
1.425040000000000084e+01
1.422070000000000078e+01
1.420780000000000065e+01
1.418790000000000084e+01
1.416019999999999968e+01
1.413900000000000112e+01
1.409960000000000058e+01
1.408039999999999914e+01
1.406049999999999933e+01
1.404759999999999920e+01
1.403749999999999964e+01
1.401999999999999957e+01
1.401829999999999998e+01
1.399849999999999994e+01
1.398709999999999987e+01
1.396749999999999936e+01
1.393950000000000067e+01
1.391680000000000028e+01
1.389559999999999995e+01
1.387739999999999974e+01
1.385979999999999990e+01
1.384680000000000000e+01
1.383830000000000027e+01
1.381719999999999970e+01
1.379770000000000074e+01
1.378630000000000067e+01
1.377619999999999933e+01
1.376640000000000086e+01
1.374690000000000012e+01
1.375539999999999985e+01
1.373709999999999987e+01
1.371920000000000073e+01
1.369810000000000016e+01
1.367539999999999978e+01
1.366680000000000028e+01
1.363749999999999929e+01
1.361960000000000015e+01
1.358859999999999957e+01
1.357540000000000013e+01
1.355589999999999939e+01
1.349690000000000012e+01
1.344650000000000034e+01
1.339259999999999984e+01
1.335670000000000002e+01
1.332540000000000013e+01
1.331400000000000006e+01
1.330550000000000033e+01
1.327779999999999916e+01
1.325849999999999973e+01
1.323869999999999969e+01
1.323559999999999981e+01
1.325350000000000072e+01
1.344350000000000023e+01
1.307240000000000002e+01
1.599990000000000023e+01
1.767050000000000054e+01
1.863149999999999906e+01
1.902819999999999823e+01
1.924340000000000117e+01
1.936250000000000071e+01
1.943120000000000047e+01
1.947840000000000060e+01
1.951389999999999958e+01
1.954520000000000124e+01
1.956629999999999825e+01
1.958780000000000143e+01
1.959900000000000020e+01
1.963970000000000127e+01
1.966270000000000095e+01
1.968730000000000047e+01
1.972479999999999833e+01
1.974900000000000233e+01
1.979820000000000135e+01
1.984069999999999823e+01
1.986510000000000176e+01
1.988289999999999935e+01
1.990559999999999974e+01
1.990909999999999869e+01
1.992859999999999943e+01
1.995169999999999888e+01
1.996140000000000114e+01
1.998099999999999810e+01
1.998250000000000171e+01
1.998089999999999833e+01
2.000209999999999866e+01
2.002159999999999940e+01
2.003490000000000038e+01
2.005440000000000111e+01
2.007270000000000110e+01
2.009339999999999904e+01
2.011489999999999867e+01
2.015399999999999991e+01
2.016560000000000130e+01
2.018329999999999913e+01
2.019490000000000052e+01
2.022429999999999950e+01
2.023570000000000135e+01
2.024409999999999954e+01
2.025669999999999860e+01
2.026679999999999993e+01
2.027469999999999928e+01
2.028800000000000026e+01
2.030790000000000006e+01
2.031569999999999965e+01
2.032700000000000173e+01
2.033719999999999928e+01
2.034659999999999869e+01
2.034700000000000131e+01
2.035510000000000019e+01
2.036649999999999849e+01
2.036649999999999849e+01
2.037780000000000058e+01
2.038439999999999941e+01
2.040709999999999980e+01
2.040749999999999886e+01
2.041689999999999827e+01
2.042539999999999978e+01
2.044460000000000122e+01
2.046610000000000085e+01
2.046920000000000073e+01
2.047929999999999851e+01
2.048710000000000164e+01
2.049849999999999994e+01
2.049879999999999924e+01
2.051500000000000057e+01
2.052659999999999840e+01
2.052980000000000160e+01
2.053640000000000043e+01
2.053790000000000049e+01
2.055750000000000099e+01
2.056099999999999994e+01
2.056879999999999953e+01
2.057740000000000080e+01
2.059850000000000136e+01
2.061649999999999849e+01
2.063599999999999923e+01
2.064890000000000114e+01
2.064580000000000126e+01
2.066689999999999827e+01
2.066880000000000095e+01
2.068019999999999925e+01
2.068830000000000169e+01
2.068830000000000169e+01
2.069969999999999999e+01
2.070980000000000132e+01
2.071760000000000090e+01
2.072899999999999920e+01
2.073910000000000053e+01
2.074690000000000012e+01
2.075860000000000127e+01
2.076839999999999975e+01
2.077980000000000160e+01
2.078170000000000073e+01
2.079609999999999914e+01
2.080750000000000099e+01
2.082890000000000086e+01
2.083680000000000021e+01
2.084690000000000154e+01
2.084840000000000160e+01
2.085790000000000077e+01
2.085979999999999990e+01
2.087770000000000081e+01
2.088919999999999888e+01
2.089920000000000044e+01
2.092030000000000101e+01
2.095789999999999864e+01
2.095939999999999870e+01
2.096920000000000073e+01
2.098059999999999903e+01
2.100039999999999907e+01
2.101839999999999975e+01
2.101999999999999957e+01
2.103140000000000143e+01
2.103790000000000049e+01
2.105740000000000123e+01
2.106879999999999953e+01
2.107890000000000086e+01
2.109840000000000160e+01
2.111959999999999837e+01
2.112930000000000064e+01
2.112930000000000064e+01
2.114069999999999894e+01
2.114110000000000156e+01
2.114110000000000156e+01
2.115900000000000247e+01
2.115869999999999962e+01
2.117849999999999966e+01
2.118830000000000169e+01
2.120129999999999981e+01
2.122109999999999985e+01
2.121920000000000073e+01
2.123870000000000147e+01
2.124190000000000111e+01
2.125039999999999907e+01
2.126999999999999957e+01
2.127809999999999846e+01
2.129110000000000014e+01
2.129960000000000164e+01
2.130900000000000105e+01
2.129929999999999879e+01
2.130089999999999861e+01
2.131919999999999860e+01
2.132069999999999865e+01
2.132029999999999959e+01
2.132860000000000156e+01
2.136649999999999849e+01
2.137120000000000175e+01
2.136329999999999885e+01
2.137969999999999970e+01
2.138090000000000046e+01
2.137930000000000064e+01
2.138090000000000046e+01
2.137269999999999825e+01
2.139110000000000156e+01
2.138749999999999929e+01
2.141689999999999827e+01
2.143009999999999948e+01
2.144140000000000157e+01
2.145120000000000005e+01
2.146089999999999876e+01
2.147390000000000043e+01
2.148560000000000159e+01
2.150199999999999889e+01
2.151170000000000115e+01
2.152159999999999940e+01
2.153320000000000078e+01
2.154300000000000281e+01
2.155270000000000152e+01
2.156250000000000000e+01
2.157069999999999865e+01
2.159339999999999904e+01
2.160160000000000124e+01
2.160310000000000130e+01
2.162109999999999843e+01
2.163250000000000028e+01
2.164110000000000156e+01
2.165080000000000027e+01
2.165390000000000015e+01
2.166059999999999874e+01
2.165199999999999747e+01
2.165199999999999747e+01
2.165199999999999747e+01
2.167190000000000083e+01
2.167350000000000065e+01
2.168319999999999936e+01
2.170279999999999987e+01
2.173089999999999833e+01
2.173239999999999839e+01
2.174220000000000041e+01
2.174220000000000041e+01
2.173870000000000147e+01
2.174190000000000111e+01
2.175039999999999907e+01
2.175349999999999895e+01
2.177149999999999963e+01
2.177309999999999945e+01
2.178280000000000172e+01
2.178280000000000172e+01
2.181099999999999994e+01
2.184029999999999916e+01
2.185160000000000124e+01
2.185310000000000130e+01
2.186300000000000310e+01
2.187300000000000111e+01
2.186489999999999867e+01
2.186489999999999867e+01
2.186129999999999995e+01
2.186289999999999978e+01
2.188279999999999959e+01
2.188439999999999941e+01
2.189260000000000161e+01
2.189890000000000114e+01
2.190040000000000120e+01
2.190199999999999747e+01
2.191209999999999880e+01
2.191209999999999880e+01
2.193009999999999948e+01
2.193319999999999936e+01
2.194300000000000139e+01
2.195120000000000005e+01
2.195120000000000005e+01
2.197070000000000078e+01
2.197230000000000061e+01
2.198209999999999908e+01
2.199220000000000041e+01
2.201170000000000115e+01
2.202149999999999963e+01
2.202149999999999963e+01
2.203130000000000166e+01
2.205079999999999885e+01
2.206569999999999965e+01
2.207229999999999848e+01
2.208360000000000056e+01
2.209339999999999904e+01
2.210470000000000113e+01
2.210310000000000130e+01
2.211129999999999995e+01
2.211289999999999978e+01
2.210310000000000130e+01
2.210310000000000130e+01
2.210310000000000130e+01
2.211289999999999978e+01
2.210630000000000095e+01
2.213439999999999941e+01
2.214580000000000126e+01
2.216529999999999845e+01
2.217350000000000065e+01
2.218159999999999954e+01
2.219300000000000139e+01
2.220120000000000005e+01
2.220279999999999987e+01
2.220629999999999882e+01
2.221450000000000102e+01
2.222419999999999973e+01
2.222419999999999973e+01
2.222579999999999956e+01
2.223400000000000176e+01
2.224220000000000041e+01
2.224380000000000024e+01
2.224380000000000024e+01
2.224540000000000006e+01
2.224540000000000006e+01
2.224380000000000024e+01
2.225349999999999895e+01
2.225509999999999877e+01
2.225349999999999895e+01
2.227339999999999876e+01
2.228480000000000061e+01
2.227659999999999840e+01
2.227499999999999858e+01
2.227499999999999858e+01
2.227499999999999858e+01
2.227469999999999928e+01
2.227309999999999945e+01
2.229100000000000037e+01
2.230239999999999867e+01
2.232189999999999941e+01
2.233360000000000056e+01
2.234339999999999904e+01
2.235470000000000113e+01
2.235630000000000095e+01
2.234649999999999892e+01
2.235670000000000002e+01
2.235660000000000025e+01
2.235470000000000113e+01
2.235310000000000130e+01
2.235160000000000124e+01
2.236149999999999949e+01
2.236800000000000210e+01
2.237930000000000064e+01
2.239219999999999899e+01
2.238400000000000034e+01
2.236439999999999984e+01
2.238449999999999918e+01
2.229810000000000159e+01
2.122759999999999891e+01
2.058759999999999835e+01
2.005470000000000041e+01
1.961489999999999867e+01
1.931609999999999872e+01
1.905799999999999983e+01
1.886380000000000123e+01
1.870370000000000132e+01
1.858770000000000167e+01
1.850609999999999999e+01
1.843270000000000053e+01
1.837719999999999843e+01
1.832489999999999952e+01
1.827110000000000056e+01
1.822889999999999944e+01
1.819099999999999895e+01
1.816669999999999874e+01
1.813589999999999947e+01
1.810460000000000136e+01
1.808670000000000044e+01
1.805379999999999896e+01
1.800319999999999965e+01
1.797729999999999961e+01
1.796440000000000126e+01
1.793980000000000175e+01
1.792970000000000041e+01
1.791359999999999886e+01
1.789219999999999899e+01
1.787069999999999936e+01
1.786129999999999995e+01
1.783330000000000126e+01
1.781400000000000006e+01
1.778940000000000055e+01
1.777110000000000056e+01
1.775039999999999907e+01
1.772230000000000061e+01
1.770939999999999870e+01
1.768130000000000024e+01
1.765080000000000027e+01
1.763090000000000046e+01
1.760970000000000013e+01
1.758010000000000161e+01
1.755740000000000123e+01
1.753750000000000142e+01
1.751010000000000133e+01
1.748870000000000147e+01
1.747739999999999938e+01
1.745779999999999887e+01
1.744770000000000110e+01
1.742820000000000036e+01
1.742849999999999966e+01
1.740889999999999915e+01
1.739059999999999917e+01
1.738589999999999947e+01
1.736759999999999948e+01
1.733980000000000032e+01
1.731709999999999994e+01
1.728750000000000142e+01
1.726999999999999957e+01
1.725700000000000145e+01
1.723710000000000164e+01
1.722889999999999944e+01
1.721750000000000114e+01
1.722739999999999938e+01
1.722739999999999938e+01
1.721760000000000090e+01
1.719800000000000040e+01
1.717660000000000053e+01
1.713749999999999929e+01
1.710820000000000007e+01
1.708859999999999957e+01
1.705900000000000105e+01
1.702809999999999846e+01
1.700669999999999860e+01
1.698710000000000164e+01
1.696450000000000102e+01
1.690390000000000015e+01
1.684339999999999904e+01
1.678280000000000172e+01
1.673400000000000176e+01
1.672419999999999973e+01
1.671610000000000085e+01
1.669800000000000040e+01
1.667660000000000053e+01
1.666679999999999851e+01
1.664890000000000114e+01
1.664560000000000173e+01
1.665200000000000102e+01
1.689440000000000097e+01
1.685030000000000072e+01
2.004870000000000019e+01
2.252120000000000033e+01
2.304220000000000113e+01
2.320029999999999859e+01
2.325400000000000134e+01
2.328920000000000101e+01
2.331370000000000076e+01
2.332999999999999829e+01
2.333149999999999835e+01
2.332969999999999899e+01
2.332949999999999946e+01
2.333780000000000143e+01
2.334949999999999903e+01
2.334590000000000032e+01
2.334750000000000014e+01
2.336039999999999850e+01
2.338489999999999824e+01
2.341580000000000084e+01
2.344199999999999662e+01
2.344190000000000040e+01
2.344669999999999987e+01
2.343680000000000163e+01
2.343680000000000163e+01
2.344660000000000011e+01
2.344819999999999993e+01
2.345009999999999906e+01
2.344849999999999923e+01
2.344350000000000023e+01
2.344180000000000064e+01
2.344969999999999999e+01
2.344150000000000134e+01
2.345129999999999981e+01
2.346300000000000097e+01
2.347279999999999944e+01
2.346450000000000102e+01
2.346290000000000120e+01
2.347279999999999944e+01
2.346450000000000102e+01
2.347279999999999944e+01
2.347269999999999968e+01
2.346610000000000085e+01
2.345639999999999858e+01
2.346450000000000102e+01
2.346610000000000085e+01
2.347419999999999973e+01
2.346770000000000067e+01
2.346610000000000085e+01
2.346610000000000085e+01
2.346610000000000085e+01
2.346640000000000015e+01
2.345789999999999864e+01
2.347269999999999968e+01
2.346770000000000067e+01
2.347419999999999973e+01
2.348570000000000135e+01
2.347579999999999956e+01
2.347589999999999932e+01
2.349540000000000006e+01
2.350550000000000139e+01
2.350829999999999842e+01
2.350860000000000127e+01
2.350860000000000127e+01
2.350829999999999842e+01
2.349879999999999924e+01
2.350870000000000104e+01
2.349879999999999924e+01
2.350710000000000122e+01
2.351650000000000063e+01
2.352659999999999840e+01
2.352159999999999940e+01
2.352659999999999840e+01
2.352809999999999846e+01
2.353800000000000026e+01
2.352969999999999828e+01
2.352980000000000160e+01
2.353640000000000043e+01
2.353950000000000031e+01
2.354929999999999879e+01
2.354960000000000164e+01
2.355590000000000117e+01
2.356729999999999947e+01
2.357740000000000080e+01
2.357699999999999818e+01
2.357890000000000086e+01
2.358530000000000015e+01
2.358050000000000068e+01
2.355900000000000105e+01
2.355089999999999861e+01
2.354960000000000164e+01
2.353950000000000031e+01
2.353950000000000031e+01
2.354929999999999879e+01
2.355940000000000012e+01
2.358680000000000021e+01
2.360670000000000002e+01
2.363759999999999906e+01
2.363279999999999959e+01
2.362969999999999970e+01
2.363749999999999929e+01
2.363919999999999888e+01
2.363129999999999953e+01
2.362770000000000081e+01
2.364730000000000132e+01
2.365080000000000027e+01
2.365699999999999648e+01
2.366029999999999944e+01
2.365230000000000032e+01
2.364260000000000161e+01
2.363279999999999959e+01
2.362770000000000081e+01
2.362120000000000175e+01
2.362969999999999970e+01
2.362770000000000081e+01
2.364730000000000132e+01
2.365749999999999886e+01
2.366850000000000165e+01
2.367030000000000101e+01
2.367030000000000101e+01
2.367190000000000083e+01
2.367190000000000083e+01
2.367350000000000065e+01
2.366209999999999880e+01
2.367030000000000101e+01
2.366059999999999874e+01
2.366880000000000095e+01
2.367980000000000018e+01
2.368680000000000163e+01
2.369960000000000022e+01
2.371109999999999829e+01
2.372929999999999851e+01
2.372889999999999944e+01
2.373059999999999903e+01
2.373089999999999833e+01
2.374070000000000036e+01
2.375039999999999907e+01
2.376030000000000086e+01
2.376020000000000110e+01
2.377809999999999846e+01
2.379929999999999879e+01
2.381099999999999994e+01
2.380270000000000152e+01
2.380740000000000123e+01
2.381070000000000064e+01
2.381099999999999994e+01
2.382069999999999865e+01
2.382229999999999848e+01
2.381879999999999953e+01
2.383020000000000138e+01
2.384840000000000160e+01
2.385000000000000142e+01
2.385160000000000124e+01
2.385170000000000101e+01
2.386179999999999879e+01
2.385979999999999990e+01
2.384339999999999904e+01
2.383199999999999719e+01
2.383050000000000068e+01
2.382199999999999918e+01
2.383050000000000068e+01
2.384029999999999916e+01
2.385979999999999990e+01
2.387930000000000064e+01
2.389069999999999894e+01
2.389420000000000144e+01
2.391209999999999880e+01
2.392190000000000083e+01
2.392350000000000065e+01
2.393319999999999936e+01
2.394300000000000139e+01
2.396089999999999876e+01
2.395279999999999987e+01
2.395120000000000005e+01
2.395120000000000005e+01
2.395279999999999987e+01
2.395279999999999987e+01
2.395279999999999987e+01
2.397070000000000078e+01
2.398209999999999908e+01
2.399380000000000024e+01
2.400199999999999889e+01
2.401999999999999957e+01
2.402149999999999963e+01
2.404100000000000037e+01
2.403280000000000172e+01
2.403130000000000166e+01
2.403130000000000166e+01
2.403290000000000148e+01
2.404300000000000281e+01
2.406099999999999994e+01
2.406250000000000000e+01
2.407389999999999830e+01
2.408199999999999719e+01
2.408360000000000056e+01
2.407389999999999830e+01
2.406409999999999982e+01
2.406050000000000111e+01
2.406050000000000111e+01
2.406050000000000111e+01
2.405239999999999867e+01
2.405239999999999867e+01
2.405430000000000135e+01
2.408199999999999719e+01
2.409179999999999922e+01
2.411289999999999978e+01
2.412109999999999843e+01
2.413909999999999911e+01
2.415040000000000120e+01
2.415040000000000120e+01
2.414219999999999899e+01
2.414219999999999899e+01
2.414229999999999876e+01
2.414260000000000161e+01
2.414420000000000144e+01
2.414420000000000144e+01
2.414260000000000161e+01
2.415080000000000027e+01
2.415390000000000015e+01
2.414420000000000144e+01
2.414260000000000161e+01
2.414890000000000114e+01
2.415199999999999747e+01
2.415230000000000032e+01
2.417030000000000101e+01
2.417350000000000065e+01
2.418159999999999954e+01
2.419300000000000139e+01
2.421450000000000102e+01
2.420629999999999882e+01
2.420469999999999899e+01
2.421450000000000102e+01
2.421450000000000102e+01
2.422269999999999968e+01
2.422269999999999968e+01
2.423239999999999839e+01
2.424220000000000041e+01
2.425349999999999895e+01
2.427159999999999940e+01
2.426529999999999987e+01
2.426529999999999987e+01
2.427499999999999858e+01
2.426520000000000010e+01
2.426330000000000098e+01
2.425509999999999877e+01
2.426330000000000098e+01
2.427309999999999945e+01
2.427469999999999928e+01
2.428280000000000172e+01
2.428280000000000172e+01
2.429260000000000019e+01
2.427469999999999928e+01
2.428130000000000166e+01
2.427309999999999945e+01
2.426170000000000115e+01
2.426330000000000098e+01
2.426330000000000098e+01
2.427149999999999963e+01
2.428290000000000148e+01
2.429459999999999908e+01
2.430430000000000135e+01
2.431409999999999982e+01
2.432379999999999853e+01
2.434149999999999991e+01
2.434530000000000172e+01
2.434339999999999904e+01
2.435310000000000130e+01
2.434499999999999886e+01
2.435310000000000130e+01
2.434339999999999904e+01
2.434339999999999904e+01
2.434339999999999904e+01
2.435310000000000130e+01
2.435310000000000130e+01
2.436129999999999995e+01
2.437269999999999825e+01
2.438240000000000052e+01
2.439219999999999899e+01
2.439219999999999899e+01
2.438240000000000052e+01
2.438240000000000052e+01
2.439219999999999899e+01
2.438400000000000034e+01
2.437430000000000163e+01
2.436449999999999960e+01
2.437430000000000163e+01
2.438439999999999941e+01
2.438599999999999923e+01
2.439420000000000144e+01
2.440390000000000015e+01
2.441369999999999862e+01
2.442350000000000065e+01
2.442500000000000071e+01
2.444490000000000052e+01
2.444490000000000052e+01
2.446290000000000120e+01
2.446610000000000085e+01
2.447419999999999973e+01
2.447419999999999973e+01
2.445469999999999899e+01
2.446290000000000120e+01
2.456109999999999971e+01
2.443800000000000239e+01
2.304410000000000025e+01
2.208830000000000027e+01
2.132880000000000109e+01
2.074370000000000047e+01
2.034700000000000131e+01
2.004660000000000153e+01
1.983249999999999957e+01
1.963329999999999842e+01
1.948460000000000036e+01
1.938029999999999831e+01
1.928419999999999845e+01
1.922169999999999845e+01
1.915340000000000131e+01
1.909639999999999915e+01
1.906360000000000099e+01
1.903419999999999845e+01
1.900969999999999871e+01
1.897220000000000084e+01
1.896089999999999876e+01
1.893819999999999837e+01
1.894259999999999877e+01
1.890540000000000020e+01
1.889560000000000173e+01
1.887409999999999854e+01
1.883670000000000044e+01
1.881520000000000081e+01
1.879570000000000007e+01
1.878440000000000154e+01
1.878119999999999834e+01
1.875349999999999895e+01
1.874340000000000117e+01
1.872259999999999991e+01
1.870110000000000028e+01
1.867310000000000159e+01
1.866199999999999903e+01
1.865030000000000143e+01
1.862069999999999936e+01
1.861129999999999995e+01
1.860119999999999862e+01
1.859019999999999939e+01
1.857179999999999964e+01
1.855239999999999867e+01
1.852299999999999969e+01
1.849180000000000135e+01
1.846089999999999876e+01
1.844960000000000022e+01
1.843009999999999948e+01
1.841839999999999833e+01
1.840540000000000020e+01
1.839890000000000114e+01
1.837109999999999843e+01
1.834840000000000160e+01
1.832860000000000156e+01
1.830900000000000105e+01
1.829729999999999990e+01
1.828950000000000031e+01
1.827809999999999846e+01
1.827779999999999916e+01
1.826800000000000068e+01
1.825700000000000145e+01
1.824849999999999994e+01
1.823049999999999926e+01
1.820939999999999870e+01
1.820120000000000005e+01
1.818009999999999948e+01
1.815859999999999985e+01
1.814720000000000155e+01
1.813560000000000016e+01
1.811959999999999837e+01
1.808859999999999957e+01
1.805900000000000105e+01
1.805740000000000123e+01
1.803790000000000049e+01
1.800700000000000145e+01
1.799690000000000012e+01
1.797739999999999938e+01
1.796910000000000096e+01
1.820029999999999859e+01
1.849589999999999890e+01
1.847990000000000066e+01
1.847990000000000066e+01
1.846699999999999875e+01
1.846199999999999974e+01
1.844239999999999924e+01
1.840330000000000155e+01
1.825159999999999982e+01
1.784230000000000160e+01
1.767719999999999914e+01
1.768840000000000146e+01
1.766209999999999880e+01
1.765040000000000120e+01
1.762269999999999825e+01
1.760470000000000113e+01
1.757700000000000173e+01
1.756719999999999970e+01
1.758360000000000056e+01
1.761489999999999867e+01
1.807639999999999958e+01
1.965060000000000073e+01
2.400270000000000081e+01
2.484699999999999775e+01
2.493240000000000123e+01
2.494460000000000122e+01
2.493430000000000035e+01
2.486349999999999838e+01
2.486149999999999949e+01
2.486289999999999978e+01
2.484649999999999892e+01
2.480859999999999843e+01
2.478430000000000177e+01
2.477730000000000032e+01
2.474320000000000164e+01
2.471359999999999957e+01
2.469569999999999865e+01
2.468929999999999936e+01
2.467249999999999943e+01
2.465609999999999857e+01
2.465810000000000102e+01
2.465139999999999887e+01
2.464470000000000027e+01
2.463489999999999824e+01
2.463650000000000162e+01
2.463650000000000162e+01
2.463810000000000144e+01
2.463960000000000150e+01
2.461349999999999838e+01
2.461019999999999897e+01
2.459699999999999775e+01
2.457280000000000086e+01
2.457400000000000162e+01
2.456459999999999866e+01
2.456429999999999936e+01
2.456459999999999866e+01
2.455940000000000012e+01
2.454619999999999891e+01
2.453800000000000026e+01
2.452819999999999823e+01
2.451999999999999957e+01
2.451030000000000086e+01
2.450870000000000104e+01
2.449070000000000036e+01
2.449070000000000036e+01
2.447279999999999944e+01
2.446300000000000097e+01
2.446140000000000114e+01
2.446300000000000097e+01
2.444500000000000028e+01
2.444020000000000081e+01
2.443019999999999925e+01
2.442199999999999704e+01
2.441059999999999874e+01
2.439270000000000138e+01
2.438289999999999935e+01
2.437470000000000070e+01
2.434530000000000172e+01
2.432550000000000168e+01
2.432389999999999830e+01
2.432420000000000115e+01
2.432389999999999830e+01
2.432389999999999830e+01
2.431250000000000000e+01
2.432389999999999830e+01
2.431569999999999965e+01
2.431250000000000000e+01
2.430440000000000111e+01
2.429619999999999891e+01
2.429459999999999908e+01
2.427499999999999858e+01
2.427509999999999835e+01
2.428480000000000061e+01
2.428450000000000131e+01
2.428640000000000043e+01
2.427659999999999840e+01
2.426839999999999975e+01
2.426529999999999987e+01
2.426500000000000057e+01
2.425710000000000122e+01
2.425669999999999860e+01
2.426529999999999987e+01
2.425669999999999860e+01
2.425710000000000122e+01
2.425519999999999854e+01
2.425710000000000122e+01
2.424729999999999919e+01
2.423560000000000159e+01
2.421770000000000067e+01
2.421610000000000085e+01
2.420789999999999864e+01
2.420629999999999882e+01
2.421770000000000067e+01
2.423400000000000176e+01
2.422899999999999920e+01
2.423400000000000176e+01
2.423880000000000123e+01
2.423750000000000071e+01
2.422739999999999938e+01
2.421950000000000003e+01
2.422739999999999938e+01
2.421950000000000003e+01
2.421610000000000085e+01
2.420949999999999847e+01
2.420779999999999887e+01
2.419969999999999999e+01
2.419999999999999929e+01
2.419810000000000016e+01
2.418990000000000151e+01
2.419620000000000104e+01
2.419810000000000016e+01
2.419969999999999999e+01
2.418990000000000151e+01
2.418830000000000169e+01
2.418019999999999925e+01
2.417849999999999966e+01
2.416059999999999874e+01
2.416850000000000165e+01
2.415900000000000247e+01
2.415900000000000247e+01
2.415869999999999962e+01
2.415900000000000247e+01
2.415900000000000247e+01
2.415050000000000097e+01
2.416720000000000113e+01
2.418009999999999948e+01
2.416019999999999968e+01
2.416850000000000165e+01
2.416059999999999874e+01
2.415699999999999648e+01
2.415869999999999962e+01
2.415749999999999886e+01
2.415869999999999962e+01
2.416880000000000095e+01
2.416880000000000095e+01
2.417000000000000171e+01
2.418009999999999948e+01
2.418009999999999948e+01
2.417190000000000083e+01
2.416850000000000165e+01
2.416059999999999874e+01
2.415900000000000247e+01
2.414890000000000114e+01
2.414920000000000044e+01
2.415900000000000247e+01
2.414890000000000114e+01
2.415050000000000097e+01
2.415900000000000247e+01
2.415699999999999648e+01
2.416029999999999944e+01
2.415900000000000247e+01
2.416059999999999874e+01
2.415869999999999962e+01
2.416059999999999874e+01
2.414260000000000161e+01
2.414260000000000161e+01
2.412930000000000064e+01
2.412109999999999843e+01
2.412269999999999825e+01
2.414110000000000156e+01
2.415080000000000027e+01
2.416059999999999874e+01
2.416019999999999968e+01
2.417980000000000018e+01
2.418009999999999948e+01
2.418009999999999948e+01
2.419140000000000157e+01
2.420120000000000005e+01
2.421259999999999835e+01
2.420469999999999899e+01
2.420279999999999987e+01
2.420279999999999987e+01
2.419340000000000046e+01
2.418519999999999825e+01
2.418159999999999954e+01
2.418990000000000151e+01
2.419140000000000157e+01
2.420120000000000005e+01
2.421089999999999876e+01
2.422080000000000055e+01
2.422269999999999968e+01
2.421290000000000120e+01
2.422109999999999985e+01
2.421089999999999876e+01
2.421089999999999876e+01
2.422070000000000078e+01
2.422240000000000038e+01
2.423239999999999839e+01
2.421450000000000102e+01
2.421450000000000102e+01
2.420469999999999899e+01
2.420309999999999917e+01
2.419300000000000139e+01
2.419140000000000157e+01
2.419300000000000139e+01
2.421920000000000073e+01
2.422070000000000078e+01
2.424040000000000106e+01
2.424220000000000041e+01
2.424380000000000024e+01
2.424220000000000041e+01
2.423239999999999839e+01
2.422269999999999968e+01
2.422269999999999968e+01
2.421920000000000073e+01
2.423059999999999903e+01
2.422269999999999968e+01
2.423239999999999839e+01
2.424070000000000036e+01
2.425199999999999889e+01
2.426170000000000115e+01
2.427149999999999963e+01
2.428290000000000148e+01
2.428320000000000078e+01
2.428320000000000078e+01
2.427309999999999945e+01
2.428130000000000166e+01
2.428130000000000166e+01
2.427309999999999945e+01
2.427149999999999963e+01
2.429100000000000037e+01
2.429100000000000037e+01
2.430239999999999867e+01
2.432069999999999865e+01
2.432389999999999830e+01
2.433199999999999719e+01
2.433199999999999719e+01
2.433199999999999719e+01
2.433360000000000056e+01
2.433199999999999719e+01
2.434029999999999916e+01
2.433170000000000144e+01
2.434149999999999991e+01
2.434339999999999904e+01
2.434339999999999904e+01
2.435510000000000019e+01
2.435510000000000019e+01
2.436329999999999885e+01
2.437300000000000111e+01
2.437460000000000093e+01
2.436959999999999837e+01
2.437109999999999843e+01
2.436289999999999978e+01
2.436289999999999978e+01
2.437109999999999843e+01
2.437109999999999843e+01
2.436449999999999960e+01
2.435470000000000113e+01
2.434339999999999904e+01
2.433360000000000056e+01
2.433360000000000056e+01
2.432539999999999836e+01
2.432389999999999830e+01
2.432389999999999830e+01
2.433199999999999719e+01
2.433199999999999719e+01
2.434179999999999922e+01
2.435320000000000107e+01
2.436329999999999885e+01
2.435510000000000019e+01
2.435510000000000019e+01
2.435510000000000019e+01
2.434690000000000154e+01
2.432379999999999853e+01
2.430400000000000205e+01
2.429420000000000002e+01
2.428440000000000154e+01
2.429260000000000019e+01
2.429260000000000019e+01
2.430430000000000135e+01
2.432229999999999848e+01
2.433199999999999719e+01
2.433199999999999719e+01
2.433360000000000056e+01
2.433520000000000039e+01
2.433520000000000039e+01
2.433360000000000056e+01
2.433360000000000056e+01
2.435160000000000124e+01
2.435310000000000130e+01
2.436289999999999978e+01
2.436129999999999995e+01
2.436449999999999960e+01
2.437269999999999825e+01
2.438240000000000052e+01
2.439219999999999899e+01
2.440040000000000120e+01
2.442160000000000153e+01
2.442350000000000065e+01
2.440390000000000015e+01
2.440199999999999747e+01
2.440199999999999747e+01
2.439219999999999899e+01
2.437940000000000040e+01
2.437770000000000081e+01
2.437269999999999825e+01
2.437269999999999825e+01
2.437269999999999825e+01
2.438909999999999911e+01
2.439880000000000138e+01
2.435780000000000101e+01
2.339470000000000027e+01
2.525090000000000146e+01
2.195720000000000027e+01
2.083699999999999974e+01
1.999739999999999895e+01
1.935439999999999827e+01
1.885930000000000106e+01
1.850819999999999865e+01
1.822919999999999874e+01
1.801839999999999975e+01
1.784390000000000143e+01
1.768720000000000070e+01
1.757939999999999969e+01
1.749269999999999925e+01
1.743070000000000164e+01
1.737010000000000076e+01
1.733780000000000143e+01
1.729710000000000036e+01
1.726269999999999882e+01
1.723969999999999914e+01
1.722019999999999840e+01
1.719089999999999918e+01
1.717960000000000065e+01
1.715650000000000119e+01
1.713710000000000022e+01
1.711430000000000007e+01
1.708470000000000155e+01
1.707019999999999982e+01
1.704210000000000136e+01
1.702289999999999992e+01
1.701279999999999859e+01
1.699320000000000164e+01
1.697030000000000172e+01
1.694920000000000115e+01
1.694599999999999795e+01
1.693789999999999907e+01
1.691669999999999874e+01
1.691519999999999868e+01
1.690700000000000003e+01
1.688550000000000040e+01
1.685930000000000106e+01
1.684799999999999898e+01
1.682849999999999824e+01
1.680740000000000123e+01
1.680740000000000123e+01
1.678590000000000160e+01
1.678430000000000177e+01
1.676640000000000086e+01
1.675499999999999901e+01
1.674330000000000140e+01
1.674340000000000117e+01
1.674210000000000065e+01
1.672220000000000084e+01
1.669610000000000127e+01
1.668319999999999936e+01
1.666359999999999886e+01
1.663390000000000057e+01
1.660460000000000136e+01
1.658330000000000126e+01
1.654410000000000025e+01
1.653119999999999834e+01
1.652110000000000056e+01
1.651170000000000115e+01
1.649990000000000023e+01
1.650819999999999865e+01
1.649180000000000135e+01
1.648079999999999856e+01
1.648049999999999926e+01
1.648079999999999856e+01
1.647060000000000102e+01
1.645080000000000098e+01
1.645939999999999870e+01
1.645080000000000098e+01
1.643009999999999948e+01
1.641989999999999839e+01
1.641199999999999903e+01
1.641019999999999968e+01
1.639059999999999917e+01
1.635310000000000130e+01
1.633980000000000032e+01
1.632849999999999824e+01
1.631879999999999953e+01
1.630079999999999885e+01
1.629759999999999920e+01
1.629929999999999879e+01
1.627969999999999828e+01
1.626800000000000068e+01
1.625819999999999865e+01
1.624879999999999924e+01
1.622889999999999944e+01
1.622739999999999938e+01
1.621750000000000114e+01
1.620749999999999957e+01
1.619960000000000022e+01
1.619640000000000057e+01
1.619770000000000110e+01
1.618789999999999907e+01
1.617849999999999966e+01
1.616839999999999833e+01
1.615859999999999985e+01
1.615889999999999915e+01
1.614890000000000114e+01
1.612930000000000064e+01
1.611759999999999948e+01
1.609809999999999874e+01
1.609680000000000177e+01
1.607700000000000173e+01
1.605900000000000105e+01
1.604769999999999897e+01
1.603780000000000072e+01
1.603750000000000142e+01
1.603790000000000049e+01
1.603780000000000072e+01
1.603590000000000160e+01
1.601800000000000068e+01
1.600700000000000145e+01
1.598709999999999987e+01
1.596410000000000018e+01
1.595780000000000065e+01
1.593829999999999991e+01
1.591530000000000022e+01
1.590729999999999933e+01
1.589579999999999949e+01
1.588749999999999929e+01
1.587620000000000076e+01
1.587770000000000081e+01
1.585660000000000025e+01
1.584650000000000070e+01
1.584500000000000064e+01
1.585469999999999935e+01
1.584650000000000070e+01
1.582530000000000037e+01
1.582189999999999941e+01
1.581370000000000076e+01
1.580739999999999945e+01
1.579770000000000074e+01
1.578640000000000043e+01
1.578640000000000043e+01
1.578470000000000084e+01
1.577619999999999933e+01
1.577469999999999928e+01
1.576490000000000080e+01
1.576490000000000080e+01
1.575510000000000055e+01
1.574540000000000006e+01
1.572419999999999973e+01
1.571410000000000018e+01
1.570279999999999987e+01
1.568629999999999924e+01
1.568479999999999919e+01
1.568479999999999919e+01
1.567500000000000071e+01
1.566530000000000022e+01
1.565390000000000015e+01
1.565390000000000015e+01
1.564259999999999984e+01
1.562620000000000076e+01
1.562459999999999916e+01
1.561490000000000045e+01
1.559680000000000000e+01
1.559340000000000082e+01
1.557540000000000013e+01
1.557390000000000008e+01
1.555400000000000027e+01
1.556409999999999982e+01
1.556409999999999982e+01
1.555589999999999939e+01
1.554609999999999914e+01
1.555429999999999957e+01
1.554609999999999914e+01
1.554609999999999914e+01
1.553640000000000043e+01
1.554460000000000086e+01
1.552650000000000041e+01
1.551490000000000080e+01
1.552619999999999933e+01
1.552469999999999928e+01
1.552660000000000018e+01
1.552660000000000018e+01
1.551670000000000016e+01
1.549849999999999994e+01
1.548559999999999981e+01
1.547739999999999938e+01
1.545780000000000065e+01
1.544609999999999950e+01
1.543629999999999924e+01
1.542849999999999966e+01
1.540889999999999915e+01
1.539729999999999954e+01
1.538749999999999929e+01
1.538599999999999923e+01
1.538429999999999964e+01
1.538400000000000034e+01
1.537579999999999991e+01
1.537429999999999986e+01
1.536800000000000033e+01
1.536630000000000074e+01
1.535629999999999917e+01
1.535469999999999935e+01
1.534500000000000064e+01
1.534500000000000064e+01
1.533670000000000044e+01
1.531559999999999988e+01
1.531370000000000076e+01
1.530739999999999945e+01
1.529770000000000074e+01
1.529770000000000074e+01
1.528780000000000072e+01
1.528439999999999976e+01
1.527149999999999963e+01
1.525849999999999973e+01
1.525670000000000037e+01
1.523869999999999969e+01
1.524540000000000006e+01
1.523550000000000004e+01
1.523559999999999981e+01
1.523559999999999981e+01
1.522739999999999938e+01
1.521759999999999913e+01
1.521439999999999948e+01
1.520749999999999957e+01
1.520780000000000065e+01
1.519810000000000016e+01
1.519640000000000057e+01
1.519459999999999944e+01
1.519609999999999950e+01
1.516840000000000011e+01
1.517699999999999960e+01
1.516709999999999958e+01
1.517500000000000071e+01
1.516840000000000011e+01
1.515700000000000003e+01
1.513589999999999947e+01
1.512579999999999991e+01
1.512429999999999986e+01
1.511800000000000033e+01
1.509680000000000000e+01
1.508670000000000044e+01
1.508520000000000039e+01
1.508670000000000044e+01
1.506879999999999953e+01
1.506559999999999988e+01
1.506569999999999965e+01
1.506719999999999970e+01
1.505739999999999945e+01
1.504599999999999937e+01
1.504420000000000002e+01
1.504570000000000007e+01
1.503790000000000049e+01
1.501839999999999975e+01
1.501520000000000010e+01
1.500510000000000055e+01
1.499690000000000012e+01
1.498709999999999987e+01
1.498709999999999987e+01
1.497569999999999979e+01
1.495749999999999957e+01
1.494609999999999950e+01
1.493829999999999991e+01
1.491709999999999958e+01
1.491370000000000040e+01
1.490700000000000003e+01
1.490390000000000015e+01
1.489729999999999954e+01
1.488599999999999923e+01
1.487620000000000076e+01
1.488429999999999964e+01
1.487429999999999986e+01
1.488240000000000052e+01
1.489220000000000077e+01
1.489380000000000059e+01
1.489579999999999949e+01
1.489579999999999949e+01
1.488749999999999929e+01
1.487770000000000081e+01
1.486630000000000074e+01
1.485469999999999935e+01
1.485469999999999935e+01
1.483520000000000039e+01
1.483520000000000039e+01
1.483360000000000056e+01
1.483520000000000039e+01
1.482530000000000037e+01
1.481719999999999970e+01
1.482540000000000013e+01
1.480739999999999945e+01
1.479609999999999914e+01
1.478640000000000043e+01
1.478480000000000061e+01
1.478480000000000061e+01
1.475539999999999985e+01
1.475350000000000072e+01
1.474690000000000012e+01
1.474540000000000006e+01
1.474540000000000006e+01
1.473709999999999987e+01
1.473559999999999981e+01
1.474540000000000006e+01
1.475350000000000072e+01
1.474370000000000047e+01
1.474179999999999957e+01
1.474179999999999957e+01
1.473359999999999914e+01
1.472390000000000043e+01
1.472230000000000061e+01
1.472579999999999956e+01
1.472579999999999956e+01
1.472579999999999956e+01
1.471759999999999913e+01
1.472419999999999973e+01
1.472390000000000043e+01
1.472390000000000043e+01
1.470589999999999975e+01
1.469299999999999962e+01
1.469459999999999944e+01
1.467660000000000053e+01
1.465390000000000015e+01
1.464380000000000059e+01
1.464729999999999954e+01
1.465549999999999997e+01
1.465549999999999997e+01
1.465390000000000015e+01
1.466370000000000040e+01
1.465549999999999997e+01
1.465390000000000015e+01
1.464579999999999949e+01
1.463439999999999941e+01
1.462620000000000076e+01
1.461630000000000074e+01
1.459650000000000070e+01
1.458520000000000039e+01
1.458360000000000056e+01
1.456569999999999965e+01
1.455589999999999939e+01
1.454460000000000086e+01
1.455429999999999957e+01
1.454609999999999914e+01
1.453470000000000084e+01
1.454260000000000019e+01
1.453439999999999976e+01
1.453279999999999994e+01
1.453279999999999994e+01
1.453279999999999994e+01
1.453279999999999994e+01
1.453279999999999994e+01
1.453279999999999994e+01
1.452469999999999928e+01
1.451490000000000080e+01
1.451329999999999920e+01
1.450350000000000072e+01
1.449540000000000006e+01
1.449380000000000024e+01
1.447579999999999956e+01
1.448400000000000176e+01
1.448400000000000176e+01
1.447579999999999956e+01
1.445620000000000083e+01
1.445279999999999987e+01
1.445429999999999993e+01
1.444459999999999944e+01
1.443479999999999919e+01
1.443319999999999936e+01
1.442500000000000071e+01
1.443319999999999936e+01
1.441680000000000028e+01
1.441370000000000040e+01
1.440700000000000003e+01
1.439409999999999989e+01
1.437429999999999986e+01
1.436599999999999966e+01
1.435469999999999935e+01
1.434500000000000064e+01
1.433520000000000039e+01
1.432540000000000013e+01
1.433360000000000056e+01
1.433360000000000056e+01
1.435350000000000037e+01
1.435510000000000019e+01
1.435510000000000019e+01
1.434340000000000082e+01
1.434340000000000082e+01
1.433360000000000056e+01
1.433360000000000056e+01
1.432540000000000013e+01
1.431400000000000006e+01
1.431370000000000076e+01
1.430400000000000027e+01
1.430589999999999939e+01
1.430589999999999939e+01
1.430429999999999957e+01
1.430589999999999939e+01
1.430429999999999957e+01
1.430429999999999957e+01
1.430429999999999957e+01
1.428640000000000043e+01
1.427500000000000036e+01
1.425510000000000055e+01
1.425539999999999985e+01
1.425510000000000055e+01
1.423559999999999981e+01
1.423709999999999987e+01
1.423709999999999987e+01
1.423559999999999981e+01
1.424380000000000024e+01
1.423559999999999981e+01
1.425350000000000072e+01
1.424380000000000024e+01
1.423400000000000176e+01
1.422419999999999973e+01
1.422419999999999973e+01
1.421439999999999948e+01
1.421250000000000036e+01
1.421250000000000036e+01
1.423359999999999914e+01
1.422230000000000061e+01
1.421410000000000018e+01
1.420120000000000005e+01
1.419459999999999944e+01
1.418479999999999919e+01
1.416530000000000022e+01
1.416530000000000022e+01
1.415700000000000003e+01
1.413589999999999947e+01
1.413400000000000034e+01
1.411449999999999960e+01
1.410469999999999935e+01
1.410469999999999935e+01
1.409500000000000064e+01
1.408520000000000039e+01
1.408360000000000056e+01
1.409529999999999994e+01
1.409500000000000064e+01
1.409340000000000082e+01
1.409340000000000082e+01
1.408360000000000056e+01
1.408360000000000056e+01
1.406370000000000076e+01
1.404420000000000002e+01
1.403279999999999994e+01
1.403279999999999994e+01
1.401640000000000086e+01
1.401490000000000080e+01
1.401329999999999920e+01
1.401329999999999920e+01
1.401490000000000080e+01
1.400510000000000055e+01
1.400350000000000072e+01
1.401529999999999987e+01
1.400539999999999985e+01
1.401329999999999920e+01
1.401329999999999920e+01
1.401329999999999920e+01
1.402309999999999945e+01
1.402309999999999945e+01
1.401490000000000080e+01
1.401490000000000080e+01
1.401490000000000080e+01
1.399690000000000012e+01
1.398559999999999981e+01
1.398400000000000176e+01
1.397579999999999956e+01
1.397419999999999973e+01
1.396410000000000018e+01
1.396250000000000036e+01
1.396250000000000036e+01
1.396410000000000018e+01
1.395279999999999987e+01
1.395279999999999987e+01
1.394299999999999962e+01
1.394459999999999944e+01
1.393479999999999919e+01
1.392500000000000071e+01
1.392500000000000071e+01
1.390549999999999997e+01
1.391370000000000040e+01
1.391370000000000040e+01
1.391210000000000058e+01
1.391530000000000022e+01
1.390390000000000015e+01
1.390360000000000085e+01
1.390549999999999997e+01
1.390549999999999997e+01
1.389579999999999949e+01
1.388599999999999923e+01
1.387620000000000076e+01
1.387459999999999916e+01
1.386490000000000045e+01
1.384500000000000064e+01
1.383520000000000039e+01
1.384529999999999994e+01
1.383549999999999969e+01
1.382540000000000013e+01
1.382540000000000013e+01
1.383200000000000074e+01
1.383360000000000056e+01
1.384340000000000082e+01
1.384340000000000082e+01
1.383670000000000044e+01
1.382540000000000013e+01
1.382540000000000013e+01
1.381569999999999965e+01
1.380589999999999939e+01
1.379449999999999932e+01
1.379269999999999996e+01
1.379299999999999926e+01
1.379460000000000086e+01
1.379460000000000086e+01
1.378640000000000043e+01
1.377500000000000036e+01
1.378320000000000078e+01
1.377660000000000018e+01
1.377500000000000036e+01
1.377340000000000053e+01
1.377500000000000036e+01
1.377500000000000036e+01
1.377500000000000036e+01
1.377500000000000036e+01
1.377660000000000018e+01
1.375539999999999985e+01
1.375350000000000072e+01
1.372390000000000043e+01
1.371250000000000036e+01
1.371250000000000036e+01
1.370279999999999987e+01
1.369459999999999944e+01
1.369299999999999962e+01
1.368479999999999919e+01
1.368319999999999936e+01
1.369139999999999979e+01
1.367500000000000071e+01
1.368159999999999954e+01
1.367500000000000071e+01
1.365700000000000003e+01
1.364729999999999954e+01
1.363429999999999964e+01
1.365200000000000102e+01
1.366169999999999973e+01
1.366530000000000022e+01
1.366370000000000040e+01
1.366370000000000040e+01
1.366370000000000040e+01
1.364380000000000059e+01
1.363240000000000052e+01
1.362270000000000003e+01
1.362110000000000021e+01
1.364059999999999917e+01
1.363400000000000034e+01
1.363240000000000052e+01
1.363400000000000034e+01
1.363400000000000034e+01
1.362770000000000081e+01
1.360820000000000007e+01
1.360670000000000002e+01
1.361490000000000045e+01
1.361480000000000068e+01
1.360309999999999953e+01
1.361289999999999978e+01
1.361449999999999960e+01
1.361289999999999978e+01
1.360469999999999935e+01
1.360309999999999953e+01
1.360469999999999935e+01
1.360309999999999953e+01
1.359340000000000082e+01
1.359340000000000082e+01
1.359179999999999922e+01
1.358360000000000056e+01
1.358360000000000056e+01
1.358360000000000056e+01
1.357540000000000013e+01
1.356569999999999965e+01
1.355589999999999939e+01
1.355429999999999957e+01
1.354460000000000086e+01
1.353640000000000043e+01
1.352660000000000018e+01
1.352500000000000036e+01
1.351529999999999987e+01
1.350699999999999967e+01
1.349540000000000006e+01
1.349380000000000024e+01
1.349380000000000024e+01
1.349380000000000024e+01
1.350200000000000067e+01
1.350350000000000072e+01
1.349380000000000024e+01
1.349380000000000024e+01
1.349540000000000006e+01
1.348559999999999981e+01
1.347739999999999938e+01
1.346610000000000085e+01
1.346610000000000085e+01
1.345470000000000077e+01
1.345279999999999987e+01
1.345279999999999987e+01
1.344299999999999962e+01
1.345279999999999987e+01
1.344299999999999962e+01
1.344299999999999962e+01
1.344299999999999962e+01
1.344299999999999962e+01
1.344459999999999944e+01
1.343479999999999919e+01
1.342500000000000071e+01
1.341530000000000022e+01
1.342350000000000065e+01
1.341370000000000040e+01
1.339579999999999949e+01
1.340390000000000015e+01
1.340390000000000015e+01
1.340390000000000015e+01
1.340390000000000015e+01
1.342190000000000083e+01
1.342350000000000065e+01
1.342350000000000065e+01
1.341530000000000022e+01
1.341370000000000040e+01
1.340549999999999997e+01
1.339579999999999949e+01
1.340390000000000015e+01
1.339579999999999949e+01
1.339419999999999966e+01
1.338429999999999964e+01
1.338240000000000052e+01
1.337429999999999986e+01
1.337270000000000003e+01
1.336449999999999960e+01
1.336129999999999995e+01
1.335469999999999935e+01
1.336289999999999978e+01
1.334650000000000070e+01
1.334340000000000082e+01
1.334500000000000064e+01
1.333670000000000044e+01
1.333360000000000056e+01
1.332380000000000031e+01
1.331209999999999916e+01
1.331209999999999916e+01
1.331209999999999916e+01
1.332200000000000095e+01
1.333200000000000074e+01
1.334179999999999922e+01
1.334340000000000082e+01
1.335159999999999947e+01
1.334340000000000082e+01
1.333360000000000056e+01
1.331569999999999965e+01
1.331409999999999982e+01
1.330589999999999939e+01
1.330429999999999957e+01
1.329599999999999937e+01
1.329260000000000019e+01
1.330240000000000045e+01
1.329420000000000002e+01
1.329260000000000019e+01
1.329260000000000019e+01
1.329260000000000019e+01
1.329260000000000019e+01
1.329260000000000019e+01
1.329099999999999859e+01
1.328279999999999994e+01
1.326490000000000080e+01
1.326329999999999920e+01
1.326329999999999920e+01
1.324540000000000006e+01
1.324540000000000006e+01
1.324380000000000024e+01
1.325350000000000072e+01
1.324380000000000024e+01
1.324380000000000024e+01
1.324540000000000006e+01
1.325200000000000067e+01
1.325350000000000072e+01
1.325200000000000067e+01
1.324380000000000024e+01
1.325350000000000072e+01
1.324220000000000041e+01
1.324380000000000024e+01
1.323559999999999981e+01
1.323400000000000176e+01
1.322579999999999956e+01
1.323400000000000176e+01
1.323559999999999981e+01
1.321610000000000085e+01
1.319650000000000034e+01
1.319490000000000052e+01
1.319139999999999979e+01
1.318319999999999936e+01
1.316530000000000022e+01
1.317350000000000065e+01
1.316370000000000040e+01
1.315549999999999997e+01
1.316360000000000063e+01
1.317350000000000065e+01
1.317350000000000065e+01
1.316530000000000022e+01
1.316370000000000040e+01
1.317350000000000065e+01
1.318319999999999936e+01
1.317500000000000071e+01
1.316370000000000040e+01
1.316370000000000040e+01
1.315390000000000015e+01
1.315390000000000015e+01
1.314220000000000077e+01
1.314220000000000077e+01
1.313400000000000034e+01
1.312429999999999986e+01
1.310469999999999935e+01
1.310309999999999953e+01
1.310309999999999953e+01
1.309500000000000064e+01
1.309179999999999922e+01
1.309340000000000082e+01
1.309500000000000064e+01
1.309340000000000082e+01
1.309340000000000082e+01
1.308360000000000056e+01
1.307540000000000013e+01
1.306409999999999982e+01
1.305589999999999939e+01
1.303480000000000061e+01
1.304460000000000086e+01
1.304460000000000086e+01
1.304460000000000086e+01
1.304460000000000086e+01
1.304460000000000086e+01
1.303470000000000084e+01
1.301490000000000080e+01
1.302309999999999945e+01
1.302469999999999928e+01
1.301329999999999920e+01
1.301169999999999938e+01
1.301329999999999920e+01
1.302149999999999963e+01
1.301490000000000080e+01
1.300350000000000072e+01
1.300510000000000055e+01
1.301329999999999920e+01
1.301329999999999920e+01
1.300350000000000072e+01
1.300350000000000072e+01
1.300350000000000072e+01
1.300350000000000072e+01
1.301329999999999920e+01
1.301490000000000080e+01
1.302309999999999945e+01
1.302309999999999945e+01
1.300350000000000072e+01
1.300350000000000072e+01
1.299380000000000024e+01
1.298400000000000176e+01
1.297419999999999973e+01
1.297419999999999973e+01
1.297419999999999973e+01
1.296610000000000085e+01
1.296449999999999925e+01
1.296449999999999925e+01
1.295279999999999987e+01
1.295120000000000005e+01
1.296090000000000053e+01
1.295279999999999987e+01
1.296090000000000053e+01
1.296250000000000036e+01
1.295589999999999975e+01
1.295429999999999993e+01
1.295279999999999987e+01
1.295279999999999987e+01
1.295630000000000059e+01
1.294650000000000034e+01
1.295309999999999917e+01
1.294299999999999962e+01
1.293479999999999919e+01
1.292350000000000065e+01
1.289579999999999949e+01
1.288439999999999941e+01
1.288439999999999941e+01
1.286480000000000068e+01
1.285309999999999953e+01
1.285309999999999953e+01
1.284500000000000064e+01
1.284500000000000064e+01
1.283520000000000039e+01
1.284340000000000082e+01
1.284500000000000064e+01
1.284340000000000082e+01
1.285159999999999947e+01
1.284340000000000082e+01
1.283360000000000056e+01
1.282390000000000008e+01
1.282390000000000008e+01
1.281569999999999965e+01
1.280589999999999939e+01
1.280429999999999957e+01
1.280429999999999957e+01
1.280429999999999957e+01
1.279460000000000086e+01
1.279460000000000086e+01
1.279460000000000086e+01
1.279460000000000086e+01
1.279460000000000086e+01
1.279609999999999914e+01
1.280429999999999957e+01
1.280429999999999957e+01
1.281409999999999982e+01
1.282540000000000013e+01
1.281400000000000006e+01
1.281209999999999916e+01
1.281209999999999916e+01
1.281209999999999916e+01
1.280400000000000027e+01
1.279260000000000019e+01
1.279260000000000019e+01
1.280240000000000045e+01
1.279420000000000002e+01
1.278439999999999976e+01
1.280080000000000062e+01
1.280240000000000045e+01
1.281209999999999916e+01
1.281209999999999916e+01
1.281209999999999916e+01
1.282390000000000008e+01
1.282390000000000008e+01
1.280400000000000027e+01
1.280240000000000045e+01
1.280080000000000062e+01
1.279260000000000019e+01
1.279099999999999859e+01
1.278439999999999976e+01
1.278279999999999994e+01
1.277619999999999933e+01
1.275670000000000037e+01
1.274380000000000024e+01
1.273400000000000176e+01
1.272579999999999956e+01
1.272419999999999973e+01
1.272419999999999973e+01
1.273240000000000016e+01
1.273559999999999981e+01
1.274540000000000006e+01
1.273550000000000004e+01
1.272390000000000043e+01
1.271410000000000018e+01
1.270279999999999987e+01
1.270279999999999987e+01
1.270120000000000005e+01
1.270120000000000005e+01
1.270120000000000005e+01
1.270279999999999987e+01
1.269490000000000052e+01
1.269299999999999962e+01
1.269299999999999962e+01
1.268479999999999919e+01
1.267500000000000071e+01
1.267350000000000065e+01
1.267350000000000065e+01
1.267350000000000065e+01
1.267350000000000065e+01
1.266370000000000040e+01
1.267190000000000083e+01
1.266370000000000040e+01
1.266370000000000040e+01
1.266530000000000022e+01
1.264729999999999954e+01
1.265390000000000015e+01
1.264579999999999949e+01
1.266210000000000058e+01
1.266370000000000040e+01
1.266210000000000058e+01
1.267029999999999923e+01
1.267500000000000071e+01
1.266370000000000040e+01
1.265549999999999997e+01
1.266370000000000040e+01
1.265549999999999997e+01
1.265390000000000015e+01
1.265230000000000032e+01
1.265230000000000032e+01
1.263240000000000052e+01
1.263090000000000046e+01
1.263090000000000046e+01
1.262270000000000003e+01
1.261299999999999955e+01
1.262459999999999916e+01
1.261480000000000068e+01
1.261289999999999978e+01
1.261449999999999960e+01
1.261449999999999960e+01
1.262429999999999986e+01
1.262620000000000076e+01
1.262620000000000076e+01
1.261650000000000027e+01
1.261330000000000062e+01
1.261490000000000045e+01
1.260159999999999947e+01
1.259340000000000082e+01
1.259179999999999922e+01
1.259340000000000082e+01
1.258360000000000056e+01
1.257390000000000008e+01
1.257540000000000013e+01
1.257540000000000013e+01
nan
