-60.76	-0.261658
-59.76	-0.251892
-58.76	-0.243683
-57.76	-0.232361
-56.76	-0.227264
-55.76	-0.230408
-54.76	-0.230469
-53.76	-0.222595
-52.76	-0.24057
-51.76	-0.240173
-50.76	-0.248383
-49.76	-0.261353
-48.76	-0.261658
-47.76	-0.261658
-46.76	-0.261658
-45.76	-0.269867
-44.76	-0.253448
-43.76	-0.240173
-42.76	-0.230408
-41.76	-0.230408
-40.76	-0.212433
-39.76	-0.210938
-38.76	-0.210876
-37.76	-0.20932
-36.76	-0.202667
-35.76	-0.210876
-34.76	-0.201111
-33.76	-0.201111
-32.76	-0.202759
-31.76	-0.20932
-30.76	-0.199554
-29.76	-0.189789
-28.76	-0.18158
-27.76	-0.171417
-26.76	-0.151886
-25.76	-0.14212
-24.76	-0.14212
-23.76	-0.14212
-22.76	-0.142212
-21.76	-0.132751
-20.76	-0.140961
-19.76	-0.130798
-18.76	-0.140564
-17.76	-0.130798
-16.76	-0.130798
-15.76	-0.140564
-14.76	-0.132355
-13.76	-0.132355
-12.76	-0.132446
-11.76	-0.124542
-10.76	-0.112823
-9.76	-0.111267
-8.76	-0.0917358
-7.76	-0.0639954
-6.76	0.0181274
-5.76	0.37851
-4.76	0.504761
-3.76	0.399445
-2.76	0.198273
-1.76	0.138824
-0.760002	0.253571
0.239998	0.163422
1.24	-0.211426
2.24	-0.286652
3.24	-0.340332
4.24	-0.357117
5.24	-0.352448
6.24	-0.365326
7.24	-0.39978
8.24	-0.435699
9.24	-0.456879
10.24	-0.471954
11.24	-0.509155
12.24	-0.533691
13.24	-0.506104
14.24	-0.490021
15.24	-0.478363
16.24	-0.470154
17.24	-0.450562
18.24	-0.439301
19.24	-0.445953
20.24	-0.442444
21.24	-0.442505
22.24	-0.449463
23.24	-0.458923
24.24	-0.451019
25.24	-0.467133
26.24	-0.468994
27.24	-0.468689
28.24	-0.477203
29.24	-0.486664
30.24	-0.478851
31.24	-0.467438
32.24	-0.45578
33.24	-0.45578
34.24	-0.446014
35.24	-0.434631
36.24	-0.426483
37.24	-0.436249
38.24	-0.436249
39.24	-0.444458
40.24	-0.444763
41.24	-0.446014
42.24	-0.462433
43.24	-0.463989
44.24	-0.463989
45.24	-0.45578
46.24	-0.447968
47.24	-0.444763
48.24	-0.446014
49.24	-0.444458
50.24	-0.446014
51.24	-0.444458
52.24	-0.452667
53.24	-0.465942
54.24	-0.454529
55.24	-0.454224
56.24	-0.452667
57.24	-0.444458
58.24	-0.444458
59.24	-0.42807
60.24	-0.424866
61.24	-0.414764
62.24	-0.406952
63.24	-0.406952
64.24	-0.39563
65.24	-0.394073
66.24	-0.403839
67.24	-0.413605
68.24	-0.424927
69.24	-0.433136
70.24	-0.434998
71.24	-0.434692
72.24	-0.442902
73.24	-0.452667
74.24	-0.442902
75.24	-0.434692
76.24	-0.424927
77.24	-0.405396
78.24	-0.405396
79.24	-0.387421
80.24	-0.376038
81.24	-0.372589
82.24	-0.374146
83.24	-0.374146
84.24	-0.380798
85.24	-0.39212
86.24	-0.383911
87.24	-0.383911
88.24	-0.383911
89.24	-0.377655
90.24	-0.384216
91.24	-0.383911
92.24	-0.385468
93.24	-0.375702
94.24	-0.374146
95.24	-0.376099
96.24	-0.356506
97.24	-0.344849
98.24	-0.331573
99.24	-0.323364
100.24	-0.321808
101.24	-0.317108
102.24	-0.315552
103.24	-0.307343
104.24	-0.295959
105.24	-0.294067
106.24	-0.294067
107.24	-0.285858
108.24	-0.274536
109.24	-0.27298
110.24	-0.264771
111.24	-0.27298
112.24	-0.263123
113.24	-0.261353
114.24	-0.253357
115.24	-0.251495
116.24	-0.251495
117.24	-0.24173
118.24	-0.225311
119.24	-0.215546
120.24	-0.212433
121.24	-0.213989
122.24	-0.215942
123.24	-0.207733
124.24	-0.214386
125.24	-0.214386
126.24	-0.214294
127.24	-0.204224
128.24	-0.194458
129.24	-0.174927
130.24	-0.155396
131.24	-0.153839
132.24	-0.14563
133.24	-0.144073
134.24	-0.153839
135.24	-0.153839
136.24	-0.153839
137.24	-0.163605
138.24	-0.171814
139.24	-0.174927
140.24	-0.165161
141.24	-0.165161
142.24	-0.153748
143.24	-0.163208
144.24	-0.153442
145.24	-0.14212
146.24	-0.151886
147.24	-0.145233
148.24	-0.14212
149.24	-0.125702
150.24	-0.11438
151.24	-0.116272
152.24	-0.0979919
153.24	-0.0866394
154.24	-0.0768738
155.24	-0.0752563
156.24	-0.0733643
157.24	-0.0753174
158.24	-0.0835266
159.24	-0.0753174
160.24	-0.0573425
161.24	-0.0460205
162.24	-0.0361938
163.24	-0.0163269
164.24	-0.0147705
165.24	-0.0132141
166.24	-0.0214233
167.24	-0.0229797
168.24	-0.031189
169.24	-0.0132141
170.24	-3.44849e-3
171.24	4.76074e-3
172.24	0.01297
173.24	0.0145264
174.24	0.024292
175.24	0.0259399
176.24	0.0278015
177.24	0.0278015
178.24	0.0180359
179.24	0.0278015
180.24	0.0375671
181.24	0.0473328
182.24	0.0473328
183.24	0.0473328
184.24	0.0688171
185.24	0.0688171
186.24	0.0570984
187.24	0.0637512
188.24	0.066864
189.24	0.066864
190.24	0.0653076
191.24	0.066864
192.24	0.066864
193.24	0.078186
194.24	0.0766296
195.24	0.0750732
196.24	0.0863953
197.24	0.0946045
198.24	0.10437
199.24	0.10437
200.24	0.112579
201.24	0.115692
202.24	0.143494
203.24	0.145386
204.24	0.155151
205.24	0.155151
206.24	0.174683
207.24	0.174683
208.24	0.176239
209.24	0.176239
210.24	0.186005
211.24	0.194214
212.24	0.19577
213.24	0.187561
214.24	0.194214
215.24	0.19577
216.24	0.205536
217.24	0.197327
218.24	0.205536
219.24	0.217255
220.24	0.217255
221.24	0.217255
222.24	0.225464
223.24	0.218811
224.24	0.217255
225.24	0.225464
226.24	0.225159
227.24	0.22702
228.24	0.215698
229.24	0.233673
230.24	0.244995
231.24	0.246552
232.24	0.256317
233.24	0.264526
234.24	0.275848
235.24	0.297333
236.24	0.297333
237.24	0.295776
238.24	0.305542
239.24	0.307098
240.24	0.308655
241.24	0.289124
242.24	0.297333
243.24	0.298889
244.24	0.289124
245.24	0.295776
246.24	0.297333
247.24	0.305542
248.24	0.315308
249.24	0.3349
250.24	0.328583
251.24	0.336792
252.24	0.346558
253.24	0.356323
254.24	0.35788
255.24	0.35788
256.24	0.367645
257.24	0.377411
258.24	0.377411
259.24	0.377411
260.24	0.387177
261.24	0.387177
262.24	0.388733
263.24	0.396942
264.24	0.398499
265.24	0.418427
266.24	0.436401
267.24	0.437958
268.24	0.437958
269.24	0.437958
270.24	0.446167
271.24	0.439514
272.24	0.44928
273.24	0.457489
274.24	0.457489
275.24	0.457489
276.24	0.459045
277.24	0.439453
278.24	0.427795
279.24	0.41803
280.24	0.41803
281.24	0.429749
282.24	0.431305
283.24	0.437958
284.24	0.457489
285.24	0.467163
286.24	0.486786
287.24	0.480133
288.24	0.485229
289.24	0.488342
290.24	0.478577
291.24	0.496552
292.24	0.506317
293.24	0.516083
294.24	0.519592
295.24	0.509827
296.24	0.50827
297.24	0.494995
298.24	0.475464
299.24	0.541229
300.24	0.482727
301.24	0.516693
302.24	0.610992
303.24	0.65976
304.24	0.679199
305.24	0.701874
306.24	0.731537
307.24	0.760834
308.24	0.782013
309.24	0.824921
310.24	0.855469
311.24	0.87381
312.24	0.882019
313.24	0.899902
314.24	0.90155
315.24	0.906311
316.24	0.931244
317.24	0.947632
318.24	0.973419
319.24	0.983276
320.24	0.994904
321.24	0.994598
322.24	1.00156
323.24	1.02078
324.24	1.0535
325.24	1.07312
326.24	1.08328
327.24	1.09296
328.24	1.09451
329.24	1.10086
330.24	1.10437
331.24	1.11093
332.24	1.12234
333.24	1.12225
334.24	1.13211
335.24	1.14029
336.24	1.15195
337.24	1.14188
338.24	1.14188
339.24	1.14218
340.24	1.13211
341.24	1.14029
342.24	1.14023
343.24	1.14188
344.24	1.14188
345.24	1.15195
346.24	1.1532
347.24	1.15359
348.24	1.14218
349.24	1.15005
350.24	1.15826
351.24	1.15005
352.24	1.15857
353.24	1.16959
354.24	1.17935
355.24	1.19107
356.24	1.19101
357.24	1.19266
358.24	1.1813
359.24	1.18951
360.24	1.18945
361.24	1.18094
362.24	1.1813
363.24	1.19101
364.24	1.19421
365.24	1.19266
366.24	1.19922
367.24	1.20242
368.24	1.20084
369.24	1.20905
370.24	1.21881
371.24	1.22888
372.24	1.23013
373.24	1.23679
374.24	1.25787
375.24	1.26959
376.24	1.25632
377.24	1.2532
378.24	1.2157
379.24	1.17468
380.24	1.13531
381.24	1.13718
382.24	1.12732
383.24	1.11258
384.24	1.10123
385.24	1.10944
386.24	1.1192
387.24	1.13718
388.24	1.17664
389.24	1.45804
390.24	1.60513
391.24	1.56085
392.24	1.18951
393.24	1.1543
394.24	1.14951
395.24	1.11819
396.24	1.07248
397.24	1.0314
398.24	1.02484
399.24	1.02484
400.24	1.03461
401.24	1.02359
402.24	1.00021
403.24	0.970917
404.24	0.970917
405.24	0.980682
406.24	0.997101
407.24	1.00055
408.24	1.01343
409.24	1.00677
410.24	0.998596
411.24	0.998505
412.24	1.00015
413.24	1.00671
414.24	1.00797
415.24	1.01968
416.24	1.01959
417.24	1.03091
418.24	1.02435
419.24	1.02469
420.24	1.00476
421.24	0.996552
422.24	0.983673
423.24	0.975464
424.24	0.983337
425.24	0.983673
426.24	0.985229
427.24	0.985229
428.24	0.985229
429.24	0.985229
430.24	0.986786
431.24	0.986877
432.24	0.996948
433.24	0.986786
434.24	1.0032
435.24	1.01453
436.24	1.01453
437.24	1.01453
438.24	1.02429
439.24	1.02585
440.24	1.02585
441.24	1.01608
442.24	1.02585
443.24	1.0274
444.24	1.01764
445.24	1.03406
446.24	1.03561
447.24	1.0274
448.24	1.02585
449.24	1.02585
450.24	1.02585
451.24	1.02585
452.24	1.04578
453.24	1.05554
454.24	1.06531
455.24	1.05515
456.24	1.065
457.24	1.06531
458.24	1.06531
459.24	1.07663
460.24	1.07663
461.24	1.07507
462.24	1.07819
463.24	1.0864
464.24	1.0864
465.24	1.06842
466.24	1.06531
467.24	1.0571
468.24	1.0571
469.24	1.06531
470.24	1.06686
471.24	1.08328
472.24	1.10437
473.24	1.10593
474.24	1.10437
475.24	1.10593
476.24	1.11578
477.24	1.10788
478.24	1.10632
479.24	1.11609
480.24	1.10788
481.24	1.11609
482.24	1.11609
483.24	1.12741
484.24	1.12741
485.24	1.12741
486.24	1.14539
487.24	1.14694
488.24	1.14694
489.24	1.15515
490.24	1.15671
491.24	1.16492
492.24	1.17633
493.24	1.1781
494.24	1.186
495.24	1.186
496.24	1.19586
497.24	1.20749
498.24	1.2157
499.24	1.22391
500.24	1.22546
501.24	1.21725
502.24	1.21881
503.24	1.21725
504.24	1.21725
505.24	1.22702
506.24	1.23523
507.24	1.245
508.24	1.245
509.24	1.245
510.24	1.23679
511.24	1.245
512.24	1.25632
513.24	1.28571
514.24	1.29733
515.24	1.3071
516.24	1.31686
517.24	1.31686
518.24	1.31686
519.24	1.31873
520.24	1.30515
521.24	1.315
522.24	1.32507
523.24	1.32663
524.24	1.32663
525.24	1.31686
526.24	1.31686
527.24	1.30865
528.24	1.31686
529.24	1.31686
530.24	1.32507
531.24	1.32663
532.24	1.33484
533.24	1.34305
534.24	1.3364
535.24	1.33484
536.24	1.3446
537.24	1.3446
538.24	1.3642
539.24	1.36765
540.24	1.37585
541.24	1.37585
542.24	1.38562
543.24	1.37741
544.24	1.38718
545.24	1.37741
546.24	1.37741
547.24	1.38718
548.24	1.38718
549.24	1.38562
550.24	1.39383
551.24	1.38531
552.24	1.38406
553.24	1.38562
554.24	1.38718
555.24	1.3985
556.24	1.41843
557.24	1.43951
558.24	1.43951
559.24	1.45749
560.24	1.46725
561.24	1.47546
562.24	1.48523
563.24	1.47702
564.24	1.495
565.24	1.495
566.24	1.49655
567.24	1.49655
568.24	1.50632
569.24	1.51608
570.24	1.5278
571.24	1.52936
572.24	1.54578
573.24	1.5571
574.24	1.54889
575.24	1.5571
576.24	1.56531
577.24	1.56686
578.24	1.56686
579.24	1.57663
580.24	1.56842
581.24	1.56686
582.24	1.56842
583.24	1.57507
584.24	1.57663
585.24	1.58484
586.24	1.59616
587.24	1.59616
588.24	1.59616
589.24	1.58795
590.24	1.5864
591.24	1.57663
592.24	1.56531
593.24	1.57507
594.24	1.57663
595.24	1.58484
596.24	1.57663
597.24	1.57663
598.24	1.5864
599.24	1.57663
600.24	1.58484
601.24	1.59616
602.24	1.61414
603.24	1.63531
604.24	1.63718
605.24	1.65515
606.24	1.65671
607.24	1.66843
608.24	1.66998
609.24	1.67664
610.24	1.6864
611.24	1.67975
612.24	1.66843
613.24	1.65671
614.24	1.64694
615.24	1.62741
616.24	1.63718
617.24	1.62741
618.24	1.63718
619.24	1.64539
620.24	1.64694
621.24	1.64694
622.24	1.65671
623.24	1.66647
624.24	1.65826
625.24	1.67664
626.24	1.67468
627.24	1.68796
628.24	1.68796
629.24	1.68796
630.24	1.69772
631.24	1.69928
632.24	1.70905
633.24	1.71881
634.24	1.7074
635.24	1.71539
636.24	1.70749
637.24	1.7157
638.24	1.72702
639.24	1.71725
640.24	1.72702
641.24	1.73679
642.24	1.7403
643.24	1.7485
644.24	1.74841
645.24	1.75632
646.24	1.76608
647.24	1.75787
648.24	1.75787
649.24	1.76608
650.24	1.75787
651.24	1.76764
652.24	1.7778
653.24	1.77936
654.24	1.78757
655.24	1.79889
656.24	1.79889
657.24	1.79733
658.24	1.78757
659.24	1.78912
660.24	1.79578
661.24	1.8071
662.24	1.8071
663.24	1.79889
664.24	1.81531
665.24	1.81686
666.24	1.81686
667.24	1.80865
668.24	1.81882
669.24	1.82858
670.24	1.83826
671.24	1.83795
672.24	1.83795
673.24	1.85593
674.24	1.84772
675.24	1.86765
676.24	1.8692
677.24	1.8692
678.24	1.87741
679.24	1.8692
680.24	1.87741
681.24	1.87741
682.24	1.87741
683.24	1.88718
684.24	1.88718
685.24	1.89539
686.24	1.90671
687.24	1.90671
688.24	1.90515
689.24	1.90515
690.24	1.96274
691.24	1.88818
692.24	1.88281
693.24	2.01193
694.24	2.06842
695.24	2.10077
696.24	2.11874
697.24	2.14014
698.24	2.14484
699.24	2.16943
700.24	2.17734
701.24	2.19406
702.24	2.19061
703.24	2.20865
704.24	2.21054
705.24	2.21716
706.24	2.22537
707.24	2.23639
708.24	2.26288
709.24	2.28406
710.24	2.30389
711.24	2.29529
712.24	2.30203
713.24	2.30203
714.24	2.3121
715.24	2.33133
716.24	2.34305
717.24	2.35117
718.24	2.36258
719.24	2.36249
720.24	2.35437
721.24	2.35281
722.24	2.34296
723.24	2.35123
724.24	2.35117
725.24	2.35904
726.24	2.36258
727.24	2.38052
728.24	2.37421
729.24	2.3739
730.24	2.39063
731.24	2.38367
732.24	2.37234
733.24	2.3707
734.24	2.37076
735.24	2.3692
736.24	2.37076
737.24	2.37891
738.24	2.38052
739.24	2.38873
740.24	2.38873
741.24	2.40826
742.24	2.41177
743.24	2.40039
744.24	2.41803
745.24	2.40982
746.24	2.40982
747.24	2.41016
748.24	2.40982
749.24	2.41803
750.24	2.40982
751.24	2.41998
752.24	2.41998
753.24	2.41833
754.24	2.41959
755.24	2.42935
756.24	2.44107
757.24	2.44928
758.24	2.44928
759.24	2.44922
760.24	2.46725
761.24	2.46725
762.24	2.47858
763.24	2.48172
764.24	2.49185
765.24	2.49023
766.24	2.47037
767.24	2.44928
768.24	2.40671
769.24	2.3743
770.24	2.3446
771.24	2.32507
772.24	2.32672
773.24	2.32849
774.24	2.32819
775.24	2.32156
776.24	2.31021
777.24	2.31842
778.24	2.33835
779.24	2.37585
780.24	2.65927
781.24	2.78116
782.24	2.74008
783.24	2.40421
784.24	2.31787
785.24	2.29492
786.24	2.32928
787.24	2.30295
788.24	2.25851
789.24	2.22131
790.24	2.22797
791.24	2.23578
792.24	2.23584
793.24	2.2475
794.24	2.25061
795.24	2.26193
796.24	2.27328
797.24	2.26694
798.24	2.26663
799.24	2.26849
800.24	2.26147
801.24	2.25992
802.24	2.2728
803.24	2.27631
804.24	2.27789
805.24	2.27945
806.24	2.27975
807.24	2.27945
808.24	2.2778
809.24	2.28101
810.24	2.28757
811.24	2.30875
812.24	2.32037
813.24	2.30365
814.24	2.3024
815.24	2.3024
816.24	2.29388
817.24	2.28601
818.24	2.28445
819.24	2.29422
820.24	2.30554
821.24	2.28561
822.24	2.28561
823.24	2.29388
824.24	2.30554
825.24	2.3071
826.24	2.32352
827.24	2.33328
828.24	2.33328
829.24	2.33649
830.24	2.33679
831.24	2.33328
832.24	2.34305
833.24	2.34616
834.24	2.3446
835.24	2.35437
836.24	2.35602
837.24	2.36453
838.24	2.36609
839.24	2.37585
840.24	2.3743
841.24	2.38373
842.24	2.38562
843.24	2.38562
844.24	2.37585
845.24	2.38406
846.24	2.39383
847.24	2.39539
848.24	2.39694
849.24	2.41498
850.24	2.41492
851.24	2.41647
852.24	2.42468
853.24	2.43445
854.24	2.43445
855.24	2.44577
856.24	2.45749
857.24	2.46725
858.24	2.4657
859.24	2.46375
860.24	2.47516
861.24	2.48367
862.24	2.47391
863.24	2.47391
864.24	2.48523
865.24	2.49664
866.24	2.51648
867.24	2.51804
868.24	2.52625
869.24	2.53601
870.24	2.53601
871.24	2.54422
872.24	2.54382
873.24	2.54382
874.24	2.54547
875.24	2.56375
876.24	2.57507
877.24	2.57663
878.24	2.5946
879.24	2.59616
880.24	2.60593
881.24	2.60593
882.24	2.60593
883.24	2.59616
884.24	2.5946
885.24	2.5946
886.24	2.5864
887.24	2.58484
888.24	2.5864
889.24	2.58649
890.24	2.58835
891.24	2.59656
892.24	2.59656
893.24	2.59811
894.24	2.60477
895.24	2.61609
896.24	2.60593
897.24	2.61414
898.24	2.63562
899.24	2.63531
900.24	2.63718
901.24	2.64539
902.24	2.64694
903.24	2.67508
904.24	2.6864
905.24	2.70593
906.24	2.73679
907.24	2.73679
908.24	2.75476
909.24	2.76453
910.24	2.76608
911.24	2.76608
912.24	2.77435
913.24	2.78601
914.24	2.78601
915.24	2.7778
916.24	2.77625
917.24	2.78757
918.24	2.79578
919.24	2.79733
920.24	2.8071
921.24	2.81531
922.24	2.82507
923.24	2.82663
924.24	2.83484
925.24	2.8364
926.24	2.83649
927.24	2.84656
928.24	2.86453
929.24	2.8743
930.24	2.87585
931.24	2.88562
932.24	2.89703
933.24	2.88718
934.24	2.9071
935.24	2.90866
936.24	2.91687
937.24	2.93484
938.24	2.92624
939.24	2.92468
940.24	2.93289
941.24	2.92468
942.24	2.9361
943.24	2.94617
944.24	2.94617
945.24	2.96414
946.24	2.97546
947.24	2.995
948.24	2.99655
949.24	3.00632
950.24	3.01608
951.24	3.01764
952.24	3.02585
953.24	3.02585
954.24	3.02936
955.24	3.02429
956.24	3.04578
957.24	3.05554
958.24	3.0571
959.24	3.0571
960.24	3.06696
961.24	3.07703
962.24	3.08679
963.24	3.09656
964.24	3.10632
965.24	3.10788
966.24	3.11765
967.24	3.1192
968.24	3.12741
969.24	3.1192
970.24	3.11765
971.24	3.12585
972.24	3.13718
973.24	3.13718
974.24	3.13873
975.24	3.15671
976.24	3.16647
977.24	3.17819
978.24	3.17819
979.24	3.1864
980.24	3.2157
981.24	3.21725
982.24	3.22702
983.24	3.22702
984.24	3.23679
985.24	3.23834
986.24	3.23679
987.24	3.2532
988.24	3.26608
989.24	3.27429
990.24	3.28406
991.24	3.31696
992.24	3.33835
993.24	3.33835
994.24	3.32858
995.24	3.31873
996.24	3.32663
997.24	3.31686
998.24	3.31696
999.24	3.31882
1000.24	3.32858
1001.24	3.32858
1002.24	3.32858
1003.24	3.32858
1004.24	3.30896
1005.24	3.3071
1006.24	3.30524
1007.24	3.32352
1008.24	3.32663
1009.24	3.32663
1010.24	3.34811
1011.24	3.35944
1012.24	3.35944
1013.24	3.36765
1014.24	3.38718
1015.24	3.38718
1016.24	3.38718
1017.24	3.38718
1018.24	3.4071
1019.24	3.41022
1020.24	3.41687
1021.24	3.41998
1022.24	3.42664
1023.24	3.42819
1024.24	3.42819
1025.24	3.42975
1026.24	3.43796
1027.24	3.44617
1028.24	3.45749
1029.24	3.46725
1030.24	3.46725
1031.24	3.47702
1032.24	3.47702
1033.24	3.47858
1034.24	3.48874
1035.24	3.4985
1036.24	3.50827
1037.24	3.50827
1038.24	3.51804
1039.24	3.5278
1040.24	3.5278
1041.24	3.53601
1042.24	3.53757
1043.24	3.53912
1044.24	3.54733
1045.24	3.53748
1046.24	3.54889
1047.24	3.53912
1048.24	3.53912
1049.24	3.52936
1050.24	3.5278
1051.24	3.53757
1052.24	3.53757
1053.24	3.55554
1054.24	3.56686
1055.24	3.58484
1056.24	3.58795
1057.24	3.5864
1058.24	3.5864
1059.24	3.58795
1060.24	3.5899
1061.24	3.58835
1062.24	3.60788
1063.24	3.60944
1064.24	3.60944
1065.24	3.59802
1066.24	3.60593
1067.24	3.62546
1068.24	3.60748
1069.24	3.61414
1070.24	3.62546
1071.24	3.63522
1072.24	3.64694
1073.24	3.64694
1074.24	3.6485
1075.24	3.65826
1076.24	3.66647
1077.24	3.686
1078.24	3.686
1079.24	3.69421
1080.24	3.73843
1081.24	3.7486
1082.24	3.66708
1083.24	3.64694
1084.24	3.70389
1085.24	3.74451
1086.24	3.79367
1087.24	3.83273
1088.24	3.87335
1089.24	3.87686
1090.24	3.87842
1091.24	3.87375
1092.24	3.88037
1093.24	3.90466
1094.24	3.92303
1095.24	3.93115
1096.24	3.93094
1097.24	3.93945
1098.24	3.94257
1099.24	3.94101
1100.24	3.96405
1101.24	3.97852
1102.24	3.98639
1103.24	3.98514
1104.24	3.99149
1105.24	4.01443
1106.24	4.01443
1107.24	4.02429
1108.24	4.03397
1109.24	4.0274
1110.24	4.0242
1111.24	4.01443
1112.24	3.9946
1113.24	3.99335
1114.24	3.99304
1115.24	4.00311
1116.24	4.00281
1117.24	4.0032
1118.24	4.00467
1119.24	4.0032
1120.24	3.99179
1121.24	3.98172
1122.24	3.98013
1123.24	3.98047
1124.24	3.97858
1125.24	3.97037
1126.24	3.97195
1127.24	3.96875
1128.24	3.97037
1129.24	3.96219
1130.24	3.98013
1131.24	3.97226
1132.24	3.97858
1133.24	3.98013
1134.24	3.99811
1135.24	4.00006
1136.24	4.00006
1137.24	3.99023
1138.24	3.99966
1139.24	3.9899
1140.24	3.98203
1141.24	3.98013
1142.24	3.9899
1143.24	3.98013
1144.24	3.97226
1145.24	3.98172
1146.24	3.98172
1147.24	3.99023
1148.24	3.9899
1149.24	3.99149
1150.24	3.99185
1151.24	3.98865
1152.24	3.98013
1153.24	3.9899
1154.24	3.98834
1155.24	3.98834
1156.24	3.9903
1157.24	3.98874
1158.24	3.95749
1159.24	3.92819
1160.24	3.8988
1161.24	3.84772
1162.24	3.81842
1163.24	3.79889
1164.24	3.79068
1165.24	3.79733
1166.24	3.78912
1167.24	3.78912
1168.24	3.8071
1169.24	3.81686
1170.24	3.8399
1171.24	4.13617
1172.24	4.29248
1173.24	4.1774
1174.24	3.94321
1175.24	3.91742
1176.24	3.88623
1177.24	3.86826
1178.24	3.87451
1179.24	3.89124
1180.24	3.91391
1181.24	3.93024
1182.24	3.9299
1183.24	3.94162
1184.24	3.94162
1185.24	3.94006
1186.24	3.95297
1187.24	3.98578
1188.24	4.00677
1189.24	4.01147
1190.24	4.01654
1191.24	4.01498
1192.24	4.00836
1193.24	4.01654
1194.24	4.02975
1195.24	4.03101
1196.24	4.05084
1197.24	4.07202
1198.24	4.07193
1199.24	4.0899
1200.24	4.10132
1201.24	4.10123
1202.24	4.12085
1203.24	4.12271
1204.24	4.14389
1205.24	4.14383
1206.24	4.17154
1207.24	4.17468
1208.24	4.17468
1209.24	4.16492
1210.24	4.17624
1211.24	4.17633
1212.24	4.17819
1213.24	4.17664
1214.24	4.19617
1215.24	4.20749
1216.24	4.22546
1217.24	4.245
1218.24	4.26453
1219.24	4.26764
1220.24	4.28601
1221.24	4.29578
1222.24	4.30554
1223.24	4.3071
1224.24	4.31696
1225.24	4.32703
1226.24	4.34656
1227.24	4.34967
1228.24	4.35944
1229.24	4.36609
1230.24	4.38562
1231.24	4.40515
1232.24	4.41647
1233.24	4.41492
1234.24	4.41492
1235.24	4.42468
1236.24	4.436
1237.24	4.45554
1238.24	4.46375
1239.24	4.48688
1240.24	4.49695
1241.24	4.51804
1242.24	4.53445
1243.24	4.5278
1244.24	4.54422
1245.24	4.55554
1246.24	4.56686
1247.24	4.56686
1248.24	4.57663
1249.24	4.55865
1250.24	4.56686
1251.24	4.55865
1252.24	4.56531
1253.24	4.56686
1254.24	4.56686
1255.24	4.58484
1256.24	4.60437
1257.24	4.61414
1258.24	4.60593
1259.24	4.60593
1260.24	4.60593
1261.24	4.61578
1262.24	4.61765
1263.24	4.62741
1264.24	4.64539
1265.24	4.66492
1266.24	4.66647
1267.24	4.67468
1268.24	4.67624
1269.24	4.68796
1270.24	4.68796
1271.24	4.68796
1272.24	4.70749
1273.24	4.70905
1274.24	4.71725
1275.24	4.72702
1276.24	4.72702
1277.24	4.72702
1278.24	4.73679
1279.24	4.745
1280.24	4.75476
1281.24	4.74655
1282.24	4.75476
1283.24	4.76608
1284.24	4.78757
1285.24	4.79733
1286.24	4.79733
1287.24	4.81686
1288.24	4.81686
1289.24	4.81686
1290.24	4.79889
1291.24	4.79733
1292.24	4.79733
1293.24	4.8071
1294.24	4.80865
1295.24	4.82663
1296.24	4.85437
1297.24	4.87585
1298.24	4.87741
1299.24	4.89539
1300.24	4.91498
1301.24	4.92508
1302.24	4.92468
1303.24	4.92624
1304.24	4.92624
1305.24	4.93445
1306.24	4.92624
1307.24	4.93445
1308.24	4.94577
1309.24	4.95398
1310.24	4.94577
1311.24	4.95554
1312.24	4.95554
1313.24	4.96725
1314.24	4.98523
1315.24	4.99655
1316.24	5.00632
1317.24	5.00641
1318.24	5.01648
1319.24	5.0278
1320.24	5.04578
1321.24	5.04578
1322.24	5.05554
1323.24	5.07663
1324.24	5.0864
1325.24	5.07663
1326.24	5.07663
1327.24	5.08484
1328.24	5.09305
1329.24	5.0946
1330.24	5.09616
1331.24	5.09625
1332.24	5.11453
1333.24	5.11765
1334.24	5.12741
1335.24	5.14694
1336.24	5.15515
1337.24	5.17624
1338.24	5.19617
1339.24	5.19772
1340.24	5.21414
1341.24	5.23523
1342.24	5.25641
1343.24	5.26648
1344.24	5.2778
1345.24	5.29733
1346.24	5.31686
1347.24	5.31686
1348.24	5.32037
1349.24	5.32703
1350.24	5.32858
1351.24	5.33014
1352.24	5.32858
1353.24	5.33835
1354.24	5.34656
1355.24	5.34811
1356.24	5.35788
1357.24	5.35788
1358.24	5.35632
1359.24	5.35788
1360.24	5.35788
1361.24	5.34967
1362.24	5.35788
1363.24	5.37585
1364.24	5.38873
1365.24	5.39539
1366.24	5.3985
1367.24	5.40671
1368.24	5.41492
1369.24	5.41647
1370.24	5.41647
1371.24	5.4364
1372.24	5.45593
1373.24	5.45905
1374.24	5.46725
1375.24	5.47702
1376.24	5.47858
1377.24	5.48679
1378.24	5.48679
1379.24	5.48679
1380.24	5.495
1381.24	5.50476
1382.24	5.50476
1383.24	5.50632
1384.24	5.51608
1385.24	5.52429
1386.24	5.53912
1387.24	5.54733
1388.24	5.56531
1389.24	5.57663
1390.24	5.5864
1391.24	5.5864
1392.24	5.5946
1393.24	5.57819
1394.24	5.56842
1395.24	5.56842
1396.24	5.56686
1397.24	5.55865
1398.24	5.56686
1399.24	5.57507
1400.24	5.5946
1401.24	5.62585
1402.24	5.63718
1403.24	5.65515
1404.24	5.66647
1405.24	5.67624
1406.24	5.66803
1407.24	5.68445
1408.24	5.686
1409.24	5.6778
1410.24	5.67624
1411.24	5.67624
1412.24	5.67624
1413.24	5.67624
1414.24	5.6778
1415.24	5.69421
1416.24	5.70554
1417.24	5.72702
1418.24	5.75476
1419.24	5.76764
1420.24	5.77585
1421.24	5.78561
1422.24	5.78912
1423.24	5.76764
1424.24	5.76959
1425.24	5.76804
1426.24	5.7778
1427.24	5.76959
1428.24	5.78757
1429.24	5.8071
1430.24	5.81686
1431.24	5.82663
1432.24	5.83014
1433.24	5.83679
1434.24	5.82663
1435.24	5.83014
1436.24	5.82858
1437.24	5.83835
1438.24	5.84967
1439.24	5.85779
1440.24	5.86725
1441.24	5.87546
1442.24	5.86725
1443.24	5.86569
1444.24	5.8692
1445.24	5.86765
1446.24	5.87741
1447.24	5.8692
1448.24	5.87897
1449.24	5.88718
1450.24	5.87897
1451.24	5.89694
1452.24	5.8985
1453.24	5.90866
1454.24	5.91843
1455.24	5.9281
1456.24	5.936
1457.24	5.93756
1458.24	5.94577
1459.24	5.94733
1460.24	5.95905
1461.24	5.96725
1462.24	5.97037
1463.24	5.97858
1464.24	5.97858
1465.24	5.98679
1466.24	5.9985
1467.24	5.9985
1468.24	6.00983
1469.24	6.00827
1470.24	6.00671
1471.24	5.9903
1472.24	6.00211
1473.24	6.00943
1474.24	6.00491
1475.24	6.10797
1476.24	6.09607
1477.24	6.08115
1478.24	6.07297
1479.24	6.08936
1480.24	6.10068
1481.24	6.11053
1482.24	6.10068
1483.24	6.06982
1484.24	6.0535
1485.24	6.06015
1486.24	6.07813
1487.24	6.07312
1488.24	6.07498
1489.24	6.0863
1490.24	6.08444
1491.24	6.07343
1492.24	6.07623
1493.24	6.07654
1494.24	6.08319
1495.24	6.07312
1496.24	6.08319
1497.24	6.08289
1498.24	6.09305
1499.24	6.08163
1500.24	6.07468
1501.24	6.08008
1502.24	6.07312
1503.24	6.0618
1504.24	6.05234
1505.24	6.02429
1506.24	6.01138
1507.24	6.00977
1508.24	6.00125
1509.24	5.99344
1510.24	6
1511.24	5.99149
1512.24	5.99344
1513.24	5.99023
1514.24	5.98172
1515.24	5.97195
1516.24	5.96875
1517.24	5.97037
1518.24	5.97037
1519.24	5.9606
1520.24	5.95898
1521.24	5.96881
1522.24	5.95905
1523.24	5.95084
1524.24	5.95905
1525.24	5.9606
1526.24	5.95898
1527.24	5.95905
1528.24	5.9606
1529.24	5.97037
1530.24	5.9606
1531.24	5.95898
1532.24	5.95905
1533.24	5.95242
1534.24	5.94107
1535.24	5.92303
1536.24	5.91141
1537.24	5.90195
1538.24	5.88211
1539.24	5.88052
1540.24	5.88052
1541.24	5.87741
1542.24	5.86755
1543.24	5.86725
1544.24	5.8692
1545.24	5.86099
1546.24	5.84146
1547.24	5.83008
1548.24	5.83795
1549.24	5.84772
1550.24	5.92828
1551.24	6.17725
1552.24	6.42523
1553.24	6.4964
1554.24	6.51047
1555.24	6.52054
1556.24	6.53186
1557.24	6.52335
1558.24	6.45844
1559.24	6.21359
1560.24	5.75327
1561.24	5.58078
1562.24	5.5936
1563.24	5.58685
1564.24	5.58014
1565.24	5.57352
1566.24	5.565
1567.24	5.56686
1568.24	5.57858
1569.24	5.58835
1570.24	5.65201
1571.24	6.25272
1572.24	5.92584
1573.24	5.81577
1574.24	5.82257
1575.24	5.84561
1576.24	5.85849
1577.24	5.89124
1578.24	5.93661
1579.24	5.97131
1580.24	5.99234
1581.24	6.00531
1582.24	6.01193
1583.24	6.03656
1584.24	6.07413
1585.24	6.10373
1586.24	6.13773
1587.24	6.16196
1588.24	6.19632
1589.24	6.24545
1590.24	6.28101
1591.24	6.3139
1592.24	6.34506
1593.24	6.36453
1594.24	6.38727
1595.24	6.39859
1596.24	6.42664
1597.24	6.45093
1598.24	6.46921
1599.24	6.48999
1600.24	6.51968
1601.24	6.55084
1602.24	6.56216
1603.24	6.57162
1604.24	6.60123
1605.24	6.62076
1606.24	6.63531
1607.24	6.64383
1608.24	6.66336
1609.24	6.70084
1610.24	6.71539
1611.24	6.73523
1612.24	6.76138
1613.24	6.78601
1614.24	6.79578
1615.24	6.80554
1616.24	6.81696
1617.24	6.82703
1618.24	6.83679
1619.24	6.83835
1620.24	6.85632
1621.24	6.87585
1622.24	6.90515
1623.24	6.92624
1624.24	6.94772
1625.24	6.97546
1626.24	7.01297
1627.24	7.02585
1628.24	7.03571
1629.24	7.05554
1630.24	7.07352
1631.24	7.07663
1632.24	7.08484
1633.24	7.10281
1634.24	7.1239
1635.24	7.13531
1636.24	7.14539
1637.24	7.15671
1638.24	7.18484
1639.24	7.20593
1640.24	7.2157
1641.24	7.23523
1642.24	7.26453
1643.24	7.28571
1644.24	7.3071
1645.24	7.32703
1646.24	7.33014
1647.24	7.34656
1648.24	7.35632
1649.24	7.3743
1650.24	7.38562
1651.24	7.41336
1652.24	7.42468
1653.24	7.44586
1654.24	7.4657
1655.24	7.46725
1656.24	7.47546
1657.24	7.48523
1658.24	7.48679
1659.24	7.495
1660.24	7.50632
1661.24	7.51608
1662.24	7.51608
1663.24	7.53601
1664.24	7.56531
1665.24	7.57663
1666.24	7.5864
1667.24	7.60437
1668.24	7.61569
1669.24	7.62546
1670.24	7.63522
1671.24	7.64508
1672.24	7.65515
1673.24	7.66492
1674.24	7.6864
1675.24	7.69617
1676.24	7.7157
1677.24	7.72546
1678.24	7.73679
1679.24	7.74655
1680.24	7.75632
1681.24	7.77585
1682.24	7.77585
1683.24	7.77585
1684.24	7.78561
1685.24	7.80554
1686.24	7.81696
1687.24	7.81531
1688.24	7.83328
1689.24	7.85632
1690.24	7.87585
1691.24	7.87741
1692.24	7.87585
1693.24	7.87741
1694.24	7.89694
1695.24	7.89694
1696.24	7.90515
1697.24	7.91647
1698.24	7.92624
1699.24	7.95398
1700.24	7.96539
1701.24	7.98523
1702.24	8.01648
1703.24	8.03601
1704.24	8.05554
1705.24	8.07507
1706.24	8.07663
1707.24	8.08484
1708.24	8.09616
1709.24	8.0946
1710.24	8.0864
1711.24	8.0864
1712.24	8.10602
1713.24	8.11609
1714.24	8.11765
1715.24	8.14383
1716.24	8.15671
1717.24	8.17468
1718.24	8.19421
1719.24	8.19577
1720.24	8.19577
1721.24	8.20749
1722.24	8.2157
1723.24	8.22702
1724.24	8.22702
1725.24	8.24506
1726.24	8.25827
1727.24	8.25827
1728.24	8.27625
1729.24	8.28601
1730.24	8.29422
1731.24	8.3071
1732.24	8.31531
1733.24	8.32663
1734.24	8.3364
1735.24	8.34616
1736.24	8.35944
1737.24	8.35944
1738.24	8.3692
1739.24	8.37741
1740.24	8.39694
1741.24	8.41843
1742.24	8.42975
1743.24	8.44772
1744.24	8.45749
1745.24	8.47702
1746.24	8.48679
1747.24	8.48679
1748.24	8.48679
1749.24	8.5032
1750.24	8.50476
1751.24	8.51453
1752.24	8.52429
1753.24	8.52429
1754.24	8.52585
1755.24	8.52585
1756.24	8.54382
1757.24	8.54538
1758.24	8.55524
1759.24	8.56686
1760.24	8.58679
1761.24	8.59656
1762.24	8.60788
1763.24	8.60788
1764.24	8.60788
1765.24	8.61609
1766.24	8.63562
1767.24	8.65515
1768.24	8.65671
1769.24	8.68445
1770.24	8.69577
1771.24	8.70554
1772.24	8.70905
1773.24	8.70749
1774.24	8.71725
1775.24	8.72702
1776.24	8.73523
1777.24	8.71881
1778.24	8.71725
1779.24	8.72702
1780.24	8.73523
1781.24	8.745
1782.24	8.75787
1783.24	8.76453
1784.24	8.77585
1785.24	8.78571
1786.24	8.80554
1787.24	8.81686
1788.24	8.8071
1789.24	8.81686
1790.24	8.82858
1791.24	8.83679
1792.24	8.84656
1793.24	8.86609
1794.24	8.87585
1795.24	8.88718
1796.24	8.90671
1797.24	8.90826
1798.24	8.90826
1799.24	8.91803
1800.24	8.92975
1801.24	8.93796
1802.24	8.93796
1803.24	8.95593
1804.24	8.9657
1805.24	8.96725
1806.24	8.96725
1807.24	8.96881
1808.24	8.99655
1809.24	9.00827
1810.24	9.00983
1811.24	9.01804
1812.24	9.0278
1813.24	9.0278
1814.24	9.01804
1815.24	9.01648
1816.24	9.0278
1817.24	9.02625
1818.24	9.03601
1819.24	9.04733
1820.24	9.04733
1821.24	9.0571
1822.24	9.0571
1823.24	9.0571
1824.24	9.08484
1825.24	9.10437
1826.24	9.12741
1827.24	9.13718
1828.24	9.14694
1829.24	9.15671
1830.24	9.16803
1831.24	9.15826
1832.24	9.15826
1833.24	9.1485
1834.24	9.16647
1835.24	9.16177
1836.24	9.16016
1837.24	9.15826
1838.24	9.15671
1839.24	9.16647
1840.24	9.17624
1841.24	9.17624
1842.24	9.18445
1843.24	9.20398
1844.24	9.2153
1845.24	9.2153
1846.24	9.2153
1847.24	9.22516
1848.24	9.22702
1849.24	9.21716
1850.24	9.21881
1851.24	9.21725
1852.24	9.21881
1853.24	9.21881
1854.24	9.22861
1855.24	9.24655
1856.24	9.24655
1857.24	9.26804
1858.24	9.26804
1859.24	9.28757
1860.24	9.28757
1861.24	9.28915
1862.24	9.3071
1863.24	9.29892
1864.24	9.29892
1865.24	9.3071
1866.24	9.31686
1867.24	9.32858
1868.24	9.33835
1869.24	9.34653
1870.24	9.34811
1871.24	9.38754
1872.24	9.37344
1873.24	9.45132
1874.24	9.3436
1875.24	9.36411
1876.24	9.36551
1877.24	9.3718
1878.24	9.36044
1879.24	9.35391
1880.24	9.33273
1881.24	9.30185
1882.24	9.28555
1883.24	9.27414
1884.24	9.26248
1885.24	9.25272
1886.24	9.24142
1887.24	9.23166
1888.24	9.23672
1889.24	9.22693
1890.24	9.22507
1891.24	9.2074
1892.24	9.20389
1893.24	9.17773
1894.24	9.16452
1895.24	9.15506
1896.24	9.12701
1897.24	9.116
1898.24	9.09451
1899.24	9.08444
1900.24	9.05701
1901.24	9.03397
1902.24	9.03406
1903.24	9.02264
1904.24	9.02078
1905.24	9.01297
1906.24	8.98358
1907.24	8.97351
1908.24	8.96054
1909.24	8.9325
1910.24	8.92313
1911.24	8.91171
1912.24	8.91141
1913.24	8.91171
1914.24	8.90164
1915.24	8.9032
1916.24	8.89374
1917.24	8.8739
1918.24	8.86093
1919.24	8.84109
1920.24	8.82974
1921.24	8.82031
1922.24	8.80045
1923.24	8.79068
1924.24	8.77936
1925.24	8.77115
1926.24	8.74179
1927.24	8.72195
1928.24	8.72037
1929.24	8.70078
1930.24	8.69266
1931.24	8.67313
1932.24	8.6781
1933.24	8.65982
1934.24	8.64029
1935.24	8.63873
1936.24	8.63052
1937.24	8.62891
1938.24	8.63052
1939.24	8.64029
1940.24	8.63211
1941.24	8.62732
1942.24	8.60904
1943.24	8.60748
1944.24	8.60123
1945.24	8.5817
1946.24	8.56873
1947.24	8.56842
1948.24	8.55045
1949.24	8.52936
1950.24	8.51959
1951.24	8.50983
1952.24	8.50006
1953.24	8.4903
1954.24	8.46249
1955.24	8.4606
1956.24	8.44266
1957.24	8.42969
1958.24	8.41803
1959.24	8.41647
1960.24	8.40671
1961.24	8.40671
1962.24	8.3985
1963.24	8.3985
1964.24	8.39029
1965.24	8.37891
1966.24	8.38052
1967.24	8.37897
1968.24	8.37741
1969.24	8.37741
1970.24	8.3692
1971.24	8.34967
1972.24	8.34146
1973.24	8.33008
1974.24	8.31021
1975.24	8.29068
1976.24	8.27936
1977.24	8.27936
1978.24	8.26804
1979.24	8.25827
1980.24	8.25827
1981.24	8.2403
1982.24	8.23865
1983.24	8.22702
1984.24	8.22702
1985.24	8.19733
1986.24	8.18756
1987.24	8.186
1988.24	8.186
1989.24	8.16803
1990.24	8.15671
1991.24	8.1485
1992.24	8.13873
1993.24	8.12897
1994.24	8.1192
1995.24	8.10779
1996.24	8.09616
1997.24	8.10602
1998.24	8.07849
1999.24	8.07663
2000.24	8.07819
2001.24	8.07663
2002.24	8.07819
2003.24	8.06842
2004.24	8.06842
2005.24	8.04733
2006.24	8.03757
2007.24	8.01959
2008.24	8.00632
2009.24	7.99811
2010.24	7.99655
2011.24	8.00476
2012.24	8.01804
2013.24	8.00632
2014.24	8.00476
2015.24	8.00476
2016.24	7.995
2017.24	7.99655
2018.24	7.97702
2019.24	7.98523
2020.24	7.97702
2021.24	7.96375
2022.24	7.9653
2023.24	7.95554
2024.24	7.94586
2025.24	7.92819
2026.24	7.91843
2027.24	7.90866
2028.24	7.89694
2029.24	7.88718
2030.24	7.87741
2031.24	7.87585
2032.24	7.86765
2033.24	7.87585
2034.24	7.86609
2035.24	7.86609
2036.24	7.84772
2037.24	7.85437
2038.24	7.85437
2039.24	7.85437
2040.24	7.86414
2041.24	7.86569
2042.24	7.85593
2043.24	7.84616
2044.24	7.84616
2045.24	7.82819
2046.24	7.82819
2047.24	7.81842
2048.24	7.81021
2049.24	7.80865
2050.24	7.79889
2051.24	7.79724
2052.24	7.78717
2053.24	7.78561
2054.24	7.78561
2055.24	7.7774
2056.24	7.76608
2057.24	7.76608
2058.24	7.76608
2059.24	7.76608
2060.24	7.74811
2061.24	7.74811
2062.24	7.74811
2063.24	7.7399
2064.24	7.73047
2065.24	7.73834
2066.24	7.72858
2067.24	7.73834
2068.24	7.73834
2069.24	7.73834
2070.24	7.73013
2071.24	7.7207
2072.24	7.7106
2073.24	7.68289
2074.24	7.66998
2075.24	7.66833
2076.24	7.65826
2077.24	7.6485
2078.24	7.63718
2079.24	7.62897
2080.24	7.6192
2081.24	7.61765
2082.24	7.61765
2083.24	7.61765
2084.24	7.60123
2085.24	7.60788
2086.24	7.60944
2087.24	7.59961
2088.24	7.57974
2089.24	7.56998
2090.24	7.56842
2091.24	7.55865
2092.24	7.5571
2093.24	7.54889
2094.24	7.53906
2095.24	7.53561
2096.24	7.5192
2097.24	7.51138
2098.24	7.51138
2099.24	7.50818
2100.24	7.50632
2101.24	7.50787
2102.24	7.50787
2103.24	7.49811
2104.24	7.48834
2105.24	7.48834
2106.24	7.49811
2107.24	7.49185
2108.24	7.48047
2109.24	7.46881
2110.24	7.46881
2111.24	7.4606
2112.24	7.44928
2113.24	7.44772
2114.24	7.43951
2115.24	7.43787
2116.24	7.43756
2117.24	7.4278
2118.24	7.436
2119.24	7.4278
2120.24	7.41803
2121.24	7.41803
2122.24	7.41647
2123.24	7.40005
2124.24	7.39063
2125.24	7.3985
2126.24	7.3985
2127.24	7.3985
2128.24	7.41647
2129.24	7.40826
2130.24	7.3985
2131.24	7.38718
2132.24	7.38873
2133.24	7.37891
2134.24	7.36725
2135.24	7.35748
2136.24	7.35944
2137.24	7.35788
2138.24	7.35944
2139.24	7.34146
2140.24	7.33835
2141.24	7.32031
2142.24	7.31842
2143.24	7.30865
2144.24	7.31842
2145.24	7.31686
2146.24	7.31842
2147.24	7.30865
2148.24	7.3071
2149.24	7.3071
2150.24	7.29889
2151.24	7.28757
2152.24	7.2778
2153.24	7.26959
2154.24	7.26804
2155.24	7.26804
2156.24	7.25827
2157.24	7.25827
2158.24	7.26804
2159.24	7.25818
2160.24	7.25641
2161.24	7.25671
2162.24	7.25006
2163.24	7.23865
2164.24	7.23679
2165.24	7.22702
2166.24	7.23679
2167.24	7.22858
2168.24	7.20905
2169.24	7.20749
2170.24	7.20749
2171.24	7.20749
2172.24	7.20749
2173.24	7.20905
2174.24	7.20749
2175.24	7.22702
2176.24	7.21881
2177.24	7.2106
2178.24	7.20749
2179.24	7.20084
2180.24	7.19772
2181.24	7.17969
2182.24	7.186
2183.24	7.16803
2184.24	7.15826
2185.24	7.1485
2186.24	7.15671
2187.24	7.15671
2188.24	7.15671
2189.24	7.1485
2190.24	7.15671
2191.24	7.15671
2192.24	7.1485
2193.24	7.12741
2194.24	7.11765
2195.24	7.11765
2196.24	7.10788
2197.24	7.09967
2198.24	7.08826
2199.24	7.09616
2200.24	7.08951
2201.24	7.07974
2202.24	7.06842
2203.24	7.07663
2204.24	7.0864
2205.24	7.07819
2206.24	7.08484
2207.24	7.0864
2208.24	7.0864
2209.24	7.07663
2210.24	7.06842
2211.24	7.06842
2212.24	7.04883
2213.24	7.0571
2214.24	7.04889
2215.24	7.04733
2216.24	7.03912
2217.24	7.03406
2218.24	7.03561
2219.24	7.04733
2220.24	7.04889
2221.24	7.04733
2222.24	7.04733
2223.24	7.04733
2224.24	7.03757
2225.24	7.01764
2226.24	7.00787
2227.24	7.00632
2228.24	7.00983
2229.24	7.01959
2230.24	7
2231.24	7.00787
2232.24	7.00632
2233.24	7.00632
2234.24	6.98834
2235.24	6.97702
2236.24	6.96725
2237.24	6.96725
2238.24	6.95749
2239.24	6.94577
2240.24	6.94577
2241.24	6.94577
2242.24	6.936
2243.24	6.94577
2244.24	6.95749
2245.24	6.94928
2246.24	6.95905
2247.24	6.95749
2248.24	6.95749
2249.24	6.95905
2250.24	6.93951
2251.24	6.92819
2252.24	6.91022
2253.24	6.91843
2254.24	6.90857
2255.24	6.88873
2256.24	6.89539
2257.24	6.88522
2258.24	6.89508
2259.24	6.89694
2260.24	6.89694
2261.24	6.90515
2262.24	6.8985
2263.24	6.86914
2264.24	6.86569
2265.24	6.85748
2266.24	6.84927
2267.24	6.83795
2268.24	6.82663
2269.24	6.8364
2270.24	6.85281
2271.24	6.86414
2272.24	6.8739
2273.24	6.88367
2274.24	6.88522
2275.24	6.87546
2276.24	6.85904
2277.24	6.84772
2278.24	6.84616
2279.24	6.83795
2280.24	6.8446
2281.24	6.8364
2282.24	6.8446
2283.24	6.84616
2284.24	6.8364
2285.24	6.82663
2286.24	6.82819
2287.24	6.82819
2288.24	6.81842
2289.24	6.79889
2290.24	6.79889
2291.24	6.78748
2292.24	6.78561
2293.24	6.76764
2294.24	6.76608
2295.24	6.76608
2296.24	6.77585
2297.24	6.78561
2298.24	6.76764
2299.24	6.76608
2300.24	6.76608
2301.24	6.75632
2302.24	6.74655
2303.24	6.73679
2304.24	6.73679
2305.24	6.74655
2306.24	6.74655
2307.24	6.74655
2308.24	6.74811
2309.24	6.73834
2310.24	6.73834
2311.24	6.73679
2312.24	6.72858
2313.24	6.72702
2314.24	6.71725
2315.24	6.72702
2316.24	6.70905
2317.24	6.69928
2318.24	6.6781
2319.24	6.65826
2320.24	6.65671
2321.24	6.65671
2322.24	6.66492
2323.24	6.6568
2324.24	6.67508
2325.24	6.68796
2326.24	6.69617
2327.24	6.68951
2328.24	6.67975
2329.24	6.6864
2330.24	6.68951
2331.24	6.67819
2332.24	6.66843
2333.24	6.67664
2334.24	6.67819
2335.24	6.68796
2336.24	6.67975
2337.24	6.67819
2338.24	6.66998
2339.24	6.65857
2340.24	6.65671
2341.24	6.6485
2342.24	6.6485
2343.24	6.63052
2344.24	6.62741
2345.24	6.62741
2346.24	6.61765
2347.24	6.62585
2348.24	6.62741
2349.24	6.61765
2350.24	6.62585
2351.24	6.60944
2352.24	6.60788
2353.24	6.60788
2354.24	6.61765
2355.24	6.60944
2356.24	6.6192
2357.24	6.6192
2358.24	6.61765
2359.24	6.60944
2360.24	6.59802
2361.24	6.59616
2362.24	6.59625
2363.24	6.58826
2364.24	6.5864
2365.24	6.57819
2366.24	6.57663
2367.24	6.57663
2368.24	6.56842
2369.24	6.55865
2370.24	6.56686
2371.24	6.57663
2372.24	6.55865
2373.24	6.5571
2374.24	6.5571
2375.24	6.56531
2376.24	6.5571
2377.24	6.55865
2378.24	6.5571
2379.24	6.55865
2380.24	6.5571
2381.24	6.54889
2382.24	6.54889
2383.24	6.51953
2384.24	6.52585
2385.24	6.5274
2386.24	6.53561
2387.24	6.53912
2388.24	6.54733
2389.24	6.55554
2390.24	6.5571
2391.24	6.5571
2392.24	6.54889
2393.24	6.54733
2394.24	6.54733
2395.24	6.53912
2396.24	6.51959
2397.24	6.50983
2398.24	6.51804
2399.24	6.51648
2400.24	6.51959
2401.24	6.50827
2402.24	6.50827
2403.24	6.50827
2404.24	6.50983
2405.24	6.50006
2406.24	6.49841
2407.24	6.49811
2408.24	6.48834
2409.24	6.4899
2410.24	6.47702
2411.24	6.46881
2412.24	6.46881
2413.24	6.46881
2414.24	6.46716
2415.24	6.4653
2416.24	6.4653
2417.24	6.47702
2418.24	6.47516
2419.24	6.47702
2420.24	6.48523
2421.24	6.47702
2422.24	6.47702
2423.24	6.46875
2424.24	6.46881
2425.24	6.45905
2426.24	6.45749
2427.24	6.44928
2428.24	6.44772
2429.24	6.45593
2430.24	6.44577
2431.24	6.45398
2432.24	6.45554
2433.24	6.45554
2434.24	6.45554
2435.24	6.46375
2436.24	6.45554
2437.24	6.45554
2438.24	6.44733
2439.24	6.44577
2440.24	6.44733
2441.24	6.44577
2442.24	6.43756
2443.24	6.4313
2444.24	6.42819
2445.24	6.40826
2446.24	6.39694
2447.24	6.38718
2448.24	6.38718
2449.24	6.37585
2450.24	6.37741
2451.24	6.37741
2452.24	6.37741
2453.24	6.3692
2454.24	6.36765
2455.24	6.35944
2456.24	6.34802
2457.24	6.34616
2458.24	6.33795
2459.24	6.34616
2460.24	6.33795
2461.24	6.33795
2462.24	6.35437
2463.24	6.35593
2464.24	6.34616
2465.24	6.3446
2466.24	6.34616
2467.24	6.3446
2468.24	6.3364
2469.24	6.33649
2470.24	6.33835
2471.24	6.33826
2472.24	6.3364
2473.24	6.3364
2474.24	6.3364
2475.24	6.33795
2476.24	6.34616
2477.24	6.3364
2478.24	6.3364
2479.24	6.33795
2480.24	6.34616
2481.24	6.34616
2482.24	6.3364
2483.24	6.3446
2484.24	6.34616
2485.24	6.3364
2486.24	6.3364
2487.24	6.34616
2488.24	6.3364
2489.24	6.34616
2490.24	6.33795
2491.24	6.32819
2492.24	6.32507
2493.24	6.30865
2494.24	6.30865
2495.24	6.3071
2496.24	6.29889
2497.24	6.30554
2498.24	6.31686
2499.24	6.32663
2500.24	6.30865
2501.24	6.31531
2502.24	6.31686
2503.24	6.30865
2504.24	6.28757
2505.24	6.2778
2506.24	6.28757
2507.24	6.28912
2508.24	6.28912
2509.24	6.28757
2510.24	6.28912
2511.24	6.28757
2512.24	6.26794
2513.24	6.27594
2514.24	6.27771
2515.24	6.27585
2516.24	6.2774
2517.24	6.26764
2518.24	6.26608
2519.24	6.25787
2520.24	6.24655
2521.24	6.245
2522.24	6.23523
2523.24	6.23523
2524.24	6.23679
2525.24	6.23679
2526.24	6.23679
2527.24	6.21881
2528.24	6.21725
2529.24	6.21881
2530.24	6.20749
2531.24	6.20749
2532.24	6.20749
2533.24	6.20749
2534.24	6.20749
2535.24	6.19577
2536.24	6.20398
2537.24	6.20554
2538.24	6.20554
2539.24	6.21725
2540.24	6.21881
2541.24	6.21725
2542.24	6.21725
2543.24	6.21881
2544.24	6.22702
2545.24	6.21881
2546.24	6.21725
2547.24	6.22702
2548.24	6.22037
2549.24	6.21725
2550.24	6.20749
2551.24	6.18796
2552.24	6.16998
2553.24	6.16843
2554.24	6.17664
2555.24	6.16843
2556.24	6.15671
2557.24	6.15515
2558.24	6.16492
2559.24	6.15671
2560.24	6.1485
2561.24	6.15515
2562.24	6.15671
2563.24	6.16647
2564.24	6.15671
2565.24	6.16492
2566.24	6.15826
2567.24	6.13873
2568.24	6.14694
2569.24	6.14694
2570.24	6.1485
2571.24	6.14694
2572.24	6.14694
2573.24	6.12897
2574.24	6.12741
2575.24	6.12741
2576.24	6.10779
2577.24	6.11569
2578.24	6.13531
2579.24	6.13718
2580.24	6.15515
2581.24	6.15039
2582.24	6.15671
2583.24	6.16656
2584.24	6.1488
2585.24	6.1485
2586.24	6.13873
2587.24	6.12741
2588.24	6.12741
2589.24	6.12741
2590.24	6.1192
2591.24	6.11765
2592.24	6.12741
2593.24	6.12897
2594.24	6.12741
2595.24	6.12741
2596.24	6.13718
2597.24	6.13718
2598.24	6.12897
2599.24	6.10788
2600.24	6.10788
2601.24	6.10788
2602.24	6.10632
2603.24	6.10437
2604.24	6.10437
2605.24	6.09616
2606.24	6.08795
2607.24	6.0864
2608.24	6.0864
2609.24	6.07663
2610.24	6.07507
2611.24	6.07663
2612.24	6.08484
2613.24	6.07663
2614.24	6.08484
2615.24	6.07819
2616.24	6.08795
2617.24	6.09772
2618.24	6.09772
2619.24	6.09967
2620.24	6.0899
2621.24	6.08835
2622.24	6.08835
2623.24	6.06686
2624.24	6.0571
2625.24	6.0571
2626.24	6.0571
2627.24	6.06531
2628.24	6.0571
2629.24	6.05865
2630.24	6.06531
2631.24	6.0571
2632.24	6.05554
2633.24	6.0571
2634.24	6.06686
2635.24	6.0571
2636.24	6.04733
2637.24	6.04889
2638.24	6.04889
2639.24	6.03906
2640.24	6.05515
2641.24	6.05865
2642.24	6.07663
2643.24	6.0864
2644.24	6.0864
2645.24	6.0946
2646.24	6.09616
2647.24	6.0864
2648.24	6.07663
2649.24	6.06686
2650.24	6.05865
2651.24	6.06531
2652.24	6.05515
2653.24	6.04538
2654.24	6.04538
2655.24	6.05515
2656.24	6.03561
2657.24	6.03561
2658.24	6.04538
2659.24	6.04538
2660.24	6.04538
2661.24	6.03561
2662.24	6.03717
2663.24	6.04538
2664.24	6.04538
2665.24	6.04889
2666.24	6.0571
2667.24	6.05865
2668.24	6.06375
2669.24	6.06531
2670.24	6.06686
2671.24	6.05515
2672.24	6.05524
2673.24	6.06531
2674.24	6.05865
2675.24	6.04724
2676.24	6.03717
2677.24	6.02585
2678.24	6.01608
2679.24	6.01608
2680.24	6.00632
2681.24	5.99655
2682.24	6.00632
2683.24	6.00632
2684.24	5.99655
2685.24	5.98679
2686.24	5.97702
2687.24	5.98523
2688.24	5.97702
2689.24	5.98679
2690.24	5.98834
2691.24	5.99655
2692.24	5.99811
2693.24	6.00632
2694.24	6.01608
2695.24	6.00787
2696.24	6.00476
2697.24	6.00476
2698.24	6.01453
2699.24	6.01617
2700.24	6.01804
2701.24	6.01804
2702.24	6.0278
2703.24	6.02771
2704.24	6.03561
2705.24	6.0274
2706.24	6.0192
2707.24	6.01608
2708.24	6.01608
2709.24	6.01608
2710.24	6.00787
2711.24	5.99655
2712.24	5.98834
2713.24	5.995
2714.24	5.98679
2715.24	5.97702
2716.24	5.96725
2717.24	5.97391
2718.24	5.97702
2719.24	5.96725
2720.24	5.96725
2721.24	5.95749
2722.24	5.95749
2723.24	5.95905
2724.24	5.94772
2725.24	5.93951
2726.24	5.92975
2727.24	5.92819
2728.24	5.92819
2729.24	5.92819
2730.24	5.93796
2731.24	5.92975
2732.24	5.91843
2733.24	5.91843
2734.24	5.91998
2735.24	5.91843
2736.24	5.90866
2737.24	5.90866
2738.24	5.90045
2739.24	5.8989
2740.24	5.8989
2741.24	5.90866
2742.24	5.91843
2743.24	5.9364
2744.24	5.93796
2745.24	5.92975
2746.24	5.92819
2747.24	5.92664
2748.24	5.91843
2749.24	5.91843
2750.24	5.91843
2751.24	5.9364
2752.24	5.92975
2753.24	5.92975
2754.24	5.91833
2755.24	5.8985
2756.24	5.8985
2757.24	5.88718
2758.24	5.87897
2759.24	5.88562
2760.24	5.87897
2761.24	5.87741
2762.24	5.87585
2763.24	5.87741
2764.24	5.86765
2765.24	5.85593
2766.24	5.85437
2767.24	5.85437
2768.24	5.85602
2769.24	5.85632
2770.24	5.85632
2771.24	5.84967
2772.24	5.84811
2773.24	5.85944
	
