-8.843989999999998797e-02
-9.945679999999999799e-02
-9.469600000000000239e-02
-9.976200000000000345e-02
-1.092219999999999996e-01
-1.126710000000000073e-01
-1.110839999999999883e-01
-1.224979999999999958e-01
-1.403810000000000058e-01
-1.419680000000000109e-01
-1.615599999999999814e-01
-1.536869999999999903e-01
-1.634519999999999862e-01
-1.532900000000000096e-01
-1.419680000000000109e-01
-1.435849999999999904e-01
-1.419680000000000109e-01
-1.322019999999999862e-01
-1.322019999999999862e-01
-1.338199999999999945e-01
-1.439209999999999934e-01
-1.322019999999999862e-01
-1.322019999999999862e-01
-1.240539999999999976e-01
-1.322019999999999862e-01
-1.337589999999999890e-01
-1.239930000000000060e-01
-1.224369999999999903e-01
-1.240539999999999976e-01
-1.322019999999999862e-01
-1.322019999999999862e-01
-1.126710000000000073e-01
-1.142880000000000146e-01
-1.126710000000000073e-01
-9.469600000000000239e-02
-1.029049999999999965e-01
-1.029049999999999965e-01
-1.123349999999999904e-01
-1.044619999999999854e-01
-1.013179999999999914e-01
-9.936519999999998687e-02
-9.280399999999999761e-02
-9.313960000000000294e-02
-8.493040000000000311e-02
-8.142089999999999050e-02
-7.476810000000000400e-02
-7.321169999999999067e-02
-7.485959999999999837e-02
-6.539919999999999067e-02
-5.563350000000000239e-02
-3.570559999999999706e-02
-1.617429999999999909e-02
-1.708979999999999918e-03
1.663210000000000036e-02
6.866459999999999578e-03
1.526490000000000069e-01
1.464840000000000031e-01
7.766720000000000568e-02
-5.401610000000000265e-03
1.413270000000000082e-01
1.167910000000000059e-01
5.503850000000000131e-01
3.475650000000000128e-01
3.529660000000000020e-01
3.633419999999999983e-01
3.498539999999999983e-01
3.103940000000000032e-01
2.970280000000000142e-01
3.099060000000000148e-01
2.758479999999999821e-01
2.543030000000000013e-01
2.360230000000000106e-01
2.477420000000000178e-01
2.394409999999999872e-01
2.442020000000000024e-01
2.363280000000000103e-01
2.574159999999999782e-01
2.718809999999999838e-01
2.819519999999999804e-01
2.945249999999999813e-01
2.964169999999999860e-01
2.882080000000000197e-01
2.635800000000000365e-01
2.538150000000000128e-01
2.440489999999999882e-01
2.440489999999999882e-01
2.522579999999999822e-01
2.521970000000000045e-01
2.632140000000000035e-01
2.569580000000000197e-01
2.439880000000000104e-01
2.370300000000000185e-01
2.373349999999999904e-01
2.257079999999999920e-01
2.178039999999999976e-01
1.995240000000000069e-01
2.080380000000000007e-01
1.979680000000000051e-01
1.998290000000000066e-01
1.995240000000000069e-01
2.014160000000000117e-01
1.998290000000000066e-01
1.881099999999999994e-01
1.913150000000000128e-01
1.783450000000000035e-01
1.783450000000000035e-01
1.784359999999999835e-01
1.701660000000000117e-01
1.799930000000000141e-01
1.900630000000000097e-01
1.932069999999999899e-01
1.814880000000000104e-01
1.814880000000000104e-01
1.814880000000000104e-01
1.815489999999999882e-01
1.736759999999999970e-01
1.701660000000000117e-01
1.619569999999999899e-01
1.521910000000000207e-01
1.521910000000000207e-01
1.439819999999999989e-01
1.424259999999999970e-01
1.421199999999999963e-01
1.439819999999999989e-01
1.521910000000000207e-01
1.506349999999999911e-01
1.506349999999999911e-01
1.424259999999999970e-01
1.522519999999999984e-01
1.506349999999999911e-01
1.588130000000000097e-01
1.506349999999999911e-01
1.521910000000000207e-01
1.585079999999999822e-01
1.521910000000000207e-01
1.326600000000000001e-01
1.326600000000000001e-01
1.326600000000000001e-01
1.307069999999999899e-01
1.323550000000000004e-01
1.326600000000000001e-01
1.424259999999999970e-01
1.506349999999999911e-01
1.521910000000000207e-01
1.604609999999999925e-01
1.721189999999999942e-01
1.783450000000000035e-01
1.881099999999999994e-01
1.831359999999999932e-01
1.900630000000000097e-01
1.896970000000000045e-01
1.912540000000000073e-01
1.912540000000000073e-01
1.929019999999999901e-01
1.834410000000000207e-01
1.752319999999999989e-01
1.619569999999999899e-01
1.635130000000000194e-01
1.537479999999999958e-01
1.521910000000000207e-01
1.701660000000000117e-01
1.717220000000000135e-01
1.732789999999999886e-01
1.815489999999999882e-01
1.834410000000000207e-01
1.932069999999999899e-01
1.947630000000000194e-01
1.849979999999999958e-01
1.752319999999999989e-01
1.834410000000000207e-01
1.752319999999999989e-01
1.635130000000000194e-01
1.635130000000000194e-01
1.752319999999999989e-01
1.834410000000000207e-01
1.947630000000000194e-01
2.127380000000000104e-01
2.142940000000000123e-01
2.127380000000000104e-01
2.127380000000000104e-01
2.107850000000000001e-01
2.026670000000000138e-01
2.127380000000000104e-01
2.209469999999999767e-01
2.225040000000000073e-01
2.404789999999999983e-01
2.435909999999999742e-01
2.518009999999999970e-01
2.435909999999999742e-01
2.534480000000000066e-01
2.553099999999999814e-01
2.455440000000000123e-01
2.455440000000000123e-01
2.439880000000000104e-01
2.338260000000000338e-01
2.307130000000000014e-01
2.322690000000000032e-01
2.404789999999999983e-01
2.420960000000000056e-01
2.439880000000000104e-01
2.404789999999999983e-01
2.518009999999999970e-01
2.615659999999999652e-01
2.533569999999999989e-01
2.713320000000000176e-01
2.728880000000000194e-01
2.810969999999999858e-01
2.826540000000000163e-01
2.826540000000000163e-01
2.908630000000000382e-01
2.924189999999999845e-01
2.924189999999999845e-01
2.925110000000000210e-01
2.928159999999999652e-01
2.912599999999999634e-01
3.010249999999999870e-01
3.010249999999999870e-01
3.006900000000000128e-01
3.205570000000000364e-01
3.318789999999999796e-01
3.318789999999999796e-01
3.432010000000000338e-01
3.432010000000000338e-01
3.432010000000000338e-01
3.416440000000000032e-01
3.514100000000000001e-01
3.529660000000000020e-01
3.725890000000000035e-01
3.842160000000000020e-01
3.959349999999999814e-01
4.154660000000000020e-01
4.251399999999999624e-01
4.232790000000000163e-01
4.232790000000000163e-01
4.232790000000000163e-01
4.331359999999999655e-01
4.252319999999999434e-01
4.236759999999999970e-01
4.334409999999999652e-01
4.432069999999999621e-01
4.529720000000000413e-01
4.545290000000000163e-01
4.627380000000000382e-01
4.642939999999999845e-01
4.627380000000000382e-01
4.725039999999999796e-01
4.740600000000000369e-01
4.740600000000000369e-01
4.725039999999999796e-01
4.740600000000000369e-01
4.839169999999999860e-01
4.955439999999999845e-01
5.037540000000000351e-01
4.955439999999999845e-01
5.037540000000000351e-01
5.150759999999999783e-01
5.053100000000000369e-01
5.018010000000000526e-01
5.018010000000000526e-01
4.935910000000000020e-01
5.033569999999999434e-01
5.197749999999999870e-01
5.310970000000000413e-01
5.409239999999999604e-01
5.428159999999999652e-01
5.510249999999999870e-01
5.525820000000000176e-01
5.443729999999999958e-01
5.346069999999999434e-01
5.346069999999999434e-01
5.346069999999999434e-01
5.443729999999999958e-01
5.443729999999999958e-01
5.346069999999999434e-01
5.443729999999999958e-01
5.361630000000000562e-01
5.361630000000000562e-01
5.346069999999999434e-01
5.443729999999999958e-01
5.443729999999999958e-01
5.525820000000000176e-01
5.639039999999999608e-01
5.721129999999999827e-01
5.736689999999999845e-01
5.556949999999999390e-01
5.639039999999999608e-01
5.525820000000000176e-01
5.443729999999999958e-01
5.525820000000000176e-01
5.706180000000000696e-01
5.885010000000000518e-01
5.818790000000000351e-01
5.849910000000000387e-01
6.014100000000000001e-01
5.932009999999999783e-01
5.947569999999999801e-01
5.967100000000000737e-01
6.064760000000000151e-01
6.049189999999999845e-01
6.049189999999999845e-01
6.228939999999999477e-01
6.326600000000000001e-01
6.244509999999999783e-01
6.326600000000000001e-01
6.342160000000000020e-01
6.162410000000000387e-01
6.146850000000000369e-01
6.064760000000000151e-01
6.049189999999999845e-01
5.951539999999999608e-01
6.033629999999999827e-01
6.131290000000000351e-01
6.029660000000000020e-01
6.111760000000000526e-01
6.162410000000000387e-01
6.162410000000000387e-01
6.244509999999999783e-01
6.424260000000000526e-01
6.553039999999999976e-01
6.732789999999999608e-01
6.932070000000000176e-01
7.045289999999999608e-01
7.060850000000000737e-01
7.060850000000000737e-01
7.142939999999999845e-01
7.142939999999999845e-01
7.240600000000000369e-01
7.158510000000000151e-01
7.240600000000000369e-01
7.240600000000000369e-01
7.240600000000000369e-01
7.256160000000000387e-01
7.338259999999999783e-01
7.455439999999999845e-01
7.373350000000000737e-01
7.439879999999999827e-01
7.537540000000000351e-01
7.435910000000000020e-01
7.420350000000000001e-01
7.420350000000000001e-01
7.615659999999999652e-01
7.646789999999999976e-01
7.666319999999999801e-01
7.763979999999999215e-01
7.846069999999999434e-01
7.877199999999999758e-01
7.845149999999999624e-01
8.022770000000000179e-01
8.041380000000000194e-01
7.846069999999999434e-01
7.846069999999999434e-01
7.748410000000000020e-01
7.650759999999999783e-01
7.650759999999999783e-01
7.650759999999999783e-01
7.748410000000000020e-01
7.747500000000000497e-01
7.744449999999999390e-01
7.646789999999999976e-01
7.728880000000000194e-01
8.355409999999999782e-01
4.159239999999999604e-01
5.775759999999999783e-01
5.681149999999999256e-01
6.340640000000000720e-01
6.871030000000000193e-01
6.788330000000000197e-01
6.788939999999999975e-01
7.019649999999999501e-01
7.492979999999999086e-01
7.757870000000000044e-01
7.789920000000000178e-01
8.086550000000000127e-01
8.332819999999999672e-01
8.591309999999999780e-01
8.970339999999999980e-01
9.052430000000000199e-01
9.083559999999999413e-01
9.181209999999999649e-01
9.360959999999999281e-01
9.853209999999998914e-01
9.966430000000000566e-01
1.008059999999999956e+00
1.014979999999999993e+00
1.039220000000000033e+00
1.052189999999999959e+00
1.060699999999999976e+00
1.076779999999999848e+00
1.099849999999999994e+00
1.101320000000000077e+00
1.111179999999999835e+00
1.113040000000000029e+00
1.111079999999999846e+00
1.122500000000000053e+00
1.124360000000000026e+00
1.130710000000000104e+00
1.131010000000000071e+00
1.138920000000000154e+00
1.131010000000000071e+00
1.130710000000000104e+00
1.131010000000000071e+00
1.129150000000000098e+00
1.129059999999999953e+00
1.138920000000000154e+00
1.138920000000000154e+00
1.139220000000000121e+00
1.148679999999999923e+00
1.152190000000000047e+00
1.148989999999999956e+00
1.150239999999999929e+00
1.158749999999999947e+00
1.158449999999999980e+00
1.160400000000000098e+00
1.158749999999999947e+00
1.176390000000000047e+00
1.197879999999999834e+00
1.197879999999999834e+00
1.214199999999999946e+00
1.218990000000000018e+00
1.218990000000000018e+00
1.207579999999999876e+00
1.186160000000000103e+00
1.188109999999999999e+00
1.178279999999999994e+00
1.194370000000000154e+00
1.197879999999999834e+00
1.206089999999999884e+00
1.225620000000000154e+00
1.236939999999999928e+00
1.237270000000000092e+00
1.246699999999999919e+00
1.246699999999999919e+00
1.268189999999999928e+00
1.277889999999999970e+00
1.281099999999999905e+00
1.287719999999999976e+00
1.276340000000000030e+00
1.274440000000000017e+00
1.243589999999999973e+00
1.212739999999999929e+00
1.181550000000000100e+00
1.143979999999999997e+00
1.124360000000000026e+00
1.106079999999999952e+00
1.099849999999999994e+00
1.099849999999999994e+00
1.096649999999999903e+00
1.096310000000000118e+00
1.140870000000000051e+00
1.171720000000000095e+00
1.389469999999999983e+00
1.365939999999999932e+00
1.887020000000000142e+00
1.595460000000000100e+00
1.637020000000000142e+00
1.629760000000000097e+00
1.601470000000000171e+00
1.573270000000000168e+00
1.563450000000000006e+00
1.548520000000000119e+00
1.532100000000000017e+00
1.515689999999999982e+00
1.522340000000000027e+00
1.505920000000000147e+00
1.493039999999999923e+00
1.496150000000000091e+00
1.509060000000000068e+00
1.533600000000000074e+00
1.528499999999999970e+00
1.512020000000000142e+00
1.521879999999999900e+00
1.515170000000000128e+00
1.516780000000000017e+00
1.508909999999999973e+00
1.498750000000000027e+00
1.498750000000000027e+00
1.490539999999999976e+00
1.492099999999999982e+00
1.503810000000000091e+00
1.505309999999999926e+00
1.516720000000000068e+00
1.516629999999999923e+00
1.510070000000000023e+00
1.506870000000000154e+00
1.518279999999999852e+00
1.518189999999999928e+00
1.518279999999999852e+00
1.518589999999999884e+00
1.518279999999999852e+00
1.528350000000000097e+00
1.518189999999999928e+00
1.519839999999999858e+00
1.510010000000000074e+00
1.518189999999999928e+00
1.501800000000000024e+00
1.510070000000000023e+00
1.500240000000000018e+00
1.508420000000000094e+00
1.510070000000000023e+00
1.510010000000000074e+00
1.508420000000000094e+00
1.500310000000000032e+00
1.500240000000000018e+00
1.500240000000000018e+00
1.490480000000000027e+00
1.492099999999999982e+00
1.508420000000000094e+00
1.501800000000000024e+00
1.510010000000000074e+00
1.503360000000000030e+00
1.493589999999999973e+00
1.493679999999999897e+00
1.493989999999999929e+00
1.503749999999999920e+00
1.492029999999999967e+00
1.482269999999999976e+00
1.480709999999999971e+00
1.482269999999999976e+00
1.472199999999999953e+00
1.472499999999999920e+00
1.464289999999999869e+00
1.470949999999999980e+00
1.462739999999999929e+00
1.461179999999999923e+00
1.470949999999999980e+00
1.480380000000000029e+00
1.488890000000000047e+00
1.490480000000000027e+00
1.501800000000000024e+00
1.511630000000000029e+00
1.503749999999999920e+00
1.492029999999999967e+00
1.501800000000000024e+00
1.511570000000000080e+00
1.511570000000000080e+00
1.511570000000000080e+00
1.513120000000000021e+00
1.532750000000000057e+00
1.534610000000000030e+00
1.524839999999999973e+00
1.514979999999999993e+00
1.522980000000000000e+00
1.524839999999999973e+00
1.515079999999999982e+00
1.513519999999999976e+00
1.521730000000000027e+00
1.523279999999999967e+00
1.529539999999999900e+00
1.519779999999999909e+00
1.522889999999999855e+00
1.522980000000000000e+00
1.531490000000000018e+00
1.531490000000000018e+00
1.551029999999999909e+00
1.563900000000000068e+00
1.572110000000000118e+00
1.581939999999999902e+00
1.595150000000000068e+00
1.586940000000000017e+00
1.585389999999999855e+00
1.583829999999999849e+00
1.585389999999999855e+00
1.585389999999999855e+00
1.583829999999999849e+00
1.601809999999999956e+00
1.593199999999999950e+00
1.596710000000000074e+00
1.591639999999999944e+00
1.575229999999999908e+00
1.562349999999999905e+00
1.554139999999999855e+00
1.554139999999999855e+00
1.562349999999999905e+00
1.562349999999999905e+00
1.581939999999999902e+00
1.595150000000000068e+00
1.604920000000000124e+00
1.621340000000000003e+00
1.604920000000000124e+00
1.622889999999999944e+00
1.614689999999999959e+00
1.613129999999999953e+00
1.613129999999999953e+00
1.606479999999999908e+00
1.622889999999999944e+00
1.622889999999999944e+00
1.634220000000000006e+00
1.642429999999999835e+00
1.642429999999999835e+00
1.642120000000000024e+00
1.650629999999999820e+00
1.653750000000000053e+00
1.670170000000000154e+00
1.681490000000000151e+00
1.691249999999999920e+00
1.701019999999999976e+00
1.712429999999999897e+00
1.704529999999999879e+00
1.694759999999999822e+00
1.683440000000000047e+00
1.665470000000000006e+00
1.665470000000000006e+00
1.661959999999999882e+00
1.661959999999999882e+00
1.681490000000000151e+00
1.683040000000000092e+00
1.691249999999999920e+00
1.691249999999999920e+00
1.683040000000000092e+00
1.683040000000000092e+00
1.691309999999999869e+00
1.683440000000000047e+00
1.693209999999999882e+00
1.694759999999999822e+00
1.694759999999999822e+00
1.702970000000000095e+00
1.724059999999999926e+00
1.733829999999999982e+00
1.743590000000000195e+00
1.753359999999999808e+00
1.756870000000000154e+00
1.747100000000000097e+00
1.755309999999999926e+00
1.756870000000000154e+00
1.765079999999999982e+00
1.756809999999999761e+00
1.763120000000000021e+00
1.772890000000000077e+00
1.774440000000000239e+00
1.784609999999999808e+00
1.794370000000000021e+00
1.794370000000000021e+00
1.804140000000000077e+00
1.812349999999999905e+00
1.804140000000000077e+00
1.804140000000000077e+00
1.812349999999999905e+00
1.814000000000000057e+00
1.825620000000000021e+00
1.833829999999999849e+00
1.843599999999999905e+00
1.845150000000000068e+00
1.845150000000000068e+00
1.843599999999999905e+00
1.853359999999999896e+00
1.849849999999999994e+00
1.843199999999999950e+00
1.861179999999999835e+00
1.862729999999999997e+00
1.862729999999999997e+00
1.852970000000000006e+00
1.864290000000000225e+00
1.870940000000000047e+00
1.854520000000000168e+00
1.852970000000000006e+00
1.852970000000000006e+00
1.861179999999999835e+00
1.870940000000000047e+00
1.872500000000000053e+00
1.892120000000000024e+00
1.913909999999999778e+00
1.915470000000000006e+00
1.915470000000000006e+00
1.923679999999999835e+00
1.911959999999999882e+00
1.921720000000000095e+00
1.921720000000000095e+00
1.921720000000000095e+00
1.941309999999999869e+00
1.944759999999999822e+00
1.934909999999999908e+00
1.934600000000000097e+00
1.942809999999999926e+00
1.952579999999999982e+00
1.956090000000000106e+00
1.954529999999999879e+00
1.956090000000000106e+00
1.962740000000000151e+00
1.954529999999999879e+00
1.954529999999999879e+00
1.942809999999999926e+00
1.954529999999999879e+00
1.951019999999999976e+00
1.972499999999999920e+00
1.975620000000000154e+00
1.974059999999999926e+00
1.983829999999999982e+00
1.975620000000000154e+00
1.975620000000000154e+00
1.975620000000000154e+00
1.965850000000000097e+00
1.964290000000000092e+00
1.962740000000000151e+00
1.972499999999999920e+00
1.974059999999999926e+00
1.975620000000000154e+00
1.983829999999999982e+00
1.985379999999999923e+00
1.985379999999999923e+00
1.987340000000000106e+00
2.005309999999999704e+00
2.013520000000000199e+00
2.024840000000000195e+00
2.033049999999999802e+00
2.052579999999999849e+00
2.054140000000000299e+00
2.072109999999999896e+00
2.081879999999999953e+00
2.091639999999999944e+00
2.083439999999999959e+00
2.075229999999999908e+00
2.073669999999999902e+00
2.065459999999999852e+00
2.055690000000000239e+00
2.054140000000000299e+00
2.055690000000000239e+00
2.075229999999999908e+00
2.077179999999999804e+00
2.085390000000000299e+00
2.085300000000000153e+00
2.084990000000000343e+00
2.075229999999999908e+00
2.072109999999999896e+00
2.073669999999999902e+00
2.073669999999999902e+00
2.083439999999999959e+00
2.091639999999999944e+00
2.093199999999999950e+00
2.112820000000000142e+00
2.114689999999999959e+00
2.111569999999999947e+00
2.122889999999999944e+00
2.106479999999999908e+00
2.104919999999999902e+00
2.104919999999999902e+00
2.116240000000000343e+00
2.116240000000000343e+00
2.114590000000000192e+00
2.124049999999999994e+00
2.134220000000000006e+00
2.135769999999999946e+00
2.134220000000000006e+00
2.135769999999999946e+00
2.152190000000000047e+00
2.145540000000000003e+00
2.143979999999999997e+00
2.135769999999999946e+00
2.143979999999999997e+00
2.143979999999999997e+00
2.134220000000000006e+00
2.140870000000000051e+00
2.221099999999999852e+00
1.819520000000000026e+00
1.912509999999999932e+00
1.930390000000000050e+00
1.962099999999999955e+00
1.999149999999999983e+00
2.043270000000000142e+00
2.061249999999999805e+00
2.075779999999999959e+00
2.087490000000000290e+00
2.092589999999999950e+00
2.113739999999999952e+00
2.150090000000000057e+00
2.195770000000000000e+00
2.216860000000000053e+00
2.243129999999999846e+00
2.257970000000000255e+00
2.272800000000000153e+00
2.289120000000000044e+00
2.308749999999999858e+00
2.334929999999999950e+00
2.357670000000000154e+00
2.366179999999999950e+00
2.402099999999999902e+00
2.426330000000000098e+00
2.416560000000000041e+00
2.415009999999999657e+00
2.433040000000000092e+00
2.438050000000000050e+00
2.432949999999999946e+00
2.441159999999999997e+00
2.452579999999999760e+00
2.454439999999999955e+00
2.452579999999999760e+00
2.451319999999999943e+00
2.450930000000000053e+00
2.444370000000000154e+00
2.439610000000000056e+00
2.442809999999999704e+00
2.452879999999999949e+00
2.460779999999999745e+00
2.480620000000000047e+00
2.492029999999999745e+00
2.472409999999999997e+00
2.468990000000000240e+00
2.469300000000000050e+00
2.468990000000000240e+00
2.468900000000000095e+00
2.470549999999999802e+00
2.478759999999999852e+00
2.480620000000000047e+00
2.478759999999999852e+00
2.480620000000000047e+00
2.480319999999999858e+00
2.480620000000000047e+00
2.478759999999999852e+00
2.490479999999999805e+00
2.488830000000000098e+00
2.480319999999999858e+00
2.477170000000000094e+00
2.485689999999999955e+00
2.495150000000000201e+00
2.506470000000000198e+00
2.510009999999999852e+00
2.516570000000000196e+00
2.529540000000000344e+00
2.549069999999999947e+00
2.559140000000000192e+00
2.540859999999999896e+00
2.537720000000000198e+00
2.545869999999999855e+00
2.539309999999999956e+00
2.531099999999999905e+00
2.539609999999999701e+00
2.547490000000000254e+00
2.539309999999999956e+00
2.526340000000000252e+00
2.513120000000000243e+00
2.474059999999999704e+00
2.424840000000000106e+00
2.395540000000000003e+00
2.367799999999999905e+00
2.356479999999999908e+00
2.339999999999999858e+00
2.349849999999999994e+00
2.358029999999999848e+00
2.357969999999999899e+00
2.367799999999999905e+00
2.411959999999999660e+00
2.454530000000000101e+00
2.676880000000000148e+00
2.822509999999999852e+00
3.162259999999999849e+00
2.913670000000000204e+00
2.871950000000000003e+00
2.843290000000000095e+00
2.836549999999999905e+00
2.847809999999999953e+00
2.855620000000000047e+00
2.881709999999999994e+00
2.881709999999999994e+00
2.871890000000000054e+00
2.848910000000000053e+00
2.867249999999999854e+00
2.886719999999999953e+00
2.912570000000000103e+00
2.937100000000000044e+00
2.920619999999999994e+00
2.914059999999999651e+00
2.913969999999999949e+00
2.926940000000000097e+00
2.949920000000000098e+00
2.959690000000000154e+00
2.962800000000000100e+00
2.952970000000000095e+00
2.961240000000000094e+00
2.962800000000000100e+00
2.965940000000000243e+00
2.985870000000000246e+00
2.995540000000000092e+00
3.008509999999999796e+00
3.006870000000000154e+00
3.000240000000000240e+00
3.000309999999999810e+00
2.990479999999999805e+00
2.980709999999999749e+00
2.990540000000000198e+00
2.980709999999999749e+00
2.972500000000000142e+00
2.979130000000000056e+00
2.972500000000000142e+00
2.980379999999999807e+00
2.972500000000000142e+00
2.980709999999999749e+00
2.990479999999999805e+00
3.001859999999999751e+00
3.023279999999999745e+00
3.013520000000000199e+00
3.021729999999999805e+00
3.013120000000000243e+00
3.021329999999999849e+00
3.031099999999999905e+00
3.039309999999999956e+00
3.042510000000000048e+00
3.070559999999999956e+00
3.072109999999999896e+00
3.072109999999999896e+00
3.072109999999999896e+00
3.072109999999999896e+00
3.072109999999999896e+00
3.073760000000000048e+00
3.083829999999999849e+00
3.083829999999999849e+00
3.101809999999999956e+00
3.104919999999999902e+00
3.101410000000000000e+00
3.102970000000000006e+00
3.102970000000000006e+00
3.101410000000000000e+00
3.116240000000000343e+00
3.114689999999999959e+00
3.122889999999999944e+00
3.124449999999999950e+00
3.132660000000000000e+00
3.122500000000000053e+00
3.122590000000000199e+00
3.122889999999999944e+00
3.124449999999999950e+00
3.132660000000000000e+00
3.132660000000000000e+00
3.142430000000000057e+00
3.142430000000000057e+00
3.142430000000000057e+00
3.140870000000000051e+00
3.142120000000000246e+00
3.163910000000000000e+00
3.153750000000000053e+00
3.153750000000000053e+00
3.165470000000000006e+00
3.175229999999999997e+00
3.176790000000000003e+00
3.175229999999999997e+00
3.183440000000000047e+00
3.193209999999999660e+00
3.193209999999999660e+00
3.211180000000000145e+00
3.222500000000000142e+00
3.232270000000000199e+00
3.243590000000000195e+00
3.253359999999999808e+00
3.263120000000000243e+00
3.263120000000000243e+00
3.272890000000000299e+00
3.292510000000000048e+00
3.302580000000000293e+00
3.313899999999999846e+00
3.325619999999999798e+00
3.325619999999999798e+00
3.335390000000000299e+00
3.336940000000000239e+00
3.335390000000000299e+00
3.333830000000000293e+00
3.325619999999999798e+00
3.322109999999999896e+00
3.331880000000000397e+00
3.349849999999999994e+00
3.372889999999999944e+00
3.384219999999999562e+00
3.385769999999999502e+00
3.385769999999999502e+00
3.376009999999999955e+00
3.376009999999999955e+00
3.374449999999999950e+00
3.376009999999999955e+00
3.382660000000000000e+00
3.402190000000000047e+00
3.413510000000000044e+00
3.413510000000000044e+00
3.421719999999999651e+00
3.431490000000000151e+00
3.441250000000000142e+00
3.441250000000000142e+00
3.442899999999999849e+00
3.444760000000000044e+00
3.444760000000000044e+00
3.444760000000000044e+00
3.452969999999999651e+00
3.464290000000000092e+00
3.474059999999999704e+00
3.483830000000000204e+00
3.483830000000000204e+00
3.495540000000000092e+00
3.495540000000000092e+00
3.487340000000000106e+00
3.493990000000000151e+00
3.495540000000000092e+00
3.503750000000000142e+00
3.515080000000000204e+00
3.534609999999999808e+00
3.542819999999999858e+00
3.544369999999999798e+00
3.552580000000000293e+00
3.544369999999999798e+00
3.542819999999999858e+00
3.539309999999999956e+00
3.542419999999999902e+00
3.550630000000000397e+00
3.552189999999999959e+00
3.570219999999999505e+00
3.573669999999999902e+00
3.581880000000000397e+00
3.581880000000000397e+00
3.581880000000000397e+00
3.581880000000000397e+00
3.591639999999999944e+00
3.593199999999999950e+00
3.601410000000000000e+00
3.612730000000000441e+00
3.622500000000000053e+00
3.632260000000000044e+00
3.635769999999999502e+00
3.643980000000000441e+00
3.645540000000000003e+00
3.655299999999999994e+00
3.655299999999999994e+00
3.665069999999999606e+00
3.667019999999999502e+00
3.667019999999999502e+00
3.665369999999999795e+00
3.683140000000000303e+00
3.675140000000000295e+00
3.683040000000000092e+00
3.702669999999999906e+00
3.694669999999999899e+00
3.712430000000000341e+00
3.714290000000000092e+00
3.712740000000000151e+00
3.704530000000000101e+00
3.702969999999999651e+00
3.702969999999999651e+00
3.702969999999999651e+00
3.704530000000000101e+00
3.714290000000000092e+00
3.732269999999999754e+00
3.742030000000000189e+00
3.743590000000000195e+00
3.745150000000000201e+00
3.736940000000000150e+00
3.753359999999999808e+00
3.756869999999999710e+00
3.763519999999999754e+00
3.783049999999999802e+00
3.802580000000000293e+00
3.813899999999999846e+00
3.813899999999999846e+00
3.823669999999999902e+00
3.825230000000000352e+00
3.815459999999999852e+00
3.813899999999999846e+00
3.822109999999999896e+00
3.833439999999999959e+00
3.841639999999999944e+00
3.861180000000000501e+00
3.872500000000000053e+00
3.884219999999999562e+00
3.885769999999999502e+00
3.893980000000000441e+00
3.887330000000000396e+00
3.893980000000000441e+00
3.895540000000000003e+00
3.893980000000000441e+00
3.893980000000000441e+00
3.902190000000000047e+00
3.893980000000000441e+00
3.885769999999999502e+00
3.893980000000000441e+00
3.893980000000000441e+00
3.903750000000000053e+00
3.905299999999999994e+00
3.923680000000000501e+00
3.933440000000000047e+00
3.935000000000000053e+00
3.944760000000000044e+00
3.962740000000000151e+00
3.974059999999999704e+00
3.974059999999999704e+00
3.992030000000000189e+00
3.995150000000000201e+00
3.993590000000000195e+00
3.993590000000000195e+00
3.993590000000000195e+00
3.995150000000000201e+00
3.985380000000000145e+00
3.985380000000000145e+00
3.995540000000000092e+00
3.997100000000000097e+00
4.005219999999999558e+00
4.022980000000000445e+00
4.024840000000000195e+00
4.042819999999999858e+00
4.045930000000000248e+00
4.052579999999999849e+00
4.045930000000000248e+00
4.034519999999999662e+00
4.042419999999999902e+00
4.052190000000000403e+00
4.052190000000000403e+00
4.055690000000000239e+00
4.063900000000000290e+00
4.073669999999999902e+00
4.075230000000000352e+00
4.083440000000000403e+00
4.101409999999999556e+00
4.120940000000000047e+00
4.124050000000000438e+00
4.134220000000000006e+00
4.134220000000000006e+00
4.126009999999999955e+00
4.117799999999999905e+00
4.116240000000000343e+00
4.126009999999999955e+00
4.127559999999999896e+00
4.145940000000000403e+00
4.145839999999999748e+00
4.163599999999999746e+00
4.165470000000000006e+00
4.155700000000000394e+00
4.154139999999999944e+00
4.142430000000000057e+00
4.143979999999999997e+00
4.142430000000000057e+00
4.135769999999999946e+00
4.134220000000000006e+00
4.143979999999999997e+00
4.153749999999999609e+00
4.153749999999999609e+00
4.153749999999999609e+00
4.170169999999999710e+00
4.173280000000000101e+00
4.176790000000000447e+00
4.186550000000000438e+00
4.194759999999999600e+00
4.214290000000000092e+00
4.217410000000000103e+00
4.214199999999999946e+00
4.224059999999999704e+00
4.224059999999999704e+00
4.224059999999999704e+00
4.233830000000000204e+00
4.222199999999999953e+00
4.240480000000000693e+00
4.270230000000000636e+00
3.843659999999999854e+00
4.129459999999999908e+00
4.003909999999999414e+00
4.029359999999999609e+00
4.050080000000000346e+00
4.046880000000000699e+00
4.045319999999999361e+00
4.071469999999999700e+00
4.099210000000000242e+00
4.123499999999999943e+00
4.125459999999999461e+00
4.158260000000000289e+00
4.168029999999999902e+00
4.176330000000000098e+00
4.187959999999999461e+00
4.197510000000000296e+00
4.227109999999999701e+00
4.245090000000000252e+00
4.261470000000000091e+00
4.274380000000000734e+00
4.266169999999999796e+00
4.272890000000000299e+00
4.279449999999999754e+00
4.293980000000000352e+00
4.302489999999999704e+00
4.320559999999999512e+00
4.320469999999999366e+00
4.333339999999999748e+00
4.334990000000000343e+00
4.333339999999999748e+00
4.333339999999999748e+00
4.323580000000000645e+00
4.320159999999999556e+00
4.310389999999999944e+00
4.302489999999999704e+00
4.320559999999999512e+00
4.312260000000000204e+00
4.320469999999999366e+00
4.329930000000000057e+00
4.331879999999999953e+00
4.346650000000000347e+00
4.349849999999999994e+00
4.340090000000000003e+00
4.338440000000000296e+00
4.338130000000000486e+00
4.348269999999999413e+00
4.339999999999999858e+00
4.340090000000000003e+00
4.338440000000000296e+00
4.338130000000000486e+00
4.322109999999999452e+00
4.299380000000000202e+00
4.297489999999999810e+00
4.299069999999999503e+00
4.304050000000000153e+00
4.307249999999999801e+00
4.308840000000000003e+00
4.330319999999999503e+00
4.330230000000000246e+00
4.326780000000000292e+00
4.320469999999999366e+00
4.318599999999999994e+00
4.330319999999999503e+00
4.328669999999999796e+00
4.346309999999999896e+00
4.359619999999999607e+00
4.356409999999999449e+00
4.356080000000000396e+00
4.356480000000000352e+00
4.356480000000000352e+00
4.338499999999999801e+00
4.336940000000000239e+00
4.336880000000000734e+00
4.326780000000000292e+00
4.318599999999999994e+00
4.295869999999999855e+00
4.274440000000000239e+00
4.225619999999999266e+00
4.192809999999999704e+00
4.163509999999999600e+00
4.135769999999999946e+00
4.135769999999999946e+00
4.137330000000000396e+00
4.137330000000000396e+00
4.137659999999999449e+00
4.137330000000000396e+00
4.145540000000000447e+00
4.179930000000000589e+00
4.212740000000000151e+00
4.426880000000000592e+00
4.537169999999999703e+00
4.894840000000000302e+00
4.703739999999999810e+00
4.665769999999999307e+00
4.656859999999999999e+00
4.682039999999999758e+00
4.632349999999999746e+00
4.645230000000000636e+00
4.676330000000000098e+00
4.694309999999999761e+00
4.722019999999999662e+00
4.723600000000000243e+00
4.731720000000000148e+00
4.739589999999999748e+00
4.770780000000000243e+00
4.785219999999999807e+00
4.808290000000000397e+00
4.794919999999999405e+00
4.816409999999999414e+00
4.839050000000000296e+00
4.869930000000000092e+00
4.883119999999999905e+00
4.874600000000000044e+00
4.874909999999999854e+00
4.878049999999999997e+00
4.887880000000000003e+00
4.901089999999999947e+00
4.912409999999999499e+00
4.922180000000000000e+00
4.931880000000000486e+00
4.953030000000000044e+00
4.964389999999999858e+00
4.964389999999999858e+00
4.964690000000000047e+00
4.993680000000000341e+00
5.006959999999999411e+00
5.023349999999999760e+00
5.036559999999999704e+00
5.055790000000000006e+00
5.056090000000000195e+00
5.055790000000000006e+00
5.057649999999999757e+00
5.075319999999999609e+00
5.068969999999999310e+00
5.076869999999999550e+00
5.078739999999999810e+00
5.088589999999999947e+00
5.098269999999999413e+00
5.090090000000000003e+00
5.099909999999999499e+00
5.098269999999999413e+00
5.099849999999999994e+00
5.101469999999999949e+00
5.083829999999999849e+00
5.078739999999999810e+00
5.080319999999999503e+00
5.091709999999999958e+00
5.101809999999999512e+00
5.111569999999999503e+00
5.117799999999999905e+00
5.137419999999999654e+00
5.139280000000000292e+00
5.160459999999999603e+00
5.167019999999999946e+00
5.178340000000000387e+00
5.197969999999999757e+00
5.201419999999999710e+00
5.219359999999999999e+00
5.230380000000000251e+00
5.232269999999999754e+00
5.232269999999999754e+00
5.232269999999999754e+00
5.232269999999999754e+00
5.212740000000000151e+00
5.201019999999999754e+00
5.209290000000000198e+00
5.211180000000000589e+00
5.219359999999999999e+00
5.230380000000000251e+00
5.258420000000000094e+00
5.276399999999999757e+00
5.281159999999999854e+00
5.289670000000000094e+00
5.291260000000000296e+00
5.281100000000000350e+00
5.281159999999999854e+00
5.291260000000000296e+00
5.301029999999999909e+00
5.301029999999999909e+00
5.310459999999999958e+00
5.328739999999999810e+00
5.340090000000000003e+00
5.340090000000000003e+00
5.349909999999999499e+00
5.369749999999999801e+00
5.379150000000000098e+00
5.390530000000000044e+00
5.410400000000000098e+00
5.420169999999999710e+00
5.429930000000000589e+00
5.442899999999999849e+00
5.461180000000000589e+00
5.462740000000000151e+00
5.472500000000000142e+00
5.472500000000000142e+00
5.472500000000000142e+00
5.482269999999999754e+00
5.482269999999999754e+00
5.493680000000000341e+00
5.502200000000000202e+00
5.513519999999999754e+00
5.533050000000000246e+00
5.544369999999999798e+00
5.542819999999999858e+00
5.554140000000000299e+00
5.572109999999999452e+00
5.563900000000000290e+00
5.572169999999999845e+00
5.582279999999999909e+00
5.593600000000000350e+00
5.581879999999999953e+00
5.590090000000000003e+00
5.601469999999999949e+00
5.611569999999999503e+00
5.604919999999999902e+00
5.603359999999999452e+00
5.613129999999999953e+00
5.614690000000000403e+00
5.604919999999999902e+00
5.601409999999999556e+00
5.611180000000000057e+00
5.611180000000000057e+00
5.630770000000000053e+00
5.650630000000000486e+00
5.671719999999999651e+00
5.684999999999999609e+00
5.681490000000000151e+00
5.702969999999999651e+00
5.712740000000000151e+00
5.702580000000000204e+00
5.710780000000000634e+00
5.730380000000000251e+00
5.753750000000000142e+00
5.763519999999999754e+00
5.781489999999999796e+00
5.801029999999999909e+00
5.810459999999999958e+00
5.820559999999999512e+00
5.840090000000000003e+00
5.840090000000000003e+00
5.841639999999999944e+00
5.851469999999999949e+00
5.851809999999999512e+00
5.841639999999999944e+00
5.851409999999999556e+00
5.851409999999999556e+00
5.851409999999999556e+00
5.882349999999999746e+00
5.893979999999999997e+00
5.922119999999999607e+00
5.921719999999999651e+00
5.931490000000000151e+00
5.931490000000000151e+00
5.931490000000000151e+00
5.941250000000000142e+00
5.942809999999999704e+00
5.952580000000000204e+00
5.962340000000000195e+00
5.974059999999999704e+00
5.983830000000000204e+00
6.003359999999999808e+00
5.995149999999999757e+00
6.003359999999999808e+00
6.004909999999999748e+00
6.021329999999999849e+00
6.022890000000000299e+00
6.021329999999999849e+00
6.022980000000000445e+00
6.033050000000000246e+00
6.060789999999999900e+00
6.073669999999999902e+00
6.083440000000000403e+00
6.095150000000000290e+00
6.114690000000000403e+00
6.124450000000000394e+00
6.124450000000000394e+00
6.150630000000000486e+00
6.152190000000000047e+00
6.161959999999999660e+00
6.171719999999999651e+00
6.183040000000000092e+00
6.192809999999999704e+00
6.184599999999999653e+00
6.183040000000000092e+00
6.183040000000000092e+00
6.174840000000000551e+00
6.173280000000000101e+00
6.181490000000000151e+00
6.181490000000000151e+00
6.202669999999999462e+00
6.204530000000000101e+00
6.220950000000000202e+00
6.232269999999999754e+00
6.233830000000000204e+00
6.242030000000000634e+00
6.233830000000000204e+00
6.251800000000000246e+00
6.254909999999999748e+00
6.271329999999999849e+00
6.272890000000000299e+00
6.276399999999999757e+00
6.284609999999999808e+00
6.284609999999999808e+00
6.292819999999999858e+00
6.294369999999999798e+00
6.304140000000000299e+00
6.312350000000000350e+00
6.313900000000000290e+00
6.322109999999999452e+00
6.323669999999999902e+00
6.325230000000000352e+00
6.333440000000000403e+00
6.343200000000000394e+00
6.344759999999999955e+00
6.344759999999999955e+00
6.356480000000000352e+00
6.356480000000000352e+00
6.354919999999999902e+00
6.372889999999999944e+00
6.384220000000000006e+00
6.393979999999999997e+00
6.403749999999999609e+00
6.411959999999999660e+00
6.413509999999999600e+00
6.406859999999999999e+00
6.413509999999999600e+00
6.417019999999999946e+00
6.415470000000000006e+00
6.423680000000000057e+00
6.434999999999999609e+00
6.433440000000000047e+00
6.451419999999999710e+00
6.451019999999999754e+00
6.472500000000000142e+00
6.474059999999999704e+00
6.493680000000000341e+00
6.513519999999999754e+00
6.515080000000000204e+00
6.515080000000000204e+00
6.505309999999999704e+00
6.513519999999999754e+00
6.515080000000000204e+00
6.515080000000000204e+00
6.533050000000000246e+00
6.552579999999999849e+00
6.545930000000000248e+00
6.555689999999999351e+00
6.554139999999999411e+00
6.563900000000000290e+00
6.545930000000000248e+00
6.554139999999999411e+00
6.572110000000000340e+00
6.585389999999999411e+00
6.585389999999999411e+00
6.593600000000000350e+00
6.595150000000000290e+00
6.604919999999999902e+00
6.606480000000000352e+00
6.606480000000000352e+00
6.604919999999999902e+00
6.622889999999999056e+00
6.624450000000000394e+00
6.632660000000000444e+00
6.624450000000000394e+00
6.634220000000000006e+00
6.642430000000000057e+00
6.635769999999999946e+00
6.643979999999999997e+00
6.645539999999999559e+00
6.645539999999999559e+00
6.645539999999999559e+00
6.655700000000000394e+00
6.655700000000000394e+00
6.655610000000000248e+00
6.653839999999999755e+00
6.652189999999999159e+00
6.661960000000000548e+00
6.671719999999999651e+00
6.693210000000000548e+00
6.694760000000000488e+00
6.686550000000000438e+00
6.696320000000000050e+00
6.686550000000000438e+00
6.694760000000000488e+00
6.696320000000000050e+00
6.694669999999999455e+00
6.702580000000000204e+00
6.702580000000000204e+00
6.694369999999999266e+00
6.683039999999999203e+00
6.781710000000000349e+00
6.310089999999999755e+00
6.487180000000000391e+00
6.473510000000000097e+00
6.508269999999999555e+00
6.525940000000000296e+00
6.572019999999999307e+00
6.588589999999999058e+00
6.620149999999999757e+00
6.646030000000000548e+00
6.654300000000000104e+00
6.667510000000000936e+00
6.675780000000000491e+00
6.677430000000000199e+00
6.702420000000000044e+00
6.700870000000000104e+00
6.703980000000000494e+00
6.715300000000000047e+00
6.736480000000000246e+00
6.795380000000000642e+00
6.793910000000000338e+00
6.789119999999999600e+00
6.798580000000000290e+00
6.787260000000000737e+00
6.798980000000000246e+00
6.816960000000000797e+00
6.815400000000000347e+00
6.818510000000000737e+00
6.828280000000000349e+00
6.818510000000000737e+00
6.815400000000000347e+00
6.807189999999999408e+00
6.803679999999999950e+00
6.805299999999999905e+00
6.797419999999999796e+00
6.795869999999999855e+00
6.795869999999999855e+00
6.795869999999999855e+00
6.797419999999999796e+00
6.802089999999999748e+00
6.793980000000000352e+00
6.804050000000000153e+00
6.812260000000000204e+00
6.821720000000000006e+00
6.813810000000000144e+00
6.822019999999999307e+00
6.813510000000000844e+00
6.802489999999999704e+00
6.810389999999999056e+00
6.810699999999999754e+00
6.820160000000000444e+00
6.810699999999999754e+00
6.828369999999999607e+00
6.840089999999999115e+00
6.848210000000000797e+00
6.843200000000000394e+00
6.830230000000000246e+00
6.831789999999999807e+00
6.811950000000000394e+00
6.810699999999999754e+00
6.810389999999999056e+00
6.798980000000000246e+00
6.799069999999999503e+00
6.790769999999999307e+00
6.782650000000000290e+00
6.781010000000000204e+00
6.781100000000000350e+00
6.797419999999999796e+00
6.799069999999999503e+00
6.789310000000000400e+00
6.787660000000000693e+00
6.789310000000000400e+00
6.799069999999999503e+00
6.800930000000000142e+00
6.790860000000000340e+00
6.777889999999999304e+00
6.781100000000000350e+00
6.781010000000000204e+00
6.766169999999999796e+00
6.999299999999999855e+00
7.142430000000000057e+00
7.123350000000000293e+00
7.093750000000000000e+00
7.044830000000000148e+00
7.037110000000000198e+00
7.014069999999999361e+00
6.933989999999999654e+00
6.782410000000000494e+00
6.643039999999999168e+00
6.558900000000000396e+00
6.519130000000000535e+00
6.505399999999999849e+00
6.510010000000000296e+00
6.514680000000000248e+00
6.508420000000000094e+00
6.509920000000000151e+00
6.519779999999999909e+00
6.565460000000000740e+00
6.694849999999999746e+00
7.136260000000000936e+00
7.145839999999999748e+00
6.995449999999999946e+00
7.084529999999999994e+00
7.109219999999999651e+00
7.095310000000000450e+00
7.132349999999999746e+00
7.156860000000000888e+00
7.159519999999999662e+00
7.157960000000000989e+00
7.187560000000000393e+00
7.244689999999999408e+00
7.246249999999999858e+00
7.274289999999999701e+00
7.318119999999999514e+00
7.362180000000000391e+00
7.399689999999999657e+00
7.416019999999999612e+00
7.446869999999999656e+00
7.472960000000000491e+00
7.508610000000000895e+00
7.542969999999999509e+00
7.572569999999999801e+00
7.587100000000000399e+00
7.608519999999999506e+00
7.629610000000000447e+00
7.640930000000000000e+00
7.670619999999999550e+00
7.693270000000000053e+00
7.704619999999999358e+00
7.722900000000000098e+00
7.743680000000000341e+00
7.756960000000000299e+00
7.773280000000000634e+00
7.786249999999999893e+00
7.814000000000000057e+00
7.845150000000000290e+00
7.858119999999999550e+00
7.866239999999999455e+00
7.869449999999999612e+00
7.889280000000000292e+00
7.890869999999999607e+00
7.880770000000000053e+00
7.899049999999999905e+00
7.910400000000000098e+00
7.928339999999999499e+00
7.941310000000000535e+00
7.961180000000000589e+00
7.998660000000000991e+00
7.992030000000000634e+00
8.001860000000000639e+00
8.011960000000000193e+00
8.016630000000001033e+00
8.039369999999999905e+00
8.041260000000001185e+00
8.077180000000000248e+00
8.091710000000000846e+00
8.111570000000000391e+00
8.132660000000001332e+00
8.132660000000001332e+00
8.150629999999999598e+00
8.153839999999998867e+00
8.172119999999999607e+00
8.170169999999998822e+00
8.179930000000000589e+00
8.181490000000000151e+00
8.181549999999999656e+00
8.185000000000000497e+00
8.193210000000000548e+00
8.211180000000000589e+00
8.220950000000000202e+00
8.230710000000000193e+00
8.251860000000000639e+00
8.270139999999999603e+00
8.287720000000000198e+00
8.308899999999999508e+00
8.313900000000000290e+00
8.304140000000000299e+00
8.304140000000000299e+00
8.304140000000000299e+00
8.304140000000000299e+00
8.322110000000000340e+00
8.331879999999999953e+00
8.349849999999999994e+00
8.371000000000000441e+00
8.381099999999999994e+00
8.382660000000001332e+00
8.390869999999999607e+00
8.393980000000000885e+00
8.402189999999999159e+00
8.402189999999999159e+00
8.402189999999999159e+00
8.413600000000000634e+00
8.423680000000000945e+00
8.433439999999999159e+00
8.441649999999999210e+00
8.441250000000000142e+00
8.451019999999999754e+00
8.442809999999999704e+00
8.451019999999999754e+00
8.452580000000001093e+00
8.452669999999999462e+00
8.462740000000000151e+00
8.480710000000000193e+00
8.500239999999999796e+00
8.511569999999998970e+00
8.513119999999998910e+00
8.531100000000000350e+00
8.564000000000000057e+00
8.575619999999998910e+00
8.593600000000000350e+00
8.595150000000000290e+00
8.621340000000000003e+00
8.624449999999999505e+00
8.632660000000001332e+00
8.632660000000001332e+00
8.634219999999999118e+00
8.634219999999999118e+00
8.643980000000000885e+00
8.634219999999999118e+00
8.643980000000000885e+00
8.643980000000000885e+00
8.653750000000000497e+00
8.653750000000000497e+00
8.653750000000000497e+00
8.645539999999998670e+00
8.643980000000000885e+00
8.652189999999999159e+00
8.652189999999999159e+00
8.661960000000000548e+00
8.671720000000000539e+00
8.673280000000000101e+00
8.701080000000001036e+00
8.712740000000000151e+00
8.732269999999999754e+00
8.733830000000001093e+00
8.742029999999999745e+00
8.760010000000001185e+00
8.761569999999998970e+00
8.753360000000000696e+00
8.781159999999999854e+00
8.792819999999998970e+00
8.801030000000000797e+00
8.810789999999999011e+00
8.812350000000000350e+00
8.814000000000000057e+00
8.818970000000000198e+00
8.822110000000000340e+00
8.820560000000000400e+00
8.822110000000000340e+00
8.840149999999999508e+00
8.831879999999999953e+00
8.841639999999999944e+00
8.841639999999999944e+00
8.851410000000001332e+00
8.852969999999999118e+00
8.852969999999999118e+00
8.852969999999999118e+00
8.852969999999999118e+00
8.861180000000000945e+00
8.862730000000000885e+00
8.870939999999999159e+00
8.892120000000000246e+00
8.905699999999999505e+00
8.905610000000001136e+00
8.913510000000000488e+00
8.924839999999999662e+00
8.941250000000000142e+00
8.952580000000001093e+00
8.974059999999999704e+00
8.975619999999999266e+00
8.983830000000001093e+00
8.975619999999999266e+00
8.975619999999999266e+00
8.965849999999999653e+00
8.974059999999999704e+00
8.964290000000000092e+00
8.972500000000000142e+00
8.982269999999999754e+00
8.993589999999999307e+00
8.993589999999999307e+00
9.003360000000000696e+00
9.022890000000000299e+00
9.034610000000000696e+00
9.054140000000000299e+00
9.062350000000000350e+00
9.063900000000000290e+00
9.063900000000000290e+00
9.063900000000000290e+00
9.072110000000000340e+00
9.073669999999999902e+00
9.073669999999999902e+00
9.083529999999999660e+00
9.095150000000000290e+00
9.104919999999999902e+00
9.124449999999999505e+00
9.142430000000000945e+00
9.145539999999998670e+00
9.155699999999999505e+00
9.163910000000001332e+00
9.173680000000000945e+00
9.175230000000000885e+00
9.175230000000000885e+00
9.193210000000000548e+00
9.185000000000000497e+00
9.194760000000000488e+00
9.204530000000000101e+00
9.204530000000000101e+00
9.214290000000000092e+00
9.214290000000000092e+00
9.224059999999999704e+00
9.233830000000001093e+00
9.242029999999999745e+00
9.233830000000001093e+00
9.243589999999999307e+00
9.243589999999999307e+00
9.233830000000001093e+00
9.225619999999999266e+00
9.235380000000001033e+00
9.247099999999999653e+00
9.247099999999999653e+00
9.253750000000000142e+00
9.265080000000001093e+00
9.292819999999998970e+00
9.301030000000000797e+00
9.302580000000000737e+00
9.304140000000000299e+00
9.313900000000000290e+00
9.322110000000000340e+00
9.323669999999999902e+00
9.317019999999999413e+00
9.315459999999999852e+00
9.323669999999999902e+00
9.323669999999999902e+00
9.333439999999999515e+00
9.345150000000000290e+00
9.353360000000000340e+00
9.356479999999999464e+00
9.356479999999999464e+00
9.354919999999999902e+00
9.363129999999999953e+00
9.364689999999999515e+00
9.364689999999999515e+00
9.372889999999999944e+00
9.364689999999999515e+00
9.364689999999999515e+00
9.364689999999999515e+00
9.364689999999999515e+00
9.374449999999999505e+00
9.364689999999999515e+00
9.374449999999999505e+00
9.374449999999999505e+00
9.385769999999999058e+00
9.393980000000000885e+00
9.387330000000000396e+00
9.393980000000000885e+00
9.395539999999998670e+00
9.405699999999999505e+00
9.405699999999999505e+00
9.410399999999999210e+00
9.425230000000000885e+00
9.425230000000000885e+00
9.435000000000000497e+00
9.435000000000000497e+00
9.426789999999998670e+00
9.435000000000000497e+00
9.435000000000000497e+00
9.443210000000000548e+00
9.454530000000000101e+00
9.464290000000000092e+00
9.464290000000000092e+00
9.475619999999999266e+00
9.483830000000001093e+00
9.487339999999999662e+00
9.485780000000000101e+00
9.495540000000000092e+00
9.505309999999999704e+00
9.505309999999999704e+00
9.513519999999999754e+00
9.523279999999999745e+00
9.541260000000001185e+00
9.544369999999998910e+00
9.544369999999998910e+00
9.534610000000000696e+00
9.534610000000000696e+00
9.542819999999998970e+00
9.536160000000000636e+00
9.533049999999999358e+00
9.534610000000000696e+00
9.536160000000000636e+00
9.554140000000000299e+00
9.572110000000000340e+00
9.575229999999999464e+00
9.593199999999999505e+00
9.606479999999999464e+00
9.614689999999999515e+00
9.616239999999999455e+00
9.617800000000000793e+00
9.614689999999999515e+00
9.634219999999999118e+00
9.667019999999999058e+00
9.373839999999999506e+00
9.443270000000000053e+00
9.309749999999999304e+00
9.396089999999999165e+00
9.417019999999999058e+00
9.415369999999999351e+00
9.425319999999999254e+00
9.438599999999999213e+00
9.435460000000000846e+00
9.428889999999999105e+00
9.435939999999998662e+00
9.435939999999998662e+00
9.427730000000000388e+00
9.445769999999999555e+00
9.462189999999999657e+00
9.470399999999999707e+00
9.470399999999999707e+00
9.478580000000000894e+00
9.465299999999999159e+00
9.463839999999999364e+00
9.463749999999999218e+00
9.462249999999999162e+00
9.462249999999999162e+00
9.459139999999999660e+00
9.449279999999999902e+00
9.431000000000000938e+00
9.419679999999999609e+00
9.409909999999999997e+00
9.408360000000000056e+00
9.397030000000000882e+00
9.397030000000000882e+00
9.387269999999999115e+00
9.380620000000000402e+00
9.367649999999999366e+00
9.357669999999998822e+00
9.348209999999999908e+00
9.326719999999999899e+00
9.323579999999999757e+00
9.315400000000000347e+00
9.304050000000000153e+00
9.303739999999999455e+00
9.304050000000000153e+00
9.313810000000000144e+00
9.302089999999999748e+00
9.303739999999999455e+00
9.295869999999998967e+00
9.294280000000000541e+00
9.290860000000000340e+00
9.292719999999999203e+00
9.300539999999999807e+00
9.302189999999999515e+00
9.290770000000000195e+00
9.282650000000000290e+00
9.271239999999998815e+00
9.253270000000000550e+00
9.240080000000000737e+00
9.240389999999999660e+00
9.231869999999998910e+00
9.230620000000000047e+00
9.230319999999998970e+00
9.220860000000000056e+00
9.210779999999999745e+00
9.199370000000000047e+00
9.201019999999999754e+00
9.179839999999998668e+00
9.177979999999999805e+00
9.161870000000000402e+00
9.160000000000000142e+00
9.152189999999999159e+00
9.140779999999999461e+00
9.130710000000000548e+00
9.121249999999999858e+00
9.117800000000000793e+00
9.127499999999999503e+00
9.120939999999999159e+00
9.111180000000000945e+00
9.107969999999999899e+00
9.099849999999999994e+00
9.098209999999999908e+00
9.079930000000000945e+00
9.090090000000000003e+00
9.098209999999999908e+00
9.093199999999999505e+00
9.098209999999999908e+00
9.109619999999999607e+00
9.109619999999999607e+00
9.089999999999999858e+00
9.086550000000000793e+00
9.088499999999999801e+00
9.078669999999998907e+00
9.068599999999999994e+00
9.057249999999999801e+00
9.057589999999999364e+00
9.057249999999999801e+00
9.057249999999999801e+00
9.049070000000000391e+00
9.047819999999999752e+00
9.047489999999999810e+00
9.047489999999999810e+00
9.057249999999999801e+00
9.057589999999999364e+00
9.058840000000000003e+00
9.057249999999999801e+00
9.068970000000000198e+00
9.067349999999999355e+00
9.067019999999999413e+00
9.075229999999999464e+00
9.075229999999999464e+00
9.068970000000000198e+00
9.057589999999999364e+00
9.037720000000000198e+00
9.036160000000000636e+00
9.027950000000000585e+00
9.018130000000001090e+00
9.016239999999999810e+00
9.018189999999998818e+00
9.018189999999998818e+00
8.998599999999999710e+00
9.004910000000000636e+00
9.014680000000000248e+00
9.016630000000001033e+00
9.008419999999999206e+00
9.006869999999999266e+00
9.005309999999999704e+00
9.005219999999999558e+00
8.986939999999998818e+00
8.985380000000001033e+00
8.993589999999999307e+00
8.985380000000001033e+00
8.977169999999999206e+00
8.965849999999999653e+00
8.964290000000000092e+00
8.954439999999999955e+00
8.952580000000001093e+00
8.944369999999999266e+00
8.952580000000001093e+00
8.947879999999999612e+00
8.964290000000000092e+00
8.965849999999999653e+00
8.974059999999999704e+00
8.964290000000000092e+00
8.956089999999999662e+00
8.964290000000000092e+00
8.954530000000000101e+00
8.954530000000000101e+00
8.954530000000000101e+00
8.956089999999999662e+00
8.956089999999999662e+00
8.946320000000000050e+00
8.944670000000000343e+00
8.934599999999999653e+00
8.936160000000000991e+00
8.924839999999999662e+00
8.915070000000000050e+00
8.913510000000000488e+00
8.925230000000000885e+00
8.925230000000000885e+00
8.905300000000000438e+00
8.903750000000000497e+00
8.907260000000000844e+00
8.884119999999999351e+00
8.882260000000000488e+00
8.864289999999998670e+00
8.872500000000000497e+00
8.872500000000000497e+00
8.884219999999999118e+00
8.893980000000000885e+00
8.895539999999998670e+00
8.895539999999998670e+00
8.903750000000000497e+00
8.895539999999998670e+00
8.903750000000000497e+00
8.905300000000000438e+00
8.903750000000000497e+00
8.903750000000000497e+00
8.925230000000000885e+00
8.917019999999999058e+00
8.925230000000000885e+00
8.935000000000000497e+00
8.926730000000000942e+00
8.916629999999999612e+00
8.924839999999999662e+00
8.906859999999999999e+00
8.888919999999998822e+00
8.877900000000000347e+00
8.867800000000000793e+00
8.866239999999999455e+00
8.858029999999999404e+00
8.856410000000000338e+00
8.864289999999998670e+00
8.856080000000000396e+00
8.864689999999999515e+00
8.858029999999999404e+00
8.856479999999999464e+00
8.856410000000000338e+00
8.836550000000000793e+00
8.846310000000000784e+00
8.840090000000000003e+00
8.836880000000000734e+00
8.828369999999999607e+00
8.834989999999999455e+00
8.838499999999999801e+00
8.836940000000000239e+00
8.835300000000000153e+00
8.826779999999999404e+00
8.825229999999999464e+00
8.825229999999999464e+00
8.825229999999999464e+00
8.828739999999999810e+00
8.827119999999998967e+00
8.808840000000000003e+00
8.807249999999999801e+00
8.807249999999999801e+00
8.817349999999999355e+00
8.817019999999999413e+00
8.817019999999999413e+00
8.827180000000000248e+00
8.846650000000000347e+00
8.847899999999999210e+00
8.836550000000000793e+00
8.838499999999999801e+00
8.845060000000000144e+00
8.828369999999999607e+00
8.826779999999999404e+00
8.825229999999999464e+00
8.828739999999999810e+00
8.818910000000000693e+00
8.817019999999999413e+00
8.815459999999999852e+00
8.797489999999999810e+00
8.794280000000000541e+00
8.787720000000000198e+00
8.786160000000000636e+00
8.776400000000000645e+00
8.787720000000000198e+00
8.786099999999999355e+00
8.785769999999999413e+00
8.797489999999999810e+00
8.797489999999999810e+00
8.787660000000000693e+00
8.787720000000000198e+00
8.777950000000000585e+00
8.768189999999998818e+00
8.766569999999999752e+00
8.764680000000000248e+00
8.766239999999999810e+00
8.774839999999999307e+00
8.777950000000000585e+00
8.786160000000000636e+00
8.776339999999999364e+00
8.784209999999999852e+00
8.787720000000000198e+00
8.787720000000000198e+00
8.787720000000000198e+00
8.768130000000001090e+00
8.764680000000000248e+00
8.756470000000000198e+00
8.748660000000000991e+00
8.737270000000000536e+00
8.735380000000001033e+00
8.725619999999999266e+00
8.745150000000000645e+00
8.728760000000001185e+00
8.715849999999999653e+00
8.714199999999999946e+00
8.704130000000001033e+00
8.706089999999999662e+00
8.696320000000000050e+00
8.696320000000000050e+00
8.704530000000000101e+00
8.733830000000001093e+00
8.727169999999999206e+00
8.727169999999999206e+00
8.727510000000000545e+00
8.727169999999999206e+00
8.725619999999999266e+00
8.717410000000000991e+00
8.732269999999999754e+00
8.747099999999999653e+00
8.745540000000000092e+00
8.745540000000000092e+00
8.745540000000000092e+00
8.747099999999999653e+00
8.735689999999999955e+00
8.733830000000001093e+00
8.735380000000001033e+00
8.745150000000000645e+00
8.745150000000000645e+00
8.745150000000000645e+00
8.736939999999998818e+00
8.727510000000000545e+00
8.725619999999999266e+00
8.707639999999999603e+00
8.706089999999999662e+00
8.697879999999999612e+00
8.696320000000000050e+00
8.706089999999999662e+00
8.724059999999999704e+00
8.724059999999999704e+00
8.735689999999999955e+00
8.735380000000001033e+00
8.753360000000000696e+00
8.745150000000000645e+00
8.727169999999999206e+00
8.725619999999999266e+00
8.707639999999999603e+00
8.704439999999999955e+00
8.694369999999999266e+00
8.686160000000000991e+00
8.686550000000000438e+00
8.686550000000000438e+00
8.706089999999999662e+00
8.706020000000000536e+00
8.715849999999999653e+00
8.725619999999999266e+00
8.725619999999999266e+00
8.735380000000001033e+00
8.725619999999999266e+00
8.715849999999999653e+00
8.706089999999999662e+00
8.702970000000000539e+00
8.706089999999999662e+00
8.704530000000000101e+00
8.704530000000000101e+00
8.704530000000000101e+00
8.706089999999999662e+00
8.696260000000000545e+00
8.676389999999999603e+00
8.665070000000000050e+00
8.665070000000000050e+00
8.676789999999998670e+00
8.676789999999998670e+00
8.675139999999998963e+00
8.684599999999999653e+00
8.684599999999999653e+00
8.676389999999999603e+00
8.665070000000000050e+00
8.653750000000000497e+00
8.653750000000000497e+00
8.663510000000000488e+00
8.676789999999998670e+00
8.676789999999998670e+00
8.665369999999999351e+00
8.665070000000000050e+00
8.674839999999999662e+00
8.665070000000000050e+00
8.655300000000000438e+00
8.637330000000000396e+00
8.643980000000000885e+00
8.635769999999999058e+00
8.635769999999999058e+00
8.645939999999999515e+00
8.645839999999999748e+00
8.653750000000000497e+00
8.663510000000000488e+00
8.665070000000000050e+00
8.663510000000000488e+00
8.663510000000000488e+00
8.655300000000000438e+00
8.627560000000000784e+00
8.632660000000001332e+00
8.643980000000000885e+00
8.635769999999999058e+00
8.635769999999999058e+00
8.653750000000000497e+00
8.655300000000000438e+00
8.657260000000000844e+00
8.665469999999999118e+00
8.645839999999999748e+00
8.653750000000000497e+00
8.643980000000000885e+00
8.642120000000000246e+00
8.643980000000000885e+00
8.655699999999999505e+00
8.655610000000001136e+00
8.663510000000000488e+00
8.656859999999999999e+00
8.666629999999999612e+00
8.668580000000000396e+00
8.657199999999999562e+00
8.655300000000000438e+00
8.647089999999998611e+00
8.635769999999999058e+00
8.643980000000000885e+00
8.635769999999999058e+00
8.634219999999999118e+00
8.643980000000000885e+00
8.645539999999998670e+00
8.643980000000000885e+00
8.645539999999998670e+00
8.647489999999999455e+00
8.636079999999999757e+00
8.626010000000000844e+00
8.624449999999999505e+00
8.612730000000000885e+00
8.612730000000000885e+00
8.604519999999999058e+00
8.602969999999999118e+00
8.602969999999999118e+00
8.606479999999999464e+00
8.614689999999999515e+00
8.624449999999999505e+00
8.624449999999999505e+00
8.634219999999999118e+00
8.635769999999999058e+00
8.634219999999999118e+00
8.626010000000000844e+00
8.608029999999999404e+00
8.604919999999999902e+00
8.595060000000000144e+00
8.602969999999999118e+00
8.622500000000000497e+00
8.624050000000000438e+00
8.643980000000000885e+00
8.655300000000000438e+00
8.645539999999998670e+00
8.653750000000000497e+00
8.627560000000000784e+00
8.626010000000000844e+00
8.616239999999999455e+00
8.604829999999999757e+00
8.614289999999998670e+00
8.612730000000000885e+00
8.622500000000000497e+00
8.634219999999999118e+00
8.642430000000000945e+00
8.643980000000000885e+00
8.635769999999999058e+00
8.635769999999999058e+00
8.643980000000000885e+00
8.645539999999998670e+00
8.617800000000000793e+00
8.624449999999999505e+00
8.626010000000000844e+00
8.624449999999999505e+00
8.614689999999999515e+00
8.622889999999999944e+00
8.634219999999999118e+00
8.634219999999999118e+00
8.626010000000000844e+00
8.608029999999999404e+00
8.604829999999999757e+00
8.604519999999999058e+00
8.594760000000000844e+00
8.586550000000000793e+00
8.586940000000000239e+00
8.593600000000000350e+00
8.595150000000000290e+00
8.604919999999999902e+00
8.604919999999999902e+00
8.606479999999999464e+00
8.604919999999999902e+00
8.606479999999999464e+00
8.596709999999999852e+00
8.593600000000000350e+00
8.586940000000000239e+00
8.575619999999998910e+00
8.583830000000000737e+00
8.583830000000000737e+00
8.595150000000000290e+00
8.598269999999999413e+00
8.586880000000000734e+00
8.594760000000000844e+00
8.596310000000000784e+00
8.588499999999999801e+00
8.586940000000000239e+00
8.583830000000000737e+00
8.573669999999999902e+00
8.573669999999999902e+00
8.573669999999999902e+00
8.562350000000000350e+00
8.563900000000000290e+00
8.555690000000000239e+00
8.563900000000000290e+00
8.565459999999999852e+00
8.562350000000000350e+00
8.573669999999999902e+00
8.585390000000000299e+00
8.573669999999999902e+00
8.585390000000000299e+00
8.577180000000000248e+00
8.575530000000000541e+00
8.573669999999999902e+00
8.563900000000000290e+00
8.573760000000000048e+00
8.554050000000000153e+00
8.534209999999999852e+00
8.522890000000000299e+00
8.516239999999999810e+00
8.506470000000000198e+00
8.508419999999999206e+00
8.506869999999999266e+00
8.515080000000001093e+00
8.524839999999999307e+00
8.533049999999999358e+00
8.526400000000000645e+00
8.534610000000000696e+00
8.542819999999998970e+00
8.545930000000000248e+00
8.534520000000000550e+00
8.522890000000000299e+00
8.522890000000000299e+00
8.522890000000000299e+00
8.522890000000000299e+00
8.522890000000000299e+00
8.522890000000000299e+00
8.524440000000000239e+00
8.544369999999998910e+00
8.544369999999998910e+00
8.536160000000000636e+00
8.552580000000000737e+00
8.555690000000000239e+00
8.554140000000000299e+00
8.544369999999998910e+00
8.526400000000000645e+00
8.516630000000001033e+00
8.516630000000001033e+00
8.506869999999999266e+00
8.497099999999999653e+00
8.505219999999999558e+00
8.504910000000000636e+00
8.522890000000000299e+00
8.532650000000000290e+00
8.544369999999998910e+00
8.544369999999998910e+00
8.552580000000000737e+00
8.554140000000000299e+00
8.563900000000000290e+00
8.563900000000000290e+00
8.563900000000000290e+00
8.573669999999999902e+00
8.567019999999999413e+00
8.555690000000000239e+00
8.555690000000000239e+00
8.554140000000000299e+00
8.547489999999999810e+00
8.536160000000000636e+00
8.534520000000000550e+00
8.524440000000000239e+00
8.514680000000000248e+00
8.504910000000000636e+00
8.503360000000000696e+00
8.513119999999998910e+00
8.513119999999998910e+00
8.513119999999998910e+00
8.521330000000000737e+00
8.531100000000000350e+00
8.524440000000000239e+00
8.504910000000000636e+00
8.521330000000000737e+00
8.522890000000000299e+00
8.532650000000000290e+00
8.524440000000000239e+00
8.522890000000000299e+00
8.531100000000000350e+00
8.532650000000000290e+00
8.544369999999998910e+00
8.563900000000000290e+00
8.573669999999999902e+00
8.572110000000000340e+00
8.575229999999999464e+00
8.573669999999999902e+00
8.565459999999999852e+00
8.563900000000000290e+00
8.563900000000000290e+00
8.565459999999999852e+00
8.563900000000000290e+00
8.555690000000000239e+00
8.563900000000000290e+00
8.555690000000000239e+00
8.554140000000000299e+00
8.552580000000000737e+00
8.544369999999998910e+00
8.554140000000000299e+00
8.536160000000000636e+00
8.544369999999998910e+00
8.536160000000000636e+00
8.536160000000000636e+00
8.534520000000000550e+00
8.522890000000000299e+00
8.524440000000000239e+00
8.522890000000000299e+00
8.521330000000000737e+00
8.522890000000000299e+00
8.532750000000000057e+00
8.534610000000000696e+00
8.534610000000000696e+00
8.542819999999998970e+00
8.544369999999998910e+00
8.536160000000000636e+00
8.534610000000000696e+00
8.534610000000000696e+00
8.534610000000000696e+00
8.524749999999999162e+00
8.524440000000000239e+00
8.514680000000000248e+00
8.503360000000000696e+00
8.495150000000000645e+00
8.493589999999999307e+00
8.495150000000000645e+00
8.495150000000000645e+00
8.485380000000001033e+00
8.495540000000000092e+00
8.495540000000000092e+00
8.487339999999999662e+00
8.485780000000000101e+00
8.485689999999999955e+00
8.483830000000001093e+00
8.483830000000001093e+00
8.493589999999999307e+00
8.493589999999999307e+00
8.493589999999999307e+00
8.503450000000000841e+00
8.524839999999999307e+00
8.524749999999999162e+00
8.514680000000000248e+00
8.514680000000000248e+00
8.503360000000000696e+00
8.503360000000000696e+00
8.495150000000000645e+00
8.483830000000001093e+00
8.493589999999999307e+00
8.493589999999999307e+00
8.495150000000000645e+00
8.495150000000000645e+00
8.493589999999999307e+00
8.497099999999999653e+00
8.503750000000000142e+00
8.493589999999999307e+00
8.497099999999999653e+00
8.495540000000000092e+00
8.495540000000000092e+00
8.505309999999999704e+00
8.506869999999999266e+00
8.505219999999999558e+00
8.503360000000000696e+00
8.493589999999999307e+00
8.493589999999999307e+00
8.495150000000000645e+00
8.501799999999999358e+00
8.495150000000000645e+00
8.493589999999999307e+00
8.493589999999999307e+00
8.485380000000001033e+00
8.485380000000001033e+00
8.475619999999999266e+00
8.465849999999999653e+00
8.474059999999999704e+00
8.483830000000001093e+00
8.483830000000001093e+00
8.492029999999999745e+00
8.483830000000001093e+00
8.475619999999999266e+00
8.465849999999999653e+00
8.474059999999999704e+00
8.475619999999999266e+00
8.464290000000000092e+00
8.464290000000000092e+00
8.472500000000000142e+00
8.462740000000000151e+00
8.470950000000000202e+00
8.472500000000000142e+00
8.464290000000000092e+00
8.446320000000000050e+00
8.436550000000000438e+00
8.443210000000000548e+00
8.438109999999999999e+00
8.436550000000000438e+00
8.436550000000000438e+00
8.444760000000000488e+00
8.446320000000000050e+00
8.444670000000000343e+00
8.442809999999999704e+00
8.442809999999999704e+00
8.434599999999999653e+00
8.433040000000000092e+00
8.441250000000000142e+00
8.442809999999999704e+00
8.444369999999999266e+00
8.442809999999999704e+00
8.451019999999999754e+00
8.452580000000001093e+00
8.434599999999999653e+00
8.442809999999999704e+00
8.433040000000000092e+00
8.433040000000000092e+00
8.451019999999999754e+00
8.434599999999999653e+00
8.441250000000000142e+00
8.452669999999999462e+00
8.452970000000000539e+00
8.454530000000000101e+00
8.452970000000000539e+00
8.444760000000000488e+00
8.444760000000000488e+00
8.436550000000000438e+00
8.435000000000000497e+00
8.435000000000000497e+00
8.435000000000000497e+00
8.435000000000000497e+00
8.435000000000000497e+00
8.435000000000000497e+00
8.426789999999998670e+00
8.434910000000000352e+00
8.426389999999999603e+00
8.426389999999999603e+00
8.435000000000000497e+00
8.426789999999998670e+00
8.425230000000000885e+00
8.405300000000000438e+00
8.415469999999999118e+00
8.415469999999999118e+00
8.415469999999999118e+00
8.403750000000000497e+00
8.403750000000000497e+00
8.415469999999999118e+00
8.415469999999999118e+00
8.415469999999999118e+00
8.415469999999999118e+00
8.416960000000001330e+00
8.423280000000000101e+00
8.433040000000000092e+00
8.433040000000000092e+00
8.433040000000000092e+00
8.433040000000000092e+00
8.433040000000000092e+00
8.442899999999999849e+00
8.444760000000000488e+00
8.444760000000000488e+00
8.435000000000000497e+00
8.425230000000000885e+00
8.425230000000000885e+00
8.425230000000000885e+00
8.415469999999999118e+00
8.413910000000001332e+00
8.415469999999999118e+00
8.415469999999999118e+00
8.407260000000000844e+00
8.405699999999999505e+00
8.405610000000001136e+00
8.413510000000000488e+00
8.405300000000000438e+00
8.405300000000000438e+00
8.397089999999998611e+00
8.387330000000000396e+00
8.393980000000000885e+00
8.385769999999999058e+00
8.384119999999999351e+00
8.382260000000000488e+00
8.400299999999999656e+00
8.402189999999999159e+00
8.405300000000000438e+00
8.403750000000000497e+00
8.403750000000000497e+00
8.403750000000000497e+00
8.407260000000000844e+00
8.405610000000001136e+00
8.403839999999998867e+00
8.405699999999999505e+00
8.405699999999999505e+00
8.405699999999999505e+00
8.405699999999999505e+00
8.393980000000000885e+00
8.402189999999999159e+00
8.385769999999999058e+00
8.384219999999999118e+00
8.372889999999999944e+00
8.364689999999999515e+00
8.354919999999999902e+00
8.346709999999999852e+00
8.345150000000000290e+00
8.335390000000000299e+00
8.335390000000000299e+00
8.345150000000000290e+00
8.353360000000000340e+00
8.345150000000000290e+00
8.343600000000000350e+00
8.354919999999999902e+00
8.354919999999999902e+00
8.346709999999999852e+00
8.327180000000000248e+00
8.335390000000000299e+00
8.325530000000000541e+00
8.323669999999999902e+00
8.312039999999999651e+00
8.320560000000000400e+00
8.331879999999999953e+00
8.325229999999999464e+00
8.331879999999999953e+00
8.325229999999999464e+00
8.323669999999999902e+00
8.323669999999999902e+00
8.322110000000000340e+00
8.331879999999999953e+00
8.341639999999999944e+00
8.341639999999999944e+00
8.351410000000001332e+00
8.353060000000001040e+00
8.345150000000000290e+00
8.345060000000000144e+00
8.334989999999999455e+00
8.323669999999999902e+00
8.323669999999999902e+00
8.325229999999999464e+00
8.325229999999999464e+00
8.323669999999999902e+00
8.333439999999999515e+00
8.343199999999999505e+00
8.344760000000000844e+00
8.334989999999999455e+00
8.345150000000000290e+00
8.345150000000000290e+00
8.354919999999999902e+00
8.354919999999999902e+00
8.354919999999999902e+00
8.345150000000000290e+00
8.345150000000000290e+00
8.345150000000000290e+00
8.333439999999999515e+00
8.333439999999999515e+00
8.333439999999999515e+00
8.333439999999999515e+00
8.333439999999999515e+00
8.333439999999999515e+00
8.333439999999999515e+00
8.325229999999999464e+00
8.322110000000000340e+00
8.313900000000000290e+00
8.313900000000000290e+00
8.302580000000000737e+00
8.294369999999998910e+00
8.302580000000000737e+00
8.322110000000000340e+00
8.315459999999999852e+00
8.313900000000000290e+00
8.323669999999999902e+00
8.323669999999999902e+00
8.313900000000000290e+00
8.304140000000000299e+00
8.294369999999998910e+00
8.292819999999998970e+00
8.292819999999998970e+00
8.304140000000000299e+00
8.304140000000000299e+00
8.313900000000000290e+00
8.305690000000000239e+00
8.305690000000000239e+00
8.313900000000000290e+00
8.295930000000000248e+00
8.277950000000000585e+00
8.256869999999999266e+00
8.255219999999999558e+00
8.253360000000000696e+00
8.263210000000000832e+00
8.283049999999999358e+00
8.301030000000000797e+00
8.304140000000000299e+00
8.284610000000000696e+00
8.283049999999999358e+00
8.284610000000000696e+00
8.276400000000000645e+00
8.276400000000000645e+00
8.276400000000000645e+00
8.284610000000000696e+00
8.286160000000000636e+00
8.284610000000000696e+00
8.284610000000000696e+00
8.284610000000000696e+00
8.274839999999999307e+00
8.274839999999999307e+00
8.273279999999999745e+00
8.266630000000001033e+00
8.265080000000001093e+00
8.273279999999999745e+00
8.283049999999999358e+00
8.284610000000000696e+00
8.284610000000000696e+00
8.274839999999999307e+00
8.274839999999999307e+00
8.274839999999999307e+00
8.274839999999999307e+00
8.266630000000001033e+00
8.256869999999999266e+00
8.265080000000001093e+00
8.265080000000001093e+00
8.264979999999999549e+00
8.282750000000000057e+00
8.284610000000000696e+00
8.284610000000000696e+00
8.292819999999998970e+00
8.292819999999998970e+00
8.283049999999999358e+00
8.283049999999999358e+00
8.284610000000000696e+00
8.274839999999999307e+00
8.266630000000001033e+00
8.258419999999999206e+00
8.247099999999999653e+00
8.245540000000000092e+00
8.235689999999999955e+00
8.233830000000001093e+00
8.243589999999999307e+00
nan
