-2.616580000000000017e-01
-2.518920000000000048e-01
-2.436829999999999830e-01
-2.323610000000000120e-01
-2.272639999999999938e-01
-2.304080000000000017e-01
-2.304690000000000072e-01
-2.225949999999999873e-01
-2.405699999999999783e-01
-2.401729999999999976e-01
-2.483829999999999927e-01
-2.613530000000000020e-01
-2.616580000000000017e-01
-2.616580000000000017e-01
-2.616580000000000017e-01
-2.698670000000000235e-01
-2.534480000000000066e-01
-2.401729999999999976e-01
-2.304080000000000017e-01
-2.304080000000000017e-01
-2.124329999999999830e-01
-2.109380000000000144e-01
-2.108760000000000356e-01
-2.093199999999999783e-01
-2.026670000000000138e-01
-2.108760000000000356e-01
-2.011109999999999842e-01
-2.011109999999999842e-01
-2.027589999999999948e-01
-2.093199999999999783e-01
-1.995540000000000092e-01
-1.897890000000000132e-01
-1.815799999999999914e-01
-1.714170000000000138e-01
-1.518859999999999932e-01
-1.421199999999999963e-01
-1.421199999999999963e-01
-1.421199999999999963e-01
-1.422119999999999773e-01
-1.327510000000000079e-01
-1.409610000000000030e-01
-1.307979999999999976e-01
-1.405640000000000223e-01
-1.307979999999999976e-01
-1.307979999999999976e-01
-1.405640000000000223e-01
-1.323550000000000004e-01
-1.323550000000000004e-01
-1.324460000000000082e-01
-1.245420000000000138e-01
-1.128230000000000066e-01
-1.112670000000000048e-01
-9.173580000000000623e-02
-6.399540000000000783e-02
1.812739999999999838e-02
3.785100000000000131e-01
5.047610000000000152e-01
3.994449999999999945e-01
1.982730000000000048e-01
1.388240000000000030e-01
2.535709999999999908e-01
1.634220000000000117e-01
-2.114260000000000306e-01
-2.866520000000000179e-01
-3.403320000000000234e-01
-3.571170000000000178e-01
-3.524479999999999835e-01
-3.653260000000000396e-01
-3.997800000000000242e-01
-4.356990000000000030e-01
-4.568789999999999796e-01
-4.719539999999999846e-01
-5.091550000000000242e-01
-5.336910000000000265e-01
-5.061039999999999983e-01
-4.900209999999999844e-01
-4.783630000000000382e-01
-4.701540000000000163e-01
-4.505619999999999625e-01
-4.393009999999999970e-01
-4.459529999999999883e-01
-4.424439999999999484e-01
-4.425050000000000372e-01
-4.494630000000000014e-01
-4.589229999999999698e-01
-4.510189999999999477e-01
-4.671330000000000204e-01
-4.689939999999999665e-01
-4.686890000000000223e-01
-4.772029999999999883e-01
-4.866640000000000410e-01
-4.788510000000000266e-01
-4.674380000000000202e-01
-4.557800000000000185e-01
-4.557800000000000185e-01
-4.460140000000000216e-01
-4.346310000000000451e-01
-4.264830000000000010e-01
-4.362489999999999979e-01
-4.362489999999999979e-01
-4.444580000000000197e-01
-4.447630000000000194e-01
-4.460140000000000216e-01
-4.624329999999999830e-01
-4.639890000000000403e-01
-4.639890000000000403e-01
-4.557800000000000185e-01
-4.479680000000000328e-01
-4.447630000000000194e-01
-4.460140000000000216e-01
-4.444580000000000197e-01
-4.460140000000000216e-01
-4.444580000000000197e-01
-4.526669999999999860e-01
-4.659420000000000228e-01
-4.545290000000000163e-01
-4.542239999999999611e-01
-4.526669999999999860e-01
-4.444580000000000197e-01
-4.444580000000000197e-01
-4.280700000000000061e-01
-4.248659999999999659e-01
-4.147640000000000216e-01
-4.069519999999999804e-01
-4.069519999999999804e-01
-3.956300000000000372e-01
-3.940730000000000066e-01
-4.038390000000000035e-01
-4.136050000000000004e-01
-4.249270000000000547e-01
-4.331359999999999655e-01
-4.349979999999999403e-01
-4.346920000000000228e-01
-4.429020000000000179e-01
-4.526669999999999860e-01
-4.429020000000000179e-01
-4.346920000000000228e-01
-4.249270000000000547e-01
-4.053959999999999786e-01
-4.053959999999999786e-01
-3.874210000000000154e-01
-3.760379999999999834e-01
-3.725890000000000035e-01
-3.741459999999999786e-01
-3.741459999999999786e-01
-3.807980000000000254e-01
-3.921199999999999686e-01
-3.839110000000000023e-01
-3.839110000000000023e-01
-3.839110000000000023e-01
-3.776550000000000185e-01
-3.842160000000000020e-01
-3.839110000000000023e-01
-3.854679999999999773e-01
-3.757019999999999804e-01
-3.741459999999999786e-01
-3.760989999999999611e-01
-3.565059999999999896e-01
-3.448489999999999611e-01
-3.315730000000000066e-01
-3.233639999999999848e-01
-3.218079999999999830e-01
-3.171080000000000010e-01
-3.155519999999999992e-01
-3.073429999999999773e-01
-2.959590000000000276e-01
-2.940670000000000228e-01
-2.940670000000000228e-01
-2.858580000000000010e-01
-2.745360000000000023e-01
-2.729800000000000004e-01
-2.647709999999999786e-01
-2.729800000000000004e-01
-2.631229999999999958e-01
-2.613530000000000020e-01
-2.533569999999999989e-01
-2.514949999999999686e-01
-2.514949999999999686e-01
-2.417300000000000282e-01
-2.253110000000000113e-01
-2.155460000000000154e-01
-2.124329999999999830e-01
-2.139889999999999848e-01
-2.159419999999999951e-01
-2.077330000000000010e-01
-2.143860000000000210e-01
-2.143860000000000210e-01
-2.142940000000000123e-01
-2.042239999999999889e-01
-1.944579999999999920e-01
-1.749269999999999992e-01
-1.553960000000000063e-01
-1.538390000000000035e-01
-1.456299999999999817e-01
-1.440730000000000066e-01
-1.538390000000000035e-01
-1.538390000000000035e-01
-1.538390000000000035e-01
-1.636050000000000004e-01
-1.718140000000000223e-01
-1.749269999999999992e-01
-1.651610000000000023e-01
-1.651610000000000023e-01
-1.537479999999999958e-01
-1.632079999999999920e-01
-1.534419999999999951e-01
-1.421199999999999963e-01
-1.518859999999999932e-01
-1.452330000000000010e-01
-1.421199999999999963e-01
-1.257020000000000082e-01
-1.143799999999999956e-01
-1.162720000000000004e-01
-9.799189999999999290e-02
-8.663939999999999142e-02
-7.687380000000000602e-02
-7.525629999999999820e-02
-7.336430000000000728e-02
-7.531739999999999269e-02
-8.352660000000000640e-02
-7.531739999999999269e-02
-5.734249999999999764e-02
-4.602049999999999891e-02
-3.619380000000000513e-02
-1.632690000000000183e-02
-1.477050000000000064e-02
-1.321409999999999946e-02
-2.142329999999999929e-02
-2.297969999999999874e-02
-3.118899999999999798e-02
-1.321409999999999946e-02
-3.448489999999999802e-03
4.760740000000000284e-03
1.296999999999999889e-02
1.452640000000000181e-02
2.429199999999999762e-02
2.593989999999999838e-02
2.780149999999999982e-02
2.780149999999999982e-02
1.803590000000000054e-02
2.780149999999999982e-02
3.756709999999999910e-02
4.733280000000000126e-02
4.733280000000000126e-02
4.733280000000000126e-02
6.881710000000000604e-02
6.881710000000000604e-02
5.709840000000000054e-02
6.375119999999999398e-02
6.686399999999999288e-02
6.686399999999999288e-02
6.530760000000000731e-02
6.686399999999999288e-02
6.686399999999999288e-02
7.818600000000000549e-02
7.662960000000000604e-02
7.507319999999999272e-02
8.639529999999999432e-02
9.460449999999999415e-02
1.043700000000000044e-01
1.043700000000000044e-01
1.125789999999999985e-01
1.156920000000000032e-01
1.434940000000000104e-01
1.453859999999999875e-01
1.551510000000000111e-01
1.551510000000000111e-01
1.746830000000000049e-01
1.746830000000000049e-01
1.762390000000000068e-01
1.762390000000000068e-01
1.860050000000000037e-01
1.942139999999999977e-01
1.957699999999999996e-01
1.875609999999999777e-01
1.942139999999999977e-01
1.957699999999999996e-01
2.055360000000000242e-01
1.973270000000000024e-01
2.055360000000000242e-01
2.172550000000000314e-01
2.172550000000000314e-01
2.172550000000000314e-01
2.254639999999999977e-01
2.188110000000000055e-01
2.172550000000000314e-01
2.254639999999999977e-01
2.251590000000000258e-01
2.270199999999999718e-01
2.156980000000000008e-01
2.336729999999999918e-01
2.449949999999999906e-01
2.465519999999999934e-01
2.563170000000000170e-01
2.645260000000000389e-01
2.758479999999999821e-01
2.973330000000000140e-01
2.973330000000000140e-01
2.957760000000000389e-01
3.055419999999999803e-01
3.070979999999999821e-01
3.086550000000000127e-01
2.891239999999999921e-01
2.973330000000000140e-01
2.988889999999999603e-01
2.891239999999999921e-01
2.957760000000000389e-01
2.973330000000000140e-01
3.055419999999999803e-01
3.153079999999999772e-01
3.348999999999999755e-01
3.285830000000000140e-01
3.367919999999999803e-01
3.465579999999999772e-01
3.563230000000000008e-01
3.578800000000000314e-01
3.578800000000000314e-01
3.676449999999999996e-01
3.774109999999999965e-01
3.774109999999999965e-01
3.774109999999999965e-01
3.871769999999999934e-01
3.871769999999999934e-01
3.887329999999999952e-01
3.969420000000000170e-01
3.984989999999999921e-01
4.184270000000000489e-01
4.364010000000000389e-01
4.379580000000000140e-01
4.379580000000000140e-01
4.379580000000000140e-01
4.461669999999999803e-01
4.395140000000000158e-01
4.492800000000000127e-01
4.574890000000000345e-01
4.574890000000000345e-01
4.574890000000000345e-01
4.590449999999999808e-01
4.394529999999999825e-01
4.277949999999999808e-01
4.180300000000000127e-01
4.180300000000000127e-01
4.297489999999999921e-01
4.313049999999999939e-01
4.379580000000000140e-01
4.574890000000000345e-01
4.671629999999999949e-01
4.867859999999999410e-01
4.801329999999999765e-01
4.852290000000000214e-01
4.883419999999999983e-01
4.785770000000000302e-01
4.965520000000000489e-01
5.063170000000000170e-01
5.160829999999999584e-01
5.195920000000000538e-01
5.098270000000000302e-01
5.082699999999999996e-01
4.949949999999999628e-01
4.754640000000000533e-01
5.412289999999999601e-01
4.827270000000000172e-01
5.166930000000000689e-01
6.109919999999999796e-01
6.597600000000000131e-01
6.791989999999999972e-01
7.018739999999999979e-01
7.315369999999999928e-01
7.608340000000000103e-01
7.820129999999999582e-01
8.249209999999999043e-01
8.554690000000000349e-01
8.738100000000000867e-01
8.820189999999999975e-01
8.999020000000000907e-01
9.015499999999999625e-01
9.063110000000000888e-01
9.312440000000000717e-01
9.476319999999999188e-01
9.734190000000000342e-01
9.832760000000000389e-01
9.949040000000001216e-01
9.945979999999999821e-01
1.001560000000000006e+00
1.020780000000000021e+00
1.053500000000000103e+00
1.073120000000000074e+00
1.083280000000000021e+00
1.092959999999999932e+00
1.094510000000000094e+00
1.100859999999999950e+00
1.104370000000000074e+00
1.110929999999999973e+00
1.122339999999999893e+00
1.122249999999999970e+00
1.132109999999999950e+00
1.140290000000000026e+00
1.151950000000000029e+00
1.141880000000000006e+00
1.141880000000000006e+00
1.142179999999999973e+00
1.132109999999999950e+00
1.140290000000000026e+00
1.140229999999999855e+00
1.141880000000000006e+00
1.141880000000000006e+00
1.151950000000000029e+00
1.153200000000000003e+00
1.153589999999999893e+00
1.142179999999999973e+00
1.150050000000000017e+00
1.158260000000000067e+00
1.150050000000000017e+00
1.158570000000000100e+00
1.169589999999999907e+00
1.179349999999999898e+00
1.191070000000000073e+00
1.191010000000000124e+00
1.192660000000000053e+00
1.181300000000000017e+00
1.189510000000000067e+00
1.189449999999999896e+00
1.180939999999999879e+00
1.181300000000000017e+00
1.191010000000000124e+00
1.194209999999999994e+00
1.192660000000000053e+00
1.199220000000000175e+00
1.202420000000000044e+00
1.200839999999999907e+00
1.209049999999999958e+00
1.218809999999999949e+00
1.228879999999999972e+00
1.230129999999999946e+00
1.236790000000000056e+00
1.257870000000000044e+00
1.269589999999999996e+00
1.256320000000000103e+00
1.253200000000000092e+00
1.215700000000000003e+00
1.174679999999999946e+00
1.135310000000000041e+00
1.137179999999999858e+00
1.127320000000000100e+00
1.112579999999999902e+00
1.101229999999999931e+00
1.109439999999999982e+00
1.119199999999999973e+00
1.137179999999999858e+00
1.176639999999999908e+00
1.458040000000000003e+00
1.605129999999999946e+00
1.560850000000000071e+00
1.189510000000000067e+00
1.154300000000000104e+00
1.149510000000000032e+00
1.118190000000000017e+00
1.072479999999999878e+00
1.031400000000000095e+00
1.024839999999999973e+00
1.024839999999999973e+00
1.034610000000000030e+00
1.023590000000000000e+00
1.000210000000000043e+00
9.709170000000000300e-01
9.709170000000000300e-01
9.806819999999999427e-01
9.971010000000000151e-01
1.000550000000000050e+00
1.013429999999999831e+00
1.006770000000000165e+00
9.985959999999999281e-01
9.985049999999999759e-01
1.000150000000000095e+00
1.006709999999999994e+00
1.007970000000000033e+00
1.019679999999999920e+00
1.019589999999999996e+00
1.030909999999999993e+00
1.024350000000000094e+00
1.024689999999999879e+00
1.004760000000000097e+00
9.965519999999999934e-01
9.836729999999999086e-01
9.754639999999998867e-01
9.833370000000001276e-01
9.836729999999999086e-01
9.852290000000001324e-01
9.852290000000001324e-01
9.852290000000001324e-01
9.852290000000001324e-01
9.867860000000000520e-01
9.868770000000000042e-01
9.969479999999999453e-01
9.867860000000000520e-01
1.003200000000000092e+00
1.014529999999999932e+00
1.014529999999999932e+00
1.014529999999999932e+00
1.024289999999999923e+00
1.025849999999999929e+00
1.025849999999999929e+00
1.016079999999999872e+00
1.025849999999999929e+00
1.027400000000000091e+00
1.017639999999999878e+00
1.034059999999999979e+00
1.035610000000000142e+00
1.027400000000000091e+00
1.025849999999999929e+00
1.025849999999999929e+00
1.025849999999999929e+00
1.025849999999999929e+00
1.045779999999999932e+00
1.055539999999999923e+00
1.065309999999999979e+00
1.055150000000000032e+00
1.064999999999999947e+00
1.065309999999999979e+00
1.065309999999999979e+00
1.076629999999999976e+00
1.076629999999999976e+00
1.075069999999999970e+00
1.078189999999999982e+00
1.086400000000000032e+00
1.086400000000000032e+00
1.068420000000000147e+00
1.065309999999999979e+00
1.057099999999999929e+00
1.057099999999999929e+00
1.065309999999999979e+00
1.066860000000000142e+00
1.083280000000000021e+00
1.104370000000000074e+00
1.105929999999999858e+00
1.104370000000000074e+00
1.105929999999999858e+00
1.115779999999999994e+00
1.107879999999999976e+00
1.106319999999999970e+00
1.116090000000000027e+00
1.107879999999999976e+00
1.116090000000000027e+00
1.116090000000000027e+00
1.127410000000000023e+00
1.127410000000000023e+00
1.127410000000000023e+00
1.145389999999999908e+00
1.146940000000000071e+00
1.146940000000000071e+00
1.155149999999999899e+00
1.156710000000000127e+00
1.164920000000000178e+00
1.176329999999999876e+00
1.178099999999999925e+00
1.185999999999999943e+00
1.185999999999999943e+00
1.195860000000000145e+00
1.207489999999999952e+00
1.215700000000000003e+00
1.223910000000000053e+00
1.225459999999999994e+00
1.217249999999999943e+00
1.218809999999999949e+00
1.217249999999999943e+00
1.217249999999999943e+00
1.227020000000000000e+00
1.235229999999999828e+00
1.245000000000000107e+00
1.245000000000000107e+00
1.245000000000000107e+00
1.236790000000000056e+00
1.245000000000000107e+00
1.256320000000000103e+00
1.285710000000000131e+00
1.297329999999999872e+00
1.307099999999999929e+00
1.316860000000000142e+00
1.316860000000000142e+00
1.316860000000000142e+00
1.318729999999999958e+00
1.305150000000000032e+00
1.314999999999999947e+00
1.325069999999999970e+00
1.326629999999999976e+00
1.326629999999999976e+00
1.316860000000000142e+00
1.316860000000000142e+00
1.308650000000000091e+00
1.316860000000000142e+00
1.316860000000000142e+00
1.325069999999999970e+00
1.326629999999999976e+00
1.334840000000000027e+00
1.343050000000000077e+00
1.336400000000000032e+00
1.334840000000000027e+00
1.344600000000000017e+00
1.344600000000000017e+00
1.364200000000000079e+00
1.367650000000000032e+00
1.375850000000000017e+00
1.375850000000000017e+00
1.385620000000000074e+00
1.377410000000000023e+00
1.387179999999999858e+00
1.377410000000000023e+00
1.377410000000000023e+00
1.387179999999999858e+00
1.387179999999999858e+00
1.385620000000000074e+00
1.393829999999999902e+00
1.385310000000000041e+00
1.384060000000000068e+00
1.385620000000000074e+00
1.387179999999999858e+00
1.398500000000000076e+00
1.418429999999999858e+00
1.439510000000000067e+00
1.439510000000000067e+00
1.457489999999999952e+00
1.467249999999999943e+00
1.475459999999999994e+00
1.485229999999999828e+00
1.477020000000000000e+00
1.495000000000000107e+00
1.495000000000000107e+00
1.496550000000000047e+00
1.496550000000000047e+00
1.506320000000000103e+00
1.516079999999999872e+00
1.527800000000000047e+00
1.529360000000000053e+00
1.545779999999999932e+00
1.557099999999999929e+00
1.548889999999999878e+00
1.557099999999999929e+00
1.565309999999999979e+00
1.566860000000000142e+00
1.566860000000000142e+00
1.576629999999999976e+00
1.568420000000000147e+00
1.566860000000000142e+00
1.568420000000000147e+00
1.575069999999999970e+00
1.576629999999999976e+00
1.584840000000000027e+00
1.596160000000000023e+00
1.596160000000000023e+00
1.596160000000000023e+00
1.587949999999999973e+00
1.586400000000000032e+00
1.576629999999999976e+00
1.565309999999999979e+00
1.575069999999999970e+00
1.576629999999999976e+00
1.584840000000000027e+00
1.576629999999999976e+00
1.576629999999999976e+00
1.586400000000000032e+00
1.576629999999999976e+00
1.584840000000000027e+00
1.596160000000000023e+00
1.614139999999999908e+00
1.635310000000000041e+00
1.637179999999999858e+00
1.655149999999999899e+00
1.656709999999999905e+00
1.668429999999999858e+00
1.669980000000000020e+00
1.676640000000000130e+00
1.686399999999999899e+00
1.679750000000000076e+00
1.668429999999999858e+00
1.656709999999999905e+00
1.646940000000000071e+00
1.627410000000000023e+00
1.637179999999999858e+00
1.627410000000000023e+00
1.637179999999999858e+00
1.645390000000000130e+00
1.646940000000000071e+00
1.646940000000000071e+00
1.656709999999999905e+00
1.666470000000000118e+00
1.658259999999999845e+00
1.676640000000000130e+00
1.674679999999999946e+00
1.687959999999999905e+00
1.687959999999999905e+00
1.687959999999999905e+00
1.697720000000000118e+00
1.699279999999999902e+00
1.709049999999999958e+00
1.718809999999999949e+00
1.707400000000000029e+00
1.715390000000000192e+00
1.707490000000000174e+00
1.715700000000000003e+00
1.727020000000000000e+00
1.717249999999999943e+00
1.727020000000000000e+00
1.736790000000000056e+00
1.740299999999999958e+00
1.748499999999999943e+00
1.748409999999999798e+00
1.756320000000000103e+00
1.766079999999999872e+00
1.757870000000000044e+00
1.757870000000000044e+00
1.766079999999999872e+00
1.757870000000000044e+00
1.767640000000000100e+00
1.777800000000000047e+00
1.779359999999999831e+00
1.787570000000000103e+00
1.798890000000000100e+00
1.798890000000000100e+00
1.797329999999999872e+00
1.787570000000000103e+00
1.789120000000000044e+00
1.795779999999999932e+00
1.807099999999999929e+00
1.807099999999999929e+00
1.798890000000000100e+00
1.815309999999999757e+00
1.816859999999999919e+00
1.816859999999999919e+00
1.808650000000000091e+00
1.818820000000000103e+00
1.828579999999999872e+00
1.838259999999999783e+00
1.837949999999999973e+00
1.837949999999999973e+00
1.855929999999999858e+00
1.847720000000000029e+00
1.867650000000000032e+00
1.869199999999999973e+00
1.869199999999999973e+00
1.877409999999999801e+00
1.869199999999999973e+00
1.877409999999999801e+00
1.877409999999999801e+00
1.877409999999999801e+00
1.887179999999999858e+00
1.887179999999999858e+00
1.895390000000000130e+00
1.906709999999999905e+00
1.906709999999999905e+00
1.905149999999999899e+00
1.905149999999999899e+00
1.962740000000000151e+00
1.888179999999999970e+00
1.882809999999999873e+00
2.011929999999999996e+00
2.068420000000000147e+00
2.100770000000000248e+00
2.118740000000000290e+00
2.140140000000000153e+00
2.144840000000000302e+00
2.169429999999999747e+00
2.177340000000000053e+00
2.194059999999999899e+00
2.190609999999999946e+00
2.208650000000000002e+00
2.210539999999999949e+00
2.217159999999999798e+00
2.225370000000000292e+00
2.236390000000000100e+00
2.262880000000000003e+00
2.284059999999999757e+00
2.303889999999999993e+00
2.295290000000000052e+00
2.302029999999999799e+00
2.302029999999999799e+00
2.312100000000000044e+00
2.331329999999999902e+00
2.343049999999999855e+00
2.351170000000000204e+00
2.362579999999999902e+00
2.362490000000000201e+00
2.354369999999999852e+00
2.352809999999999846e+00
2.342959999999999710e+00
2.351229999999999709e+00
2.351170000000000204e+00
2.359040000000000248e+00
2.362579999999999902e+00
2.380520000000000191e+00
2.374209999999999710e+00
2.373899999999999899e+00
2.390629999999999811e+00
2.383669999999999956e+00
2.372340000000000337e+00
2.370699999999999807e+00
2.370759999999999756e+00
2.369200000000000195e+00
2.370759999999999756e+00
2.378909999999999858e+00
2.380520000000000191e+00
2.388729999999999798e+00
2.388729999999999798e+00
2.408259999999999845e+00
2.411770000000000191e+00
2.400390000000000246e+00
2.418029999999999902e+00
2.409819999999999851e+00
2.409819999999999851e+00
2.410159999999999858e+00
2.409819999999999851e+00
2.418029999999999902e+00
2.409819999999999851e+00
2.419979999999999798e+00
2.419979999999999798e+00
2.418330000000000091e+00
2.419590000000000352e+00
2.429349999999999898e+00
2.441069999999999851e+00
2.449279999999999902e+00
2.449279999999999902e+00
2.449219999999999953e+00
2.467249999999999943e+00
2.467249999999999943e+00
2.478580000000000005e+00
2.481720000000000148e+00
2.491849999999999898e+00
2.490229999999999944e+00
2.470369999999999955e+00
2.449279999999999902e+00
2.406709999999999905e+00
2.374299999999999855e+00
2.344599999999999795e+00
2.325070000000000192e+00
2.326719999999999899e+00
2.328489999999999949e+00
2.328190000000000204e+00
2.321559999999999846e+00
2.310209999999999653e+00
2.318420000000000147e+00
2.338350000000000151e+00
2.375849999999999795e+00
2.659270000000000245e+00
2.781159999999999854e+00
2.740079999999999849e+00
2.404209999999999958e+00
2.317870000000000097e+00
2.294920000000000293e+00
2.329279999999999795e+00
2.302950000000000053e+00
2.258509999999999796e+00
2.221309999999999896e+00
2.227970000000000006e+00
2.235780000000000101e+00
2.235840000000000050e+00
2.247500000000000053e+00
2.250609999999999999e+00
2.261929999999999996e+00
2.273279999999999745e+00
2.266939999999999955e+00
2.266630000000000145e+00
2.268490000000000339e+00
2.261470000000000091e+00
2.259920000000000151e+00
2.272800000000000153e+00
2.276310000000000056e+00
2.277890000000000192e+00
2.279450000000000198e+00
2.279749999999999943e+00
2.279450000000000198e+00
2.277800000000000047e+00
2.281009999999999760e+00
2.287570000000000103e+00
2.308749999999999858e+00
2.320370000000000044e+00
2.303650000000000198e+00
2.302400000000000002e+00
2.302400000000000002e+00
2.293880000000000141e+00
2.286009999999999653e+00
2.284450000000000092e+00
2.294220000000000148e+00
2.305540000000000145e+00
2.285609999999999697e+00
2.285609999999999697e+00
2.293880000000000141e+00
2.305540000000000145e+00
2.307100000000000151e+00
2.323520000000000252e+00
2.333279999999999799e+00
2.333279999999999799e+00
2.336489999999999956e+00
2.336790000000000145e+00
2.333279999999999799e+00
2.343049999999999855e+00
2.346159999999999801e+00
2.344599999999999795e+00
2.354369999999999852e+00
2.356020000000000003e+00
2.364529999999999799e+00
2.366090000000000249e+00
2.375849999999999795e+00
2.374299999999999855e+00
2.383729999999999905e+00
2.385619999999999852e+00
2.385619999999999852e+00
2.375849999999999795e+00
2.384059999999999846e+00
2.393829999999999902e+00
2.395390000000000352e+00
2.396940000000000293e+00
2.414979999999999905e+00
2.414919999999999956e+00
2.416469999999999896e+00
2.424679999999999946e+00
2.434450000000000003e+00
2.434450000000000003e+00
2.445770000000000000e+00
2.457489999999999952e+00
2.467249999999999943e+00
2.465700000000000003e+00
2.463750000000000107e+00
2.475159999999999805e+00
2.483670000000000044e+00
2.473910000000000053e+00
2.473910000000000053e+00
2.485230000000000050e+00
2.496640000000000192e+00
2.516480000000000050e+00
2.518040000000000056e+00
2.526250000000000107e+00
2.536009999999999653e+00
2.536009999999999653e+00
2.544220000000000148e+00
2.543820000000000192e+00
2.543820000000000192e+00
2.545469999999999899e+00
2.563750000000000195e+00
2.575070000000000192e+00
2.576629999999999754e+00
2.594599999999999795e+00
2.596159999999999801e+00
2.605929999999999858e+00
2.605929999999999858e+00
2.605929999999999858e+00
2.596159999999999801e+00
2.594599999999999795e+00
2.594599999999999795e+00
2.586399999999999810e+00
2.584840000000000249e+00
2.586399999999999810e+00
2.586489999999999956e+00
2.588350000000000151e+00
2.596559999999999757e+00
2.596559999999999757e+00
2.598109999999999697e+00
2.604770000000000252e+00
2.616090000000000249e+00
2.605929999999999858e+00
2.614140000000000352e+00
2.635619999999999852e+00
2.635310000000000041e+00
2.637179999999999858e+00
2.645390000000000352e+00
2.646940000000000293e+00
2.675079999999999902e+00
2.686399999999999899e+00
2.705929999999999946e+00
2.736790000000000056e+00
2.736790000000000056e+00
2.754759999999999653e+00
2.764529999999999710e+00
2.766080000000000094e+00
2.766080000000000094e+00
2.774350000000000094e+00
2.786009999999999653e+00
2.786009999999999653e+00
2.777800000000000047e+00
2.776250000000000107e+00
2.787570000000000103e+00
2.795779999999999710e+00
2.797330000000000094e+00
2.807100000000000151e+00
2.815309999999999757e+00
2.825070000000000192e+00
2.826629999999999754e+00
2.834840000000000249e+00
2.836399999999999810e+00
2.836489999999999956e+00
2.846559999999999757e+00
2.864529999999999799e+00
2.874299999999999855e+00
2.875849999999999795e+00
2.885619999999999852e+00
2.897029999999999994e+00
2.887179999999999858e+00
2.907099999999999795e+00
2.908659999999999801e+00
2.916869999999999852e+00
2.934840000000000337e+00
2.926239999999999952e+00
2.924679999999999946e+00
2.932889999999999997e+00
2.924679999999999946e+00
2.936100000000000154e+00
2.946169999999999956e+00
2.946169999999999956e+00
2.964139999999999997e+00
2.975459999999999994e+00
2.995000000000000107e+00
2.996550000000000047e+00
3.006320000000000103e+00
3.016080000000000094e+00
3.017640000000000100e+00
3.025850000000000151e+00
3.025850000000000151e+00
3.029360000000000053e+00
3.024290000000000145e+00
3.045779999999999710e+00
3.055540000000000145e+00
3.057100000000000151e+00
3.057100000000000151e+00
3.066959999999999908e+00
3.077029999999999710e+00
3.086790000000000145e+00
3.096559999999999757e+00
3.106320000000000192e+00
3.107879999999999754e+00
3.117649999999999810e+00
3.119200000000000195e+00
3.127409999999999801e+00
3.119200000000000195e+00
3.117649999999999810e+00
3.125849999999999795e+00
3.137179999999999858e+00
3.137179999999999858e+00
3.138729999999999798e+00
3.156709999999999905e+00
3.166469999999999896e+00
3.178190000000000293e+00
3.178190000000000293e+00
3.186399999999999899e+00
3.215700000000000003e+00
3.217249999999999943e+00
3.227020000000000000e+00
3.227020000000000000e+00
3.236790000000000056e+00
3.238339999999999996e+00
3.236790000000000056e+00
3.253200000000000092e+00
3.266080000000000094e+00
3.274290000000000145e+00
3.284059999999999757e+00
3.316959999999999908e+00
3.338350000000000151e+00
3.338350000000000151e+00
3.328580000000000094e+00
3.318730000000000402e+00
3.326630000000000198e+00
3.316859999999999697e+00
3.316959999999999908e+00
3.318819999999999659e+00
3.328580000000000094e+00
3.328580000000000094e+00
3.328580000000000094e+00
3.328580000000000094e+00
3.308959999999999901e+00
3.307100000000000151e+00
3.305239999999999956e+00
3.323519999999999808e+00
3.326630000000000198e+00
3.326630000000000198e+00
3.348109999999999697e+00
3.359440000000000204e+00
3.359440000000000204e+00
3.367649999999999810e+00
3.387180000000000302e+00
3.387180000000000302e+00
3.387180000000000302e+00
3.387180000000000302e+00
3.407099999999999795e+00
3.410219999999999807e+00
3.416869999999999852e+00
3.419980000000000242e+00
3.426640000000000352e+00
3.428190000000000293e+00
3.428190000000000293e+00
3.429749999999999854e+00
3.437959999999999905e+00
3.446169999999999511e+00
3.457489999999999952e+00
3.467249999999999943e+00
3.467249999999999943e+00
3.477019999999999555e+00
3.477019999999999555e+00
3.478580000000000449e+00
3.488739999999999952e+00
3.498499999999999943e+00
3.508269999999999555e+00
3.508269999999999555e+00
3.518040000000000056e+00
3.527800000000000047e+00
3.527800000000000047e+00
3.536009999999999653e+00
3.537569999999999659e+00
3.539119999999999600e+00
3.547330000000000094e+00
3.537480000000000402e+00
3.548890000000000100e+00
3.539119999999999600e+00
3.539119999999999600e+00
3.529360000000000053e+00
3.527800000000000047e+00
3.537569999999999659e+00
3.537569999999999659e+00
3.555540000000000145e+00
3.566859999999999697e+00
3.584840000000000249e+00
3.587950000000000195e+00
3.586399999999999810e+00
3.586399999999999810e+00
3.587950000000000195e+00
3.589900000000000091e+00
3.588350000000000151e+00
3.607880000000000198e+00
3.609440000000000204e+00
3.609440000000000204e+00
3.598019999999999552e+00
3.605930000000000302e+00
3.625459999999999905e+00
3.607480000000000242e+00
3.614140000000000352e+00
3.625459999999999905e+00
3.635219999999999896e+00
3.646940000000000293e+00
3.646940000000000293e+00
3.648499999999999854e+00
3.658259999999999845e+00
3.666469999999999896e+00
3.686000000000000387e+00
3.686000000000000387e+00
3.694209999999999994e+00
3.738430000000000142e+00
3.748600000000000154e+00
3.667080000000000339e+00
3.646940000000000293e+00
3.703890000000000349e+00
3.744510000000000005e+00
3.793669999999999654e+00
3.832730000000000192e+00
3.873349999999999849e+00
3.876859999999999751e+00
3.878419999999999757e+00
3.873749999999999805e+00
3.880369999999999653e+00
3.904659999999999798e+00
3.923030000000000239e+00
3.931150000000000144e+00
3.930940000000000101e+00
3.939449999999999896e+00
3.942569999999999908e+00
3.941009999999999902e+00
3.964049999999999851e+00
3.978519999999999612e+00
3.986390000000000100e+00
3.985140000000000349e+00
3.991490000000000204e+00
4.014429999999999943e+00
4.014429999999999943e+00
4.024290000000000589e+00
4.033970000000000056e+00
4.027400000000000091e+00
4.024200000000000443e+00
4.014429999999999943e+00
3.994600000000000151e+00
3.993349999999999955e+00
3.993040000000000145e+00
4.003109999999999502e+00
4.002810000000000201e+00
4.003199999999999648e+00
4.004669999999999952e+00
4.003199999999999648e+00
3.991789999999999949e+00
3.981719999999999704e+00
3.980130000000000390e+00
3.980469999999999509e+00
3.978580000000000449e+00
3.970369999999999511e+00
3.971950000000000092e+00
3.968750000000000000e+00
3.970369999999999511e+00
3.962190000000000101e+00
3.980130000000000390e+00
3.972259999999999902e+00
3.978580000000000449e+00
3.980130000000000390e+00
3.998110000000000053e+00
4.000059999999999505e+00
4.000059999999999505e+00
3.990230000000000388e+00
3.999659999999999993e+00
3.989900000000000002e+00
3.982030000000000403e+00
3.980130000000000390e+00
3.989900000000000002e+00
3.980130000000000390e+00
3.972259999999999902e+00
3.981719999999999704e+00
3.981719999999999704e+00
3.990230000000000388e+00
3.989900000000000002e+00
3.991490000000000204e+00
3.991849999999999898e+00
3.988649999999999807e+00
3.980130000000000390e+00
3.989900000000000002e+00
3.988339999999999996e+00
3.988339999999999996e+00
3.990299999999999958e+00
3.988739999999999952e+00
3.957489999999999952e+00
3.928190000000000293e+00
3.898800000000000043e+00
3.847719999999999807e+00
3.818419999999999703e+00
3.798890000000000100e+00
3.790680000000000494e+00
3.797330000000000094e+00
3.789119999999999600e+00
3.789119999999999600e+00
3.807100000000000151e+00
3.816859999999999697e+00
3.839900000000000091e+00
4.136169999999999902e+00
4.292480000000000295e+00
4.177399999999999558e+00
3.943209999999999660e+00
3.917419999999999902e+00
3.886230000000000295e+00
3.868259999999999810e+00
3.874509999999999899e+00
3.891240000000000254e+00
3.913910000000000000e+00
3.930239999999999956e+00
3.929899999999999949e+00
3.941619999999999902e+00
3.941619999999999902e+00
3.940059999999999896e+00
3.952969999999999651e+00
3.985780000000000101e+00
4.006769999999999499e+00
4.011470000000000091e+00
4.016539999999999999e+00
4.014980000000000437e+00
4.008359999999999701e+00
4.016539999999999999e+00
4.029749999999999943e+00
4.031010000000000204e+00
4.050839999999999996e+00
4.072019999999999307e+00
4.071930000000000049e+00
4.089900000000000091e+00
4.101319999999999411e+00
4.101230000000000153e+00
4.120849999999999902e+00
4.122709999999999653e+00
4.143889999999999851e+00
4.143830000000000346e+00
4.171540000000000248e+00
4.174680000000000391e+00
4.174680000000000391e+00
4.164919999999999511e+00
4.176239999999999952e+00
4.176330000000000098e+00
4.178189999999999849e+00
4.176639999999999908e+00
4.196169999999999511e+00
4.207489999999999952e+00
4.225459999999999994e+00
4.245000000000000107e+00
4.264530000000000598e+00
4.267640000000000100e+00
4.286010000000000097e+00
4.295780000000000598e+00
4.305540000000000589e+00
4.307100000000000151e+00
4.316959999999999908e+00
4.327030000000000598e+00
4.346560000000000201e+00
4.349669999999999703e+00
4.359440000000000204e+00
4.366089999999999804e+00
4.385619999999999408e+00
4.405149999999999899e+00
4.416469999999999452e+00
4.414919999999999511e+00
4.414919999999999511e+00
4.424680000000000391e+00
4.435999999999999943e+00
4.455540000000000056e+00
4.463750000000000107e+00
4.486880000000000202e+00
4.496950000000000003e+00
4.518040000000000056e+00
4.534449999999999648e+00
4.527800000000000047e+00
4.544220000000000148e+00
4.555540000000000589e+00
4.566860000000000142e+00
4.566860000000000142e+00
4.576630000000000642e+00
4.558650000000000091e+00
4.566860000000000142e+00
4.558650000000000091e+00
4.565310000000000201e+00
4.566860000000000142e+00
4.566860000000000142e+00
4.584839999999999804e+00
4.604369999999999408e+00
4.614139999999999908e+00
4.605929999999999858e+00
4.605929999999999858e+00
4.605929999999999858e+00
4.615779999999999994e+00
4.617650000000000254e+00
4.627410000000000245e+00
4.645389999999999908e+00
4.664919999999999511e+00
4.666469999999999452e+00
4.674680000000000391e+00
4.676239999999999952e+00
4.687959999999999461e+00
4.687959999999999461e+00
4.687959999999999461e+00
4.707489999999999952e+00
4.709050000000000402e+00
4.717249999999999943e+00
4.727019999999999555e+00
4.727019999999999555e+00
4.727019999999999555e+00
4.736790000000000056e+00
4.745000000000000107e+00
4.754760000000000097e+00
4.746550000000000047e+00
4.754760000000000097e+00
4.766080000000000538e+00
4.787569999999999659e+00
4.797330000000000538e+00
4.797330000000000538e+00
4.816860000000000142e+00
4.816860000000000142e+00
4.816860000000000142e+00
4.798890000000000100e+00
4.797330000000000538e+00
4.797330000000000538e+00
4.807100000000000151e+00
4.808650000000000091e+00
4.826630000000000642e+00
4.854369999999999408e+00
4.875849999999999795e+00
4.877410000000000245e+00
4.895389999999999908e+00
4.914979999999999905e+00
4.925080000000000346e+00
4.924680000000000391e+00
4.926239999999999952e+00
4.926239999999999952e+00
4.934450000000000003e+00
4.926239999999999952e+00
4.934450000000000003e+00
4.945769999999999555e+00
4.953980000000000494e+00
4.945769999999999555e+00
4.955540000000000056e+00
4.955540000000000056e+00
4.967249999999999943e+00
4.985230000000000494e+00
4.996550000000000047e+00
5.006319999999999659e+00
5.006409999999999805e+00
5.016480000000000494e+00
5.027800000000000047e+00
5.045780000000000598e+00
5.045780000000000598e+00
5.055540000000000589e+00
5.076630000000000642e+00
5.086400000000000254e+00
5.076630000000000642e+00
5.076630000000000642e+00
5.084839999999999804e+00
5.093049999999999855e+00
5.094599999999999795e+00
5.096160000000000245e+00
5.096250000000000391e+00
5.114530000000000243e+00
5.117650000000000254e+00
5.127410000000000245e+00
5.146939999999999849e+00
5.155149999999999899e+00
5.176239999999999952e+00
5.196169999999999511e+00
5.197719999999999452e+00
5.214140000000000441e+00
5.235230000000000494e+00
5.256409999999999805e+00
5.266480000000000494e+00
5.277800000000000047e+00
5.297330000000000538e+00
5.316860000000000142e+00
5.316860000000000142e+00
5.320369999999999600e+00
5.327030000000000598e+00
5.328580000000000538e+00
5.330140000000000100e+00
5.328580000000000538e+00
5.338350000000000151e+00
5.346560000000000201e+00
5.348110000000000142e+00
5.357880000000000642e+00
5.357880000000000642e+00
5.356319999999999304e+00
5.357880000000000642e+00
5.357880000000000642e+00
5.349669999999999703e+00
5.357880000000000642e+00
5.375849999999999795e+00
5.388730000000000686e+00
5.395389999999999908e+00
5.398500000000000298e+00
5.406709999999999461e+00
5.414919999999999511e+00
5.416469999999999452e+00
5.416469999999999452e+00
5.436399999999999899e+00
5.455930000000000391e+00
5.459050000000000402e+00
5.467249999999999943e+00
5.477019999999999555e+00
5.478580000000000005e+00
5.486790000000000056e+00
5.486790000000000056e+00
5.486790000000000056e+00
5.495000000000000107e+00
5.504760000000000097e+00
5.504760000000000097e+00
5.506319999999999659e+00
5.516080000000000538e+00
5.524290000000000589e+00
5.539119999999999600e+00
5.547330000000000538e+00
5.565310000000000201e+00
5.576630000000000642e+00
5.586400000000000254e+00
5.586400000000000254e+00
5.594599999999999795e+00
5.578190000000000204e+00
5.568419999999999703e+00
5.568419999999999703e+00
5.566860000000000142e+00
5.558650000000000091e+00
5.566860000000000142e+00
5.575069999999999304e+00
5.594599999999999795e+00
5.625849999999999795e+00
5.637179999999999858e+00
5.655149999999999899e+00
5.666469999999999452e+00
5.676239999999999952e+00
5.668029999999999902e+00
5.684450000000000003e+00
5.685999999999999943e+00
5.677800000000000402e+00
5.676239999999999952e+00
5.676239999999999952e+00
5.676239999999999952e+00
5.676239999999999952e+00
5.677800000000000402e+00
5.694209999999999994e+00
5.705540000000000056e+00
5.727019999999999555e+00
5.754760000000000097e+00
5.767640000000000100e+00
5.775850000000000151e+00
5.785610000000000142e+00
5.789119999999999600e+00
5.767640000000000100e+00
5.769589999999999996e+00
5.768040000000000056e+00
5.777800000000000047e+00
5.769589999999999996e+00
5.787569999999999659e+00
5.807100000000000151e+00
5.816860000000000142e+00
5.826630000000000642e+00
5.830140000000000100e+00
5.836790000000000589e+00
5.826630000000000642e+00
5.830140000000000100e+00
5.828580000000000538e+00
5.838350000000000151e+00
5.849669999999999703e+00
5.857790000000000497e+00
5.867250000000000298e+00
5.875459999999999461e+00
5.867250000000000298e+00
5.865689999999999849e+00
5.869200000000000195e+00
5.867650000000000254e+00
5.877410000000000245e+00
5.869200000000000195e+00
5.878969999999999807e+00
5.887179999999999858e+00
5.878969999999999807e+00
5.896939999999999849e+00
5.898500000000000298e+00
5.908660000000000245e+00
5.918429999999999858e+00
5.928099999999999703e+00
5.935999999999999943e+00
5.937559999999999505e+00
5.945769999999999555e+00
5.947330000000000005e+00
5.959050000000000402e+00
5.967249999999999943e+00
5.970369999999999955e+00
5.978580000000000005e+00
5.978580000000000005e+00
5.986790000000000056e+00
5.998499999999999943e+00
5.998499999999999943e+00
6.009830000000000005e+00
6.008269999999999555e+00
6.006709999999999994e+00
5.990300000000000402e+00
6.002110000000000056e+00
6.009430000000000049e+00
6.004909999999999748e+00
6.107969999999999899e+00
6.096070000000000100e+00
6.081150000000000055e+00
6.072969999999999757e+00
6.089360000000000106e+00
6.100680000000000547e+00
6.110530000000000683e+00
6.100680000000000547e+00
6.069819999999999993e+00
6.053499999999999659e+00
6.060150000000000148e+00
6.078130000000000699e+00
6.073119999999999408e+00
6.074980000000000047e+00
6.086299999999999599e+00
6.084439999999999849e+00
6.073430000000000106e+00
6.076230000000000686e+00
6.076540000000000497e+00
6.083190000000000097e+00
6.073119999999999408e+00
6.083190000000000097e+00
6.082889999999999908e+00
6.093049999999999855e+00
6.081630000000000535e+00
6.074679999999999858e+00
6.080080000000000595e+00
6.073119999999999408e+00
6.061799999999999855e+00
6.052340000000000053e+00
6.024290000000000589e+00
6.011379999999999946e+00
6.009769999999999612e+00
6.001249999999999751e+00
5.993440000000000545e+00
6.000000000000000000e+00
5.991489999999999760e+00
5.993440000000000545e+00
5.990230000000000388e+00
5.981720000000000148e+00
5.971949999999999648e+00
5.968750000000000000e+00
5.970369999999999955e+00
5.970369999999999955e+00
5.960600000000000342e+00
5.958980000000000388e+00
5.968809999999999505e+00
5.959050000000000402e+00
5.950840000000000352e+00
5.959050000000000402e+00
5.960600000000000342e+00
5.958980000000000388e+00
5.959050000000000402e+00
5.960600000000000342e+00
5.970369999999999955e+00
5.960600000000000342e+00
5.958980000000000388e+00
5.959050000000000402e+00
5.952420000000000044e+00
5.941069999999999851e+00
5.923030000000000683e+00
5.911410000000000053e+00
5.901950000000000252e+00
5.882109999999999950e+00
5.880519999999999747e+00
5.880519999999999747e+00
5.877410000000000245e+00
5.867549999999999599e+00
5.867250000000000298e+00
5.869200000000000195e+00
5.860990000000000144e+00
5.841459999999999653e+00
5.830080000000000595e+00
5.837950000000000195e+00
5.847719999999999807e+00
5.928279999999999994e+00
6.177249999999999908e+00
6.425229999999999997e+00
6.496400000000000396e+00
6.510469999999999757e+00
6.520540000000000447e+00
6.531859999999999999e+00
6.523349999999999760e+00
6.458440000000000403e+00
6.213589999999999947e+00
5.753269999999999662e+00
5.580779999999999852e+00
5.593600000000000350e+00
5.586850000000000094e+00
5.580140000000000100e+00
5.573519999999999364e+00
5.565000000000000391e+00
5.566860000000000142e+00
5.578580000000000538e+00
5.588350000000000151e+00
5.652009999999999756e+00
6.252720000000000056e+00
5.925839999999999996e+00
5.815769999999999662e+00
5.822569999999999801e+00
5.845609999999999751e+00
5.858489999999999753e+00
5.891239999999999810e+00
5.936609999999999943e+00
5.971309999999999896e+00
5.992340000000000444e+00
6.005309999999999704e+00
6.011930000000000440e+00
6.036559999999999704e+00
6.074130000000000251e+00
6.103730000000000544e+00
6.137730000000000352e+00
6.161959999999999660e+00
6.196320000000000050e+00
6.245449999999999946e+00
6.281010000000000204e+00
6.313900000000000290e+00
6.345060000000000144e+00
6.364530000000000243e+00
6.387270000000000003e+00
6.398590000000000444e+00
6.426639999999999908e+00
6.450930000000000497e+00
6.469209999999999461e+00
6.489989999999999704e+00
6.519680000000000142e+00
6.550839999999999996e+00
6.562160000000000437e+00
6.571619999999999351e+00
6.601230000000000153e+00
6.620760000000000645e+00
6.635310000000000485e+00
6.643830000000000346e+00
6.663360000000000838e+00
6.700839999999999463e+00
6.715389999999999304e+00
6.735230000000000494e+00
6.761379999999999946e+00
6.786010000000000986e+00
6.795780000000000598e+00
6.805539999999999701e+00
6.816960000000000797e+00
6.827030000000000598e+00
6.836789999999999701e+00
6.838350000000000151e+00
6.856319999999999304e+00
6.875849999999999795e+00
6.905149999999999899e+00
6.926239999999999064e+00
6.947719999999999452e+00
6.975460000000000882e+00
7.012970000000000148e+00
7.025850000000000151e+00
7.035710000000000797e+00
7.055539999999999701e+00
7.073519999999999364e+00
7.076630000000000642e+00
7.084839999999999804e+00
7.102810000000000734e+00
7.123899999999999899e+00
7.135310000000000485e+00
7.145389999999999020e+00
7.156710000000000349e+00
7.184839999999999449e+00
7.205930000000000391e+00
7.215700000000000003e+00
7.235230000000000494e+00
7.264530000000000598e+00
7.285710000000000797e+00
7.307100000000000151e+00
7.327030000000000598e+00
7.330139999999999212e+00
7.346560000000000201e+00
7.356319999999999304e+00
7.374299999999999855e+00
7.385619999999999408e+00
7.413360000000000838e+00
7.424680000000000391e+00
7.445860000000000589e+00
7.465700000000000003e+00
7.467249999999999943e+00
7.475460000000000882e+00
7.485230000000000494e+00
7.486789999999999168e+00
7.495000000000000107e+00
7.506319999999999659e+00
7.516080000000000538e+00
7.516080000000000538e+00
7.536010000000000986e+00
7.565310000000000201e+00
7.576630000000000642e+00
7.586400000000000254e+00
7.604369999999999408e+00
7.615689999999999849e+00
7.625460000000000349e+00
7.635219999999999452e+00
7.645080000000000098e+00
7.655149999999999899e+00
7.664919999999999511e+00
7.686399999999999899e+00
7.696169999999999511e+00
7.715700000000000003e+00
7.725460000000000882e+00
7.736789999999999168e+00
7.746550000000000047e+00
7.756319999999999659e+00
7.775850000000000151e+00
7.775850000000000151e+00
7.775850000000000151e+00
7.785610000000000142e+00
7.805539999999999701e+00
7.816960000000000797e+00
7.815310000000000201e+00
7.833280000000000243e+00
7.856319999999999304e+00
7.875849999999999795e+00
7.877410000000000245e+00
7.875849999999999795e+00
7.877410000000000245e+00
7.896939999999999849e+00
7.896939999999999849e+00
7.905149999999999899e+00
7.916469999999999452e+00
7.926239999999999064e+00
7.953980000000000494e+00
7.965389999999999304e+00
7.985230000000000494e+00
8.016479999999999606e+00
8.036010000000000986e+00
8.055539999999998813e+00
8.075070000000000192e+00
8.076629999999999754e+00
8.084839999999999804e+00
8.096160000000001133e+00
8.094599999999999795e+00
8.086399999999999366e+00
8.086399999999999366e+00
8.106019999999999115e+00
8.116089999999999804e+00
8.117649999999999366e+00
8.143829999999999458e+00
8.156710000000000349e+00
8.174680000000000391e+00
8.194209999999999994e+00
8.195769999999999555e+00
8.195769999999999555e+00
8.207489999999999952e+00
8.215700000000000003e+00
8.227019999999999555e+00
8.227019999999999555e+00
8.245060000000000500e+00
8.258269999999999555e+00
8.258269999999999555e+00
8.276249999999999218e+00
8.286010000000000986e+00
8.294219999999999260e+00
8.307100000000000151e+00
8.315310000000000201e+00
8.326629999999999754e+00
8.336399999999999366e+00
8.346160000000001133e+00
8.359439999999999316e+00
8.359439999999999316e+00
8.369199999999999307e+00
8.377410000000001133e+00
8.396939999999998960e+00
8.418430000000000746e+00
8.429750000000000298e+00
8.447720000000000340e+00
8.457489999999999952e+00
8.477019999999999555e+00
8.486789999999999168e+00
8.486789999999999168e+00
8.486789999999999168e+00
8.503199999999999648e+00
8.504760000000000986e+00
8.514530000000000598e+00
8.524289999999998813e+00
8.524289999999998813e+00
8.525850000000000151e+00
8.525850000000000151e+00
8.543820000000000192e+00
8.545379999999999754e+00
8.555239999999999512e+00
8.566860000000000142e+00
8.586789999999998813e+00
8.596560000000000201e+00
8.607879999999999754e+00
8.607879999999999754e+00
8.607879999999999754e+00
8.616089999999999804e+00
8.635619999999999408e+00
8.655150000000000787e+00
8.656710000000000349e+00
8.684450000000000003e+00
8.695769999999999555e+00
8.705539999999999168e+00
8.709049999999999514e+00
8.707489999999999952e+00
8.717249999999999943e+00
8.727019999999999555e+00
8.735229999999999606e+00
8.718810000000001281e+00
8.717249999999999943e+00
8.727019999999999555e+00
8.735229999999999606e+00
8.744999999999999218e+00
8.757870000000000488e+00
8.764530000000000598e+00
8.775850000000000151e+00
8.785709999999999908e+00
8.805539999999998813e+00
8.816860000000000142e+00
8.807100000000000151e+00
8.816860000000000142e+00
8.828580000000000538e+00
8.836789999999998813e+00
8.846560000000000201e+00
8.866089999999999804e+00
8.875849999999999795e+00
8.887180000000000746e+00
8.906710000000000349e+00
8.908260000000000289e+00
8.908260000000000289e+00
8.918029999999999902e+00
8.929750000000000298e+00
8.937960000000000349e+00
8.937960000000000349e+00
8.955930000000000391e+00
8.965700000000000003e+00
8.967249999999999943e+00
8.967249999999999943e+00
8.968810000000001281e+00
8.996549999999999159e+00
9.008269999999999555e+00
9.009830000000000894e+00
9.018039999999999168e+00
9.027799999999999159e+00
9.027799999999999159e+00
9.018039999999999168e+00
9.016479999999999606e+00
9.027799999999999159e+00
9.026249999999999218e+00
9.036010000000000986e+00
9.047330000000000538e+00
9.047330000000000538e+00
9.057100000000000151e+00
9.057100000000000151e+00
9.057100000000000151e+00
9.084839999999999804e+00
9.104369999999999408e+00
9.127410000000001133e+00
9.137180000000000746e+00
9.146939999999998960e+00
9.156710000000000349e+00
9.168029999999999902e+00
9.158260000000000289e+00
9.158260000000000289e+00
9.148500000000000298e+00
9.166470000000000340e+00
9.161769999999998859e+00
9.160160000000001190e+00
9.158260000000000289e+00
9.156710000000000349e+00
9.166470000000000340e+00
9.176239999999999952e+00
9.176239999999999952e+00
9.184450000000000003e+00
9.203979999999999606e+00
9.215299999999999159e+00
9.215299999999999159e+00
9.215299999999999159e+00
9.225160000000000693e+00
9.227019999999999555e+00
9.217159999999999798e+00
9.218810000000001281e+00
9.217249999999999943e+00
9.218810000000001281e+00
9.218810000000001281e+00
9.228609999999999758e+00
9.246549999999999159e+00
9.246549999999999159e+00
9.268039999999999168e+00
9.268039999999999168e+00
9.287570000000000547e+00
9.287570000000000547e+00
9.289149999999999352e+00
9.307100000000000151e+00
9.298919999999998964e+00
9.298919999999998964e+00
9.307100000000000151e+00
9.316860000000000142e+00
9.328580000000000538e+00
9.338350000000000151e+00
9.346529999999999561e+00
9.348110000000000142e+00
9.387539999999999552e+00
9.373439999999998662e+00
9.451319999999999055e+00
9.343600000000000350e+00
9.364110000000000156e+00
9.365510000000000446e+00
9.371800000000000352e+00
9.360439999999998761e+00
9.353910000000000835e+00
9.332729999999999748e+00
9.301849999999999952e+00
9.285550000000000637e+00
9.274139999999999162e+00
9.262480000000000047e+00
9.252720000000000056e+00
9.241419999999999746e+00
9.231659999999999755e+00
9.236720000000000041e+00
9.226929999999999410e+00
9.225070000000000547e+00
9.207399999999999807e+00
9.203889999999999461e+00
9.177730000000000388e+00
9.164519999999999555e+00
9.155060000000000642e+00
9.127010000000000289e+00
9.115999999999999659e+00
9.094510000000001426e+00
9.084439999999998960e+00
9.057010000000000005e+00
9.033970000000000056e+00
9.034060000000000201e+00
9.022639999999999105e+00
9.020780000000000243e+00
9.012969999999999260e+00
8.983579999999999899e+00
8.973510000000000986e+00
8.960539999999999949e+00
8.932499999999999218e+00
8.923130000000000450e+00
8.911710000000001131e+00
8.911410000000000053e+00
8.911710000000001131e+00
8.901639999999998665e+00
8.903200000000000003e+00
8.893739999999999313e+00
8.873900000000000787e+00
8.860929999999999751e+00
8.841089999999999449e+00
8.829739999999999256e+00
8.820310000000000983e+00
8.800449999999999662e+00
8.790680000000000049e+00
8.779360000000000497e+00
8.771150000000000446e+00
8.741789999999999949e+00
8.721949999999999648e+00
8.720369999999999067e+00
8.700779999999999959e+00
8.692660000000000053e+00
8.673130000000000450e+00
8.678100000000000591e+00
8.659819999999999851e+00
8.640290000000000248e+00
8.638730000000000686e+00
8.630519999999998859e+00
8.628910000000001190e+00
8.630519999999998859e+00
8.640290000000000248e+00
8.632110000000000838e+00
8.627319999999999212e+00
8.609040000000000248e+00
8.607480000000000686e+00
8.601230000000001041e+00
8.581699999999999662e+00
8.568730000000000402e+00
8.568419999999999703e+00
8.550449999999999662e+00
8.529360000000000497e+00
8.519589999999999108e+00
8.509830000000000894e+00
8.500060000000001281e+00
8.490299999999999514e+00
8.462489999999998957e+00
8.460599999999999454e+00
8.442660000000000053e+00
8.429689999999999017e+00
8.418029999999999902e+00
8.416470000000000340e+00
8.406710000000000349e+00
8.406710000000000349e+00
8.398500000000000298e+00
8.398500000000000298e+00
8.390290000000000248e+00
8.378910000000001190e+00
8.380519999999998859e+00
8.378969999999998919e+00
8.377410000000001133e+00
8.377410000000001133e+00
8.369199999999999307e+00
8.349669999999999703e+00
8.341460000000001429e+00
8.330080000000000595e+00
8.310210000000001429e+00
8.290680000000000049e+00
8.279360000000000497e+00
8.279360000000000497e+00
8.268039999999999168e+00
8.258269999999999555e+00
8.258269999999999555e+00
8.240299999999999514e+00
8.238649999999999807e+00
8.227019999999999555e+00
8.227019999999999555e+00
8.197330000000000894e+00
8.187560000000001281e+00
8.185999999999999943e+00
8.185999999999999943e+00
8.168029999999999902e+00
8.156710000000000349e+00
8.148500000000000298e+00
8.138730000000000686e+00
8.128969999999998919e+00
8.119199999999999307e+00
8.107789999999999608e+00
8.096160000000001133e+00
8.106019999999999115e+00
8.078489999999998616e+00
8.076629999999999754e+00
8.078189999999999316e+00
8.076629999999999754e+00
8.078189999999999316e+00
8.068419999999999703e+00
8.068419999999999703e+00
8.047330000000000538e+00
8.037570000000000547e+00
8.019589999999999108e+00
8.006320000000000547e+00
7.998110000000000497e+00
7.996550000000000047e+00
8.004760000000000986e+00
8.018039999999999168e+00
8.006320000000000547e+00
8.004760000000000986e+00
8.004760000000000986e+00
7.995000000000000107e+00
7.996550000000000047e+00
7.977019999999999555e+00
7.985230000000000494e+00
7.977019999999999555e+00
7.963750000000000107e+00
7.965300000000000047e+00
7.955539999999999168e+00
7.945860000000000589e+00
7.928189999999999849e+00
7.918429999999999858e+00
7.908660000000000245e+00
7.896939999999999849e+00
7.887179999999999858e+00
7.877410000000000245e+00
7.875849999999999795e+00
7.867650000000000254e+00
7.875849999999999795e+00
7.866089999999999804e+00
7.866089999999999804e+00
7.847719999999999807e+00
7.854369999999999408e+00
7.854369999999999408e+00
7.854369999999999408e+00
7.864139999999999020e+00
7.865689999999999849e+00
7.855929999999999858e+00
7.846160000000000245e+00
7.846160000000000245e+00
7.828189999999999316e+00
7.828189999999999316e+00
7.818419999999999703e+00
7.810210000000000541e+00
7.808650000000000091e+00
7.798889999999999212e+00
7.797239999999999505e+00
7.787169999999999703e+00
7.785610000000000142e+00
7.785610000000000142e+00
7.777400000000000091e+00
7.766080000000000538e+00
7.766080000000000538e+00
7.766080000000000538e+00
7.766080000000000538e+00
7.748110000000000497e+00
7.748110000000000497e+00
7.748110000000000497e+00
7.739899999999999558e+00
7.730469999999999509e+00
7.738339999999999108e+00
7.728580000000000005e+00
7.738339999999999108e+00
7.738339999999999108e+00
7.738339999999999108e+00
7.730129999999999946e+00
7.720699999999999896e+00
7.710600000000000342e+00
7.682889999999999553e+00
7.669980000000000686e+00
7.668330000000000091e+00
7.658260000000000289e+00
7.648500000000000298e+00
7.637179999999999858e+00
7.628969999999999807e+00
7.619200000000000195e+00
7.617650000000000254e+00
7.617650000000000254e+00
7.617650000000000254e+00
7.601230000000000153e+00
7.607880000000000642e+00
7.609439999999999316e+00
7.599610000000000198e+00
7.579739999999999256e+00
7.569980000000000153e+00
7.568419999999999703e+00
7.558650000000000091e+00
7.557100000000000151e+00
7.548889999999999212e+00
7.539060000000000983e+00
7.535610000000000142e+00
7.519199999999999662e+00
7.511379999999999946e+00
7.511379999999999946e+00
7.508180000000000298e+00
7.506319999999999659e+00
7.507869999999999600e+00
7.507869999999999600e+00
7.498110000000000497e+00
7.488339999999999108e+00
7.488339999999999108e+00
7.498110000000000497e+00
7.491850000000000342e+00
7.480469999999999509e+00
7.468810000000000393e+00
7.468810000000000393e+00
7.460600000000000342e+00
7.449279999999999902e+00
7.447719999999999452e+00
7.439510000000000289e+00
7.437869999999999315e+00
7.437560000000000393e+00
7.427800000000000402e+00
7.435999999999999943e+00
7.427800000000000402e+00
7.418029999999999902e+00
7.418029999999999902e+00
7.416469999999999452e+00
7.400050000000000239e+00
7.390630000000000699e+00
7.398500000000000298e+00
7.398500000000000298e+00
7.398500000000000298e+00
7.416469999999999452e+00
7.408260000000000289e+00
7.398500000000000298e+00
7.387179999999999858e+00
7.388730000000000686e+00
7.378910000000000302e+00
7.367250000000000298e+00
7.357480000000000686e+00
7.359439999999999316e+00
7.357880000000000642e+00
7.359439999999999316e+00
7.341460000000000541e+00
7.338350000000000151e+00
7.320310000000000983e+00
7.318419999999999703e+00
7.308650000000000091e+00
7.318419999999999703e+00
7.316860000000000142e+00
7.318419999999999703e+00
7.308650000000000091e+00
7.307100000000000151e+00
7.307100000000000151e+00
7.298889999999999212e+00
7.287569999999999659e+00
7.277800000000000047e+00
7.269589999999999108e+00
7.268039999999999168e+00
7.268039999999999168e+00
7.258269999999999555e+00
7.258269999999999555e+00
7.268039999999999168e+00
7.258180000000000298e+00
7.256410000000000693e+00
7.256710000000000882e+00
7.250060000000000393e+00
7.238649999999999807e+00
7.236789999999999168e+00
7.227019999999999555e+00
7.236789999999999168e+00
7.228580000000000005e+00
7.209050000000000402e+00
7.207489999999999064e+00
7.207489999999999064e+00
7.207489999999999064e+00
7.207489999999999064e+00
7.209050000000000402e+00
7.207489999999999064e+00
7.227019999999999555e+00
7.218810000000000393e+00
7.210600000000000342e+00
7.207489999999999064e+00
7.200839999999999463e+00
7.197719999999999452e+00
7.179689999999999017e+00
7.185999999999999943e+00
7.168029999999999902e+00
7.158260000000000289e+00
7.148500000000000298e+00
7.156710000000000349e+00
7.156710000000000349e+00
7.156710000000000349e+00
7.148500000000000298e+00
7.156710000000000349e+00
7.156710000000000349e+00
7.148500000000000298e+00
7.127410000000000245e+00
7.117650000000000254e+00
7.117650000000000254e+00
7.107880000000000642e+00
7.099669999999999703e+00
7.088260000000000893e+00
7.096160000000000245e+00
7.089510000000000645e+00
7.079739999999999256e+00
7.068419999999999703e+00
7.076630000000000642e+00
7.086400000000000254e+00
7.078189999999999316e+00
7.084839999999999804e+00
7.086400000000000254e+00
7.086400000000000254e+00
7.076630000000000642e+00
7.068419999999999703e+00
7.068419999999999703e+00
7.048830000000000595e+00
7.057100000000000151e+00
7.048889999999999212e+00
7.047330000000000538e+00
7.039119999999999600e+00
7.034060000000000201e+00
7.035610000000000142e+00
7.047330000000000538e+00
7.048889999999999212e+00
7.047330000000000538e+00
7.047330000000000538e+00
7.047330000000000538e+00
7.037569999999999659e+00
7.017639999999999212e+00
7.007869999999999600e+00
7.006319999999999659e+00
7.009830000000000005e+00
7.019589999999999108e+00
7.000000000000000000e+00
7.007869999999999600e+00
7.006319999999999659e+00
7.006319999999999659e+00
6.988339999999999108e+00
6.977019999999999555e+00
6.967249999999999943e+00
6.967249999999999943e+00
6.957489999999999064e+00
6.945769999999999555e+00
6.945769999999999555e+00
6.945769999999999555e+00
6.935999999999999943e+00
6.945769999999999555e+00
6.957489999999999064e+00
6.949279999999999902e+00
6.959050000000000402e+00
6.957489999999999064e+00
6.957489999999999064e+00
6.959050000000000402e+00
6.939510000000000289e+00
6.928189999999999849e+00
6.910219999999999807e+00
6.918429999999999858e+00
6.908570000000000100e+00
6.888730000000000686e+00
6.895389999999999020e+00
6.885219999999999452e+00
6.895080000000000098e+00
6.896939999999999849e+00
6.896939999999999849e+00
6.905149999999999899e+00
6.898500000000000298e+00
6.869139999999999802e+00
6.865689999999999849e+00
6.857480000000000686e+00
6.849269999999999747e+00
6.837950000000000195e+00
6.826630000000000642e+00
6.836400000000000254e+00
6.852810000000000734e+00
6.864139999999999020e+00
6.873899999999999899e+00
6.883669999999999511e+00
6.885219999999999452e+00
6.875460000000000349e+00
6.859039999999999360e+00
6.847719999999999807e+00
6.846160000000000245e+00
6.837950000000000195e+00
6.844599999999999795e+00
6.836400000000000254e+00
6.844599999999999795e+00
6.846160000000000245e+00
6.836400000000000254e+00
6.826630000000000642e+00
6.828189999999999316e+00
6.828189999999999316e+00
6.818419999999999703e+00
6.798889999999999212e+00
6.798889999999999212e+00
6.787480000000000402e+00
6.785610000000000142e+00
6.767639999999999212e+00
6.766080000000000538e+00
6.766080000000000538e+00
6.775850000000000151e+00
6.785610000000000142e+00
6.767639999999999212e+00
6.766080000000000538e+00
6.766080000000000538e+00
6.756319999999999659e+00
6.746550000000000047e+00
6.736789999999999168e+00
6.736789999999999168e+00
6.746550000000000047e+00
6.746550000000000047e+00
6.746550000000000047e+00
6.748110000000000497e+00
6.738339999999999108e+00
6.738339999999999108e+00
6.736789999999999168e+00
6.728580000000000005e+00
6.727019999999999555e+00
6.717249999999999943e+00
6.727019999999999555e+00
6.709050000000000402e+00
6.699279999999999902e+00
6.678099999999999703e+00
6.658260000000000289e+00
6.656710000000000349e+00
6.656710000000000349e+00
6.664919999999999511e+00
6.656799999999999606e+00
6.675080000000000346e+00
6.687960000000000349e+00
6.696169999999999511e+00
6.689510000000000289e+00
6.679750000000000298e+00
6.686399999999999899e+00
6.689510000000000289e+00
6.678189999999999849e+00
6.668429999999999858e+00
6.676639999999999020e+00
6.678189999999999849e+00
6.687960000000000349e+00
6.679750000000000298e+00
6.678189999999999849e+00
6.669980000000000686e+00
6.658570000000000100e+00
6.656710000000000349e+00
6.648500000000000298e+00
6.648500000000000298e+00
6.630519999999999747e+00
6.627410000000000245e+00
6.627410000000000245e+00
6.617650000000000254e+00
6.625849999999999795e+00
6.627410000000000245e+00
6.617650000000000254e+00
6.625849999999999795e+00
6.609439999999999316e+00
6.607880000000000642e+00
6.607880000000000642e+00
6.617650000000000254e+00
6.609439999999999316e+00
6.619200000000000195e+00
6.619200000000000195e+00
6.617650000000000254e+00
6.609439999999999316e+00
6.598019999999999996e+00
6.596160000000000245e+00
6.596250000000000391e+00
6.588260000000000893e+00
6.586400000000000254e+00
6.578189999999999316e+00
6.576630000000000642e+00
6.576630000000000642e+00
6.568419999999999703e+00
6.558650000000000091e+00
6.566860000000000142e+00
6.576630000000000642e+00
6.558650000000000091e+00
6.557100000000000151e+00
6.557100000000000151e+00
6.565310000000000201e+00
6.557100000000000151e+00
6.558650000000000091e+00
6.557100000000000151e+00
6.558650000000000091e+00
6.557100000000000151e+00
6.548890000000000100e+00
6.548890000000000100e+00
6.519530000000000491e+00
6.525850000000000151e+00
6.527400000000000091e+00
6.535610000000000142e+00
6.539119999999999600e+00
6.547330000000000538e+00
6.555539999999999701e+00
6.557100000000000151e+00
6.557100000000000151e+00
6.548890000000000100e+00
6.547330000000000538e+00
6.547330000000000538e+00
6.539119999999999600e+00
6.519589999999999996e+00
6.509830000000000005e+00
6.518040000000000056e+00
6.516480000000000494e+00
6.519589999999999996e+00
6.508269999999999555e+00
6.508269999999999555e+00
6.508269999999999555e+00
6.509830000000000005e+00
6.500059999999999505e+00
6.498409999999999798e+00
6.498109999999999609e+00
6.488339999999999996e+00
6.489899999999999558e+00
6.477019999999999555e+00
6.468809999999999505e+00
6.468809999999999505e+00
6.468809999999999505e+00
6.467159999999999798e+00
6.465300000000000047e+00
6.465300000000000047e+00
6.477019999999999555e+00
6.475159999999999805e+00
6.477019999999999555e+00
6.485230000000000494e+00
6.477019999999999555e+00
6.477019999999999555e+00
6.468750000000000000e+00
6.468809999999999505e+00
6.459050000000000402e+00
6.457489999999999952e+00
6.449279999999999902e+00
6.447719999999999452e+00
6.455930000000000391e+00
6.445769999999999555e+00
6.453980000000000494e+00
6.455540000000000056e+00
6.455540000000000056e+00
6.455540000000000056e+00
6.463750000000000107e+00
6.455540000000000056e+00
6.455540000000000056e+00
6.447330000000000005e+00
6.445769999999999555e+00
6.447330000000000005e+00
6.445769999999999555e+00
6.437559999999999505e+00
6.431300000000000239e+00
6.428189999999999849e+00
6.408260000000000289e+00
6.396939999999999849e+00
6.387179999999999858e+00
6.387179999999999858e+00
6.375849999999999795e+00
6.377410000000000245e+00
6.377410000000000245e+00
6.377410000000000245e+00
6.369200000000000195e+00
6.367650000000000254e+00
6.359440000000000204e+00
6.348019999999999996e+00
6.346160000000000245e+00
6.337950000000000195e+00
6.346160000000000245e+00
6.337950000000000195e+00
6.337950000000000195e+00
6.354369999999999408e+00
6.355929999999999858e+00
6.346160000000000245e+00
6.344599999999999795e+00
6.346160000000000245e+00
6.344599999999999795e+00
6.336400000000000254e+00
6.336490000000000400e+00
6.338350000000000151e+00
6.338260000000000005e+00
6.336400000000000254e+00
6.336400000000000254e+00
6.336400000000000254e+00
6.337950000000000195e+00
6.346160000000000245e+00
6.336400000000000254e+00
6.336400000000000254e+00
6.337950000000000195e+00
6.346160000000000245e+00
6.346160000000000245e+00
6.336400000000000254e+00
6.344599999999999795e+00
6.346160000000000245e+00
6.336400000000000254e+00
6.336400000000000254e+00
6.346160000000000245e+00
6.336400000000000254e+00
6.346160000000000245e+00
6.337950000000000195e+00
6.328190000000000204e+00
6.325069999999999304e+00
6.308650000000000091e+00
6.308650000000000091e+00
6.307100000000000151e+00
6.298890000000000100e+00
6.305540000000000589e+00
6.316860000000000142e+00
6.326630000000000642e+00
6.308650000000000091e+00
6.315310000000000201e+00
6.316860000000000142e+00
6.308650000000000091e+00
6.287569999999999659e+00
6.277800000000000047e+00
6.287569999999999659e+00
6.289119999999999600e+00
6.289119999999999600e+00
6.287569999999999659e+00
6.289119999999999600e+00
6.287569999999999659e+00
6.267940000000000289e+00
6.275940000000000296e+00
6.277709999999999901e+00
6.275850000000000151e+00
6.277400000000000091e+00
6.267640000000000100e+00
6.266080000000000538e+00
6.257869999999999600e+00
6.246550000000000047e+00
6.245000000000000107e+00
6.235230000000000494e+00
6.235230000000000494e+00
6.236790000000000056e+00
6.236790000000000056e+00
6.236790000000000056e+00
6.218809999999999505e+00
6.217249999999999943e+00
6.218809999999999505e+00
6.207489999999999952e+00
6.207489999999999952e+00
6.207489999999999952e+00
6.207489999999999952e+00
6.207489999999999952e+00
6.195769999999999555e+00
6.203980000000000494e+00
6.205540000000000056e+00
6.205540000000000056e+00
6.217249999999999943e+00
6.218809999999999505e+00
6.217249999999999943e+00
6.217249999999999943e+00
6.218809999999999505e+00
6.227019999999999555e+00
6.218809999999999505e+00
6.217249999999999943e+00
6.227019999999999555e+00
6.220369999999999955e+00
6.217249999999999943e+00
6.207489999999999952e+00
6.187959999999999461e+00
6.169980000000000686e+00
6.168429999999999858e+00
6.176639999999999908e+00
6.168429999999999858e+00
6.156709999999999461e+00
6.155149999999999899e+00
6.164919999999999511e+00
6.156709999999999461e+00
6.148500000000000298e+00
6.155149999999999899e+00
6.156709999999999461e+00
6.166469999999999452e+00
6.156709999999999461e+00
6.164919999999999511e+00
6.158260000000000289e+00
6.138730000000000686e+00
6.146939999999999849e+00
6.146939999999999849e+00
6.148500000000000298e+00
6.146939999999999849e+00
6.146939999999999849e+00
6.128969999999999807e+00
6.127410000000000245e+00
6.127410000000000245e+00
6.107790000000000497e+00
6.115689999999999849e+00
6.135309999999999597e+00
6.137179999999999858e+00
6.155149999999999899e+00
6.150389999999999802e+00
6.156709999999999461e+00
6.166559999999999597e+00
6.148799999999999599e+00
6.148500000000000298e+00
6.138730000000000686e+00
6.127410000000000245e+00
6.127410000000000245e+00
6.127410000000000245e+00
6.119200000000000195e+00
6.117650000000000254e+00
6.127410000000000245e+00
6.128969999999999807e+00
6.127410000000000245e+00
6.127410000000000245e+00
6.137179999999999858e+00
6.137179999999999858e+00
6.128969999999999807e+00
6.107880000000000642e+00
6.107880000000000642e+00
6.107880000000000642e+00
6.106319999999999304e+00
6.104369999999999408e+00
6.104369999999999408e+00
6.096160000000000245e+00
6.087950000000000195e+00
6.086400000000000254e+00
6.086400000000000254e+00
6.076630000000000642e+00
6.075069999999999304e+00
6.076630000000000642e+00
6.084839999999999804e+00
6.076630000000000642e+00
6.084839999999999804e+00
6.078190000000000204e+00
6.087950000000000195e+00
6.097719999999999807e+00
6.097719999999999807e+00
6.099669999999999703e+00
6.089900000000000091e+00
6.088350000000000151e+00
6.088350000000000151e+00
6.066860000000000142e+00
6.057100000000000151e+00
6.057100000000000151e+00
6.057100000000000151e+00
6.065310000000000201e+00
6.057100000000000151e+00
6.058650000000000091e+00
6.065310000000000201e+00
6.057100000000000151e+00
6.055540000000000589e+00
6.057100000000000151e+00
6.066860000000000142e+00
6.057100000000000151e+00
6.047330000000000538e+00
6.048890000000000100e+00
6.048890000000000100e+00
6.039060000000000095e+00
6.055150000000000254e+00
6.058650000000000091e+00
6.076630000000000642e+00
6.086400000000000254e+00
6.086400000000000254e+00
6.094599999999999795e+00
6.096160000000000245e+00
6.086400000000000254e+00
6.076630000000000642e+00
6.066860000000000142e+00
6.058650000000000091e+00
6.065310000000000201e+00
6.055150000000000254e+00
6.045380000000000642e+00
6.045380000000000642e+00
6.055150000000000254e+00
6.035610000000000142e+00
6.035610000000000142e+00
6.045380000000000642e+00
6.045380000000000642e+00
6.045380000000000642e+00
6.035610000000000142e+00
6.037169999999999703e+00
6.045380000000000642e+00
6.045380000000000642e+00
6.048890000000000100e+00
6.057100000000000151e+00
6.058650000000000091e+00
6.063749999999999751e+00
6.065310000000000201e+00
6.066860000000000142e+00
6.055150000000000254e+00
6.055240000000000400e+00
6.065310000000000201e+00
6.058650000000000091e+00
6.047240000000000393e+00
6.037169999999999703e+00
6.025850000000000151e+00
6.016080000000000538e+00
6.016080000000000538e+00
6.006319999999999659e+00
5.996550000000000047e+00
6.006319999999999659e+00
6.006319999999999659e+00
5.996550000000000047e+00
5.986790000000000056e+00
5.977019999999999555e+00
5.985230000000000494e+00
5.977019999999999555e+00
5.986790000000000056e+00
5.988339999999999996e+00
5.996550000000000047e+00
5.998109999999999609e+00
6.006319999999999659e+00
6.016080000000000538e+00
6.007869999999999600e+00
6.004760000000000097e+00
6.004760000000000097e+00
6.014530000000000598e+00
6.016169999999999796e+00
6.018040000000000056e+00
6.018040000000000056e+00
6.027800000000000047e+00
6.027709999999999901e+00
6.035610000000000142e+00
6.027400000000000091e+00
6.019199999999999662e+00
6.016080000000000538e+00
6.016080000000000538e+00
6.016080000000000538e+00
6.007869999999999600e+00
5.996550000000000047e+00
5.988339999999999996e+00
5.995000000000000107e+00
5.986790000000000056e+00
5.977019999999999555e+00
5.967249999999999943e+00
5.973910000000000053e+00
5.977019999999999555e+00
5.967249999999999943e+00
5.967249999999999943e+00
5.957489999999999952e+00
5.957489999999999952e+00
5.959050000000000402e+00
5.947719999999999452e+00
5.939510000000000289e+00
5.929750000000000298e+00
5.928189999999999849e+00
5.928189999999999849e+00
5.928189999999999849e+00
5.937959999999999461e+00
5.929750000000000298e+00
5.918429999999999858e+00
5.918429999999999858e+00
5.919980000000000686e+00
5.918429999999999858e+00
5.908660000000000245e+00
5.908660000000000245e+00
5.900450000000000195e+00
5.898900000000000254e+00
5.898900000000000254e+00
5.908660000000000245e+00
5.918429999999999858e+00
5.936399999999999899e+00
5.937959999999999461e+00
5.929750000000000298e+00
5.928189999999999849e+00
5.926639999999999908e+00
5.918429999999999858e+00
5.918429999999999858e+00
5.918429999999999858e+00
5.936399999999999899e+00
5.929750000000000298e+00
5.929750000000000298e+00
5.918330000000000091e+00
5.898500000000000298e+00
5.898500000000000298e+00
5.887179999999999858e+00
5.878969999999999807e+00
5.885619999999999408e+00
5.878969999999999807e+00
5.877410000000000245e+00
5.875849999999999795e+00
5.877410000000000245e+00
5.867650000000000254e+00
5.855929999999999858e+00
5.854369999999999408e+00
5.854369999999999408e+00
5.856020000000000003e+00
5.856319999999999304e+00
5.856319999999999304e+00
5.849669999999999703e+00
5.848110000000000142e+00
5.859440000000000204e+00
nan
