-60.76	-0.0825195
-59.76	-0.0856323
-58.76	-0.0871582
-57.76	-0.0755615
-56.76	-0.0661011
-55.76	-0.0758667
-54.76	-0.0758667
-53.76	-0.0837402
-52.76	-0.0856323
-51.76	-0.093811
-50.76	-0.0888062
-49.76	-0.0856323
-48.76	-0.0953979
-47.76	-0.0953979
-46.76	-0.103638
-45.76	-0.103577
-44.76	-0.123169
-43.76	-0.125061
-42.76	-0.132874
-41.76	-0.126343
-40.76	-0.134827
-39.76	-0.132874
-38.76	-0.13446
-37.76	-0.118103
-36.76	-0.105164
-35.76	-0.106689
-34.76	-0.0969238
-33.76	-0.0871582
-32.76	-0.0594482
-31.76	-0.0559082
-30.76	-0.0461426
-29.76	-0.0462646
-28.76	-0.0578613
-27.76	-0.0578613
-26.76	-0.0661011
-25.76	-0.0559082
-24.76	-0.0559082
-23.76	-0.0477905
-22.76	-0.0285645
-21.76	-0.0153198
-20.76	-0.0153198
-19.76	-0.0250854
-18.76	-0.0266113
-17.76	-0.0184326
-16.76	-0.0267334
-15.76	-0.0383301
-14.76	-0.0383301
-13.76	-0.036377
-12.76	-0.0430298
-11.76	-0.0462646
-10.76	-0.0465698
-9.76	-0.036377
-8.76	-0.0527954
-7.76	-0.0380249
-6.76	0.0437622
-5.76	0.110474
-4.76	0.183838
-3.76	0.0899048
-2.76	-0.0339966
-1.76	0.0437622
-0.760002	-0.375305
0.239998	0.844788
1.24	0.22522
2.24	0.309692
3.24	0.300537
4.24	0.24292
5.24	0.229553
6.24	0.253845
7.24	0.253662
8.24	0.240417
9.24	0.232178
10.24	0.230652
11.24	0.238831
12.24	0.241943
13.24	0.245483
14.24	0.258301
15.24	0.261414
16.24	0.254761
17.24	0.256348
18.24	0.248108
19.24	0.241821
20.24	0.241516
21.24	0.2547
22.24	0.2547
23.24	0.264465
24.24	0.267578
25.24	0.265991
26.24	0.248047
27.24	0.241394
28.24	0.239868
29.24	0.231628
30.24	0.231934
31.24	0.213684
32.24	0.220337
33.24	0.202271
34.24	0.190613
35.24	0.192566
36.24	0.190918
37.24	0.190613
38.24	0.192566
39.24	0.192566
40.24	0.190918
41.24	0.18396
42.24	0.172974
43.24	0.174194
44.24	0.202332
45.24	0.203857
46.24	0.205383
47.24	0.21521
48.24	0.215149
49.24	0.207031
50.24	0.195618
51.24	0.205383
52.24	0.189087
53.24	0.195618
54.24	0.213623
55.24	0.208618
56.24	0.213623
57.24	0.207031
58.24	0.205811
59.24	0.203857
60.24	0.207031
61.24	0.195618
62.24	0.195679
63.24	0.195618
64.24	0.185852
65.24	0.1875
66.24	0.194092
67.24	0.197266
68.24	0.199158
69.24	0.197205
70.24	0.197205
71.24	0.197266
72.24	0.197205
73.24	0.185852
74.24	0.177734
75.24	0.176086
76.24	0.176086
77.24	0.179321
78.24	0.167908
79.24	0.166321
80.24	0.177734
81.24	0.185852
82.24	0.194092
83.24	0.198853
84.24	0.207336
85.24	0.20697
86.24	0.216797
87.24	0.226868
88.24	0.224915
89.24	0.218384
90.24	0.217102
91.24	0.208496
92.24	0.19873
93.24	0.188965
94.24	0.198853
95.24	0.210449
96.24	0.218689
97.24	0.236633
98.24	0.246094
99.24	0.256165
100.24	0.247986
101.24	0.257813
102.24	0.247986
103.24	0.247986
104.24	0.257751
105.24	0.269165
106.24	0.289001
107.24	0.290527
108.24	0.296814
109.24	0.30658
110.24	0.308228
111.24	0.308533
112.24	0.318298
113.24	0.318298
114.24	0.317993
115.24	0.318298
116.24	0.32959
117.24	0.32959
118.24	0.32959
119.24	0.32959
120.24	0.327759
121.24	0.32959
122.24	0.319824
123.24	0.319824
124.24	0.310059
125.24	0.318298
126.24	0.309692
127.24	0.317871
128.24	0.317993
129.24	0.319824
130.24	0.319824
131.24	0.313232
132.24	0.319824
133.24	0.311646
134.24	0.30188
135.24	0.30188
136.24	0.292114
137.24	0.298767
138.24	0.318298
139.24	0.317871
140.24	0.329285
141.24	0.347595
142.24	0.358887
143.24	0.367126
144.24	0.367126
145.24	0.368774
146.24	0.36908
147.24	0.367126
148.24	0.376892
149.24	0.368652
150.24	0.37854
151.24	0.390137
152.24	0.390137
153.24	0.398376
154.24	0.396423
155.24	0.389832
156.24	0.390137
157.24	0.398376
158.24	0.399902
159.24	0.408142
160.24	0.419556
161.24	0.431152
162.24	0.449158
163.24	0.460449
164.24	0.471802
165.24	0.463623
166.24	0.463623
167.24	0.47998
168.24	0.491333
169.24	0.489746
170.24	0.499512
171.24	0.509277
172.24	0.519043
173.24	0.52063
174.24	0.52063
175.24	0.512451
176.24	0.519043
177.24	0.530396
178.24	0.538574
179.24	0.549988
180.24	0.560059
181.24	0.569824
182.24	0.581177
183.24	0.590942
184.24	0.590942
185.24	0.600708
186.24	0.590942
187.24	0.590942
188.24	0.589355
189.24	0.589355
190.24	0.589355
191.24	0.589355
192.24	0.608887
193.24	0.630066
194.24	0.630371
195.24	0.631958
196.24	0.631958
197.24	0.633545
198.24	0.631958
199.24	0.622192
200.24	0.622131
201.24	0.620239
202.24	0.610474
203.24	0.610474
204.24	0.6203
205.24	0.631958
206.24	0.649902
207.24	0.661255
208.24	0.671021
209.24	0.672607
210.24	0.672913
211.24	0.671021
212.24	0.671021
213.24	0.680847
214.24	0.687439
215.24	0.710449
216.24	0.720215
217.24	0.731567
218.24	0.741333
219.24	0.751099
220.24	0.752686
221.24	0.751099
222.24	0.749512
223.24	0.759277
224.24	0.752686
225.24	0.751099
226.24	0.749512
227.24	0.751099
228.24	0.752686
229.24	0.751099
230.24	0.751099
231.24	0.751099
232.24	0.759277
233.24	0.769043
234.24	0.780396
235.24	0.781982
236.24	0.772217
237.24	0.780396
238.24	0.763977
239.24	0.762451
240.24	0.772583
241.24	0.764404
242.24	0.770996
243.24	0.772583
244.24	0.792114
245.24	0.80188
246.24	0.813232
247.24	0.821411
248.24	0.831177
249.24	0.852661
250.24	0.862427
251.24	0.862366
252.24	0.870239
253.24	0.880005
254.24	0.880005
255.24	0.871826
256.24	0.870239
257.24	0.870239
258.24	0.862061
259.24	0.860474
260.24	0.862061
261.24	0.870239
262.24	0.880005
263.24	0.880005
264.24	0.883545
265.24	0.881958
266.24	0.881958
267.24	0.883545
268.24	0.873779
269.24	0.873779
270.24	0.872131
271.24	0.880005
272.24	0.899536
273.24	0.909302
274.24	0.922607
275.24	0.932373
276.24	0.950317
277.24	0.951904
278.24	0.960083
279.24	0.963623
280.24	0.962036
281.24	0.970215
282.24	0.981567
283.24	0.973389
284.24	0.971802
285.24	0.955383
286.24	0.952271
287.24	0.962036
288.24	0.963623
289.24	0.963623
290.24	0.971802
291.24	0.981506
292.24	0.98468
293.24	0.983154
294.24	0.983154
295.24	0.983154
296.24	0.983154
297.24	0.981567
298.24	0.962036
299.24	1.07703
300.24	0.902954
301.24	0.628601
302.24	0.79071
303.24	0.833923
304.24	0.882813
305.24	0.89032
306.24	0.894226
307.24	0.907532
308.24	0.933289
309.24	0.972412
310.24	1.00055
311.24	1.01697
312.24	1.02362
313.24	1.03149
314.24	1.05951
315.24	1.07605
316.24	1.09558
317.24	1.13464
318.24	1.15454
319.24	1.17249
320.24	1.17566
321.24	1.18225
322.24	1.1886
323.24	1.18225
324.24	1.19049
325.24	1.2085
326.24	1.22644
327.24	1.24915
328.24	1.26898
329.24	1.27875
330.24	1.29834
331.24	1.30804
332.24	1.30969
333.24	1.31
334.24	1.30804
335.24	1.31787
336.24	1.31781
337.24	1.31946
338.24	1.32953
339.24	1.34717
340.24	1.3573
341.24	1.37024
342.24	1.36707
343.24	1.37689
344.24	1.36707
345.24	1.36517
346.24	1.36713
347.24	1.36389
348.24	1.37335
349.24	1.36713
350.24	1.37524
351.24	1.37842
352.24	1.36707
353.24	1.38
354.24	1.39478
355.24	1.39795
356.24	1.41437
357.24	1.41626
358.24	1.42413
359.24	1.41595
360.24	1.41437
361.24	1.41467
362.24	1.41595
363.24	1.41595
364.24	1.41626
365.24	1.4339
366.24	1.43896
367.24	1.44397
368.24	1.44525
369.24	1.45538
370.24	1.46362
371.24	1.4635
372.24	1.4632
373.24	1.45697
374.24	1.47327
375.24	1.46478
376.24	1.46362
377.24	1.44214
378.24	1.4046
379.24	1.37219
380.24	1.33276
381.24	1.30182
382.24	1.2851
383.24	1.27728
384.24	1.28394
385.24	1.28381
386.24	1.2851
387.24	1.31165
388.24	1.36865
389.24	1.59454
390.24	0.994995
391.24	2.64471
392.24	1.72748
393.24	1.73438
394.24	1.71228
395.24	1.69409
396.24	1.69366
397.24	1.64905
398.24	1.6264
399.24	1.65424
400.24	1.68024
401.24	1.66858
402.24	1.64587
403.24	1.62946
404.24	1.6474
405.24	1.6994
406.24	1.72711
407.24	1.71417
408.24	1.70593
409.24	1.69775
410.24	1.71094
411.24	1.71222
412.24	1.72382
413.24	1.73517
414.24	1.74493
415.24	1.74646
416.24	1.75635
417.24	1.73669
418.24	1.7301
419.24	1.71875
420.24	1.70892
421.24	1.70038
422.24	1.70233
423.24	1.6828
424.24	1.67139
425.24	1.66132
426.24	1.66132
427.24	1.67139
428.24	1.66443
429.24	1.67456
430.24	1.67419
431.24	1.6925
432.24	1.69373
433.24	1.70392
434.24	1.71869
435.24	1.72021
436.24	1.72021
437.24	1.71826
438.24	1.71674
439.24	1.71991
440.24	1.71558
441.24	1.71515
442.24	1.7168
443.24	1.7171
444.24	1.72491
445.24	1.72498
446.24	1.71674
447.24	1.7168
448.24	1.7171
449.24	1.71515
450.24	1.70697
451.24	1.70862
452.24	1.71362
453.24	1.71674
454.24	1.70862
455.24	1.70892
456.24	1.70538
457.24	1.70703
458.24	1.69916
459.24	1.70386
460.24	1.71838
461.24	1.71869
462.24	1.71869
463.24	1.69873
464.24	1.6972
465.24	1.69885
466.24	1.6972
467.24	1.70538
468.24	1.70862
469.24	1.71869
470.24	1.73663
471.24	1.73822
472.24	1.73792
473.24	1.74799
474.24	1.75775
475.24	1.7757
476.24	1.76917
477.24	1.78394
478.24	1.80664
479.24	1.81519
480.24	1.81476
481.24	1.83594
482.24	1.83783
483.24	1.83936
484.24	1.83936
485.24	1.8476
486.24	1.85077
487.24	1.85107
488.24	1.84912
489.24	1.84912
490.24	1.85736
491.24	1.86713
492.24	1.88007
493.24	1.88196
494.24	1.89014
495.24	1.89014
496.24	1.88037
497.24	1.87219
498.24	1.86865
499.24	1.87689
500.24	1.87842
501.24	1.88818
502.24	1.88983
503.24	1.89172
504.24	1.89014
505.24	1.89014
506.24	1.90814
507.24	1.91791
508.24	1.91943
509.24	1.92737
510.24	1.93744
511.24	1.94873
512.24	1.94873
513.24	1.9585
514.24	1.96826
515.24	1.97968
516.24	1.97998
517.24	1.98822
518.24	1.97998
519.24	1.97845
520.24	1.96826
521.24	1.97815
522.24	1.98822
523.24	1.99799
524.24	2.00928
525.24	2.01086
526.24	2.01904
527.24	2.02881
528.24	2.0304
529.24	2.03046
530.24	2.04718
531.24	2.05853
532.24	2.06982
533.24	2.06787
534.24	2.04993
535.24	2.04993
536.24	2.04016
537.24	2.04022
538.24	2.03076
539.24	2.04053
540.24	2.0683
541.24	2.06982
542.24	2.07959
543.24	2.09094
544.24	2.09094
545.24	2.10736
546.24	2.10077
547.24	2.10736
548.24	2.11865
549.24	2.12842
550.24	2.13818
551.24	2.15619
552.24	2.14954
553.24	2.16913
554.24	2.16943
555.24	2.18079
556.24	2.1792
557.24	2.19055
558.24	2.20386
559.24	2.19409
560.24	2.20227
561.24	2.20227
562.24	2.20227
563.24	2.20227
564.24	2.20227
565.24	2.22021
566.24	2.21204
567.24	2.2218
568.24	2.2218
569.24	2.23157
570.24	2.24133
571.24	2.24133
572.24	2.25928
573.24	2.25269
574.24	2.25269
575.24	2.2511
576.24	2.2511
577.24	2.26282
578.24	2.26282
579.24	2.26282
580.24	2.271
581.24	2.28076
582.24	2.29053
583.24	2.30188
584.24	2.31982
585.24	2.33936
586.24	2.34094
587.24	2.34094
588.24	2.35071
589.24	2.35889
590.24	2.34094
591.24	2.34094
592.24	2.33936
593.24	2.35077
594.24	2.35266
595.24	2.35266
596.24	2.36243
597.24	2.37219
598.24	2.3819
599.24	2.38977
600.24	2.38977
601.24	2.39954
602.24	2.39136
603.24	2.40149
604.24	2.41125
605.24	2.41125
606.24	2.4292
607.24	2.44055
608.24	2.45038
609.24	2.46204
610.24	2.4718
611.24	2.48157
612.24	2.48157
613.24	2.48157
614.24	2.49133
615.24	2.49133
616.24	2.49133
617.24	2.48157
618.24	2.49951
619.24	2.5011
620.24	2.49292
621.24	2.5011
622.24	2.51282
623.24	2.52258
624.24	2.51276
625.24	2.51245
626.24	2.51245
627.24	2.51086
628.24	2.51086
629.24	2.51245
630.24	2.51086
631.24	2.51752
632.24	2.52881
633.24	2.54016
634.24	2.54993
635.24	2.56952
636.24	2.58936
637.24	2.60425
638.24	2.61237
639.24	2.61206
640.24	2.61047
641.24	2.60382
642.24	2.61206
643.24	2.61047
644.24	2.62219
645.24	2.63037
646.24	2.64014
647.24	2.64172
648.24	2.6499
649.24	2.66125
650.24	2.66125
651.24	2.66125
652.24	2.66125
653.24	2.65308
654.24	2.66125
655.24	2.65308
656.24	2.66125
657.24	2.6792
658.24	2.68237
659.24	2.68237
660.24	2.68237
661.24	2.69055
662.24	2.69409
663.24	2.70227
664.24	2.71204
665.24	2.7218
666.24	2.72339
667.24	2.70374
668.24	2.70032
669.24	2.68237
670.24	2.68079
671.24	2.69055
672.24	2.70032
673.24	2.71008
674.24	2.71985
675.24	2.72339
676.24	2.73315
677.24	2.73468
678.24	2.74133
679.24	2.7511
680.24	2.76086
681.24	2.77417
682.24	2.77258
683.24	2.76276
684.24	2.77063
685.24	2.77222
686.24	2.76245
687.24	2.76086
688.24	2.76904
689.24	2.76904
690.24	2.80865
691.24	2.5733
692.24	2.44733
693.24	2.55658
694.24	2.60638
695.24	2.65198
696.24	2.66486
697.24	2.66327
698.24	2.67664
699.24	2.72119
700.24	2.75867
701.24	2.79315
702.24	2.79968
703.24	2.81586
704.24	2.82593
705.24	2.83063
706.24	2.84558
707.24	2.86664
708.24	2.89636
709.24	2.92407
710.24	2.95178
711.24	2.95648
712.24	2.95496
713.24	2.96979
714.24	2.98932
715.24	3.02026
716.24	3.02875
717.24	3.03857
718.24	3.05334
719.24	3.06158
720.24	3.04987
721.24	3.04175
722.24	3.03033
723.24	3.02057
724.24	3.0108
725.24	3.0105
726.24	3.01898
727.24	3.0304
728.24	3.03851
729.24	3.03699
730.24	3.03662
731.24	3.02875
732.24	3.0351
733.24	3.02881
734.24	3.03699
735.24	3.04834
736.24	3.05847
737.24	3.05811
738.24	3.06824
739.24	3.07764
740.24	3.06976
741.24	3.06787
742.24	3.06665
743.24	3.06635
744.24	3.07452
745.24	3.08459
746.24	3.09564
747.24	3.11554
748.24	3.1073
749.24	3.11517
750.24	3.11713
751.24	3.11548
752.24	3.11517
753.24	3.11548
754.24	3.12494
755.24	3.13818
756.24	3.14008
757.24	3.13666
758.24	3.1366
759.24	3.13666
760.24	3.12531
761.24	3.12366
762.24	3.11359
763.24	3.10541
764.24	3.09601
765.24	3.08618
766.24	3.09253
767.24	3.08276
768.24	3.06323
769.24	3.0437
770.24	3.0144
771.24	2.99133
772.24	2.97174
773.24	2.9632
774.24	2.96515
775.24	2.96515
776.24	2.95374
777.24	2.9632
778.24	2.99292
779.24	3.02063
780.24	3.2121
781.24	2.67218
782.24	4.33508
783.24	3.35382
784.24	3.39087
785.24	3.42938
786.24	3.37183
787.24	3.3783
788.24	3.39398
789.24	3.40057
790.24	3.36609
791.24	3.38104
792.24	3.40057
793.24	3.43658
794.24	3.45288
795.24	3.45789
796.24	3.46417
797.24	3.45752
798.24	3.45593
799.24	3.45905
800.24	3.47888
801.24	3.48328
802.24	3.49335
803.24	3.51447
804.24	3.52423
805.24	3.51758
806.24	3.52734
807.24	3.5387
808.24	3.52069
809.24	3.53088
810.24	3.54053
811.24	3.55194
812.24	3.55194
813.24	3.55188
814.24	3.56329
815.24	3.56482
816.24	3.56519
817.24	3.56476
818.24	3.55664
819.24	3.5437
820.24	3.54376
821.24	3.5437
822.24	3.54529
823.24	3.57147
824.24	3.58313
825.24	3.60077
826.24	3.62219
827.24	3.63361
828.24	3.62689
829.24	3.61877
830.24	3.61084
831.24	3.61084
832.24	3.60736
833.24	3.61554
834.24	3.62695
835.24	3.64526
836.24	3.64642
837.24	3.65466
838.24	3.65503
839.24	3.65625
840.24	3.66632
841.24	3.66632
842.24	3.68396
843.24	3.69562
844.24	3.69885
845.24	3.70892
846.24	3.71515
847.24	3.7265
848.24	3.71991
849.24	3.72687
850.24	3.73663
851.24	3.73627
852.24	3.72968
853.24	3.7464
854.24	3.75616
855.24	3.76758
856.24	3.77728
857.24	3.79523
858.24	3.79846
859.24	3.79877
860.24	3.79053
861.24	3.79681
862.24	3.80499
863.24	3.81799
864.24	3.83624
865.24	3.8476
866.24	3.84924
867.24	3.85931
868.24	3.84912
869.24	3.84912
870.24	3.8476
871.24	3.84924
872.24	3.85931
873.24	3.85736
874.24	3.86713
875.24	3.86713
876.24	3.86877
877.24	3.88861
878.24	3.8999
879.24	3.90967
880.24	3.90967
881.24	3.91943
882.24	3.93909
883.24	3.93744
884.24	3.93896
885.24	3.94873
886.24	3.94873
887.24	3.9585
888.24	3.95038
889.24	3.95892
890.24	3.97845
891.24	3.98822
892.24	3.98975
893.24	3.99951
894.24	4.01093
895.24	4.021
896.24	4.01904
897.24	4.01086
898.24	4.01904
899.24	4.01904
900.24	4.01086
901.24	4.01086
902.24	4.01086
903.24	4.00928
904.24	4.01086
905.24	4.01904
906.24	4.04846
907.24	4.06006
908.24	4.07806
909.24	4.09912
910.24	4.11865
911.24	4.13666
912.24	4.14954
913.24	4.14954
914.24	4.17108
915.24	4.19092
916.24	4.1925
917.24	4.20068
918.24	4.21045
919.24	4.22021
920.24	4.2085
921.24	4.21826
922.24	4.21826
923.24	4.22803
924.24	4.21991
925.24	4.22998
926.24	4.23975
927.24	4.25775
928.24	4.25928
929.24	4.25269
930.24	4.25928
931.24	4.26904
932.24	4.26086
933.24	4.25269
934.24	4.25928
935.24	4.26904
936.24	4.28046
937.24	4.28235
938.24	4.29053
939.24	4.30853
940.24	4.31982
941.24	4.32806
942.24	4.34924
943.24	4.35107
944.24	4.37885
945.24	4.3999
946.24	4.40149
947.24	4.41125
948.24	4.42261
949.24	4.42261
950.24	4.42261
951.24	4.42456
952.24	4.43268
953.24	4.43237
954.24	4.44055
955.24	4.44055
956.24	4.45032
957.24	4.44055
958.24	4.44055
959.24	4.43896
960.24	4.45032
961.24	4.46985
962.24	4.47144
963.24	4.47961
964.24	4.49292
965.24	4.50928
966.24	4.51904
967.24	4.54022
968.24	4.56006
969.24	4.57141
970.24	4.59094
971.24	4.59448
972.24	4.60266
973.24	4.6026
974.24	4.60229
975.24	4.60071
976.24	4.60229
977.24	4.61865
978.24	4.61206
979.24	4.62024
980.24	4.62024
981.24	4.62024
982.24	4.62024
983.24	4.61047
984.24	4.62024
985.24	4.62842
986.24	4.63977
987.24	4.65967
988.24	4.67102
989.24	4.69061
990.24	4.70227
991.24	4.71204
992.24	4.71204
993.24	4.7218
994.24	4.7218
995.24	4.74133
996.24	4.74475
997.24	4.74292
998.24	4.74292
999.24	4.74292
1000.24	4.7511
1001.24	4.74292
1002.24	4.73315
1003.24	4.73315
1004.24	4.7511
1005.24	4.76282
1006.24	4.77258
1007.24	4.79211
1008.24	4.81165
1009.24	4.82141
1010.24	4.83307
1011.24	4.83118
1012.24	4.83118
1013.24	4.83276
1014.24	4.84094
1015.24	4.84094
1016.24	4.84912
1017.24	4.85071
1018.24	4.85229
1019.24	4.86865
1020.24	4.87024
1021.24	4.88
1022.24	4.88
1023.24	4.8996
1024.24	4.91125
1025.24	4.91119
1026.24	4.9093
1027.24	4.90112
1028.24	4.91284
1029.24	4.91437
1030.24	4.91437
1031.24	4.91284
1032.24	4.92102
1033.24	4.9425
1034.24	4.95227
1035.24	4.94244
1036.24	4.95032
1037.24	4.95032
1038.24	4.96008
1039.24	4.96167
1040.24	4.96167
1041.24	4.96985
1042.24	4.97339
1043.24	4.98157
1044.24	4.97339
1045.24	4.98315
1046.24	4.98157
1047.24	5.0011
1048.24	4.99445
1049.24	4.98303
1050.24	4.98938
1051.24	5.00269
1052.24	5.00269
1053.24	5.02063
1054.24	5.02222
1055.24	5.04016
1056.24	5.0437
1057.24	5.04523
1058.24	5.06165
1059.24	5.07141
1060.24	5.08276
1061.24	5.0929
1062.24	5.1026
1063.24	5.10229
1064.24	5.10229
1065.24	5.11047
1066.24	5.11206
1067.24	5.12183
1068.24	5.12378
1069.24	5.11401
1070.24	5.11401
1071.24	5.11237
1072.24	5.13007
1073.24	5.14172
1074.24	5.14172
1075.24	5.15143
1076.24	5.17261
1077.24	5.17261
1078.24	5.18079
1079.24	5.19055
1080.24	5.19873
1081.24	5.2876
1082.24	4.96252
1083.24	4.92206
1084.24	4.99811
1085.24	5.02838
1086.24	5.0575
1087.24	5.09503
1088.24	5.10986
1089.24	5.11493
1090.24	5.13104
1091.24	5.15094
1092.24	5.15912
1093.24	5.15601
1094.24	5.18024
1095.24	5.21783
1096.24	5.23773
1097.24	5.26392
1098.24	5.27679
1099.24	5.28699
1100.24	5.29517
1101.24	5.32135
1102.24	5.33423
1103.24	5.34088
1104.24	5.34717
1105.24	5.35065
1106.24	5.36047
1107.24	5.35883
1108.24	5.36707
1109.24	5.37183
1110.24	5.36041
1111.24	5.35065
1112.24	5.34058
1113.24	5.33929
1114.24	5.3374
1115.24	5.33929
1116.24	5.34753
1117.24	5.37494
1118.24	5.38666
1119.24	5.39478
1120.24	5.39642
1121.24	5.39642
1122.24	5.37683
1123.24	5.35889
1124.24	5.37524
1125.24	5.35852
1126.24	5.36707
1127.24	5.36047
1128.24	5.36548
1129.24	5.36517
1130.24	5.3573
1131.24	5.3374
1132.24	5.33588
1133.24	5.33459
1134.24	5.32611
1135.24	5.32611
1136.24	5.32288
1137.24	5.33429
1138.24	5.35382
1139.24	5.35736
1140.24	5.36389
1141.24	5.36359
1142.24	5.35541
1143.24	5.35413
1144.24	5.34406
1145.24	5.34406
1146.24	5.34564
1147.24	5.34436
1148.24	5.34564
1149.24	5.34564
1150.24	5.35413
1151.24	5.35382
1152.24	5.35382
1153.24	5.35382
1154.24	5.35413
1155.24	5.35382
1156.24	5.34564
1157.24	5.33429
1158.24	5.323
1159.24	5.28381
1160.24	5.23315
1161.24	5.1839
1162.24	5.14331
1163.24	5.12378
1164.24	5.11389
1165.24	5.12183
1166.24	5.13159
1167.24	5.13507
1168.24	5.16125
1169.24	5.20032
1170.24	5.23822
1171.24	5.46375
1172.24	4.92969
1173.24	6.42102
1174.24	5.51477
1175.24	5.50024
1176.24	5.45813
1177.24	5.45752
1178.24	5.42108
1179.24	5.43866
1180.24	5.44049
1181.24	5.4483
1182.24	5.43854
1183.24	5.44672
1184.24	5.47601
1185.24	5.52014
1186.24	5.53461
1187.24	5.52319
1188.24	5.52313
1189.24	5.56537
1190.24	5.59821
1191.24	5.63092
1192.24	5.63251
1193.24	5.63562
1194.24	5.63721
1195.24	5.63708
1196.24	5.65167
1197.24	5.64374
1198.24	5.67468
1199.24	5.67657
1200.24	5.67615
1201.24	5.69611
1202.24	5.7074
1203.24	5.70392
1204.24	5.70544
1205.24	5.7168
1206.24	5.72852
1207.24	5.73828
1208.24	5.73987
1209.24	5.74963
1210.24	5.75116
1211.24	5.771
1212.24	5.77228
1213.24	5.784
1214.24	5.79211
1215.24	5.80353
1216.24	5.80029
1217.24	5.81171
1218.24	5.81329
1219.24	5.80188
1220.24	5.78552
1221.24	5.78235
1222.24	5.79376
1223.24	5.79376
1224.24	5.81006
1225.24	5.82306
1226.24	5.83472
1227.24	5.83435
1228.24	5.84448
1229.24	5.8457
1230.24	5.85425
1231.24	5.85742
1232.24	5.87219
1233.24	5.88513
1234.24	5.88702
1235.24	5.90466
1236.24	5.91632
1237.24	5.94409
1238.24	5.95544
1239.24	5.96362
1240.24	5.98322
1241.24	5.98663
1242.24	5.98633
1243.24	6.00305
1244.24	6.00586
1245.24	6.02417
1246.24	6.02576
1247.24	6.03394
1248.24	6.05505
1249.24	6.06519
1250.24	6.0683
1251.24	6.07617
1252.24	6.09448
1253.24	6.09601
1254.24	6.0957
1255.24	6.0976
1256.24	6.0976
1257.24	6.10901
1258.24	6.10931
1259.24	6.10577
1260.24	6.12695
1261.24	6.12885
1262.24	6.13861
1263.24	6.14484
1264.24	6.15625
1265.24	6.16791
1266.24	6.16791
1267.24	6.1875
1268.24	6.19562
1269.24	6.18744
1270.24	6.1972
1271.24	6.19885
1272.24	6.20892
1273.24	6.22687
1274.24	6.23627
1275.24	6.24768
1276.24	6.25775
1277.24	6.26593
1278.24	6.28711
1279.24	6.29877
1280.24	6.31006
1281.24	6.3183
1282.24	6.33936
1283.24	6.35077
1284.24	6.3429
1285.24	6.35931
1286.24	6.37885
1287.24	6.37689
1288.24	6.37842
1289.24	6.38831
1290.24	6.39014
1291.24	6.3999
1292.24	6.3999
1293.24	6.3999
1294.24	6.40967
1295.24	6.40967
1296.24	6.42932
1297.24	6.44092
1298.24	6.4472
1299.24	6.4585
1300.24	6.46826
1301.24	6.47803
1302.24	6.47803
1303.24	6.46991
1304.24	6.48822
1305.24	6.49799
1306.24	6.49799
1307.24	6.49951
1308.24	6.50928
1309.24	6.52063
1310.24	6.53046
1311.24	6.53076
1312.24	6.53076
1313.24	6.53705
1314.24	6.53705
1315.24	6.52893
1316.24	6.53076
1317.24	6.53076
1318.24	6.53705
1319.24	6.53857
1320.24	6.54834
1321.24	6.54993
1322.24	6.54993
1323.24	6.55811
1324.24	6.57928
1325.24	6.58936
1326.24	6.61554
1327.24	6.64838
1328.24	6.65619
1329.24	6.67737
1330.24	6.68896
1331.24	6.68896
1332.24	6.69055
1333.24	6.68896
1334.24	6.68079
1335.24	6.68079
1336.24	6.69055
1337.24	6.7085
1338.24	6.71985
1339.24	6.71985
1340.24	6.73157
1341.24	6.73157
1342.24	6.7511
1343.24	6.76086
1344.24	6.76904
1345.24	6.7804
1346.24	6.78857
1347.24	6.79999
1348.24	6.81006
1349.24	6.81006
1350.24	6.8183
1351.24	6.82959
1352.24	6.84094
1353.24	6.86047
1354.24	6.87024
1355.24	6.88
1356.24	6.90149
1357.24	6.90149
1358.24	6.89331
1359.24	6.88196
1360.24	6.88196
1361.24	6.87024
1362.24	6.85229
1363.24	6.85229
1364.24	6.87061
1365.24	6.88196
1366.24	6.8999
1367.24	6.9292
1368.24	6.9585
1369.24	6.97803
1370.24	6.97961
1371.24	6.99921
1372.24	7.00928
1373.24	7.01904
1374.24	7.01086
1375.24	7.02063
1376.24	7.01245
1377.24	7.00928
1378.24	7.0011
1379.24	7.00928
1380.24	7.01904
1381.24	7.01904
1382.24	7.03857
1383.24	7.05811
1384.24	7.08118
1385.24	7.09094
1386.24	7.09253
1387.24	7.10229
1388.24	7.10071
1389.24	7.10071
1390.24	7.09253
1391.24	7.09912
1392.24	7.10889
1393.24	7.11047
1394.24	7.10889
1395.24	7.11206
1396.24	7.11047
1397.24	7.11206
1398.24	7.11047
1399.24	7.10889
1400.24	7.11047
1401.24	7.10889
1402.24	7.11047
1403.24	7.11047
1404.24	7.12024
1405.24	7.13818
1406.24	7.14954
1407.24	7.1593
1408.24	7.16284
1409.24	7.17102
1410.24	7.17102
1411.24	7.17102
1412.24	7.17102
1413.24	7.1792
1414.24	7.18085
1415.24	7.1792
1416.24	7.18896
1417.24	7.19873
1418.24	7.21204
1419.24	7.22021
1420.24	7.23157
1421.24	7.23315
1422.24	7.24951
1423.24	7.24292
1424.24	7.2511
1425.24	7.25269
1426.24	7.2511
1427.24	7.26086
1428.24	7.26086
1429.24	7.26904
1430.24	7.2804
1431.24	7.2804
1432.24	7.29211
1433.24	7.2804
1434.24	7.27222
1435.24	7.28394
1436.24	7.28394
1437.24	7.29053
1438.24	7.2937
1439.24	7.30188
1440.24	7.29205
1441.24	7.29999
1442.24	7.29211
1443.24	7.28235
1444.24	7.29053
1445.24	7.29211
1446.24	7.30029
1447.24	7.30188
1448.24	7.30188
1449.24	7.30347
1450.24	7.30347
1451.24	7.28229
1452.24	7.29016
1453.24	7.29993
1454.24	7.30304
1455.24	7.30151
1456.24	7.32141
1457.24	7.34253
1458.24	7.35071
1459.24	7.36047
1460.24	7.37024
1461.24	7.37024
1462.24	7.38196
1463.24	7.37842
1464.24	7.38354
1465.24	7.38196
1466.24	7.37531
1467.24	7.37219
1468.24	7.38196
1469.24	7.39172
1470.24	7.3999
1471.24	7.41791
1472.24	7.44257
1473.24	7.02039
1474.24	7.10205
1475.24	7.12469
1476.24	7.16943
1477.24	7.25421
1478.24	7.32483
1479.24	7.29053
1480.24	7.29211
1481.24	7.33331
1482.24	7.36639
1483.24	7.38251
1484.24	7.40869
1485.24	7.42358
1486.24	7.45795
1487.24	7.47943
1488.24	7.4826
1489.24	7.47595
1490.24	7.4826
1491.24	7.49402
1492.24	7.51068
1493.24	7.51862
1494.24	7.52838
1495.24	7.53345
1496.24	7.52869
1497.24	7.53503
1498.24	7.54321
1499.24	7.55298
1500.24	7.55457
1501.24	7.56281
1502.24	7.56311
1503.24	7.5647
1504.24	7.57288
1505.24	7.58112
1506.24	7.59088
1507.24	7.5921
1508.24	7.59241
1509.24	7.58112
1510.24	7.59088
1511.24	7.59058
1512.24	7.58264
1513.24	7.56311
1514.24	7.55963
1515.24	7.54987
1516.24	7.54175
1517.24	7.5401
1518.24	7.54834
1519.24	7.56665
1520.24	7.55969
1521.24	7.55652
1522.24	7.54993
1523.24	7.54517
1524.24	7.54681
1525.24	7.54675
1526.24	7.54834
1527.24	7.55652
1528.24	7.54834
1529.24	7.54675
1530.24	7.54834
1531.24	7.54675
1532.24	7.52844
1533.24	7.52563
1534.24	7.52533
1535.24	7.52881
1536.24	7.53699
1537.24	7.5304
1538.24	7.5354
1539.24	7.54834
1540.24	7.55652
1541.24	7.54681
1542.24	7.54681
1543.24	7.54517
1544.24	7.54681
1545.24	7.53699
1546.24	7.52686
1547.24	7.51746
1548.24	7.51556
1549.24	7.51904
1550.24	7.53381
1551.24	7.75995
1552.24	8.02264
1553.24	7.95587
1554.24	7.9035
1555.24	7.8988
1556.24	7.88721
1557.24	7.86456
1558.24	7.7829
1559.24	7.64929
1560.24	7.41638
1561.24	7.36359
1562.24	7.35339
1563.24	7.34308
1564.24	7.30695
1565.24	7.2804
1566.24	7.27063
1567.24	7.24445
1568.24	7.25269
1569.24	7.29877
1570.24	7.38037
1571.24	7.79883
1572.24	7.58685
1573.24	7.97791
1574.24	7.6944
1575.24	7.7182
1576.24	7.67944
1577.24	7.69727
1578.24	7.72607
1579.24	7.7276
1580.24	7.72449
1581.24	7.71771
1582.24	7.71619
1583.24	7.73737
1584.24	7.77527
1585.24	7.79944
1586.24	7.81732
1587.24	7.83179
1588.24	7.85797
1589.24	7.89227
1590.24	7.91492
1591.24	7.9118
1592.24	7.91992
1593.24	7.92316
1594.24	7.92303
1595.24	7.9328
1596.24	7.94257
1597.24	7.95557
1598.24	7.96716
1599.24	8.0047
1600.24	8.02576
1601.24	8.03088
1602.24	8.03906
1603.24	8.04883
1604.24	8.05042
1605.24	8.05029
1606.24	8.06995
1607.24	8.08282
1608.24	8.0929
1609.24	8.08594
1610.24	8.08472
1611.24	8.08435
1612.24	8.08313
1613.24	8.09259
1614.24	8.10431
1615.24	8.12219
1616.24	8.13361
1617.24	8.15503
1618.24	8.15619
1619.24	8.16443
1620.24	8.17609
1621.24	8.17773
1622.24	8.18433
1623.24	8.19568
1624.24	8.21558
1625.24	8.21515
1626.24	8.22656
1627.24	8.23663
1628.24	8.24609
1629.24	8.2464
1630.24	8.25616
1631.24	8.26752
1632.24	8.27734
1633.24	8.28546
1634.24	8.28705
1635.24	8.29846
1636.24	8.30695
1637.24	8.31476
1638.24	8.32617
1639.24	8.33783
1640.24	8.33936
1641.24	8.35577
1642.24	8.36053
1643.24	8.37885
1644.24	8.38037
1645.24	8.38196
1646.24	8.37842
1647.24	8.38666
1648.24	8.37842
1649.24	8.37854
1650.24	8.38702
1651.24	8.3949
1652.24	8.40814
1653.24	8.41791
1654.24	8.44562
1655.24	8.4585
1656.24	8.46014
1657.24	8.47021
1658.24	8.47845
1659.24	8.48822
1660.24	8.48975
1661.24	8.46826
1662.24	8.46991
1663.24	8.46045
1664.24	8.45068
1665.24	8.44873
1666.24	8.44873
1667.24	8.4472
1668.24	8.44885
1669.24	8.45068
1670.24	8.4671
1671.24	8.47845
1672.24	8.48627
1673.24	8.50586
1674.24	8.52728
1675.24	8.52881
1676.24	8.53857
1677.24	8.54016
1678.24	8.54016
1679.24	8.54993
1680.24	8.54993
1681.24	8.55969
1682.24	8.55811
1683.24	8.56952
1684.24	8.56982
1685.24	8.57806
1686.24	8.58118
1687.24	8.57959
1688.24	8.57959
1689.24	8.58936
1690.24	8.57959
1691.24	8.591
1692.24	8.5976
1693.24	8.59912
1694.24	8.60889
1695.24	8.61865
1696.24	8.62842
1697.24	8.62024
1698.24	8.62024
1699.24	8.62842
1700.24	8.63977
1701.24	8.64954
1702.24	8.66125
1703.24	8.66943
1704.24	8.67102
1705.24	8.68085
1706.24	8.6792
1707.24	8.6792
1708.24	8.6792
1709.24	8.6792
1710.24	8.66125
1711.24	8.66125
1712.24	8.65149
1713.24	8.65149
1714.24	8.6499
1715.24	8.65967
1716.24	8.65771
1717.24	8.66913
1718.24	8.67102
1719.24	8.66943
1720.24	8.6972
1721.24	8.7085
1722.24	8.71008
1723.24	8.71008
1724.24	8.72998
1725.24	8.74799
1726.24	8.73938
1727.24	8.76093
1728.24	8.771
1729.24	8.76904
1730.24	8.77881
1731.24	8.7804
1732.24	8.77063
1733.24	8.77063
1734.24	8.77063
1735.24	8.77063
1736.24	8.77063
1737.24	8.77222
1738.24	8.77417
1739.24	8.78235
1740.24	8.78394
1741.24	8.79211
1742.24	8.80182
1743.24	8.80151
1744.24	8.79993
1745.24	8.79175
1746.24	8.79175
1747.24	8.7804
1748.24	8.77881
1749.24	8.77222
1750.24	8.78857
1751.24	8.80811
1752.24	8.80969
1753.24	8.81787
1754.24	8.81946
1755.24	8.81946
1756.24	8.81946
1757.24	8.823
1758.24	8.81323
1759.24	8.81165
1760.24	8.81323
1761.24	8.82141
1762.24	8.823
1763.24	8.83118
1764.24	8.83276
1765.24	8.823
1766.24	8.82141
1767.24	8.83276
1768.24	8.8429
1769.24	8.8429
1770.24	8.85107
1771.24	8.86401
1772.24	8.87219
1773.24	8.87213
1774.24	8.86206
1775.24	8.87024
1776.24	8.86359
1777.24	8.86047
1778.24	8.86047
1779.24	8.87024
1780.24	8.87842
1781.24	8.87842
1782.24	8.86865
1783.24	8.87024
1784.24	8.87024
1785.24	8.87024
1786.24	8.87024
1787.24	8.88
1788.24	8.88977
1789.24	8.8996
1790.24	8.90967
1791.24	8.90149
1792.24	8.90149
1793.24	8.91125
1794.24	8.90308
1795.24	8.91119
1796.24	8.91284
1797.24	8.91284
1798.24	8.91125
1799.24	8.92102
1800.24	8.92102
1801.24	8.92102
1802.24	8.92102
1803.24	8.9292
1804.24	8.94055
1805.24	8.94055
1806.24	8.94214
1807.24	8.94873
1808.24	8.9519
1809.24	8.9519
1810.24	8.94214
1811.24	8.94214
1812.24	8.94409
1813.24	8.93433
1814.24	8.93268
1815.24	8.93079
1816.24	8.93079
1817.24	8.94055
1818.24	8.94055
1819.24	8.95038
1820.24	8.95227
1821.24	8.95221
1822.24	8.96167
1823.24	8.96167
1824.24	8.96985
1825.24	8.97339
1826.24	8.97339
1827.24	8.9718
1828.24	8.97998
1829.24	8.99133
1830.24	8.98315
1831.24	8.99133
1832.24	8.99292
1833.24	8.98157
1834.24	8.98315
1835.24	8.99133
1836.24	8.97339
1837.24	8.96362
1838.24	8.9718
1839.24	8.97174
1840.24	8.96167
1841.24	8.97961
1842.24	8.99951
1843.24	9.01086
1844.24	9.02063
1845.24	9.02063
1846.24	9.02063
1847.24	9.01245
1848.24	9.00269
1849.24	9.01086
1850.24	9.02063
1851.24	9.02063
1852.24	9.01245
1853.24	9.00269
1854.24	9.01086
1855.24	9.01245
1856.24	9.01086
1857.24	9.00269
1858.24	9.00269
1859.24	9.00299
1860.24	9.0011
1861.24	9.0011
1862.24	8.99292
1863.24	8.99292
1864.24	8.99133
1865.24	8.99951
1866.24	9.00269
1867.24	9.01086
1868.24	9.02222
1869.24	9.03705
1870.24	9.04016
1871.24	9.05823
1872.24	9.23901
1873.24	8.31604
1874.24	8.79584
1875.24	8.81616
1876.24	8.87732
1877.24	8.91675
1878.24	8.96564
1879.24	8.99335
1880.24	8.95392
1881.24	8.93799
1882.24	8.95636
1883.24	8.98413
1884.24	8.98248
1885.24	8.97241
1886.24	8.95953
1887.24	8.97437
1888.24	8.96619
1889.24	8.95483
1890.24	8.95142
1891.24	8.95013
1892.24	8.95807
1893.24	8.9483
1894.24	8.95844
1895.24	8.94861
1896.24	8.95648
1897.24	8.9483
1898.24	8.93726
1899.24	8.93542
1900.24	8.93384
1901.24	8.93384
1902.24	8.93195
1903.24	8.92566
1904.24	8.91425
1905.24	8.90424
1906.24	8.90143
1907.24	8.89319
1908.24	8.87994
1909.24	8.88159
1910.24	8.88031
1911.24	8.87994
1912.24	8.86194
1913.24	8.86359
1914.24	8.86041
1915.24	8.85065
1916.24	8.84906
1917.24	8.84875
1918.24	8.8573
1919.24	8.84875
1920.24	8.82953
1921.24	8.8374
1922.24	8.82135
1923.24	8.79828
1924.24	8.79834
1925.24	8.78851
1926.24	8.79834
1927.24	8.80493
1928.24	8.80811
1929.24	8.80811
1930.24	8.80847
1931.24	8.80811
1932.24	8.79675
1933.24	8.77875
1934.24	8.77686
1935.24	8.75922
1936.24	8.73938
1937.24	8.72644
1938.24	8.71985
1939.24	8.71509
1940.24	8.7085
1941.24	8.69714
1942.24	8.68042
1943.24	8.67761
1944.24	8.67572
1945.24	8.67603
1946.24	8.67572
1947.24	8.66595
1948.24	8.66437
1949.24	8.64673
1950.24	8.63666
1951.24	8.63507
1952.24	8.64478
1953.24	8.64484
1954.24	8.64484
1955.24	8.64478
1956.24	8.62024
1957.24	8.61548
1958.24	8.60541
1959.24	8.5874
1960.24	8.58618
1961.24	8.58429
1962.24	8.58276
1963.24	8.57446
1964.24	8.57452
1965.24	8.57452
1966.24	8.55499
1967.24	8.54523
1968.24	8.54358
1969.24	8.52533
1970.24	8.5257
1971.24	8.5061
1972.24	8.5058
1973.24	8.49603
1974.24	8.48657
1975.24	8.49445
1976.24	8.4765
1977.24	8.4635
1978.24	8.4632
1979.24	8.46167
1980.24	8.46515
1981.24	8.45538
1982.24	8.45374
1983.24	8.46167
1984.24	8.45343
1985.24	8.46362
1986.24	8.45538
1987.24	8.44397
1988.24	8.4339
1989.24	8.42413
1990.24	8.41437
1991.24	8.40295
1992.24	8.40308
1993.24	8.39484
1994.24	8.39331
1995.24	8.38354
1996.24	8.38354
1997.24	8.39172
1998.24	8.40149
1999.24	8.40308
2000.24	8.40143
2001.24	8.39288
2002.24	8.39331
2003.24	8.37183
2004.24	8.36206
2005.24	8.35229
2006.24	8.35071
2007.24	8.35071
2008.24	8.34253
2009.24	8.34094
2010.24	8.33112
2011.24	8.33276
2012.24	8.323
2013.24	8.32141
2014.24	8.323
2015.24	8.31323
2016.24	8.29523
2017.24	8.29211
2018.24	8.28394
2019.24	8.28394
2020.24	8.27252
2021.24	8.26398
2022.24	8.27222
2023.24	8.2804
2024.24	8.27222
2025.24	8.26245
2026.24	8.26086
2027.24	8.24292
2028.24	8.22339
2029.24	8.21198
2030.24	8.2019
2031.24	8.2019
2032.24	8.20032
2033.24	8.21008
2034.24	8.21008
2035.24	8.2019
2036.24	8.19214
2037.24	8.18237
2038.24	8.17261
2039.24	8.16284
2040.24	8.16125
2041.24	8.15149
2042.24	8.14166
2043.24	8.13983
2044.24	8.1319
2045.24	8.13977
2046.24	8.13312
2047.24	8.13159
2048.24	8.13354
2049.24	8.13354
2050.24	8.12531
2051.24	8.10413
2052.24	8.10229
2053.24	8.09253
2054.24	8.07452
2055.24	8.06323
2056.24	8.06323
2057.24	8.06323
2058.24	8.05334
2059.24	8.05151
2060.24	8.05347
2061.24	8.03546
2062.24	8.0257
2063.24	8.03235
2064.24	8.02252
2065.24	8.0304
2066.24	8.01556
2067.24	8.01398
2068.24	8.01245
2069.24	8.00421
2070.24	7.99475
2071.24	7.99445
2072.24	7.98468
2073.24	7.98315
2074.24	7.97339
2075.24	7.96198
2076.24	7.96167
2077.24	7.95343
2078.24	7.96362
2079.24	7.9472
2080.24	7.95374
2081.24	7.95502
2082.24	7.95538
2083.24	7.94556
2084.24	7.94525
2085.24	7.9472
2086.24	7.94556
2087.24	7.93549
2088.24	7.94214
2089.24	7.93585
2090.24	7.92444
2091.24	7.92413
2092.24	7.93237
2093.24	7.9339
2094.24	7.93585
2095.24	7.9342
2096.24	7.92413
2097.24	7.91437
2098.24	7.90454
2099.24	7.8847
2100.24	7.88666
2101.24	7.88501
2102.24	7.87494
2103.24	7.87531
2104.24	7.88354
2105.24	7.88342
2106.24	7.88159
2107.24	7.88977
2108.24	7.90308
2109.24	7.90308
2110.24	7.88507
2111.24	7.88354
2112.24	7.89172
2113.24	7.87366
2114.24	7.86206
2115.24	7.86206
2116.24	7.86047
2117.24	7.84253
2118.24	7.84406
2119.24	7.83423
2120.24	7.82452
2121.24	7.82452
2122.24	7.81476
2123.24	7.81476
2124.24	7.81158
2125.24	7.79993
2126.24	7.80151
2127.24	7.79175
2128.24	7.78198
2129.24	7.77374
2130.24	7.78235
2131.24	7.78394
2132.24	7.78394
2133.24	7.77252
2134.24	7.77222
2135.24	7.75421
2136.24	7.74445
2137.24	7.72491
2138.24	7.7135
2139.24	7.7132
2140.24	7.71515
2141.24	7.71362
2142.24	7.70386
2143.24	7.71204
2144.24	7.7218
2145.24	7.72339
2146.24	7.73151
2147.24	7.7312
2148.24	7.73468
2149.24	7.72339
2150.24	7.72339
2151.24	7.70386
2152.24	7.69409
2153.24	7.68268
2154.24	7.69055
2155.24	7.69214
2156.24	7.69214
2157.24	7.69214
2158.24	7.69055
2159.24	7.69055
2160.24	7.68079
2161.24	7.67261
2162.24	7.67261
2163.24	7.66437
2164.24	7.64319
2165.24	7.63159
2166.24	7.65149
2167.24	7.65308
2168.24	7.64331
2169.24	7.65149
2170.24	7.66125
2171.24	7.6546
2172.24	7.65308
2173.24	7.65308
2174.24	7.65143
2175.24	7.64484
2176.24	7.63354
2177.24	7.63354
2178.24	7.63354
2179.24	7.62378
2180.24	7.61401
2181.24	7.6026
2182.24	7.60229
2183.24	7.58429
2184.24	7.573
2185.24	7.56323
2186.24	7.57959
2187.24	7.573
2188.24	7.57141
2189.24	7.58118
2190.24	7.57959
2191.24	7.573
2192.24	7.57141
2193.24	7.56323
2194.24	7.55347
2195.24	7.55188
2196.24	7.54205
2197.24	7.52222
2198.24	7.51245
2199.24	7.49445
2200.24	7.48315
2201.24	7.48315
2202.24	7.47339
2203.24	7.47339
2204.24	7.47174
2205.24	7.45343
2206.24	7.45343
2207.24	7.46362
2208.24	7.46362
2209.24	7.46204
2210.24	7.45386
2211.24	7.46045
2212.24	7.47021
2213.24	7.46204
2214.24	7.46204
2215.24	7.46362
2216.24	7.46362
2217.24	7.46198
2218.24	7.4519
2219.24	7.46008
2220.24	7.48779
2221.24	7.48938
2222.24	7.49292
2223.24	7.49292
2224.24	7.48315
2225.24	7.49292
2226.24	7.47491
2227.24	7.4718
2228.24	7.46204
2229.24	7.4718
2230.24	7.46204
2231.24	7.45227
2232.24	7.45227
2233.24	7.44409
2234.24	7.44244
2235.24	7.44214
2236.24	7.44214
2237.24	7.43237
2238.24	7.42102
2239.24	7.41125
2240.24	7.40149
2241.24	7.40967
2242.24	7.40149
2243.24	7.38
2244.24	7.38
2245.24	7.38159
2246.24	7.37183
2247.24	7.37024
2248.24	7.36206
2249.24	7.36401
2250.24	7.36401
2251.24	7.35425
2252.24	7.34283
2253.24	7.36047
2254.24	7.34406
2255.24	7.34094
2256.24	7.34253
2257.24	7.33276
2258.24	7.33118
2259.24	7.33118
2260.24	7.33276
2261.24	7.33936
2262.24	7.34094
2263.24	7.35889
2264.24	7.36206
2265.24	7.36047
2266.24	7.36047
2267.24	7.34253
2268.24	7.33429
2269.24	7.32135
2270.24	7.30151
2271.24	7.28351
2272.24	7.27222
2273.24	7.27063
2274.24	7.26086
2275.24	7.26086
2276.24	7.26086
2277.24	7.27881
2278.24	7.2804
2279.24	7.2937
2280.24	7.2937
2281.24	7.28394
2282.24	7.2937
2283.24	7.30182
2284.24	7.29327
2285.24	7.29175
2286.24	7.29993
2287.24	7.29523
2288.24	7.28394
2289.24	7.27417
2290.24	7.27417
2291.24	7.27258
2292.24	7.26276
2293.24	7.25421
2294.24	7.2511
2295.24	7.25269
2296.24	7.24292
2297.24	7.23315
2298.24	7.23157
2299.24	7.23975
2300.24	7.22339
2301.24	7.2218
2302.24	7.23157
2303.24	7.23157
2304.24	7.22491
2305.24	7.22327
2306.24	7.23315
2307.24	7.23315
2308.24	7.22339
2309.24	7.21204
2310.24	7.20386
2311.24	7.19873
2312.24	7.18237
2313.24	7.18079
2314.24	7.19055
2315.24	7.18237
2316.24	7.1925
2317.24	7.1925
2318.24	7.18433
2319.24	7.17291
2320.24	7.17102
2321.24	7.16284
2322.24	7.15308
2323.24	7.16125
2324.24	7.16125
2325.24	7.16125
2326.24	7.16125
2327.24	7.16943
2328.24	7.17102
2329.24	7.17102
2330.24	7.18079
2331.24	7.16284
2332.24	7.17102
2333.24	7.16437
2334.24	7.16125
2335.24	7.15308
2336.24	7.14331
2337.24	7.14172
2338.24	7.13354
2339.24	7.13196
2340.24	7.13196
2341.24	7.13196
2342.24	7.13354
2343.24	7.13196
2344.24	7.12213
2345.24	7.13
2346.24	7.13159
2347.24	7.12335
2348.24	7.12842
2349.24	7.13
2350.24	7.14172
2351.24	7.14172
2352.24	7.13
2353.24	7.14172
2354.24	7.12183
2355.24	7.10382
2356.24	7.09253
2357.24	7.08936
2358.24	7.08118
2359.24	7.08118
2360.24	7.09094
2361.24	7.09094
2362.24	7.07452
2363.24	7.07135
2364.24	7.06128
2365.24	7.06323
2366.24	7.04175
2367.24	7.04016
2368.24	7.04016
2369.24	7.04016
2370.24	7.03198
2371.24	7.04211
2372.24	7.05188
2373.24	7.05347
2374.24	7.06165
2375.24	7.05347
2376.24	7.0437
2377.24	7.04211
2378.24	7.02252
2379.24	7.01086
2380.24	7.01093
2381.24	7.00928
2382.24	7.02258
2383.24	7.0144
2384.24	7.01276
2385.24	7.00269
2386.24	6.99445
2387.24	6.97491
2388.24	6.9718
2389.24	6.96204
2390.24	6.96045
2391.24	6.95032
2392.24	6.95032
2393.24	6.95032
2394.24	6.94873
2395.24	6.94055
2396.24	6.94214
2397.24	6.95032
2398.24	6.94055
2399.24	6.94873
2400.24	6.96008
2401.24	6.9718
2402.24	6.9718
2403.24	6.9718
2404.24	6.98157
2405.24	6.97339
2406.24	6.96362
2407.24	6.95538
2408.24	6.94409
2409.24	6.94244
2410.24	6.94055
2411.24	6.94055
2412.24	6.94055
2413.24	6.93079
2414.24	6.93079
2415.24	6.93079
2416.24	6.93237
2417.24	6.93237
2418.24	6.93079
2419.24	6.92261
2420.24	6.92102
2421.24	6.92261
2422.24	6.9292
2423.24	6.93079
2424.24	6.93079
2425.24	6.93079
2426.24	6.92261
2427.24	6.92102
2428.24	6.91284
2429.24	6.9046
2430.24	6.89172
2431.24	6.8999
2432.24	6.89331
2433.24	6.89172
2434.24	6.87219
2435.24	6.86243
2436.24	6.84283
2437.24	6.83276
2438.24	6.83118
2439.24	6.82141
2440.24	6.83118
2441.24	6.823
2442.24	6.83118
2443.24	6.85071
2444.24	6.85071
2445.24	6.85071
2446.24	6.85889
2447.24	6.86047
2448.24	6.85071
2449.24	6.84912
2450.24	6.83118
2451.24	6.823
2452.24	6.82141
2453.24	6.81476
2454.24	6.81323
2455.24	6.80347
2456.24	6.79523
2457.24	6.79211
2458.24	6.79205
2459.24	6.79016
2460.24	6.77222
2461.24	6.77881
2462.24	6.78046
2463.24	6.77252
2464.24	6.76086
2465.24	6.76093
2466.24	6.75928
2467.24	6.76086
2468.24	6.75452
2469.24	6.76086
2470.24	6.76086
2471.24	6.77063
2472.24	6.77222
2473.24	6.76245
2474.24	6.76904
2475.24	6.77063
2476.24	6.76245
2477.24	6.74292
2478.24	6.74133
2479.24	6.73315
2480.24	6.74133
2481.24	6.74133
2482.24	6.74133
2483.24	6.74951
2484.24	6.76086
2485.24	6.76904
2486.24	6.77063
2487.24	6.75269
2488.24	6.76086
2489.24	6.76086
2490.24	6.75269
2491.24	6.74292
2492.24	6.74133
2493.24	6.74951
2494.24	6.73468
2495.24	6.74133
2496.24	6.74133
2497.24	6.7511
2498.24	6.74292
2499.24	6.73315
2500.24	6.74133
2501.24	6.73157
2502.24	6.73157
2503.24	6.72174
2504.24	6.7132
2505.24	6.71167
2506.24	6.7019
2507.24	6.69214
2508.24	6.70386
2509.24	6.70227
2510.24	6.71204
2511.24	6.72998
2512.24	6.7218
2513.24	6.71515
2514.24	6.7218
2515.24	6.70221
2516.24	6.70032
2517.24	6.68079
2518.24	6.69061
2519.24	6.70068
2520.24	6.6925
2521.24	6.6925
2522.24	6.6925
2523.24	6.68433
2524.24	6.67291
2525.24	6.66284
2526.24	6.66125
2527.24	6.66125
2528.24	6.67102
2529.24	6.68079
2530.24	6.68079
2531.24	6.68079
2532.24	6.68237
2533.24	6.67102
2534.24	6.66284
2535.24	6.66125
2536.24	6.65967
2537.24	6.66125
2538.24	6.65308
2539.24	6.65308
2540.24	6.65149
2541.24	6.65149
2542.24	6.64484
2543.24	6.64331
2544.24	6.65143
2545.24	6.65112
2546.24	6.65308
2547.24	6.65308
2548.24	6.63354
2549.24	6.62024
2550.24	6.61047
2551.24	6.59094
2552.24	6.59094
2553.24	6.59094
2554.24	6.59253
2555.24	6.58276
2556.24	6.57452
2557.24	6.5929
2558.24	6.5929
2559.24	6.58118
2560.24	6.58936
2561.24	6.59094
2562.24	6.60266
2563.24	6.59094
2564.24	6.58276
2565.24	6.57135
2566.24	6.55304
2567.24	6.54175
2568.24	6.54834
2569.24	6.54175
2570.24	6.55188
2571.24	6.55188
2572.24	6.54016
2573.24	6.54834
2574.24	6.54016
2575.24	6.54016
2576.24	6.54016
2577.24	6.54016
2578.24	6.54993
2579.24	6.54834
2580.24	6.54834
2581.24	6.54016
2582.24	6.54022
2583.24	6.53235
2584.24	6.52258
2585.24	6.52252
2586.24	6.5304
2587.24	6.54016
2588.24	6.54175
2589.24	6.54993
2590.24	6.54175
2591.24	6.54993
2592.24	6.54993
2593.24	6.54175
2594.24	6.5437
2595.24	6.5437
2596.24	6.5437
2597.24	6.55188
2598.24	6.53394
2599.24	6.52258
2600.24	6.51282
2601.24	6.49133
2602.24	6.4718
2603.24	6.46204
2604.24	6.46204
2605.24	6.47021
2606.24	6.4718
2607.24	6.47339
2608.24	6.47174
2609.24	6.47961
2610.24	6.4812
2611.24	6.48315
2612.24	6.48315
2613.24	6.48157
2614.24	6.4718
2615.24	6.46826
2616.24	6.47803
2617.24	6.46985
2618.24	6.46985
2619.24	6.46985
2620.24	6.46008
2621.24	6.46008
2622.24	6.4519
2623.24	6.44214
2624.24	6.44873
2625.24	6.45032
2626.24	6.44214
2627.24	6.44055
2628.24	6.43237
2629.24	6.4292
2630.24	6.42102
2631.24	6.41125
2632.24	6.42102
2633.24	6.42102
2634.24	6.43079
2635.24	6.43237
2636.24	6.44055
2637.24	6.44214
2638.24	6.44055
2639.24	6.43079
2640.24	6.43079
2641.24	6.43079
2642.24	6.43079
2643.24	6.42261
2644.24	6.42102
2645.24	6.41272
2646.24	6.39136
2647.24	6.38977
2648.24	6.38312
2649.24	6.38
2650.24	6.37024
2651.24	6.37842
2652.24	6.39795
2653.24	6.39954
2654.24	6.40771
2655.24	6.41913
2656.24	6.41943
2657.24	6.43079
2658.24	6.41284
2659.24	6.41943
2660.24	6.41284
2661.24	6.40143
2662.24	6.40112
2663.24	6.39954
2664.24	6.38977
2665.24	6.39136
2666.24	6.36206
2667.24	6.35071
2668.24	6.35071
2669.24	6.34094
2670.24	6.34094
2671.24	6.35889
2672.24	6.35229
2673.24	6.35071
2674.24	6.34094
2675.24	6.34094
2676.24	6.323
2677.24	6.32141
2678.24	6.31165
2679.24	6.31982
2680.24	6.32141
2681.24	6.31165
2682.24	6.30811
2683.24	6.31787
2684.24	6.323
2685.24	6.32141
2686.24	6.33118
2687.24	6.34094
2688.24	6.36047
2689.24	6.36206
2690.24	6.35071
2691.24	6.34912
2692.24	6.35071
2693.24	6.34912
2694.24	6.33276
2695.24	6.33118
2696.24	6.32141
2697.24	6.31787
2698.24	6.30969
2699.24	6.29175
2700.24	6.29016
2701.24	6.2804
2702.24	6.27063
2703.24	6.27063
2704.24	6.26245
2705.24	6.27063
2706.24	6.26245
2707.24	6.27063
2708.24	6.2804
2709.24	6.28198
2710.24	6.2804
2711.24	6.28857
2712.24	6.29016
2713.24	6.29016
2714.24	6.2804
2715.24	6.28857
2716.24	6.28198
2717.24	6.28198
2718.24	6.27222
2719.24	6.26245
2720.24	6.2644
2721.24	6.27258
2722.24	6.27258
2723.24	6.26282
2724.24	6.2511
2725.24	6.25928
2726.24	6.26904
2727.24	6.27063
2728.24	6.26245
2729.24	6.2644
2730.24	6.28076
2731.24	6.29211
2732.24	6.28394
2733.24	6.26276
2734.24	6.27069
2735.24	6.271
2736.24	6.2644
2737.24	6.2511
2738.24	6.24127
2739.24	6.23938
2740.24	6.2312
2741.24	6.21167
2742.24	6.22803
2743.24	6.24133
2744.24	6.24133
2745.24	6.23315
2746.24	6.23157
2747.24	6.24133
2748.24	6.23157
2749.24	6.22339
2750.24	6.23157
2751.24	6.22339
2752.24	6.20386
2753.24	6.21045
2754.24	6.21204
2755.24	6.20032
2756.24	6.2085
2757.24	6.2085
2758.24	6.2085
2759.24	6.2085
2760.24	6.21008
2761.24	6.21991
2762.24	6.21198
2763.24	6.21167
2764.24	6.19366
2765.24	6.19214
2766.24	6.18237
2767.24	6.17261
2768.24	6.17102
2769.24	6.15308
2770.24	6.15967
2771.24	6.16125
2772.24	6.15149
2773.24	6.17102
	
