-60.56	-0.141052
-59.56	-0.142303
-58.56	-0.152405
-57.56	-0.142639
-56.56	-0.160675
-55.56	-0.170349
-54.56	-0.173492
-53.56	-0.180115
-52.56	-0.183319
-51.56	-0.191833
-50.56	-0.181702
-49.56	-0.171997
-48.56	-0.170349
-47.56	-0.16217
-46.56	-0.16217
-45.56	-0.155609
-44.56	-0.153961
-43.56	-0.163727
-42.56	-0.163727
-41.56	-0.163727
-40.56	-0.171936
-39.56	-0.163727
-38.56	-0.163788
-37.56	-0.144196
-36.56	-0.13443
-35.56	-0.123108
-34.56	-0.112946
-33.56	-0.112946
-32.56	-0.113007
-31.56	-0.105133
-30.56	-0.123108
-29.56	-0.124664
-28.56	-0.124664
-27.56	-0.13443
-26.56	-0.135986
-25.56	-0.132477
-24.56	-0.114502
-23.56	-0.104828
-22.56	-0.0856018
-21.56	-0.0805054
-20.56	-0.0723267
-19.56	-0.0738831
-18.56	-0.075531
-17.56	-0.067627
-16.56	-0.0953674
-15.56	-0.0969238
-14.56	-0.108246
-13.56	-0.0969238
-12.56	-0.113342
-11.56	-0.123108
-10.56	-0.0949707
-9.56001	-0.101624
-8.56001	-0.0852051
-7.56001	-0.0559082
-6.56001	-6.10352e-5
-5.56001	0.368622
-4.56001	0.410736
-3.56001	0.288086
-2.56001	0.14621
-1.56001	0.178223
-0.560005	0.0845642
0.439995	0.301758
1.43999	0.125275
2.43999	0.0854187
3.43999	4.73022e-3
4.43999	-0.0266113
5.43999	-0.0415344
6.43999	-0.0434875
7.43999	-0.0384827
8.43999	-0.0615234
9.43999	-0.0975342
10.44	-0.128723
11.44	-0.156525
12.44	-0.156525
13.44	-0.136993
14.44	-0.14209
15.44	-0.132324
16.44	-0.143646
17.44	-0.145294
18.44	-0.153473
19.44	-0.150269
20.44	-0.161682
21.44	-0.161682
22.44	-0.15036
23.44	-0.148804
24.44	-0.129272
25.44	-0.115997
26.44	-0.11441
27.44	-0.124268
28.44	-0.12262
29.44	-0.125824
30.44	-0.123016
31.44	-0.12262
32.44	-0.122711
33.44	-0.111298
34.44	-0.112946
35.44	-0.121155
36.44	-0.132782
37.44	-0.122711
38.44	-0.121063
39.44	-0.121155
40.44	-0.119507
41.44	-0.109436
42.44	-0.111389
43.44	-0.119568
44.44	-0.127716
45.44	-0.139099
46.44	-0.148865
47.44	-0.148865
48.44	-0.150757
49.44	-0.148865
50.44	-0.150452
51.44	-0.150757
52.44	-0.148865
53.44	-0.139099
54.44	-0.137543
55.44	-0.147308
56.44	-0.147614
57.44	-0.147308
58.44	-0.15863
59.44	-0.150452
60.44	-0.1492
61.44	-0.157074
62.44	-0.15863
63.44	-0.150452
64.44	-0.159027
65.44	-0.157379
66.44	-0.168396
67.44	-0.150452
68.44	-0.139099
69.44	-0.137482
70.44	-0.147308
71.44	-0.139099
72.44	-0.137543
73.44	-0.139099
74.44	-0.137543
75.44	-0.127716
76.44	-0.129333
77.44	-0.137543
78.44	-0.148865
79.44	-0.158966
80.44	-0.15863
81.44	-0.15863
82.44	-0.150452
83.44	-0.159027
84.44	-0.1492
85.44	-0.137543
86.44	-0.137543
87.44	-0.135986
88.44	-0.135986
89.44	-0.137543
90.44	-0.147308
91.44	-0.139099
92.44	-0.135895
93.44	-0.147308
94.44	-0.140686
95.44	-0.137543
96.44	-0.127777
97.44	-0.127777
98.44	-0.116364
99.44	-0.106293
100.44	-0.0883179
101.44	-0.0769958
102.44	-0.0769958
103.44	-0.0672302
104.44	-0.0754395
105.44	-0.0805054
106.44	-0.077301
107.44	-0.0769958
108.44	-0.0754395
109.44	-0.0769958
110.44	-0.0672302
111.44	-0.0672302
112.44	-0.0656738
113.44	-0.0672302
114.44	-0.0769958
115.44	-0.0754395
116.44	-0.0754395
117.44	-0.0887146
118.44	-0.0675354
119.44	-0.0672302
120.44	-0.0574646
121.44	-0.0394897
122.44	-0.0379333
123.44	-0.0199585
124.44	-0.0167542
125.44	-6.68335e-3
126.44	3.08228e-3
127.44	3.08228e-3
128.44	4.63867e-3
129.44	0.0128479
130.44	4.63867e-3
131.44	3.08228e-3
132.44	3.08228e-3
133.44	0.0128479
134.44	1.12915e-3
135.44	0.0125427
136.44	0.0210571
137.44	0.0226135
138.44	0.0308228
139.44	0.0421448
140.44	0.0617371
141.44	0.0636292
142.44	0.0733948
143.44	0.0733948
144.44	0.0733948
145.44	0.061676
146.44	0.061676
147.44	0.0714417
148.44	0.0828552
149.44	0.081604
150.44	0.0749512
151.44	0.0831604
152.44	0.101135
153.44	0.110901
154.44	0.112518
155.44	0.120667
156.44	0.131989
157.44	0.123779
158.44	0.122223
159.44	0.114014
160.44	0.114014
161.44	0.123779
162.44	0.114014
163.44	0.130432
164.44	0.141754
165.44	0.133545
166.44	0.153168
167.44	0.153473
168.44	0.161682
169.44	0.166351
170.44	0.174561
171.44	0.18277
172.44	0.21051
173.44	0.213623
174.44	0.212067
175.44	0.212067
176.44	0.203857
177.44	0.203857
178.44	0.203857
179.44	0.203857
180.44	0.213623
181.44	0.233246
182.44	0.243317
183.44	0.251526
184.44	0.244873
185.44	0.262848
186.44	0.272614
187.44	0.272614
188.44	0.272614
189.44	0.282379
190.44	0.293793
191.44	0.302307
192.44	0.292145
193.44	0.30191
194.44	0.31012
195.44	0.322998
196.44	0.322998
197.44	0.331207
198.44	0.33432
199.44	0.322998
200.44	0.332764
201.44	0.331207
202.44	0.342529
203.44	0.332764
204.44	0.332855
205.44	0.344482
206.44	0.334717
207.44	0.344482
208.44	0.334717
209.44	0.32486
210.44	0.322998
211.44	0.342621
212.44	0.352692
213.44	0.355804
214.44	0.362457
215.44	0.375732
216.44	0.383942
217.44	0.385498
218.44	0.385498
219.44	0.381989
220.44	0.373779
221.44	0.373779
222.44	0.36557
223.44	0.346039
224.44	0.360901
225.44	0.362457
226.44	0.370667
227.44	0.38205
228.44	0.392151
229.44	0.393707
230.44	0.403473
231.44	0.393311
232.44	0.39682
233.44	0.375336
234.44	0.377289
235.44	0.377289
236.44	0.375732
237.44	0.385406
238.44	0.394867
239.44	0.412842
240.44	0.421051
241.44	0.444183
242.44	0.436188
243.44	0.432465
244.44	0.434326
245.44	0.424561
246.44	0.43277
247.44	0.452301
248.44	0.452301
249.44	0.471832
250.44	0.481598
251.44	0.491364
252.44	0.491364
253.44	0.483154
254.44	0.481598
255.44	0.483154
256.44	0.483154
257.44	0.49292
258.44	0.486267
259.44	0.49292
260.44	0.504639
261.44	0.506195
262.44	0.504639
263.44	0.506195
264.44	0.522614
265.44	0.533936
266.44	0.535492
267.44	0.533936
268.44	0.533936
269.44	0.533936
270.44	0.542145
271.44	0.553467
272.44	0.553467
273.44	0.553467
274.44	0.553467
275.44	0.571442
276.44	0.572998
277.44	0.581207
278.44	0.572998
279.44	0.590973
280.44	0.614105
281.44	0.60611
282.44	0.614014
283.44	0.623779
284.44	0.625336
285.44	0.633545
286.44	0.635101
287.44	0.635101
288.44	0.643311
289.44	0.633545
290.44	0.635101
291.44	0.635101
292.44	0.61557
293.44	0.604248
294.44	0.596039
295.44	0.594482
296.44	0.586273
297.44	0.574951
298.44	0.565094
299.44	0.65213
300.44	0.511353
301.44	0.660187
302.44	0.659088
303.44	0.693085
304.44	0.733704
305.44	0.779724
306.44	0.786438
307.44	0.802856
308.44	0.848633
309.44	0.86496
310.44	0.882996
311.44	0.878296
312.44	0.906128
313.44	0.93222
314.44	0.97644
315.44	0.995972
316.44	1.01706
317.44	1.03699
318.44	1.05652
319.44	1.09723
320.44	1.10721
321.44	1.10535
322.44	1.11206
323.44	1.11392
324.44	1.11551
325.44	1.11362
326.44	1.11237
327.44	1.13345
328.44	1.13354
329.44	1.14166
330.44	1.16129
331.44	1.15964
332.44	1.17261
333.44	1.18268
334.44	1.18423
335.44	1.19058
336.44	1.19244
337.44	1.19058
338.44	1.19089
339.44	1.19879
340.44	1.18933
341.44	1.19879
342.44	1.20856
343.44	1.22839
344.44	1.2316
345.44	1.23981
346.44	1.23816
347.44	1.24957
348.44	1.25775
349.44	1.25613
350.44	1.26752
351.44	1.26752
352.44	1.27097
353.44	1.26089
354.44	1.26752
355.44	1.2612
356.44	1.2691
357.44	1.27728
358.44	1.29715
359.44	1.30502
360.44	1.31012
361.44	1.30847
362.44	1.30817
363.44	1.31012
364.44	1.3183
365.44	1.31824
366.44	1.32806
367.44	1.32806
368.44	1.32645
369.44	1.33432
370.44	1.33783
371.44	1.32965
372.44	1.33627
373.44	1.328
374.44	1.33783
375.44	1.3476
376.44	1.33627
377.44	1.31519
378.44	1.28589
379.44	1.27261
380.44	1.25308
381.44	1.2269
382.44	1.2269
383.44	1.22684
384.44	1.21674
385.44	1.20697
386.44	1.20892
387.44	1.22534
388.44	1.26285
389.44	1.55753
390.44	1.7052
391.44	1.72433
392.44	1.46628
393.44	1.46777
394.44	1.41174
395.44	1.39487
396.44	1.34048
397.44	1.31113
398.44	1.31738
399.44	1.29114
400.44	1.28299
401.44	1.25208
402.44	1.24197
403.44	1.24231
404.44	1.2341
405.44	1.23721
406.44	1.229
407.44	1.23215
408.44	1.25989
409.44	1.26486
410.44	1.28604
411.44	1.2926
412.44	1.30237
413.44	1.2941
414.44	1.29221
415.44	1.27426
416.44	1.25473
417.44	1.25504
418.44	1.24652
419.44	1.23511
420.44	1.21878
421.44	1.21722
422.44	1.20581
423.44	1.19925
424.44	1.20581
425.44	1.21057
426.44	1.20074
427.44	1.19254
428.44	1.19916
429.44	1.1926
430.44	1.19916
431.44	1.19916
432.44	1.20901
433.44	1.21713
434.44	1.2301
435.44	1.22223
436.44	1.23199
437.44	1.23981
438.44	1.24142
439.44	1.24332
440.44	1.25153
441.44	1.25308
442.44	1.25308
443.44	1.24136
444.44	1.24136
445.44	1.2316
446.44	1.22348
447.44	1.21869
448.44	1.22028
449.44	1.21051
450.44	1.21213
451.44	1.23041
452.44	1.22028
453.44	1.2316
454.44	1.23325
455.44	1.23355
456.44	1.24332
457.44	1.24332
458.44	1.26285
459.44	1.25464
460.44	1.25308
461.44	1.26129
462.44	1.25113
463.44	1.25119
464.44	1.25153
465.44	1.25153
466.44	1.25934
467.44	1.25278
468.44	1.26285
469.44	1.27261
470.44	1.28238
471.44	1.28394
472.44	1.30035
473.44	1.2937
474.44	1.30191
475.44	1.30191
476.44	1.2937
477.44	1.30356
478.44	1.30386
479.44	1.31519
480.44	1.31363
481.44	1.31363
482.44	1.31363
483.44	1.32339
484.44	1.32144
485.44	1.31989
486.44	1.31323
487.44	1.3215
488.44	1.34137
489.44	1.33316
490.44	1.34293
491.44	1.34293
492.44	1.35269
493.44	1.34253
494.44	1.33432
495.44	1.35269
496.44	1.35425
497.44	1.36411
498.44	1.36246
499.44	1.38043
500.44	1.3902
501.44	1.38354
502.44	1.37222
503.44	1.37222
504.44	1.38364
505.44	1.37573
506.44	1.3855
507.44	1.39371
508.44	1.40347
509.44	1.41324
510.44	1.41479
511.44	1.41479
512.44	1.41324
513.44	1.41324
514.44	1.44098
515.44	1.44254
516.44	1.45395
517.44	1.46051
518.44	1.46362
519.44	1.46207
520.44	1.46207
521.44	1.45386
522.44	1.46207
523.44	1.46362
524.44	1.46207
525.44	1.45386
526.44	1.46362
527.44	1.4816
528.44	1.49292
529.44	1.49301
530.44	1.49487
531.44	1.51285
532.44	1.52261
533.44	1.52261
534.44	1.52261
535.44	1.52417
536.44	1.53082
537.44	1.53238
538.44	1.53403
539.44	1.5441
540.44	1.5441
541.44	1.55035
542.44	1.54526
543.44	1.55191
544.44	1.55347
545.44	1.56168
546.44	1.56323
547.44	1.57144
548.44	1.58121
549.44	1.58121
550.44	1.59262
551.44	1.59293
552.44	1.60269
553.44	1.60425
554.44	1.58627
555.44	1.58472
556.44	1.58472
557.44	1.59293
558.44	1.60269
559.44	1.60425
560.44	1.62222
561.44	1.64175
562.44	1.65308
563.44	1.66479
564.44	1.67456
565.44	1.67456
566.44	1.68433
567.44	1.67612
568.44	1.673
569.44	1.673
570.44	1.68277
571.44	1.69418
572.44	1.70425
573.44	1.71402
574.44	1.71558
575.44	1.71558
576.44	1.72379
577.44	1.7269
578.44	1.71713
579.44	1.70581
580.44	1.72379
581.44	1.72534
582.44	1.73511
583.44	1.74332
584.44	1.74487
585.44	1.74487
586.44	1.74487
587.44	1.73666
588.44	1.74332
589.44	1.74487
590.44	1.76285
591.44	1.7644
592.44	1.77573
593.44	1.78394
594.44	1.77728
595.44	1.78394
596.44	1.78394
597.44	1.77573
598.44	1.77261
599.44	1.78238
600.44	1.77417
601.44	1.78238
602.44	1.79214
603.44	1.81168
604.44	1.823
605.44	1.823
606.44	1.82651
607.44	1.81323
608.44	1.81674
609.44	1.80698
610.44	1.81363
611.44	1.81674
612.44	1.81363
613.44	1.81519
614.44	1.81168
615.44	1.82144
616.44	1.82144
617.44	1.81323
618.44	1.80347
619.44	1.81168
620.44	1.823
621.44	1.82455
622.44	1.83276
623.44	1.83276
624.44	1.84097
625.44	1.84604
626.44	1.84097
627.44	1.84253
628.44	1.85239
629.44	1.87418
630.44	1.87573
631.44	1.87573
632.44	1.86752
633.44	1.86588
634.44	1.86557
635.44	1.87378
636.44	1.86557
637.44	1.88354
638.44	1.89331
639.44	1.91129
640.44	1.90463
641.44	1.90308
642.44	1.90308
643.44	1.91129
644.44	1.91284
645.44	1.91129
646.44	1.9227
647.44	1.94098
648.44	1.95386
649.44	1.96207
650.44	1.95541
651.44	1.95386
652.44	1.95737
653.44	1.96558
654.44	1.95737
655.44	1.94595
656.44	1.96362
657.44	1.96362
658.44	1.97339
659.44	1.97495
660.44	1.98315
661.44	1.99292
662.44	1.99292
663.44	1.99292
664.44	1.99643
665.44	1.98666
666.44	1.98511
667.44	1.98511
668.44	1.99487
669.44	1.98511
670.44	2.00308
671.44	2.00464
672.44	2.01285
673.44	2.02417
674.44	2.02417
675.44	2.03549
676.44	2.00775
677.44	2.0062
678.44	2.00464
679.44	2.0062
680.44	2.00464
681.44	2.01285
682.44	2.04214
683.44	2.05347
684.44	2.06519
685.44	2.07495
686.44	2.08627
687.44	2.09448
688.44	2.08316
689.44	2.0816
690.44	2.22238
691.44	1.94769
692.44	2.01431
693.44	2.07394
694.44	2.11447
695.44	2.1684
696.44	2.19308
697.44	2.19809
698.44	2.18488
699.44	2.21143
700.44	2.23572
701.44	2.28339
702.44	2.30798
703.44	2.31619
704.44	2.34558
705.44	2.35059
706.44	2.36862
707.44	2.39792
708.44	2.39948
709.44	2.41785
710.44	2.43893
711.44	2.45847
712.44	2.47174
713.44	2.46512
714.44	2.48816
715.44	2.49637
716.44	2.51089
717.44	2.53229
718.44	2.54361
719.44	2.53543
720.44	2.54175
721.44	2.54361
722.44	2.55182
723.44	2.57144
724.44	2.57135
725.44	2.58121
726.44	2.58267
727.44	2.59253
728.44	2.58463
729.44	2.58112
730.44	2.59097
731.44	2.58932
732.44	2.58942
733.44	2.58932
734.44	2.59918
735.44	2.60895
736.44	2.62057
737.44	2.62848
738.44	2.6402
739.44	2.65808
740.44	2.65973
741.44	2.65808
742.44	2.66949
743.44	2.67105
744.44	2.66785
745.44	2.66949
746.44	2.6694
747.44	2.66949
748.44	2.66129
749.44	2.64832
750.44	2.65814
751.44	2.65973
752.44	2.66629
753.44	2.66949
754.44	2.67105
755.44	2.67957
756.44	2.68082
757.44	2.68582
758.44	2.6972
759.44	2.6972
760.44	2.70541
761.44	2.70892
762.44	2.70731
763.44	2.7019
764.44	2.70886
765.44	2.70856
766.44	2.69879
767.44	2.67612
768.44	2.6355
769.44	2.58472
770.44	2.54565
771.44	2.5358
772.44	2.53394
773.44	2.55658
774.44	2.5683
775.44	2.5683
776.44	2.5683
777.44	2.58472
778.44	2.60611
779.44	2.65002
780.44	2.92511
781.44	3.02252
782.44	2.99832
783.44	2.82556
784.44	2.79736
785.44	2.78558
786.44	2.79019
787.44	2.78189
788.44	2.7326
789.44	2.68994
790.44	2.6947
791.44	2.69504
792.44	2.70129
793.44	2.70291
794.44	2.69659
795.44	2.70792
796.44	2.70285
797.44	2.68323
798.44	2.69464
799.44	2.69614
800.44	2.7059
801.44	2.71887
802.44	2.7305
803.44	2.72223
804.44	2.73987
805.44	2.7352
806.44	2.73676
807.44	2.75314
808.44	2.75504
809.44	2.76605
810.44	2.76791
811.44	2.77737
812.44	2.789
813.44	2.78082
814.44	2.77231
815.44	2.77261
816.44	2.76947
817.44	2.77924
818.44	2.77893
819.44	2.80698
820.44	2.81995
821.44	2.83823
822.44	2.85114
823.44	2.85269
824.44	2.85239
825.44	2.85269
826.44	2.8609
827.44	2.86246
828.44	2.85269
829.44	2.8609
830.44	2.87228
831.44	2.87222
832.44	2.88199
833.44	2.87222
834.44	2.8902
835.44	2.89996
836.44	2.90308
837.44	2.91135
838.44	2.91479
839.44	2.92145
840.44	2.91479
841.44	2.923
842.44	2.923
843.44	2.923
844.44	2.93277
845.44	2.93433
846.44	2.92261
847.44	2.93246
848.44	2.92456
849.44	2.93121
850.44	2.93277
851.44	2.94098
852.44	2.9523
853.44	2.9523
854.44	2.97189
855.44	2.97379
856.44	2.97379
857.44	2.97534
858.44	2.95386
859.44	2.9523
860.44	2.95386
861.44	2.94409
862.44	2.96051
863.44	2.96207
864.44	2.98166
865.44	2.99176
866.44	3.00308
867.44	3.01285
868.44	3.02261
869.44	3.0144
870.44	3.02261
871.44	3.03238
872.44	3.02417
873.44	3.03403
874.44	3.03589
875.44	3.03589
876.44	3.0441
877.44	3.02573
878.44	3.0441
879.44	3.05386
880.44	3.05191
881.44	3.05347
882.44	3.05191
883.44	3.07144
884.44	3.073
885.44	3.08121
886.44	3.08276
887.44	3.09097
888.44	3.10425
889.44	3.10239
890.44	3.11246
891.44	3.11401
892.44	3.11401
893.44	3.12573
894.44	3.12573
895.44	3.12573
896.44	3.13394
897.44	3.14371
898.44	3.15347
899.44	3.16324
900.44	3.16479
901.44	3.17456
902.44	3.19254
903.44	3.19409
904.44	3.19409
905.44	3.2023
906.44	3.2023
907.44	3.20386
908.44	3.21362
909.44	3.22339
910.44	3.23325
911.44	3.22525
912.44	3.21362
913.44	3.21362
914.44	3.21371
915.44	3.22379
916.44	3.22379
917.44	3.23355
918.44	3.25153
919.44	3.26285
920.44	3.26089
921.44	3.27231
922.44	3.28238
923.44	3.29214
924.44	3.2937
925.44	3.31363
926.44	3.32495
927.44	3.33472
928.44	3.34448
929.44	3.34293
930.44	3.3609
931.44	3.36246
932.44	3.37387
933.44	3.39215
934.44	3.39371
935.44	3.41324
936.44	3.40503
937.44	3.41324
938.44	3.40308
939.44	3.41129
940.44	3.39487
941.44	3.40308
942.44	3.40308
943.44	3.39331
944.44	3.39487
945.44	3.39331
946.44	3.40503
947.44	3.41479
948.44	3.41635
949.44	3.42612
950.44	3.44409
951.44	3.44565
952.44	3.43588
953.44	3.45425
954.44	3.45581
955.44	3.46402
956.44	3.48355
957.44	3.48511
958.44	3.49487
959.44	3.49487
960.44	3.51285
961.44	3.5062
962.44	3.49487
963.44	3.50153
964.44	3.52106
965.44	3.52417
966.44	3.53394
967.44	3.52573
968.44	3.53394
969.44	3.53705
970.44	3.52728
971.44	3.53394
972.44	3.52573
973.44	3.52768
974.44	3.53589
975.44	3.53433
976.44	3.55386
977.44	3.55542
978.44	3.55542
979.44	3.55542
980.44	3.55542
981.44	3.56519
982.44	3.56519
983.44	3.57495
984.44	3.57339
985.44	3.5683
986.44	3.57495
987.44	3.59293
988.44	3.60425
989.44	3.62378
990.44	3.64371
991.44	3.66168
992.44	3.68121
993.44	3.68433
994.44	3.69254
995.44	3.70041
996.44	3.7023
997.44	3.70386
998.44	3.71362
999.44	3.71362
1000.44	3.70541
1001.44	3.71558
1002.44	3.71713
1003.44	3.72534
1004.44	3.72534
1005.44	3.72534
1006.44	3.74332
1007.44	3.75464
1008.44	3.74643
1009.44	3.76285
1010.44	3.77417
1011.44	3.78394
1012.44	3.79565
1013.44	3.79565
1014.44	3.80698
1015.44	3.81519
1016.44	3.81509
1017.44	3.81323
1018.44	3.82309
1019.44	3.83472
1020.44	3.84293
1021.44	3.84448
1022.44	3.84448
1023.44	3.84448
1024.44	3.85425
1025.44	3.84598
1026.44	3.84253
1027.44	3.85425
1028.44	3.85425
1029.44	3.85425
1030.44	3.86401
1031.44	3.86401
1032.44	3.87387
1033.44	3.87573
1034.44	3.87564
1035.44	3.88354
1036.44	3.88354
1037.44	3.8934
1038.44	3.89517
1039.44	3.90308
1040.44	3.89487
1041.44	3.90308
1042.44	3.9144
1043.44	3.92456
1044.44	3.92456
1045.44	3.93433
1046.44	3.93433
1047.44	3.93433
1048.44	3.93433
1049.44	3.93433
1050.44	3.94409
1051.44	3.94565
1052.44	3.93588
1053.44	3.94254
1054.44	3.9523
1055.44	3.96362
1056.44	3.97339
1057.44	3.96518
1058.44	3.96362
1059.44	3.97495
1060.44	3.9769
1061.44	3.96713
1062.44	3.9769
1063.44	4.00308
1064.44	4.0144
1065.44	4.0144
1066.44	4.04214
1067.44	4.05542
1068.44	4.05542
1069.44	4.05542
1070.44	4.06519
1071.44	4.06519
1072.44	4.07495
1073.44	4.08316
1074.44	4.07651
1075.44	4.08316
1076.44	4.08472
1077.44	4.08472
1078.44	4.08472
1079.44	4.07339
1080.44	4.07806
1081.44	4.05356
1082.44	4.10284
1083.44	4.07956
1084.44	4.07245
1085.44	4.12317
1086.44	4.16879
1087.44	4.17355
1088.44	4.17697
1089.44	4.19315
1090.44	4.21652
1091.44	4.26035
1092.44	4.2998
1093.44	4.32761
1094.44	4.31464
1095.44	4.3244
1096.44	4.33737
1097.44	4.34558
1098.44	4.36041
1099.44	4.36862
1100.44	4.35886
1101.44	4.35886
1102.44	4.37527
1103.44	4.38345
1104.44	4.3898
1105.44	4.41275
1106.44	4.41434
1107.44	4.40463
1108.44	4.41315
1109.44	4.42096
1110.44	4.42926
1111.44	4.43082
1112.44	4.44089
1113.44	4.44879
1114.44	4.44244
1115.44	4.45386
1116.44	4.43423
1117.44	4.43423
1118.44	4.42096
1119.44	4.41284
1120.44	4.41949
1121.44	4.42136
1122.44	4.42926
1123.44	4.44089
1124.44	4.46674
1125.44	4.47018
1126.44	4.46988
1127.44	4.46051
1128.44	4.4491
1129.44	4.43744
1130.44	4.42105
1131.44	4.40808
1132.44	4.39996
1133.44	4.39832
1134.44	4.41595
1135.44	4.42926
1136.44	4.42767
1137.44	4.42606
1138.44	4.43744
1139.44	4.43744
1140.44	4.42926
1141.44	4.4198
1142.44	4.41949
1143.44	4.40814
1144.44	4.40808
1145.44	4.41129
1146.44	4.42761
1147.44	4.43744
1148.44	4.44879
1149.44	4.45892
1150.44	4.45731
1151.44	4.45541
1152.44	4.4472
1153.44	4.4472
1154.44	4.44754
1155.44	4.45697
1156.44	4.45035
1157.44	4.43933
1158.44	4.44409
1159.44	4.39642
1160.44	4.34604
1161.44	4.30347
1162.44	4.28394
1163.44	4.28394
1164.44	4.2691
1165.44	4.26596
1166.44	4.26785
1167.44	4.26089
1168.44	4.24792
1169.44	4.27728
1170.44	4.31479
1171.44	4.67361
1172.44	4.81058
1173.44	4.75598
1174.44	4.61612
1175.44	4.51926
1176.44	4.5144
1177.44	4.49908
1178.44	4.46472
1179.44	4.48105
1180.44	4.50214
1181.44	4.50208
1182.44	4.50208
1183.44	4.49512
1184.44	4.50363
1185.44	4.51495
1186.44	4.5083
1187.44	4.52979
1188.44	4.54416
1189.44	4.56534
1190.44	4.57034
1191.44	4.58987
1192.44	4.59964
1193.44	4.62073
1194.44	4.63245
1195.44	4.64377
1196.44	4.66324
1197.44	4.66644
1198.44	4.67776
1199.44	4.69604
1200.44	4.69916
1201.44	4.70706
1202.44	4.7269
1203.44	4.73831
1204.44	4.74994
1205.44	4.76761
1206.44	4.77924
1207.44	4.79059
1208.44	4.80197
1209.44	4.81207
1210.44	4.82184
1211.44	4.81012
1212.44	4.81168
1213.44	4.81995
1214.44	4.8316
1215.44	4.84955
1216.44	4.86411
1217.44	4.88239
1218.44	4.89371
1219.44	4.89175
1220.44	4.90152
1221.44	4.90308
1222.44	4.91129
1223.44	4.92105
1224.44	4.94254
1225.44	4.96213
1226.44	4.98199
1227.44	4.9816
1228.44	4.99136
1229.44	5.00934
1230.44	5.02072
1231.44	5.03238
1232.44	5.04059
1233.44	5.06989
1234.44	5.09097
1235.44	5.10425
1236.44	5.11057
1237.44	5.13043
1238.44	5.14996
1239.44	5.16129
1240.44	5.16284
1241.44	5.17105
1242.44	5.17261
1243.44	5.17612
1244.44	5.18277
1245.44	5.18082
1246.44	5.19223
1247.44	5.21402
1248.44	5.22379
1249.44	5.23355
1250.44	5.23511
1251.44	5.26285
1252.44	5.27417
1253.44	5.29214
1254.44	5.30191
1255.44	5.30191
1256.44	5.30347
1257.44	5.3215
1258.44	5.32339
1259.44	5.33316
1260.44	5.34293
1261.44	5.34448
1262.44	5.35269
1263.44	5.35425
1264.44	5.36246
1265.44	5.39175
1266.44	5.39331
1267.44	5.40317
1268.44	5.41479
1269.44	5.43277
1270.44	5.4523
1271.44	5.44409
1272.44	5.4523
1273.44	5.46207
1274.44	5.47183
1275.44	5.4816
1276.44	5.49292
1277.44	5.50464
1278.44	5.5144
1279.44	5.52417
1280.44	5.54214
1281.44	5.54526
1282.44	5.53549
1283.44	5.54214
1284.44	5.55347
1285.44	5.573
1286.44	5.57651
1287.44	5.58472
1288.44	5.59448
1289.44	5.60425
1290.44	5.6058
1291.44	5.60425
1292.44	5.61246
1293.44	5.62378
1294.44	5.64175
1295.44	5.65308
1296.44	5.66129
1297.44	5.67261
1298.44	5.68433
1299.44	5.68433
1300.44	5.69409
1301.44	5.69409
1302.44	5.70386
1303.44	5.70386
1304.44	5.71362
1305.44	5.72339
1306.44	5.7316
1307.44	5.74301
1308.44	5.74487
1309.44	5.74332
1310.44	5.74332
1311.44	5.75308
1312.44	5.76285
1313.44	5.76285
1314.44	5.77261
1315.44	5.79214
1316.44	5.80347
1317.44	5.81332
1318.44	5.8316
1319.44	5.83472
1320.44	5.85269
1321.44	5.86246
1322.44	5.86246
1323.44	5.86246
1324.44	5.86246
1325.44	5.86401
1326.44	5.86411
1327.44	5.88239
1328.44	5.8855
1329.44	5.8855
1330.44	5.90347
1331.44	5.93121
1332.44	5.94254
1333.44	5.95074
1334.44	5.96371
1335.44	5.97379
1336.44	5.97534
1337.44	5.97684
1338.44	5.98315
1339.44	5.99448
1340.44	6.01596
1341.44	6.03394
1342.44	6.05347
1343.44	6.05347
1344.44	6.05502
1345.44	6.06323
1346.44	6.06323
1347.44	6.05502
1348.44	6.06519
1349.44	6.05698
1350.44	6.06363
1351.44	6.07495
1352.44	6.07495
1353.44	6.09448
1354.44	6.09448
1355.44	6.10425
1356.44	6.11557
1357.44	6.12378
1358.44	6.13354
1359.44	6.13354
1360.44	6.15503
1361.44	6.173
1362.44	6.17456
1363.44	6.18433
1364.44	6.19409
1365.44	6.19409
1366.44	6.19565
1367.44	6.19409
1368.44	6.19409
1369.44	6.19565
1370.44	6.21207
1371.44	6.23355
1372.44	6.23511
1373.44	6.25308
1374.44	6.26285
1375.44	6.25464
1376.44	6.2644
1377.44	6.2644
1378.44	6.27417
1379.44	6.27417
1380.44	6.28549
1381.44	6.2937
1382.44	6.29526
1383.44	6.30347
1384.44	6.2937
1385.44	6.30347
1386.44	6.30347
1387.44	6.31519
1388.44	6.31519
1389.44	6.32495
1390.44	6.33472
1391.44	6.33472
1392.44	6.33627
1393.44	6.32651
1394.44	6.33627
1395.44	6.33627
1396.44	6.35425
1397.44	6.35611
1398.44	6.37387
1399.44	6.39526
1400.44	6.41324
1401.44	6.42456
1402.44	6.42456
1403.44	6.43433
1404.44	6.4523
1405.44	6.45386
1406.44	6.46207
1407.44	6.47534
1408.44	6.48355
1409.44	6.48666
1410.44	6.49487
1411.44	6.50464
1412.44	6.52417
1413.44	6.51596
1414.44	6.5062
1415.44	6.52261
1416.44	6.51596
1417.44	6.52417
1418.44	6.5144
1419.44	6.52417
1420.44	6.52768
1421.44	6.54565
1422.44	6.55542
1423.44	6.54556
1424.44	6.55347
1425.44	6.5437
1426.44	6.55356
1427.44	6.55542
1428.44	6.56363
1429.44	6.56674
1430.44	6.57495
1431.44	6.59448
1432.44	6.59448
1433.44	6.60425
1434.44	6.61597
1435.44	6.62573
1436.44	6.6355
1437.44	6.64526
1438.44	6.66479
1439.44	6.6647
1440.44	6.66284
1441.44	6.6644
1442.44	6.67105
1443.44	6.6727
1444.44	6.66479
1445.44	6.673
1446.44	6.69254
1447.44	6.71207
1448.44	6.73355
1449.44	6.74487
1450.44	6.7644
1451.44	6.7562
1452.44	6.75464
1453.44	6.75464
1454.44	6.75464
1455.44	6.74643
1456.44	6.75464
1457.44	6.74643
1458.44	6.7562
1459.44	6.75455
1460.44	6.77417
1461.44	6.76752
1462.44	6.7562
1463.44	6.7644
1464.44	6.7562
1465.44	6.75464
1466.44	6.74799
1467.44	6.7644
1468.44	6.77417
1469.44	6.79214
1470.44	6.80191
1471.44	6.84613
1472.44	6.95987
1473.44	6.7027
1474.44	6.75934
1475.44	6.7962
1476.44	6.82074
1477.44	6.85791
1478.44	6.89581
1479.44	6.91379
1480.44	6.90402
1481.44	6.91064
1482.44	6.90408
1483.44	6.93533
1484.44	6.9534
1485.44	6.97324
1486.44	6.98932
1487.44	6.98776
1488.44	6.978
1489.44	6.96979
1490.44	6.97995
1491.44	7.00613
1492.44	7.00613
1493.44	6.99442
1494.44	6.99448
1495.44	6.99988
1496.44	7.01395
1497.44	7.01245
1498.44	7.0112
1499.44	7.01089
1500.44	7.02252
1501.44	7.01245
1502.44	7.01276
1503.44	7.02408
1504.44	7.02377
1505.44	7.03229
1506.44	7.03073
1507.44	7.04019
1508.44	7.0405
1509.44	7.03043
1510.44	7.03238
1511.44	7.02917
1512.44	7.02066
1513.44	7.0112
1514.44	7.0191
1515.44	7.00769
1516.44	7.00113
1517.44	6.99957
1518.44	6.99792
1519.44	6.98981
1520.44	6.99957
1521.44	7.00143
1522.44	6.99136
1523.44	6.98972
1524.44	6.99799
1525.44	6.99957
1526.44	6.99988
1527.44	7.00775
1528.44	7.00775
1529.44	7.0159
1530.44	7.01089
1531.44	6.99957
1532.44	6.99637
1533.44	6.97809
1534.44	6.97028
1535.44	6.95886
1536.44	6.94879
1537.44	6.93903
1538.44	6.9491
1539.44	6.93903
1540.44	6.9472
1541.44	6.94754
1542.44	6.94879
1543.44	6.9472
1544.44	6.94916
1545.44	6.9491
1546.44	6.94879
1547.44	6.93933
1548.44	6.9472
1549.44	6.94879
1550.44	6.92761
1551.44	7.18854
1552.44	7.49072
1553.44	7.49042
1554.44	7.50049
1555.44	7.51691
1556.44	7.51697
1557.44	7.52518
1558.44	7.45987
1559.44	7.23776
1560.44	6.8219
1561.44	6.69003
1562.44	6.72894
1563.44	6.72855
1564.44	6.73822
1565.44	6.7316
1566.44	6.73315
1567.44	6.73471
1568.44	6.75464
1569.44	6.78238
1570.44	6.87894
1571.44	7.37598
1572.44	7.09119
1573.44	7.013
1574.44	7.02176
1575.44	7.06543
1576.44	7.03705
1577.44	7.02057
1578.44	7.02994
1579.44	7.069
1580.44	7.09698
1581.44	7.11972
1582.44	7.1377
1583.44	7.14587
1584.44	7.14777
1585.44	7.15057
1586.44	7.17041
1587.44	7.20447
1588.44	7.23877
1589.44	7.28949
1590.44	7.31689
1591.44	7.34808
1592.44	7.36761
1593.44	7.3887
1594.44	7.41174
1595.44	7.43793
1596.44	7.48019
1597.44	7.49994
1598.44	7.53088
1599.44	7.54379
1600.44	7.57346
1601.44	7.59613
1602.44	7.62573
1603.44	7.65512
1604.44	7.67621
1605.44	7.70425
1606.44	7.72855
1607.44	7.75659
1608.44	7.7594
1609.44	7.7597
1610.44	7.76129
1611.44	7.76917
1612.44	7.77924
1613.44	7.77924
1614.44	7.80862
1615.44	7.82184
1616.44	7.83783
1617.44	7.8508
1618.44	7.8609
1619.44	7.87222
1620.44	7.88861
1621.44	7.90158
1622.44	7.91168
1623.44	7.923
1624.44	7.92145
1625.44	7.93909
1626.44	7.95074
1627.44	7.96051
1628.44	7.9816
1629.44	7.98981
1630.44	8.01254
1631.44	8.04059
1632.44	8.05191
1633.44	8.07806
1634.44	8.09097
1635.44	8.10239
1636.44	8.10269
1637.44	8.10269
1638.44	8.10931
1639.44	8.1109
1640.44	8.12073
1641.44	8.15033
1642.44	8.14996
1643.44	8.15158
1644.44	8.16324
1645.44	8.173
1646.44	8.16479
1647.44	8.15347
1648.44	8.17145
1649.44	8.19254
1650.44	8.18433
1651.44	8.1926
1652.44	8.20074
1653.44	8.21207
1654.44	8.22028
1655.44	8.22183
1656.44	8.23981
1657.44	8.23315
1658.44	8.25119
1659.44	8.26285
1660.44	8.28082
1661.44	8.30035
1662.44	8.30191
1663.44	8.32309
1664.44	8.33316
1665.44	8.34293
1666.44	8.35269
1667.44	8.3609
1668.44	8.35269
1669.44	8.35269
1670.44	8.36057
1671.44	8.38394
1672.44	8.40192
1673.44	8.40503
1674.44	8.42145
1675.44	8.43433
1676.44	8.43433
1677.44	8.43433
1678.44	8.43433
1679.44	8.44254
1680.44	8.44254
1681.44	8.45395
1682.44	8.46402
1683.44	8.48199
1684.44	8.4816
1685.44	8.49487
1686.44	8.50308
1687.44	8.51285
1688.44	8.52261
1689.44	8.51245
1690.44	8.53049
1691.44	8.54214
1692.44	8.55542
1693.44	8.56519
1694.44	8.56519
1695.44	8.57339
1696.44	8.57495
1697.44	8.59137
1698.44	8.59293
1699.44	8.59448
1700.44	8.61246
1701.44	8.62387
1702.44	8.62573
1703.44	8.6355
1704.44	8.64526
1705.44	8.64526
1706.44	8.6355
1707.44	8.65347
1708.44	8.65503
1709.44	8.65503
1710.44	8.67145
1711.44	8.68121
1712.44	8.70074
1713.44	8.7023
1714.44	8.71371
1715.44	8.72379
1716.44	8.73511
1717.44	8.72534
1718.44	8.72534
1719.44	8.73511
1720.44	8.72534
1721.44	8.72379
1722.44	8.73355
1723.44	8.7316
1724.44	8.74957
1725.44	8.76096
1726.44	8.76285
1727.44	8.7644
1728.44	8.76285
1729.44	8.77106
1730.44	8.77417
1731.44	8.77261
1732.44	8.78238
1733.44	8.80197
1734.44	8.81363
1735.44	8.82495
1736.44	8.84293
1737.44	8.85425
1738.44	8.86401
1739.44	8.87378
1740.44	8.88705
1741.44	8.90347
1742.44	8.91479
1743.44	8.92456
1744.44	8.94254
1745.44	8.94409
1746.44	8.94254
1747.44	8.93433
1748.44	8.93277
1749.44	8.93277
1750.44	8.93433
1751.44	8.92456
1752.44	8.92456
1753.44	8.91635
1754.44	8.93433
1755.44	8.91791
1756.44	8.92456
1757.44	8.92456
1758.44	8.94254
1759.44	8.97028
1760.44	8.97339
1761.44	8.98315
1762.44	8.99957
1763.44	9.00424
1764.44	9.0062
1765.44	9.0062
1766.44	9.00464
1767.44	9.02261
1768.44	9.02417
1769.44	9.03394
1770.44	9.04214
1771.44	9.07144
1772.44	9.08286
1773.44	9.10269
1774.44	9.10425
1775.44	9.12222
1776.44	9.11401
1777.44	9.11401
1778.44	9.11401
1779.44	9.11401
1780.44	9.11401
1781.44	9.11401
1782.44	9.11557
1783.44	9.12573
1784.44	9.12573
1785.44	9.13394
1786.44	9.12729
1787.44	9.13705
1788.44	9.12564
1789.44	9.13354
1790.44	9.14331
1791.44	9.14331
1792.44	9.15308
1793.44	9.15308
1794.44	9.15308
1795.44	9.15463
1796.44	9.16284
1797.44	9.17612
1798.44	9.18433
1799.44	9.20386
1800.44	9.22339
1801.44	9.24136
1802.44	9.24292
1803.44	9.25269
1804.44	9.25269
1805.44	9.26089
1806.44	9.27231
1807.44	9.28589
1808.44	9.27417
1809.44	9.2941
1810.44	9.28745
1811.44	9.29565
1812.44	9.29556
1813.44	9.2937
1814.44	9.29526
1815.44	9.2937
1816.44	9.2937
1817.44	9.28394
1818.44	9.29214
1819.44	9.28394
1820.44	9.29379
1821.44	9.30386
1822.44	9.31519
1823.44	9.31519
1824.44	9.32651
1825.44	9.33463
1826.44	9.34253
1827.44	9.3558
1828.44	9.36401
1829.44	9.37378
1830.44	9.39175
1831.44	9.3934
1832.44	9.39526
1833.44	9.3855
1834.44	9.39526
1835.44	9.40503
1836.44	9.40503
1837.44	9.4147
1838.44	9.42261
1839.44	9.43237
1840.44	9.45386
1841.44	9.46362
1842.44	9.48325
1843.44	9.48511
1844.44	9.48511
1845.44	9.49487
1846.44	9.50464
1847.44	9.5144
1848.44	9.51431
1849.44	9.51245
1850.44	9.52417
1851.44	9.52417
1852.44	9.52417
1853.44	9.51596
1854.44	9.5144
1855.44	9.51596
1856.44	9.51596
1857.44	9.5144
1858.44	9.51596
1859.44	9.52573
1860.44	9.52417
1861.44	9.53238
1862.44	9.54526
1863.44	9.55542
1864.44	9.55542
1865.44	9.57339
1866.44	9.58472
1867.44	9.58472
1868.44	9.57495
1869.44	9.5816
1870.44	9.60114
1871.44	9.63519
1872.44	9.53589
1873.44	9.56924
1874.44	9.59338
1875.44	9.57504
1876.44	9.59995
1877.44	9.61096
1878.44	9.62778
1879.44	9.65869
1880.44	9.672
1881.44	9.67862
1882.44	9.67712
1883.44	9.67401
1884.44	9.6709
1885.44	9.68729
1886.44	9.69043
1887.44	9.70496
1888.44	9.71503
1889.44	9.71158
1890.44	9.70215
1891.44	9.68893
1892.44	9.68073
1893.44	9.69049
1894.44	9.67917
1895.44	9.67761
1896.44	9.67761
1897.44	9.66785
1898.44	9.65613
1899.44	9.64792
1900.44	9.6366
1901.44	9.64481
1902.44	9.64481
1903.44	9.64331
1904.44	9.65143
1905.44	9.65143
1906.44	9.63315
1907.44	9.62369
1908.44	9.62213
1909.44	9.60541
1910.44	9.59439
1911.44	9.58267
1912.44	9.58276
1913.44	9.58151
1914.44	9.58112
1915.44	9.57144
1916.44	9.58121
1917.44	9.58151
1918.44	9.56314
1919.44	9.55347
1920.44	9.53229
1921.44	9.53394
1922.44	9.51276
1923.44	9.50104
1924.44	9.50113
1925.44	9.50925
1926.44	9.51089
1927.44	9.50934
1928.44	9.52917
1929.44	9.5191
1930.44	9.51746
1931.44	9.51752
1932.44	9.50934
1933.44	9.49799
1934.44	9.47995
1935.44	9.4816
1936.44	9.47839
1937.44	9.4816
1938.44	9.47839
1939.44	9.47964
1940.44	9.47018
1941.44	9.46832
1942.44	9.47028
1943.44	9.45886
1944.44	9.46674
1945.44	9.45856
1946.44	9.45892
1947.44	9.45731
1948.44	9.45697
1949.44	9.47028
1950.44	9.47018
1951.44	9.45856
1952.44	9.47028
1953.44	9.46707
1954.44	9.46832
1955.44	9.45892
1956.44	9.45731
1957.44	9.45697
1958.44	9.45856
1959.44	9.45886
1960.44	9.46518
1961.44	9.45697
1962.44	9.4472
1963.44	9.45541
1964.44	9.45737
1965.44	9.44754
1966.44	9.45697
1967.44	9.44879
1968.44	9.44916
1969.44	9.44754
1970.44	9.43903
1971.44	9.43588
1972.44	9.42767
1973.44	9.43423
1974.44	9.43588
1975.44	9.43588
1976.44	9.43588
1977.44	9.42767
1978.44	9.41791
1979.44	9.42612
1980.44	9.4147
1981.44	9.41791
1982.44	9.41791
1983.44	9.41791
1984.44	9.41629
1985.44	9.40619
1986.44	9.40659
1987.44	9.40659
1988.44	9.39682
1989.44	9.40659
1990.44	9.39682
1991.44	9.39676
1992.44	9.39487
1993.44	9.40463
1994.44	9.41635
1995.44	9.41635
1996.44	9.41479
1997.44	9.41479
1998.44	9.40659
1999.44	9.41479
2000.44	9.39682
2001.44	9.37729
2002.44	9.36588
2003.44	9.37378
2004.44	9.37534
2005.44	9.35736
2006.44	9.3558
2007.44	9.3476
2008.44	9.35425
2009.44	9.34604
2010.44	9.34439
2011.44	9.34253
2012.44	9.36057
2013.44	9.36246
2014.44	9.34604
2015.44	9.34448
2016.44	9.34293
2017.44	9.33472
2018.44	9.3183
2019.44	9.30533
2020.44	9.31332
2021.44	9.32339
2022.44	9.31519
2023.44	9.31363
2024.44	9.31363
2025.44	9.32339
2026.44	9.32495
2027.44	9.30502
2028.44	9.31519
2029.44	9.30698
2030.44	9.31519
2031.44	9.31674
2032.44	9.31519
2033.44	9.29721
2034.44	9.30542
2035.44	9.30542
2036.44	9.29565
2037.44	9.28589
2038.44	9.2941
2039.44	9.30386
2040.44	9.3316
2041.44	9.34293
2042.44	9.35425
2043.44	9.35425
2044.44	9.3558
2045.44	9.3476
2046.44	9.33783
2047.44	9.31668
2048.44	9.31479
2049.44	9.31479
2050.44	9.30853
2051.44	9.29721
2052.44	9.28745
2053.44	9.27603
2054.44	9.27417
2055.44	9.26596
2056.44	9.27417
2057.44	9.27573
2058.44	9.25775
2059.44	9.24643
2060.44	9.23822
2061.44	9.24643
2062.44	9.23502
2063.44	9.24448
2064.44	9.23822
2065.44	9.25464
2066.44	9.26596
2067.44	9.27573
2068.44	9.2937
2069.44	9.29721
2070.44	9.28738
2071.44	9.29526
2072.44	9.2937
2073.44	9.27728
2074.44	9.26752
2075.44	9.26752
2076.44	9.26785
2077.44	9.25934
2078.44	9.24957
2079.44	9.25613
2080.44	9.2562
2081.44	9.2562
2082.44	9.24799
2083.44	9.23666
2084.44	9.23666
2085.44	9.20731
2086.44	9.20541
2087.44	9.20697
2088.44	9.1972
2089.44	9.1972
2090.44	9.19754
2091.44	9.20541
2092.44	9.21674
2093.44	9.21051
2094.44	9.20731
2095.44	9.20541
2096.44	9.20697
2097.44	9.20541
2098.44	9.20892
2099.44	9.21713
2100.44	9.23511
2101.44	9.22684
2102.44	9.23471
2103.44	9.23471
2104.44	9.23666
2105.44	9.2269
2106.44	9.21869
2107.44	9.22525
2108.44	9.21674
2109.44	9.21518
2110.44	9.18744
2111.44	9.18588
2112.44	9.17612
2113.44	9.17612
2114.44	9.18619
2115.44	9.18588
2116.44	9.19565
2117.44	9.1972
2118.44	9.21362
2119.44	9.21713
2120.44	9.20892
2121.44	9.20572
2122.44	9.1972
2123.44	9.18588
2124.44	9.18588
2125.44	9.18588
2126.44	9.17612
2127.44	9.17612
2128.44	9.19254
2129.44	9.19409
2130.44	9.19565
2131.44	9.20572
2132.44	9.20541
2133.44	9.1972
2134.44	9.1972
2135.44	9.17926
2136.44	9.17801
2137.44	9.17456
2138.44	9.18433
2139.44	9.18588
2140.44	9.17612
2141.44	9.17612
2142.44	9.17612
2143.44	9.17612
2144.44	9.16629
2145.44	9.16791
2146.44	9.16635
2147.44	9.17767
2148.44	9.16791
2149.44	9.17456
2150.44	9.17447
2151.44	9.17416
2152.44	9.18433
2153.44	9.17612
2154.44	9.16635
2155.44	9.15814
2156.44	9.13861
2157.44	9.12729
2158.44	9.11588
2159.44	9.12378
2160.44	9.12534
2161.44	9.13354
2162.44	9.12534
2163.44	9.13354
2164.44	9.14331
2165.44	9.13666
2166.44	9.13705
2167.44	9.13705
2168.44	9.13705
2169.44	9.13541
2170.44	9.12534
2171.44	9.12378
2172.44	9.12378
2173.44	9.12378
2174.44	9.12534
2175.44	9.13354
2176.44	9.13666
2177.44	9.12885
2178.44	9.12729
2179.44	9.12564
2180.44	9.11557
2181.44	9.0976
2182.44	9.09604
2183.44	9.09604
2184.44	9.09604
2185.44	9.09604
2186.44	9.09598
2187.44	9.08783
2188.44	9.08627
2189.44	9.07806
2190.44	9.06674
2191.44	9.07495
2192.44	9.07495
2193.44	9.08316
2194.44	9.08472
2195.44	9.09293
2196.44	9.09604
2197.44	9.09448
2198.44	9.08627
2199.44	9.08627
2200.44	9.07486
2201.44	9.07455
2202.44	9.07455
2203.44	9.07651
2204.44	9.07495
2205.44	9.06674
2206.44	9.06519
2207.44	9.07339
2208.44	9.07495
2209.44	9.07495
2210.44	9.0683
2211.44	9.06519
2212.44	9.07495
2213.44	9.07651
2214.44	9.07495
2215.44	9.07495
2216.44	9.07495
2217.44	9.06674
2218.44	9.05533
2219.44	9.05347
2220.44	9.06479
2221.44	9.06479
2222.44	9.07144
2223.44	9.073
2224.44	9.06635
2225.44	9.06674
2226.44	9.04526
2227.44	9.05542
2228.44	9.05698
2229.44	9.04721
2230.44	9.04565
2231.44	9.06363
2232.44	9.06674
2233.44	9.07495
2234.44	9.08472
2235.44	9.08627
2236.44	9.07645
2237.44	9.06635
2238.44	9.08472
2239.44	9.08627
2240.44	9.08627
2241.44	9.0683
2242.44	9.07339
2243.44	9.07495
2244.44	9.06674
2245.44	9.04556
2246.44	9.05356
2247.44	9.04565
2248.44	9.04556
2249.44	9.03394
2250.44	9.04379
2251.44	9.05542
2252.44	9.03738
2253.44	9.02728
2254.44	9.02573
2255.44	9.02417
2256.44	9.02417
2257.44	9.02573
2258.44	9.02417
2259.44	9.0144
2260.44	9.0062
2261.44	8.99643
2262.44	8.99478
2263.44	8.99292
2264.44	8.99448
2265.44	8.98627
2266.44	8.98315
2267.44	8.99487
2268.44	8.99487
2269.44	8.98666
2270.44	8.99487
2271.44	8.99487
2272.44	8.99643
2273.44	8.99643
2274.44	9.00308
2275.44	9.00464
2276.44	8.99643
2277.44	8.99487
2278.44	8.98666
2279.44	8.98511
2280.44	8.98511
2281.44	8.98666
2282.44	8.98511
2283.44	8.99487
2284.44	8.99487
2285.44	8.99478
2286.44	9.00269
2287.44	8.99292
2288.44	8.99292
2289.44	8.99448
2290.44	8.99292
2291.44	8.98471
2292.44	8.97845
2293.44	8.96869
2294.44	8.95731
2295.44	8.94565
2296.44	8.93744
2297.44	8.93588
2298.44	8.93588
2299.44	8.93433
2300.44	8.93433
2301.44	8.92612
2302.44	8.93433
2303.44	8.94409
2304.44	8.94565
2305.44	8.94595
2306.44	8.94409
2307.44	8.95386
2308.44	8.95386
2309.44	8.95386
2310.44	8.96371
2311.44	8.97379
2312.44	8.97534
2313.44	8.97534
2314.44	8.98355
2315.44	8.97534
2316.44	8.95541
2317.44	8.94565
2318.44	8.9523
2319.44	8.94409
2320.44	8.94409
2321.44	8.94409
2322.44	8.93433
2323.44	8.9523
2324.44	8.96362
2325.44	8.96362
2326.44	8.96362
2327.44	8.96362
2328.44	8.97183
2329.44	8.97339
2330.44	8.98511
2331.44	8.98666
2332.44	8.98511
2333.44	8.99643
2334.44	9.00464
2335.44	9.0062
2336.44	8.99478
2337.44	8.99292
2338.44	8.98627
2339.44	8.98315
2340.44	8.97495
2341.44	8.96362
2342.44	8.96362
2343.44	8.96362
2344.44	8.96362
2345.44	8.97339
2346.44	8.95541
2347.44	8.95386
2348.44	8.94409
2349.44	8.94409
2350.44	8.94409
2351.44	8.93588
2352.44	8.94565
2353.44	8.95386
2354.44	8.94916
2355.44	8.94595
2356.44	8.94565
2357.44	8.95541
2358.44	8.95541
2359.44	8.95386
2360.44	8.95541
2361.44	8.95541
2362.44	8.95737
2363.44	8.93588
2364.44	8.93619
2365.44	8.92612
2366.44	8.92612
2367.44	8.92612
2368.44	8.92612
2369.44	8.92612
2370.44	8.91635
2371.44	8.91479
2372.44	8.91635
2373.44	8.92456
2374.44	8.93433
2375.44	8.93433
2376.44	8.9147
2377.44	8.9144
2378.44	8.90308
2379.44	8.89331
2380.44	8.87534
2381.44	8.89175
2382.44	8.89331
2383.44	8.89331
2384.44	8.89331
2385.44	8.89331
2386.44	8.89487
2387.44	8.87689
2388.44	8.88354
2389.44	8.8851
2390.44	8.88705
2391.44	8.89682
2392.44	8.88705
2393.44	8.88541
2394.44	8.88354
2395.44	8.8851
2396.44	8.87378
2397.44	8.88199
2398.44	8.88354
2399.44	8.88354
2400.44	8.89331
2401.44	8.8851
2402.44	8.89331
2403.44	8.8851
2404.44	8.88354
2405.44	8.88354
2406.44	8.86557
2407.44	8.87222
2408.44	8.86557
2409.44	8.86401
2410.44	8.86401
2411.44	8.86401
2412.44	8.87378
2413.44	8.87378
2414.44	8.87222
2415.44	8.86401
2416.44	8.86401
2417.44	8.87378
2418.44	8.86557
2419.44	8.85736
2420.44	8.86401
2421.44	8.86557
2422.44	8.86752
2423.44	8.87573
2424.44	8.88394
2425.44	8.8855
2426.44	8.89526
2427.44	8.89682
2428.44	8.87564
2429.44	8.87387
2430.44	8.86588
2431.44	8.85425
2432.44	8.86411
2433.44	8.86246
2434.44	8.86246
2435.44	8.86557
2436.44	8.86752
2437.44	8.87564
2438.44	8.86713
2439.44	8.87534
2440.44	8.8851
2441.44	8.88861
2442.44	8.89526
2443.44	8.89526
2444.44	8.91479
2445.44	8.90659
2446.44	8.89526
2447.44	8.89526
2448.44	8.89526
2449.44	8.90347
2450.44	8.90503
2451.44	8.91324
2452.44	8.90659
2453.44	8.89682
2454.44	8.89526
2455.44	8.89517
2456.44	8.8851
2457.44	8.8851
2458.44	8.89331
2459.44	8.89487
2460.44	8.89487
2461.44	8.87534
2462.44	8.88354
2463.44	8.86713
2464.44	8.86401
2465.44	8.8558
2466.44	8.85611
2467.44	8.86401
2468.44	8.86401
2469.44	8.88364
2470.44	8.8855
2471.44	8.8855
2472.44	8.89371
2473.44	8.88705
2474.44	8.8855
2475.44	8.87573
2476.44	8.87418
2477.44	8.8855
2478.44	8.87729
2479.44	8.86597
2480.44	8.86597
2481.44	8.85611
2482.44	8.84604
2483.44	8.84448
2484.44	8.83627
2485.44	8.83472
2486.44	8.83472
2487.44	8.83472
2488.44	8.84448
2489.44	8.85425
2490.44	8.84604
2491.44	8.84448
2492.44	8.84448
2493.44	8.85425
2494.44	8.83627
2495.44	8.82651
2496.44	8.83316
2497.44	8.83627
2498.44	8.83627
2499.44	8.81668
2500.44	8.823
2501.44	8.82455
2502.44	8.81479
2503.44	8.81323
2504.44	8.81323
2505.44	8.81323
2506.44	8.81168
2507.44	8.81323
2508.44	8.82144
2509.44	8.82455
2510.44	8.823
2511.44	8.82455
2512.44	8.82651
2513.44	8.83472
2514.44	8.83627
2515.44	8.85425
2516.44	8.85425
2517.44	8.85269
2518.44	8.85425
2519.44	8.84448
2520.44	8.84448
2521.44	8.84448
2522.44	8.84448
2523.44	8.83627
2524.44	8.83627
2525.44	8.83472
2526.44	8.84448
2527.44	8.83472
2528.44	8.84448
2529.44	8.83627
2530.44	8.83472
2531.44	8.83472
2532.44	8.83472
2533.44	8.83472
2534.44	8.84293
2535.44	8.83627
2536.44	8.83627
2537.44	8.84448
2538.44	8.83463
2539.44	8.83432
2540.44	8.83627
2541.44	8.84448
2542.44	8.84448
2543.44	8.84448
2544.44	8.84293
2545.44	8.85269
2546.44	8.84604
2547.44	8.84448
2548.44	8.83627
2549.44	8.82651
2550.44	8.82651
2551.44	8.80698
2552.44	8.80191
2553.44	8.80347
2554.44	8.81168
2555.44	8.80502
2556.44	8.80347
2557.44	8.80698
2558.44	8.79721
2559.44	8.79565
2560.44	8.79721
2561.44	8.79565
2562.44	8.80542
2563.44	8.80542
2564.44	8.80698
2565.44	8.79556
2566.44	8.78549
2567.44	8.78394
2568.44	8.78394
2569.44	8.78549
2570.44	8.79214
2571.44	8.79526
2572.44	8.80347
2573.44	8.82144
2574.44	8.82455
2575.44	8.81479
2576.44	8.80347
2577.44	8.81168
2578.44	8.80347
2579.44	8.78549
2580.44	8.78394
2581.44	8.77573
2582.44	8.78394
2583.44	8.77417
2584.44	8.76596
2585.44	8.78238
2586.44	8.78238
2587.44	8.78394
2588.44	8.77728
2589.44	8.77417
2590.44	8.7937
2591.44	8.78549
2592.44	8.77573
2593.44	8.76431
2594.44	8.77417
2595.44	8.77417
2596.44	8.78403
2597.44	8.77417
2598.44	8.77417
2599.44	8.77417
2600.44	8.77261
2601.44	8.77417
2602.44	8.76596
2603.44	8.76431
2604.44	8.76245
2605.44	8.76245
2606.44	8.77231
2607.44	8.78589
2608.44	8.77417
2609.44	8.78238
2610.44	8.78394
2611.44	8.77417
2612.44	8.7644
2613.44	8.76285
2614.44	8.75464
2615.44	8.74487
2616.44	8.74487
2617.44	8.74487
2618.44	8.74487
2619.44	8.73511
2620.44	8.75308
2621.44	8.75464
2622.44	8.76285
2623.44	8.7644
2624.44	8.77261
2625.44	8.78238
2626.44	8.78394
2627.44	8.77417
2628.44	8.77261
2629.44	8.77426
2630.44	8.77612
2631.44	8.7644
2632.44	8.7644
2633.44	8.75464
2634.44	8.74478
2635.44	8.73315
2636.44	8.74292
2637.44	8.75269
2638.44	8.7644
2639.44	8.77426
2640.44	8.78433
2641.44	8.78745
2642.44	8.77603
2643.44	8.75775
2644.44	8.74643
2645.44	8.75464
2646.44	8.7562
2647.44	8.74487
2648.44	8.75308
2649.44	8.75464
2650.44	8.75308
2651.44	8.75464
2652.44	8.76285
2653.44	8.77261
2654.44	8.77417
2655.44	8.77417
2656.44	8.77426
2657.44	8.7644
2658.44	8.75464
2659.44	8.75464
2660.44	8.75464
2661.44	8.76285
2662.44	8.7562
2663.44	8.7644
2664.44	8.7644
2665.44	8.7644
2666.44	8.7644
2667.44	8.7644
2668.44	8.77261
2669.44	8.7644
2670.44	8.77417
2671.44	8.77417
2672.44	8.78589
2673.44	8.78589
2674.44	8.77768
2675.44	8.7644
2676.44	8.7644
2677.44	8.74478
2678.44	8.74292
2679.44	8.72495
2680.44	8.72339
2681.44	8.72495
2682.44	8.72339
2683.44	8.73315
2684.44	8.75464
2685.44	8.7644
2686.44	8.76596
2687.44	8.77417
2688.44	8.77417
2689.44	8.77573
2690.44	8.7562
2691.44	8.73666
2692.44	8.72534
2693.44	8.70737
2694.44	8.69595
2695.44	8.67612
2696.44	8.66635
2697.44	8.66635
2698.44	8.67456
2699.44	8.69254
2700.44	8.70386
2701.44	8.72183
2702.44	8.74142
2703.44	8.72534
2704.44	8.71402
2705.44	8.70581
2706.44	8.69409
2707.44	8.68433
2708.44	8.67456
2709.44	8.68433
2710.44	8.68588
2711.44	8.69254
2712.44	8.69409
2713.44	8.70581
2714.44	8.70737
2715.44	8.70572
2716.44	8.70386
2717.44	8.70541
2718.44	8.70541
2719.44	8.70541
2720.44	8.70386
2721.44	8.70386
2722.44	8.70386
2723.44	8.69409
2724.44	8.69409
2725.44	8.7023
2726.44	8.70386
2727.44	8.70386
2728.44	8.70386
2729.44	8.71207
2730.44	8.71362
2731.44	8.71362
2732.44	8.71362
2733.44	8.72183
2734.44	8.72339
2735.44	8.73315
2736.44	8.72495
2737.44	8.72495
2738.44	8.71362
2739.44	8.73315
2740.44	8.72495
2741.44	8.71518
2742.44	8.71362
2743.44	8.72339
2744.44	8.72339
2745.44	8.71518
2746.44	8.71362
2747.44	8.70541
2748.44	8.70737
2749.44	8.70572
2750.44	8.71362
2751.44	8.71362
2752.44	8.72339
2753.44	8.74301
2754.44	8.75308
2755.44	8.7644
2756.44	8.7644
2757.44	8.7644
2758.44	8.74643
2759.44	8.73502
2760.44	8.72495
2761.44	8.72339
2762.44	8.72339
2763.44	8.71518
2764.44	8.7316
2765.44	8.7316
2766.44	8.72339
2767.44	8.73315
2768.44	8.74292
2769.44	8.73471
2770.44	8.73315
2771.44	8.74292
2772.44	8.74448
2773.44	8.75464
	
