-0.300385
-0.364105
-0.358948
-0.367188
-0.349213
-0.347656
-0.355835
-0.349243
-0.329681
-0.347717
-0.331665
-0.312103
-0.310516
-0.298828
-0.280853
-0.27771
-0.279297
-0.288727
-0.26947
-0.266022
-0.25943
-0.231995
-0.210938
-0.219116
-0.226959
-0.228516
-0.238373
-0.212494
-0.222229
-0.210907
-0.207397
-0.202332
-0.199188
-0.199188
-0.207428
-0.210602
-0.218719
-0.21051
-0.208954
-0.200775
-0.1828
-0.172974
-0.169495
-0.15155
-0.149963
-0.132019
-0.126923
-0.118744
-0.107422
-0.089447
-0.078125
-0.0863037
-0.0894165
-0.0894165
-0.089447
-0.0992126
-0.0992737
-0.0894165
-0.0878601
-0.104309
-0.0996094
-0.0813293
-0.070282
-0.0718384
-0.0604248
-0.0386658
-0.0207214
3.97E-04
0.0101624
3.05E-04
3.98E-13
-3.14E-03
-0.0113525
-0.0405579
0.141541
0.156555
-0.164429
-0.266235
-0.166351
0.156952
0.674469
-0.55191
0.318512
0.395203
0.416931
0.377716
0.4328
0.441223
0.460571
0.478729
0.476715
0.468201
0.458771
0.448608
0.435394
0.452118
0.456787
0.45047
0.429016
0.418854
0.423584
0.423889
0.45166
0.444977
0.454742
0.448151
0.45636
0.466125
0.481018
0.491119
0.489471
0.498932
0.490692
0.484467
0.482819
0.464508
0.453522
0.471191
0.459778
0.470795
0.490723
0.50351
0.510254
0.531677
0.532806
0.532867
0.549255
0.542664
0.536438
0.524994
0.507141
0.513672
0.523468
0.518463
0.525391
0.523438
0.536407
0.528503
0.505096
0.523102
0.554718
0.55127
0.546478
0.556244
0.557892
0.56601
0.564484
0.573883
0.585541
0.596985
0.585541
0.575409
0.575409
0.586823
0.578888
0.587128
0.613281
0.608185
0.616516
0.637909
0.662109
0.665314
0.680054
0.680084
0.680084
0.680054
0.680115
0.671844
0.658997
0.667206
0.677032
0.68869
0.681671
0.681732
0.695038
0.687134
0.683563
0.675415
0.675018
0.669983
0.676941
0.686737
0.686737
0.707794
0.709381
0.707794
0.70752
0.724213
0.728882
0.71759
0.709351
0.727417
0.7258
0.728882
0.727325
0.763306
0.766388
0.759827
0.775024
0.758575
0.738647
0.742188
0.756744
0.75705
0.766815
0.786346
0.787872
0.79776
0.789429
0.797638
0.817169
0.825378
0.80899
0.799194
0.807404
0.80899
0.800842
0.803131
0.819458
0.837128
0.8367
0.856354
0.851532
0.871063
0.853119
0.849976
0.858093
0.874329
0.87616
0.886017
0.923859
0.930084
0.928101
0.946503
0.939819
0.930054
0.91217
0.917206
0.928528
0.938232
0.94455
0.959045
0.990601
1.01013
1.02185
1.03165
1.02344
1.03986
1.01993
1.02655
1.04611
1.03946
1.05585
1.0293
1.03946
1.05896
1.05896
1.07227
1.08365
1.10037
1.09052
1.10974
1.10156
1.10818
1.11798
1.1293
1.10159
1.10001
1.09842
1.10822
1.08203
1.0867
1.0918
1.10001
1.10977
1.12772
1.1488
1.16687
1.15079
1.14099
1.13943
1.13123
1.13947
1.12305
1.1297
1.1492
1.15741
1.14923
1.13904
1.13553
1.15704
1.17499
1.16837
1.19772
1.20947
1.23282
1.23938
1.23083
1.2406
1.23709
1.22888
1.23709
1.22891
1.23718
1.23083
1.23904
1.23553
1.23868
1.2453
1.25824
1.26648
1.27814
1.30118
1.3371
1.34024
1.34842
1.37772
1.36133
1.35977
1.34183
1.34024
1.35663
1.35159
1.35818
1.37781
1.3992
1.409
1.39102
1.37305
1.36993
1.37967
1.37308
1.35315
1.34995
1.34805
1.34805
1.36758
1.36133
1.37784
1.38126
1.39258
1.40076
1.39093
1.39883
1.38245
1.39725
1.39883
1.39886
1.39261
1.40079
1.41064
1.42072
1.42853
1.4285
1.43826
1.44803
1.44962
1.42343
1.43008
1.44339
1.4418
1.45001
1.46954
1.48907
1.46759
1.46915
1.47073
1.4711
1.47931
1.4809
1.5004
1.50858
1.51837
1.52969
1.52307
1.52148
1.51993
1.53159
1.53131
1.53165
1.71024
1.4039
1.49246
1.38495
1.31857
1.29111
1.31641
1.34537
1.3541
1.33267
1.30554
1.30844
1.31195
1.32339
1.3432
1.36908
1.37091
1.36905
1.38742
1.42804
1.42484
1.44141
1.45462
1.46399
1.46899
1.46713
1.47186
1.44446
1.42847
1.41675
1.42816
1.43671
1.44641
1.48361
1.505
1.51797
1.53278
1.54568
1.53781
1.53586
1.53592
1.54416
1.53781
1.55237
1.55591
1.54764
1.56439
1.55899
1.5527
1.54764
1.57413
1.56561
1.53748
1.54291
1.52615
1.52298
1.51483
1.5394
1.56219
1.58362
1.58557
1.60031
1.61292
1.62262
1.61444
1.63245
1.60626
1.60504
1.62109
1.62308
1.63086
1.65234
1.65234
1.65393
1.64407
1.6539
1.65079
1.61288
1.5921
1.59961
1.62109
1.6832
1.69485
1.69299
1.68127
1.69141
1.69299
1.70117
1.69647
1.71954
1.92584
2.3136
1.14423
2.06906
2.19708
2.29065
2.31439
2.26376
2.27625
2.2847
2.28088
2.26636
2.271
2.27103
2.26422
2.2706
2.28229
2.28217
2.29517
2.27719
2.29037
2.28992
2.30292
2.30289
2.31424
2.3291
2.32236
2.33221
2.32938
2.34189
2.35681
2.35556
2.37509
2.3833
2.35672
2.34698
2.36493
2.36847
2.36026
2.34033
2.3454
2.30936
2.28952
2.27194
2.26056
2.25671
2.27167
2.28165
2.29501
2.3114
2.3129
2.31607
2.32266
2.33408
2.3504
2.35513
2.35355
2.35513
2.36487
2.35513
2.36526
2.36646
2.37656
2.37466
2.3667
2.36288
2.35635
2.35507
2.35159
2.34509
2.33401
2.32742
2.33401
2.32574
2.3371
2.36487
2.36453
2.36331
2.36453
2.37305
2.38086
2.37271
2.36484
2.35471
2.34656
2.35663
2.34497
2.34531
2.35159
2.3645
2.39267
2.39261
2.39572
2.37781
2.37814
2.35974
2.35663
2.36642
2.36795
2.3876
2.40234
2.42343
2.43839
2.44687
2.43829
2.45477
2.44177
2.44022
2.44998
2.46448
2.48557
2.47897
2.48596
2.48752
2.48749
2.47745
2.49573
2.50705
2.50858
2.49884
2.49542
2.50354
2.49686
2.47733
2.46603
2.45596
2.46759
2.46603
2.45782
2.46768
2.45779
2.45779
2.46756
2.45779
2.45779
2.45627
2.45792
2.45822
2.47421
2.46609
2.46289
2.4758
2.48721
2.50705
2.51682
2.53635
2.52927
2.53955
2.54138
2.51868
2.52658
2.53796
2.55438
2.5676
2.5676
2.5954
2.59845
2.61642
2.59998
2.60818
2.5788
2.57693
2.57706
2.57693
2.59845
2.59494
2.61612
2.63593
2.65701
2.65857
2.66525
2.68631
2.69763
2.68124
2.69772
2.70117
2.71951
2.72107
2.72928
2.73904
2.72928
2.71133
2.70779
2.7258
2.70117
2.68839
2.68665
2.71259
2.7077
2.70749
2.70935
2.71759
2.73083
2.72263
2.72266
2.7113
2.69803
2.68796
2.67032
2.66718
2.6785
2.6785
2.68826
2.71756
2.71915
2.72736
2.73868
2.74689
2.76639
2.77618
2.7926
2.79889
2.80588
2.82736
2.8551
2.85818
2.8418
2.85983
2.8418
2.84842
2.83203
2.82068
2.83713
2.83865
2.84024
2.8403
2.85861
2.87811
2.8797
2.85818
2.86642
2.86639
2.87772
2.88748
2.88748
2.89063
2.91843
2.89252
2.88092
2.88126
2.87149
2.8699
2.86835
2.8699
2.8699
2.8797
2.90741
2.90237
2.90234
2.91055
2.91055
2.92032
2.90076
2.8992
2.8992
2.88086
2.88092
2.86328
2.86005
2.85977
2.85977
2.88605
2.89102
2.8992
2.90079
2.92072
2.94022
2.9418
2.95822
2.97775
2.99725
2.99219
2.97269
2.97931
2.97266
2.96292
2.94608
2.95587
2.94763
2.9379
2.91992
2.89063
2.8793
2.86136
2.85822
2.87775
2.87112
2.88593
2.89725
2.90701
2.92032
2.91492
2.92654
2.91992
2.92191
2.91211
2.90546
2.91214
2.9285
2.9465
2.95779
2.33398
3.76074
2.45767
2.45288
2.42163
2.37662
2.33618
2.3175
2.30594
2.29639
2.28983
2.32944
2.36697
2.34909
2.36734
2.3721
2.39819
2.39984
2.41119
2.42291
2.41168
2.44788
2.46204
2.48187
2.49014
2.47913
2.4967
2.48663
2.50153
2.50656
2.48859
2.47562
2.48508
2.47534
2.48352
2.52139
2.54913
2.5719
2.59015
2.61133
2.60968
2.63586
2.64886
2.64404
2.64096
2.66211
2.63428
2.62143
2.60962
2.59964
2.62775
2.6261
2.62112
2.63626
2.64563
2.63715
2.64563
2.64523
2.64688
2.65543
2.66483
2.65698
2.67459
2.67648
2.68631
2.67804
2.67654
2.67493
2.67654
2.68317
2.68631
2.70267
2.6781
2.67657
2.65698
2.6637
2.63116
2.60468
2.61288
2.62576
2.66525
2.70776
2.72922
2.69962
2.69485
2.69647
2.70465
2.71249
2.72385
2.76016
2.93057
3.40509
2.30133
3.92163
4.27734
4.48959
4.55746
4.62579
4.66006
4.66986
4.64676
4.64832
4.65964
4.66656
4.67914
4.66611
4.6658
4.6478
4.6611
4.67731
4.68024
4.69342
4.6915
4.69315
4.70633
4.69812
4.68869
4.68683
4.67197
4.67859
4.67072
4.68015
4.69159
4.7117
4.72119
4.73288
4.71484
4.73093
4.74103
4.73212
4.70782
4.71292
4.73212
4.74374
4.73398
4.73209
4.75195
4.75986
4.76328
4.7829
4.79617
4.80624
4.79443
4.7778
4.76843
4.73904
4.72766
4.68982
4.69647
4.68829
4.71414
4.70627
4.70627
4.716
4.71768
4.73407
4.71951
4.70822
4.71768
4.73438
4.74573
4.73752
4.73248
4.73593
4.7453
4.71915
4.716
4.69647
4.71454
4.71951
4.71921
4.73752
4.74719
4.74686
4.74841
4.75516
4.73865
4.73709
4.71912
4.71603
4.73557
4.71564
4.7337
4.73709
4.73712
4.74844
4.75671
4.76993
4.76993
4.79608
4.82538
4.83517
4.82031
4.80905
4.8176
4.80627
4.78983
4.77148
4.75861
4.7699
4.7699
4.77966
4.77811
4.78479
4.80432
4.82556
4.83554
4.8371
4.81912
4.81717
4.80078
4.7879
4.76172
4.76639
4.76797
4.77155
4.7995
4.79102
4.79102
4.79764
4.79962
4.80939
4.81885
4.80939
4.80118
4.80939
4.80896
4.82733
4.82892
4.8501
4.83243
4.84061
4.83084
4.83234
4.82889
4.82693
4.83673
4.82852
4.83835
4.83044
4.81912
4.82733
4.83517
4.82697
4.84656
4.85818
4.87814
4.88132
4.87805
4.88751
4.8988
4.8793
4.88913
4.90076
4.9039
4.90887
4.9285
4.93985
4.92188
4.93985
4.94965
4.92346
4.9137
4.89252
4.89883
4.89728
4.8989
4.91876
4.92032
4.94803
4.93985
4.93167
4.92032
4.92853
4.92032
4.89883
4.88907
4.88748
4.89883
4.90701
4.88748
4.9071
4.9285
4.92999
4.94608
4.94766
4.95898
4.96097
4.95938
4.94299
4.93826
4.94803
4.97577
4.96912
4.97736
4.97891
4.99695
5.00034
5.00827
5.02969
5.03946
5.04102
5.05118
5.04297
5.04141
5.02811
5.03787
5.0379
5.01993
5.02814
5.02811
5.03946
5.04922
5.06876
5.07852
5.116
5.13721
5.14725
5.14883
5.14883
5.14725
5.14883
5.1507
5.12421
5.1293
5.14725
5.15701
5.1586
5.15701
5.17664
5.18008
5.18008
5.18008
5.17822
5.19019
5.18985
5.19806
5.20789
5.20776
5.21094
5.18945
5.19141
5.17813
5.17346
5.18011
5.18008
5.16214
5.18011
5.19141
5.21918
5.22733
5.23087
5.24063
5.2453
5.23203
5.22891
5.22269
5.22931
5.22269
5.20972
5.20782
5.19962
5.20782
5.22906
5.23282
5.22296
5.23096
5.2211
5.24258
5.23267
5.23868
5.2583
5.2796
5.30078
5.28946
5.28952
5.27814
5.26993
5.26834
5.26843
5.27029
5.26834
5.27969
5.27969
5.2879
5.27814
5.2879
5.28787
5.2879
5.2879
5.29929
4.34464
6.43097
4.52213
4.29691
3.99622
3.82541
3.7312
3.6004
3.54843
3.49081
3.47476
3.45721
3.4881
3.48654
3.48654
3.48383
3.48511
3.48383
3.49014
3.50677
3.51752
3.51633
3.52457
3.5112
3.505
3.51996
3.5347
3.53619
3.52924
3.53085
3.54916
3.5394
3.54913
3.55872
3.56241
3.56088
3.55264
3.5394
3.54105
3.53149
3.54758
3.53748
3.54913
3.53909
3.52652
3.52615
3.50699
3.48868
3.49567
3.50507
3.51828
3.52457
3.54727
3.53741
3.53595
3.52457
3.52463
3.51328
3.50189
3.50314
3.49686
3.49368
3.48865
3.4968
3.48868
3.49057
3.48361
3.49347
3.50031
3.51172
3.50507
3.49524
3.50354
3.51486
3.53156
3.54102
3.53793
3.55121
3.54257
3.56409
3.5574
3.57562
3.57657
3.56873
3.564
3.55392
3.5621
3.56241
3.56366
3.55432
3.75748
4.66577
3.21851
5.92453
6.42474
6.62894
6.66415
6.6947
6.72577
6.70737
6.71082
6.7085
6.70221
6.68423
6.6665
6.66586
6.67239
6.66232
6.67078
6.67908
6.69702
6.70825
6.71811
6.71808
6.70642
6.69693
6.70322
6.72781
6.73917
6.75711
6.76526
6.76843
6.76688
6.75201
6.74069
6.71133
6.7114
6.69339
6.67349
6.67859
6.68866
6.68326
6.68991
6.68362
6.70325
6.70123
6.72113
6.72232
6.7309
6.73248
6.74219
6.73563
6.74063
6.73398
6.75366
6.75546
6.73758
6.72775
6.72617
6.70975
6.69836
6.6962
6.67697
6.69492
6.66678
6.68652
6.68359
6.69339
6.72235
6.71289
6.716
6.71765
6.72421
6.72736
6.70935
6.71133
6.70792
6.67697
6.66876
6.66721
6.67862
6.67892
6.67883
6.6965
6.68787
6.6962
6.66876
6.66721
6.66721
6.68488
6.67697
6.66721
6.68674
6.68796
6.68674
6.68005
6.67697
6.68674
6.6785
6.67819
6.68671
6.69141
6.70593
6.71448
6.72897
6.70978
6.71799
6.71756
6.7077
6.68787
6.69464
6.68982
6.69608
6.68634
6.68475
6.70792
6.70975
6.70978
6.70975
6.70313
6.68985
6.68982
6.69803
6.69147
6.70667
6.72775
6.73752
6.75555
6.72928
6.73596
6.716
6.70584
6.69766
6.69452
6.71417
6.69958
6.70779
6.716
6.72733
6.72891
6.74023
6.7504
6.7504
6.74881
6.76682
6.76846
6.76837
6.74686
6.77658
6.7699
6.76999
6.77853
6.78165
6.7699
6.76682
6.76016
6.7406
6.73047
6.71747
6.70584
6.70596
6.72577
6.76486
6.75
6.7699
6.79108
6.80115
6.81091
6.82071
6.81091
6.82892
6.83868
6.84024
6.85822
6.85822
6.85822
6.84024
6.83868
6.84024
6.84845
6.8465
6.84802
6.85635
6.85822
6.85001
6.84998
6.85977
6.85001
6.85001
6.84024
6.85001
6.84021
6.85663
6.8418
6.84842
6.84024
6.83206
6.84024
6.85001
6.85663
6.85156
6.83865
6.84491
6.85626
6.84805
6.84647
6.85782
6.86758
6.88904
6.89694
6.89725
6.90549
6.90546
6.88907
6.88751
6.86954
6.86951
6.86798
6.87781
6.88943
6.91882
6.92072
6.94025
6.9418
6.94022
6.94336
6.94022
6.93201
6.93045
6.9285
6.93826
6.91837
6.91837
6.9086
6.92499
6.91837
6.91995
6.92853
6.91214
6.92035
6.92032
6.91876
6.89102
6.90897
6.93515
6.93643
6.95779
6.96765
6.96133
6.96796
6.96133
6.93829
6.92853
6.94647
6.94965
6.96759
6.97421
7.00861
7.00354
7.01172
6.99213
7
7.00827
7.01993
7.02148
7.00854
7.01642
7.01797
7.01797
7.02618
7.01956
7.0379
7.02307
7.03787
7.03949
7.04767
7.04764
7.04922
7.0574
7.05078
7.04922
7.02148
7.03128
7.03125
7.0379
7.03949
7.06058
7.07697
7.06213
7.07697
7.08829
7.09805
7.07034
7.06876
7.05899
7.04922
7.04922
7.04105
7.05945
7.0495
7.04764
5.58688
8.9314
5.9834
5.48309
5.01895
4.72055
4.53781
4.3988
4.28519
4.22308
4.17557
4.17752
4.15762
4.14197
4.12054
4.12057
4.13538
4.13705
4.13382
4.12247
4.12061
4.11935
4.10919
4.13235
4.12769
4.14252
4.17493
4.17648
4.15543
4.12445
4.11282
4.09134
4.0636
4.07181
4.08319
4.09326
4.09018
4.11633
4.10315
4.09171
4.08038
4.09027
4.1019
4.10971
4.13907
4.12299
4.1261
4.1293
4.10809
4.08823
4.07657
4.07697
4.05899
4.02963
4.00854
4.00662
3.99527
3.99689
4.01321
4.03787
4.02649
4.02811
4.03784
4.03787
4.03625
4.03592
4.04449
4.05389
4.04449
4.03592
4.03439
4.03275
4.02618
4.01486
4.00345
4.02615
4.05426
4.05081
4.43484
4.54102
4.12549
3.91922
3.93112
3.97025
3.94751
3.88205
3.69983
3.50867
3.7157
4.00964
4.08984
4.09491
4.08673
4.1015
4.08673
4.09366
4.10938
4.10312
4.18521
4.75821
3.66376
7.29443
8.08328
8.29169
8.30536
8.24118
8.25171
8.26993
8.23666
8.21042
8.17413
8.17291
8.20023
8.22479
8.20523
8.20837
8.19708
8.19861
8.20331
8.21338
8.20486
8.22635
8.22943
8.2294
8.23917
8.26035
8.27155
8.27158
8.27631
8.25705
8.24539
8.24384
8.23407
8.22586
8.22586
8.21768
8.23566
8.24072
8.23096
8.23596
8.23874
8.21445
8.1864
8.19772
8.18994
8.16531
8.16876
8.16061
8.15399
8.13477
8.15903
8.1817
8.16525
8.16528
8.18011
8.17505
8.18167
8.18988
8.19971
8.22076
8.2243
8.22461
8.24225
8.24573
8.24728
8.25195
8.25516
8.26526
8.26337
8.2735
8.27695
8.26025
8.25742
8.25742
8.24725
8.2637
8.25546
8.24698
8.24374
8.23557
8.21573
8.19806
8.18671
8.18478
8.18478
8.17822
8.18515
8.17346
8.18484
8.19501
8.18674
8.17697
8.17038
8.17697
8.19492
8.19641
8.18631
8.20447
8.1965
8.18674
8.18839
8.18045
8.17065
8.17343
8.17001
8.159
8.15744
8.15704
8.16531
8.1785
8.20471
8.20975
8.21951
8.21756
8.22745
8.23596
8.22775
8.2457
8.25711
8.25351
8.26486
8.2583
8.2406
8.2258
8.22733
8.23557
8.2453
8.2485
8.25705
8.2504
8.26053
8.27029
8.27811
8.25858
8.2699
8.25049
8.25232
8.259
8.26682
8.25705
8.27667
8.28827
8.30432
8.28787
8.27811
8.29776
8.30936
8.30115
8.2883
8.27966
8.27811
8.27823
8.30627
8.28983
8.2879
8.3074
8.30743
8.30078
8.30743
8.29919
8.3074
8.29919
8.30588
8.32071
8.33875
8.35193
8.3699
8.3797
8.37811
8.38947
8.37109
8.37772
8.37112
8.36292
8.36951
8.36133
8.35666
8.35663
8.34647
8.35788
8.35822
8.35156
8.36795
8.37305
8.38126
8.38281
8.38123
8.37958
8.39893
8.40741
8.40079
8.39417
8.40393
8.39734
8.38947
8.38281
8.40076
8.41211
8.40897
8.42227
8.44022
8.43985
8.44803
8.43829
8.4285
8.42188
8.41873
8.40039
8.39883
8.39725
8.39063
8.4086
8.3989
8.41562
8.39404
8.39383
8.39413
8.38245
8.39386
8.39063
8.39728
8.39893
8.40079
8.41055
8.41873
8.42853
8.44647
8.45941
8.46097
8.47101
8.46561
8.46408
8.45618
8.42499
8.42032
8.41873
8.42694
8.42853
8.42499
8.44962
8.45782
8.45938
8.45938
8.46915
8.47736
8.48053
8.49063
8.49057
8.47226
8.46915
8.4707
8.46097
8.45782
8.44141
8.41837
8.43008
8.43985
8.43829
8.45624
8.44962
8.45938
8.45938
8.48563
8.4906
8.50195
8.51019
8.50037
8.5004
8.49066
8.49063
8.49063
8.47925
8.48877
8.48907
8.48087
8.4711
8.47775
8.47272
8.46133
8.46954
8.46756
8.45779
8.45117
8.44965
8.44962
8.44958
8.44141
8.43985
8.43167
8.41873
8.41718
8.41058
8.40549
8.42667
8.42856
8.43042
8.43164
8.40237
8.40234
8.38754
5.52277
11.2759
6.96686
6.14105
5.6286
5.26624
5.0069
4.81711
4.71286
4.63443
4.58572
4.54187
4.50247
4.49118
4.48813
4.46384
4.44434
4.43771
4.42599
4.43265
4.41324
4.39359
4.39044
4.37064
4.35141
4.3562
4.34955
4.33499
4.34955
4.36441
4.34644
4.34485
4.36282
4.3562
4.35306
4.33978
4.35114
4.34293
4.33978
4.3515
4.35938
4.36957
4.36322
4.35815
4.35776
4.3414
4.32886
4.33041
4.32022
4.32343
4.32065
4.3187
4.30893
4.31058
4.31558
4.30585
4.30426
4.31564
4.3222
4.31561
4.32379
4.32852
4.34644
4.32849
4.32535
4.31876
4.30734
4.30585
4.29602
4.28781
4.29568
4.30582
4.32346
4.31873
4.32532
4.31873
4.30737
4.29572
4.29605
4.27771
4.2926
4.2847
4.29413
4.31244
4.33322
4.33322
4.33353
4.31522
4.29251
4.27615
4.2551
4.25189
4.2551
4.25351
4.28937
4.28281
4.30234
4.32034
4.31366
4.32065
4.33167
4.35785
4.3465
4.34329
4.35275
4.33826
4.33353
4.31525
4.28592
4.293
4.2851
4.2749
4.3009
4.3042
4.33368
4.34204
4.34964
4.34964
4.36914
4.36093
4.37265
4.38593
4.3761
4.37775
4.38437
4.37451
4.36447
4.36328
4.35342
4.34335
4.34183
4.34335
4.34338
4.35352
4.3551
4.36322
4.37103
4.37268
4.37265
4.38245
4.37421
4.37296
4.36444
4.37421
4.38245
4.40433
4.39447
4.39096
4.38086
4.3989
4.38275
4.40042
4.39374
4.39221
4.39725
4.39407
4.3844
4.3844
4.39093
4.384
4.3793
4.37109
4.35315
4.34686
4.33401
4.3226
4.35004
4.35471
4.36172
4.35355
4.35355
4.36176
4.36166
4.3418
4.35977
4.34338
4.35159
4.34335
4.33206
4.3418
4.34378
4.36011
4.35156
4.35156
4.35822
4.36136
4.35004
4.34183
4.35004
4.34973
4.3519
4.35001
4.34027
4.34845
4.36801
4.36136
4.3418
4.35156
4.35342
4.35156
4.34964
4.36136
4.37112
4.37775
4.40088
4.39923
4.38281
4.36987
4.36957
4.35156
4.33359
4.33359
4.32062
4.31879
4.32861
4.33206
4.33051
4.3223
4.32227
4.31909
4.32071
4.32031
4.34808
4.3595
4.37308
4.38272
4.40237
4.39258
4.40082
4.38437
4.3714
4.37775
4.36093
4.36798
4.36136
4.36288
4.38086
4.38077
4.38715
4.39886
4.41028
4.41058
4.42035
4.41876
4.43167
4.44144
4.44174
4.45276
4.45941
4.46097
4.47073
4.4711
4.46448
4.45316
4.45157
4.45316
4.44019
4.4512
4.44965
4.44141
4.44141
4.43155
4.41995
4.41367
4.39417
4.3793
4.36292
4.36331
4.36176
4.37967
4.37933
4.37268
4.38751
4.39096
4.3891
4.39066
4.39893
4.39413
4.39105
4.40237
4.41876
4.41397
4.41211
4.41214
4.41055
4.41876
4.40546
4.41055
4.41055
4.42853
4.43011
4.41202
4.4184
4.41995
4.41995
4.41367
4.4137
4.4039
4.40234
4.39252
4.39218
4.38245
4.409
4.42032
4.43167
4.45779
4.46097
4.46759
4.46292
4.46292
4.47113
4.47104
4.46252
4.4805
4.49026
4.48868
4.4805
4.46918
4.4809
4.4809
4.46127
4.44296
4.44144
4.43176
4.42377
4.41214
4.43167
4.44971
4.4632
4.46133
4.4711
4.4711
4.48096
4.48282
4.48441
4.49258
4.47452
4.48245
4.4726
4.48059
4.45306
4.46094
4.4711
4.48087
4.47113
4.46289
4.46292
4.46948
4.47073
4.48059
4.48245
4.48245
4.49884
4.47421
4.4711
4.46759
4.4512
4.4335
4.44965
4.44299
4.44962
4.43164
4.43826
4.4613
4.44962
4.45938
4.46915
4.4624
4.47073
4.45276
4.44296
4.42191
4.42853
4.43994
4.43042
4.43167
4.43167
4.43518
4.42697
4.43353
4.44174
4.44962
4.46252
4.46915
4.48047
4.48868
4.49026
4.47891
4.47891
4.48047
4.47891
4.50507
4.48868
4.47894
4.47891
4.479
4.48087
4.44492
4.46133
4.47269
4.48907
4.49063
4.49066
4.49063
4.49252
4.47269
4.4809
4.47269
4.47891
4.4805
4.47894
4.4805
4.46252
4.46756
4.47424
4.45471
4.45975
4.45471
4.45978
4.45346
4.43988
4.45779
4.44962
4.45117
4.43164
4.4418
4.43829
4.44965
4.45117
4.46094
4.47073
4.48077
4.48874
4.48242
4.49258
4.49258
4.47104
4.46094
4.46097
4.4707
4.47421
4.45471
4.44965
4.45938
4.45938
4.46094
4.47733
4.47073
4.47455
4.48245
4.50043
4.47424
4.47269
4.47269
4.47269
4.47931
4.47266
4.47736
4.4707
4.47266
4.47107
4.45316
4.44339
4.4335
4.43011
4.43829
4.44806
4.45938
4.45935
4.45944
4.44336
4.45157
4.43506
4.44144
4.42502
4.43359
4.44995
4.43985
4.44809
4.43985
4.42032
4.39102
4.40076
4.40079
4.41211
4.4039
4.42032
4.42191
4.41205
4.41019
4.41995
4.41019
4.40198
4.40237
4.41046
4.42004
4.43829
4.45941
4.45941
4.45782
4.47733
4.47891
4.47073
4.4707
4.46249
4.47736
4.48868
4.48047
4.48245
4.47113
4.48087
4.47269
4.47269
4.4711
4.47925
4.44299
4.42191
4.43167
4.43167
4.4516
4.43671
4.43198
4.44141
4.44141
4.44962
4.43158
4.4364
4.46921
4.46127
4.4512
4.4512
4.46097
4.44287
4.44296
4.43988
4.45944
4.4711
4.46118
4.46729
4.46915
4.47882
4.46057
4.44925
4.44766
4.43127
4.41995
4.43167
4.42191
4.42032
4.42032
4.42032
4.43008
4.42697
4.44153
4.44183
4.43204
4.43042
4.43167
4.43008
4.41055
4.40237
4.41058
4.41058
4.41873
4.43008
4.43829
4.44803
4.45779
4.46912
4.46097
4.44299
4.43985
4.43164
4.43323
4.4137
4.40079
4.4285
4.44135
4.43127
4.41992
4.42654
4.43631
4.41992
4.41681
4.4332
4.44617
4.46918
4.48907
4.48907
4.49222
4.5004
4.51837
4.51016
4.52814
4.51175
4.50198
4.5004
4.48401
4.48245
4.46283
4.45938
4.45938
4.45938
4.44962
4.45117
4.45938
4.46097
4.48712
4.49026
4.50198
4.5004
4.49222
4.49222
4.49881
4.5004
4.49884
4.49222
4.48087
4.48087
4.45471
4.45978
4.44144
4.44962
4.43985
4.43002
4.43634
4.45743
4.44766
4.44925
4.44104
4.44144
4.44962
4.43674
4.42191
4.4137
4.42853
4.44025
4.44339
4.4418
4.46954
4.46289
4.46292
4.46954
4.4711
4.49063
4.48431
4.48907
4.49063
4.51016
4.51172
4.51022
4.50034
4.49023
4.51016
4.49026
4.49063
4.49066
4.48083
4.49063
4.48087
4.48087
4.47266
4.48245
4.48087
4.48245
4.47421
4.46954
4.47269
4.4711
4.4628
4.4707
4.45117
4.43976
4.43127
4.42813
4.41992
4.4086
4.42816
4.41995
4.42816
4.41837
4.42343
4.43167
4.42181
4.42969
4.43945
4.45081
4.43945
4.44144
4.45316
4.46133
4.46292
4.47772
4.47269
4.48245
4.48245
4.47269
4.48245
4.48242
4.46283
4.46915
4.47076
4.4711
4.48904
4.50858
4.5004
4.51212
4.5004
4.5004
4.49872
4.47888
4.49689
4.48868
4.51797
4.52942
4.54144
4.543
4.543
4.54141
4.52182
4.52969
4.53128
4.54767
4.54767
4.54922
4.54105
4.54102
4.53949
4.52151
4.51331
4.51172
4.51996
4.52347
4.51212
4.52344
4.53165
4.53003
4.52969
4.52151
4.53787
4.54767
4.55081
4.55078
4.55899
4.54922
4.54105
4.5379
4.53284
4.51993
4.51993
4.53946
4.52307
4.52148
4.51016
4.52188
4.53006
4.50198
4.51678
4.53165
4.51993
4.49219
4.47412
4.48242
4.47269
4.46915
4.5004
4.52966
4.53125
4.55743
4.57852
4.58167
4.58206
4.5625
4.54291
4.53284
4.50195
4.4726
4.45743
4.46729
4.46097
4.46759
4.47073
4.47736
4.5004
4.49884
4.51016
4.51837
4.51993
4.51993
4.51013
4.51172
4.51993
4.51175
4.51993
4.51993
4.52969
4.51331
4.50198
4.49377
4.49222
4.49054
4.48862
4.48672
4.47855
4.49023
4.50858
4.50824
4.51797
4.53128
4.53128
4.52942
4.54962
4.543
4.53128
4.52969
4.53787
4.53946
4.52972
4.52151
4.51993
4.5101
4.51172
4.51172
4.51007
4.51797
4.53125
4.52148
4.53952
4.56094
4.56912
4.5723
4.56094
4.56912
4.5625
4.543
4.52338
4.52975
4.53159
4.54922
4.53284
4.52972
4.53128
4.53946
4.54962
4.53949
4.57578
4.59024