-60.56	-0.160248
-59.56	-0.153931
-58.56	-0.161743
-57.56	-0.161743
-56.56	-0.161804
-55.56	-0.171875
-54.56	-0.1633
-53.56	-0.171509
-52.56	-0.182892
-51.56	-0.183228
-50.56	-0.173462
-49.56	-0.181274
-48.56	-0.182892
-47.56	-0.181641
-46.56	-0.171509
-45.56	-0.171509
-44.56	-0.173126
-43.56	-0.173462
-42.56	-0.171509
-41.56	-0.161743
-40.56	-0.161804
-39.56	-0.163696
-38.56	-0.161743
-37.56	-0.161743
-36.56	-0.163361
-35.56	-0.163696
-34.56	-0.161743
-33.56	-0.151978
-32.56	-0.145416
-31.56	-0.134003
-30.56	-0.132446
-29.56	-0.132446
-28.56	-0.134003
-27.56	-0.132446
-26.56	-0.135651
-25.56	-0.134003
-24.56	-0.134003
-23.56	-0.134003
-22.56	-0.132446
-21.56	-0.122681
-20.56	-0.102814
-19.56	-0.0933838
-18.56	-0.081665
-17.56	-0.081665
-16.56	-0.0751038
-15.56	-0.0671997
-14.56	-0.0656433
-13.56	-0.0656433
-12.56	-0.0754089
-11.56	-0.0734558
-10.56	-0.0652466
-9.56001	-0.0539246
-8.56001	-0.0343933
-7.56001	-0.0226746
-6.56001	0.03125
-5.56001	0.222809
-4.56001	0.202179
-3.56001	0.113831
-2.56001	-2.19727e-3
-1.56001	0.152496
-0.560005	-0.731018
0.439995	0.921234
1.43999	0.128967
2.43999	0.169434
3.43999	0.17984
4.43999	0.192657
5.43999	0.176086
6.43999	0.17099
7.43999	0.159607
8.43999	0.134583
9.43999	0.15451
10.44	0.172485
11.44	0.193573
12.44	0.180298
13.44	0.18219
14.44	0.19162
15.44	0.195068
16.44	0.198181
17.44	0.201721
18.44	0.212952
19.44	0.216156
20.44	0.224274
21.44	0.217651
22.44	0.217651
23.44	0.229065
24.44	0.222717
25.44	0.221161
26.44	0.232483
27.44	0.232483
28.44	0.232422
29.44	0.222321
30.44	0.212555
31.44	0.212555
32.44	0.214142
33.44	0.204681
34.44	0.205933
35.44	0.209442
36.44	0.21756
37.44	0.227325
38.44	0.236786
39.44	0.237091
40.44	0.248505
41.44	0.256622
42.44	0.259827
43.44	0.256622
44.44	0.268036
45.44	0.268341
46.44	0.276245
47.44	0.278107
48.44	0.287567
49.44	0.28125
50.44	0.271484
51.44	0.279297
52.44	0.289124
53.44	0.289429
54.44	0.300781
55.44	0.307098
56.44	0.30896
57.44	0.300842
58.44	0.30896
59.44	0.317169
60.44	0.312164
61.44	0.318726
62.44	0.320313
63.44	0.331696
64.44	0.341797
65.44	0.341797
66.44	0.357788
67.44	0.370758
68.44	0.389038
69.44	0.408569
70.44	0.419983
71.44	0.421875
72.44	0.431641
73.44	0.439453
74.44	0.432892
75.44	0.439819
76.44	0.441406
77.44	0.460999
78.44	0.466003
79.44	0.460938
80.44	0.478882
81.44	0.47226
82.44	0.480469
83.44	0.491852
84.44	0.498413
85.44	0.517944
86.44	0.521149
87.44	0.539429
88.44	0.550781
89.44	0.552399
90.44	0.5625
91.44	0.562103
92.44	0.552338
93.44	0.562103
94.44	0.571869
95.44	0.581635
96.44	0.592957
97.44	0.5914
98.44	0.601227
99.44	0.601563
100.44	0.603119
101.44	0.5914
102.44	0.589844
103.44	0.601227
104.44	0.603119
105.44	0.612885
106.44	0.612885
107.44	0.612885
108.44	0.62265
109.44	0.632416
110.44	0.643738
111.44	0.663361
112.44	0.683197
113.44	0.704285
114.44	0.72226
115.44	0.735535
116.44	0.743744
117.44	0.75351
118.44	0.755066
119.44	0.771484
120.44	0.782806
121.44	0.780853
122.44	0.800446
123.44	0.820313
124.44	0.820313
125.44	0.821869
126.44	0.831696
127.44	0.825378
128.44	0.841797
129.44	0.843353
130.44	0.861328
131.44	0.871094
132.44	0.872345
133.44	0.882416
134.44	0.883972
135.44	0.890625
136.44	0.901947
137.44	0.929688
138.44	0.94101
139.44	0.942566
140.44	0.960602
141.44	0.97226
142.44	0.990234
143.44	0.993347
144.44	0.991791
145.44	1
146.44	1.02115
147.44	1.03281
148.44	1.04413
149.44	1.0621
150.44	1.07187
151.44	1.09491
152.44	1.09647
153.44	1.10468
154.44	1.11288
155.44	1.10312
156.44	1.11133
157.44	1.11093
158.44	1.11099
159.44	1.12109
160.44	1.12265
161.44	1.13242
162.44	1.15195
163.44	1.17148
164.44	1.1828
165.44	1.19257
166.44	1.21561
167.44	1.23203
168.44	1.26132
169.44	1.27264
170.44	1.29413
171.44	1.30399
172.44	1.30234
173.44	1.30389
174.44	1.30389
175.44	1.32382
176.44	1.32538
177.44	1.32538
178.44	1.32849
179.44	1.33514
180.44	1.33505
181.44	1.33319
182.44	1.34305
183.44	1.35312
184.44	1.35312
185.44	1.36133
186.44	1.37109
187.44	1.38242
188.44	1.39374
189.44	1.39374
190.44	1.38553
191.44	1.40195
192.44	1.4035
193.44	1.40506
194.44	1.4035
195.44	1.41327
196.44	1.41327
197.44	1.42459
198.44	1.43475
199.44	1.44452
200.44	1.46249
201.44	1.48358
202.44	1.51132
203.44	1.5325
204.44	1.54413
205.44	1.55585
206.44	1.54599
207.44	1.55389
208.44	1.57352
209.44	1.57538
210.44	1.59491
211.44	1.60468
212.44	1.61288
213.44	1.61444
214.44	1.60468
215.44	1.59491
216.44	1.60312
217.44	1.61444
218.44	1.62421
219.44	1.62421
220.44	1.62576
221.44	1.63397
222.44	1.64569
223.44	1.64569
224.44	1.6539
225.44	1.66367
226.44	1.6832
227.44	1.68475
228.44	1.69296
229.44	1.70273
230.44	1.71405
231.44	1.74179
232.44	1.75311
233.44	1.76443
234.44	1.7746
235.44	1.77615
236.44	1.77615
237.44	1.77615
238.44	1.7746
239.44	1.79413
240.44	1.79413
241.44	1.80234
242.44	1.82187
243.44	1.8414
244.44	1.87265
245.44	1.87421
246.44	1.9035
247.44	1.91483
248.44	1.90662
249.44	1.9035
250.44	1.91327
251.44	1.92654
252.44	1.93475
253.44	1.94452
254.44	1.95428
255.44	1.95584
256.44	1.94763
257.44	1.95428
258.44	1.966
259.44	1.966
260.44	1.98553
261.44	1.99374
262.44	2.01328
263.44	2.0246
264.44	2.02615
265.44	2.03436
266.44	2.05389
267.44	2.04758
268.44	2.06375
269.44	2.06561
270.44	2.06561
271.44	2.07382
272.44	2.07382
273.44	2.09335
274.44	2.10312
275.44	2.12421
276.44	2.14374
277.44	2.16327
278.44	2.16678
279.44	2.17499
280.44	2.17654
281.44	2.19296
282.44	2.19452
283.44	2.20428
284.44	2.21405
285.44	2.22382
286.44	2.22537
287.44	2.22733
288.44	2.22733
289.44	2.2453
290.44	2.23544
291.44	2.2449
292.44	2.23514
293.44	2.24335
294.44	2.2449
295.44	2.2449
296.44	2.24686
297.44	2.25351
298.44	2.26483
299.44	2.54874
300.44	1.92224
301.44	2.12515
302.44	2.16678
303.44	2.215
304.44	2.23102
305.44	2.26883
306.44	2.31421
307.44	2.34241
308.44	2.35873
309.44	2.38654
310.44	2.42438
311.44	2.45685
312.44	2.47336
313.44	2.48499
314.44	2.49796
315.44	2.51749
316.44	2.53232
317.44	2.54874
318.44	2.56671
319.44	2.58469
320.44	2.60422
321.44	2.61404
322.44	2.63898
323.44	2.6535
324.44	2.66318
325.44	2.67139
326.44	2.68124
327.44	2.67648
328.44	2.69092
329.44	2.70078
330.44	2.70264
331.44	2.70078
332.44	2.71085
333.44	2.71875
334.44	2.70889
335.44	2.71054
336.44	2.73047
337.44	2.75967
338.44	2.77109
339.44	2.78116
340.44	2.78906
341.44	2.77921
342.44	2.78906
343.44	2.78906
344.44	2.79092
345.44	2.79062
346.44	2.80069
347.44	2.81836
348.44	2.81866
349.44	2.82654
350.44	2.83008
351.44	2.83826
352.44	2.82687
353.44	2.8363
354.44	2.84802
355.44	2.84961
356.44	2.8382
357.44	2.83984
358.44	2.84802
359.44	2.8382
360.44	2.83826
361.44	2.82849
362.44	2.82843
363.44	2.8363
364.44	2.83984
365.44	2.8382
366.44	2.8363
367.44	2.85623
368.44	2.85779
369.44	2.84796
370.44	2.85428
371.44	2.86914
372.44	2.87891
373.44	2.87921
374.44	2.87891
375.44	2.87732
376.44	2.866
377.44	2.83505
378.44	2.80545
379.44	2.77615
380.44	2.7449
381.44	2.72693
382.44	2.72888
383.44	2.7175
384.44	2.70898
385.44	2.71875
386.44	2.73709
387.44	2.75497
388.44	2.82193
389.44	3.12976
390.44	2.69998
391.44	3.84827
392.44	3.15717
393.44	3.14679
394.44	3.14078
395.44	3.12225
396.44	3.14334
397.44	3.13663
398.44	3.09592
399.44	3.11389
400.44	3.14474
401.44	3.15451
402.44	3.14474
403.44	3.1463
404.44	3.16107
405.44	3.17398
406.44	3.17523
407.44	3.18686
408.44	3.19858
409.44	3.20163
410.44	3.21616
411.44	3.22586
412.44	3.25867
413.44	3.27155
414.44	3.28952
415.44	3.29263
416.44	3.29263
417.44	3.28445
418.44	3.29453
419.44	3.30399
420.44	3.32547
421.44	3.33524
422.44	3.35507
423.44	3.36453
424.44	3.36609
425.44	3.36484
426.44	3.37585
427.44	3.37772
428.44	3.38562
429.44	3.3989
430.44	3.41873
431.44	3.4281
432.44	3.43796
433.44	3.44958
434.44	3.45117
435.44	3.4606
436.44	3.45935
437.44	3.45935
438.44	3.4606
439.44	3.4707
440.44	3.48865
441.44	3.50006
442.44	3.51013
443.44	3.51794
444.44	3.52936
445.44	3.53943
446.44	3.55905
447.44	3.57068
448.44	3.57031
449.44	3.58826
450.44	3.60944
451.44	3.62109
452.44	3.63086
453.44	3.63248
454.44	3.64063
455.44	3.6488
456.44	3.65195
457.44	3.66022
458.44	3.67029
459.44	3.67969
460.44	3.67969
461.44	3.69107
462.44	3.71756
463.44	3.7207
464.44	3.73209
465.44	3.74374
466.44	3.75195
467.44	3.77148
468.44	3.78091
469.44	3.79102
470.44	3.79102
471.44	3.80078
472.44	3.81055
473.44	3.81375
474.44	3.81406
475.44	3.83359
476.44	3.86133
477.44	3.88242
478.44	3.90195
479.44	3.91171
480.44	3.93289
481.44	3.94296
482.44	3.94296
483.44	3.95117
484.44	3.96094
485.44	3.98053
486.44	3.99219
487.44	3.99841
488.44	4.00977
489.44	4.02115
490.44	4.04102
491.44	4.04413
492.44	4.06055
493.44	4.08008
494.44	4.09146
495.44	4.11133
496.44	4.11288
497.44	4.12109
498.44	4.14227
499.44	4.13593
500.44	4.15387
501.44	4.1734
502.44	4.20117
503.44	4.20428
504.44	4.21405
505.44	4.23358
506.44	4.23358
507.44	4.24023
508.44	4.25311
509.44	4.2793
510.44	4.28247
511.44	4.30231
512.44	4.32379
513.44	4.33356
514.44	4.34332
515.44	4.35468
516.44	4.35309
517.44	4.36444
518.44	4.37421
519.44	4.39215
520.44	4.4035
521.44	4.41168
522.44	4.43286
523.44	4.4527
524.44	4.4707
525.44	4.48358
526.44	4.49176
527.44	4.50507
528.44	4.50507
529.44	4.49335
530.44	4.50977
531.44	4.52936
532.44	4.53278
533.44	4.55078
534.44	4.56207
535.44	4.57184
536.44	4.58319
537.44	4.58478
538.44	4.58319
539.44	4.59491
540.44	4.60468
541.44	4.60468
542.44	4.61285
543.44	4.63239
544.44	4.65192
545.44	4.66327
546.44	4.68286
547.44	4.7027
548.44	4.72223
549.44	4.72382
550.44	4.73199
551.44	4.75153
552.44	4.76129
553.44	4.76129
554.44	4.77106
555.44	4.78241
556.44	4.80396
557.44	4.82379
558.44	4.83514
559.44	4.84491
560.44	4.86444
561.44	4.87579
562.44	4.87421
563.44	4.8941
564.44	4.90546
565.44	4.9234
566.44	4.93317
567.44	4.94293
568.44	4.94611
569.44	4.9527
570.44	4.97382
571.44	4.99176
572.44	5.01483
573.44	5.0246
574.44	5.03436
575.44	5.05389
576.44	5.05389
577.44	5.07343
578.44	5.08319
579.44	5.08478
580.44	5.09491
581.44	5.10468
582.44	5.11444
583.44	5.11444
584.44	5.12421
585.44	5.11603
586.44	5.14215
587.44	5.1535
588.44	5.16327
589.44	5.16327
590.44	5.16327
591.44	5.18317
592.44	5.17657
593.44	5.17499
594.44	5.2027
595.44	5.21405
596.44	5.2254
597.44	5.23358
598.44	5.24176
599.44	5.25153
600.44	5.26288
601.44	5.2547
602.44	5.2746
603.44	5.27618
604.44	5.28595
605.44	5.30389
606.44	5.31525
607.44	5.33514
608.44	5.34491
609.44	5.34491
610.44	5.35309
611.44	5.37262
612.44	5.39215
613.44	5.4035
614.44	5.41327
615.44	5.43475
616.44	5.43634
617.44	5.44452
618.44	5.43634
619.44	5.43317
620.44	5.4527
621.44	5.45428
622.44	5.45428
623.44	5.46405
624.44	5.46564
625.44	5.48358
626.44	5.47693
627.44	5.48553
628.44	5.4953
629.44	5.50507
630.44	5.51642
631.44	5.53278
632.44	5.55231
633.44	5.56366
634.44	5.58514
635.44	5.5816
636.44	5.60309
637.44	5.61603
638.44	5.60626
639.44	5.62421
640.44	5.63397
641.44	5.64532
642.44	5.64728
643.44	5.63751
644.44	5.63586
645.44	5.64532
646.44	5.6535
647.44	5.65509
648.44	5.66327
649.44	5.67303
650.44	5.69293
651.44	5.71246
652.44	5.72382
653.44	5.73358
654.44	5.74335
655.44	5.74493
656.44	5.75311
657.44	5.75311
658.44	5.75311
659.44	5.76447
660.44	5.7547
661.44	5.75665
662.44	5.76642
663.44	5.75818
664.44	5.76477
665.44	5.77264
666.44	5.77264
667.44	5.78241
668.44	5.79413
669.44	5.79572
670.44	5.81366
671.44	5.82501
672.44	5.83478
673.44	5.8465
674.44	5.85468
675.44	5.86603
676.44	5.88397
677.44	5.89374
678.44	5.88556
679.44	5.89374
680.44	5.89374
681.44	5.89374
682.44	5.89728
683.44	5.89728
684.44	5.89716
685.44	5.91327
686.44	5.91486
687.44	5.92303
688.44	5.93121
689.44	5.9411
690.44	6.52618
691.44	5.20459
692.44	5.81976
693.44	5.86194
694.44	5.88641
695.44	5.90747
696.44	5.92078
697.44	5.94507
698.44	5.9646
699.44	5.99274
700.44	6.02875
701.44	6.0647
702.44	6.0979
703.44	6.10571
704.44	6.11554
705.44	6.13379
706.44	6.15967
707.44	6.16321
708.44	6.17963
709.44	6.18622
710.44	6.18939
711.44	6.20734
712.44	6.22528
713.44	6.22375
714.44	6.24481
715.44	6.26288
716.44	6.27295
717.44	6.28076
718.44	6.31171
719.44	6.32178
720.44	6.33319
721.44	6.33154
722.44	6.34137
723.44	6.3515
724.44	6.3609
725.44	6.3808
726.44	6.38043
727.44	6.39056
728.44	6.3902
729.44	6.38232
730.44	6.38043
731.44	6.39056
732.44	6.3902
733.44	6.39874
734.44	6.39996
735.44	6.41827
736.44	6.40973
737.44	6.41016
738.44	6.41986
739.44	6.42969
740.44	6.43781
741.44	6.43945
742.44	6.44922
743.44	6.45575
744.44	6.4574
745.44	6.4574
746.44	6.44922
747.44	6.44598
748.44	6.44763
749.44	6.44763
750.44	6.44763
751.44	6.4577
752.44	6.47693
753.44	6.47852
754.44	6.48041
755.44	6.48163
756.44	6.48041
757.44	6.47852
758.44	6.48047
759.44	6.487
760.44	6.47852
761.44	6.48047
762.44	6.46906
763.44	6.47852
764.44	6.46088
765.44	6.45898
766.44	6.44763
767.44	6.44452
768.44	6.40704
769.44	6.35468
770.44	6.3172
771.44	6.27454
772.44	6.27264
773.44	6.26599
774.44	6.28436
775.44	6.29572
776.44	6.30701
777.44	6.31873
778.44	6.35309
779.44	6.39569
780.44	6.74078
781.44	6.06665
782.44	7.48309
783.44	6.7085
784.44	6.70959
785.44	6.70123
786.44	6.69098
787.44	6.68585
788.44	6.70538
789.44	6.72992
790.44	6.73926
791.44	6.73926
792.44	6.75598
793.44	6.76392
794.44	6.76855
795.44	6.78851
796.44	6.79309
797.44	6.80444
798.44	6.80756
799.44	6.79626
800.44	6.8028
801.44	6.80756
802.44	6.81097
803.44	6.83716
804.44	6.84027
805.44	6.8598
806.44	6.88092
807.44	6.88092
808.44	6.89423
809.44	6.89575
810.44	6.91217
811.44	6.92029
812.44	6.92505
813.44	6.93481
814.44	6.95435
815.44	6.95624
816.44	6.96722
817.44	6.97577
818.44	6.97076
819.44	6.97577
820.44	6.98871
821.44	7.00507
822.44	7.01648
823.44	7.02618
824.44	7.02777
825.44	7.02814
826.44	7.01959
827.44	7.01172
828.44	7.02966
829.44	7.03094
830.44	7.03943
831.44	7.04919
832.44	7.04889
833.44	7.05743
834.44	7.06055
835.44	7.06061
836.44	7.06055
837.44	7.05896
838.44	7.07037
839.44	7.07031
840.44	7.07849
841.44	7.08173
842.44	7.09998
843.44	7.10974
844.44	7.1192
845.44	7.13086
846.44	7.12927
847.44	7.15045
848.44	7.15234
849.44	7.15192
850.44	7.16016
851.44	7.16992
852.44	7.1731
853.44	7.16522
854.44	7.17029
855.44	7.17657
856.44	7.17975
857.44	7.19806
858.44	7.20593
859.44	7.21759
860.44	7.2403
861.44	7.25195
862.44	7.25348
863.44	7.26324
864.44	7.27301
865.44	7.28278
866.44	7.28247
867.44	7.28278
868.44	7.28125
869.44	7.29102
870.44	7.30078
871.44	7.30231
872.44	7.29413
873.44	7.30396
874.44	7.30585
875.44	7.30231
876.44	7.30231
877.44	7.30389
878.44	7.32031
879.44	7.32184
880.44	7.31207
881.44	7.30389
882.44	7.30231
883.44	7.30048
884.44	7.31207
885.44	7.32184
886.44	7.3316
887.44	7.35468
888.44	7.37262
889.44	7.39215
890.44	7.39374
891.44	7.4118
892.44	7.41522
893.44	7.41364
894.44	7.42188
895.44	7.41522
896.44	7.42499
897.44	7.43317
898.44	7.44452
899.44	7.4527
900.44	7.46405
901.44	7.46405
902.44	7.47223
903.44	7.48199
904.44	7.48199
905.44	7.47382
906.44	7.48364
907.44	7.4953
908.44	7.4953
909.44	7.50348
910.44	7.50348
911.44	7.52301
912.44	7.5246
913.44	7.53278
914.44	7.53436
915.44	7.54413
916.44	7.54572
917.44	7.54413
918.44	7.54413
919.44	7.54254
920.44	7.54254
921.44	7.54413
922.44	7.53436
923.44	7.53278
924.44	7.54254
925.44	7.54224
926.44	7.54413
927.44	7.55231
928.44	7.56207
929.44	7.57184
930.44	7.5816
931.44	7.58319
932.44	7.58319
933.44	7.59137
934.44	7.60114
935.44	7.62079
936.44	7.61444
937.44	7.62262
938.44	7.63086
939.44	7.64215
940.44	7.64374
941.44	7.64532
942.44	7.65704
943.44	7.65704
944.44	7.66681
945.44	7.66516
946.44	7.66638
947.44	7.67303
948.44	7.68475
949.44	7.69611
950.44	7.69611
951.44	7.70428
952.44	7.71564
953.44	7.70587
954.44	7.71759
955.44	7.716
956.44	7.716
957.44	7.71594
958.44	7.72382
959.44	7.72382
960.44	7.71564
961.44	7.7254
962.44	7.7254
963.44	7.7254
964.44	7.7254
965.44	7.72888
966.44	7.74677
967.44	7.75623
968.44	7.76794
969.44	7.78748
970.44	7.80743
971.44	7.80579
972.44	7.82343
973.44	7.82343
974.44	7.82501
975.44	7.82501
976.44	7.81525
977.44	7.81525
978.44	7.81366
979.44	7.81525
980.44	7.81366
981.44	7.82184
982.44	7.82697
983.44	7.8172
984.44	7.80743
985.44	7.79602
986.44	7.78595
987.44	7.79413
988.44	7.79413
989.44	7.79413
990.44	7.81366
991.44	7.83319
992.44	7.83478
993.44	7.8465
994.44	7.8465
995.44	7.85626
996.44	7.8465
997.44	7.85468
998.44	7.85468
999.44	7.85468
1000.44	7.86444
1001.44	7.87262
1002.44	7.87262
1003.44	7.88239
1004.44	7.88556
1005.44	7.88556
1006.44	7.88397
1007.44	7.88556
1008.44	7.88739
1009.44	7.89532
1010.44	7.91327
1011.44	7.92462
1012.44	7.93634
1013.44	7.93634
1014.44	7.94611
1015.44	7.95587
1016.44	7.95428
1017.44	7.94611
1018.44	7.94452
1019.44	7.94452
1020.44	7.95428
1021.44	7.94611
1022.44	7.94446
1023.44	7.94611
1024.44	7.94611
1025.44	7.95428
1026.44	7.95587
1027.44	7.95587
1028.44	7.94611
1029.44	7.93634
1030.44	7.93475
1031.44	7.94452
1032.44	7.94452
1033.44	7.94452
1034.44	7.95428
1035.44	7.96405
1036.44	7.96759
1037.44	7.97571
1038.44	7.9754
1039.44	7.98517
1040.44	7.98517
1041.44	8.00311
1042.44	8.01483
1043.44	8.01642
1044.44	8.01642
1045.44	8.01642
1046.44	8.02618
1047.44	8.02454
1048.44	8.03241
1049.44	8.03595
1050.44	8.04413
1051.44	8.04413
1052.44	8.03595
1053.44	8.03436
1054.44	8.03595
1055.44	8.03436
1056.44	8.03595
1057.44	8.03595
1058.44	8.04413
1059.44	8.03595
1060.44	8.04413
1061.44	8.04413
1062.44	8.03595
1063.44	8.04413
1064.44	8.04767
1065.44	8.06561
1066.44	8.06555
1067.44	8.05701
1068.44	8.06525
1069.44	8.06525
1070.44	8.06366
1071.44	8.05701
1072.44	8.05743
1073.44	8.05579
1074.44	8.06525
1075.44	8.08478
1076.44	8.0965
1077.44	8.10626
1078.44	8.10468
1079.44	8.10468
1080.44	8.11285
1081.44	8.9361
1082.44	6.91687
1083.44	7.8891
1084.44	7.90967
1085.44	7.9306
1086.44	7.95642
1087.44	7.96814
1088.44	7.98297
1089.44	7.99274
1090.44	8.01074
1091.44	8.03375
1092.44	8.08771
1093.44	8.12372
1094.44	8.15497
1095.44	8.16309
1096.44	8.15967
1097.44	8.16986
1098.44	8.1925
1099.44	8.19904
1100.44	8.22528
1101.44	8.2547
1102.44	8.2663
1103.44	8.27924
1104.44	8.29883
1105.44	8.30383
1106.44	8.31171
1107.44	8.31049
1108.44	8.31012
1109.44	8.32336
1110.44	8.32336
1111.44	8.32343
1112.44	8.32336
1113.44	8.33154
1114.44	8.35114
1115.44	8.34131
1116.44	8.34137
1117.44	8.34961
1118.44	8.35968
1119.44	8.35114
1120.44	8.35773
1121.44	8.35114
1122.44	8.35773
1123.44	8.36914
1124.44	8.37732
1125.44	8.36914
1126.44	8.37921
1127.44	8.39685
1128.44	8.40039
1129.44	8.39874
1130.44	8.40192
1131.44	8.39874
1132.44	8.39844
1133.44	8.40039
1134.44	8.39874
1135.44	8.39844
1136.44	8.41681
1137.44	8.41827
1138.44	8.42615
1139.44	8.43945
1140.44	8.44763
1141.44	8.44598
1142.44	8.43945
1143.44	8.43121
1144.44	8.42804
1145.44	8.42969
1146.44	8.42963
1147.44	8.43121
1148.44	8.44763
1149.44	8.44952
1150.44	8.43945
1151.44	8.43787
1152.44	8.44611
1153.44	8.43976
1154.44	8.4281
1155.44	8.41992
1156.44	8.41516
1157.44	8.40662
1158.44	8.39374
1159.44	8.35468
1160.44	8.31366
1161.44	8.28436
1162.44	8.24493
1163.44	8.24335
1164.44	8.24841
1165.44	8.24835
1166.44	8.23669
1167.44	8.22852
1168.44	8.22888
1169.44	8.25665
1170.44	8.29254
1171.44	8.63141
1172.44	8.04779
1173.44	9.34973
1174.44	8.60809
1175.44	8.55859
1176.44	8.5498
1177.44	8.53949
1178.44	8.54059
1179.44	8.53546
1180.44	8.50732
1181.44	8.48657
1182.44	8.49445
1183.44	8.48627
1184.44	8.47833
1185.44	8.47949
1186.44	8.49438
1187.44	8.50726
1188.44	8.50061
1189.44	8.50403
1190.44	8.51538
1191.44	8.52985
1192.44	8.54309
1193.44	8.54303
1194.44	8.55286
1195.44	8.53485
1196.44	8.53455
1197.44	8.54462
1198.44	8.54614
1199.44	8.54938
1200.44	8.52972
1201.44	8.51178
1202.44	8.50043
1203.44	8.50201
1204.44	8.50201
1205.44	8.50201
1206.44	8.51178
1207.44	8.52148
1208.44	8.51141
1209.44	8.50671
1210.44	8.49536
1211.44	8.49219
1212.44	8.47546
1213.44	8.47583
1214.44	8.4856
1215.44	8.48395
1216.44	8.47546
1217.44	8.47583
1218.44	8.48553
1219.44	8.47742
1220.44	8.47418
1221.44	8.48364
1222.44	8.49536
1223.44	8.50513
1224.44	8.49689
1225.44	8.49847
1226.44	8.49689
1227.44	8.49847
1228.44	8.48712
1229.44	8.47888
1230.44	8.47546
1231.44	8.47742
1232.44	8.47736
1233.44	8.48718
1234.44	8.50037
1235.44	8.50824
1236.44	8.50861
1237.44	8.51642
1238.44	8.51959
1239.44	8.50818
1240.44	8.48871
1241.44	8.47736
1242.44	8.48871
1243.44	8.47888
1244.44	8.46912
1245.44	8.46881
1246.44	8.46912
1247.44	8.45117
1248.44	8.4411
1249.44	8.44958
1250.44	8.44958
1251.44	8.45087
1252.44	8.45117
1253.44	8.46912
1254.44	8.46246
1255.44	8.46094
1256.44	8.46063
1257.44	8.46912
1258.44	8.46912
1259.44	8.48053
1260.44	8.46912
1261.44	8.4707
1262.44	8.45239
1263.44	8.44141
1264.44	8.44141
1265.44	8.44141
1266.44	8.42969
1267.44	8.44769
1268.44	8.45935
1269.44	8.46259
1270.44	8.4707
1271.44	8.4707
1272.44	8.48047
1273.44	8.46246
1274.44	8.47235
1275.44	8.46246
1276.44	8.46094
1277.44	8.46094
1278.44	8.46094
1279.44	8.46216
1280.44	8.45935
1281.44	8.4707
1282.44	8.48047
1283.44	8.48364
1284.44	8.47418
1285.44	8.46405
1286.44	8.45428
1287.44	8.44293
1288.44	8.44293
1289.44	8.43475
1290.44	8.44293
1291.44	8.44293
1292.44	8.45117
1293.44	8.46411
1294.44	8.466
1295.44	8.4707
1296.44	8.48199
1297.44	8.49176
1298.44	8.49335
1299.44	8.49176
1300.44	8.5
1301.44	8.50311
1302.44	8.50153
1303.44	8.50317
1304.44	8.4953
1305.44	8.49371
1306.44	8.50507
1307.44	8.50348
1308.44	8.50348
1309.44	8.50818
1310.44	8.50153
1311.44	8.49341
1312.44	8.47418
1313.44	8.47223
1314.44	8.46405
1315.44	8.45428
1316.44	8.45428
1317.44	8.45428
1318.44	8.46246
1319.44	8.46246
1320.44	8.48047
1321.44	8.49188
1322.44	8.49371
1323.44	8.50037
1324.44	8.51324
1325.44	8.50311
1326.44	8.48358
1327.44	8.48199
1328.44	8.48199
1329.44	8.46405
1330.44	8.45428
1331.44	8.44098
1332.44	8.46063
1333.44	8.46246
1334.44	8.47382
1335.44	8.48358
1336.44	8.48358
1337.44	8.48358
1338.44	8.48712
1339.44	8.48553
1340.44	8.48553
1341.44	8.47736
1342.44	8.4953
1343.44	8.50507
1344.44	8.52301
1345.44	8.53436
1346.44	8.53595
1347.44	8.55231
1348.44	8.55389
1349.44	8.54572
1350.44	8.54602
1351.44	8.54413
1352.44	8.54413
1353.44	8.53595
1354.44	8.54413
1355.44	8.54413
1356.44	8.54413
1357.44	8.54413
1358.44	8.55231
1359.44	8.55548
1360.44	8.54413
1361.44	8.54254
1362.44	8.54413
1363.44	8.55389
1364.44	8.55548
1365.44	8.56207
1366.44	8.57343
1367.44	8.56525
1368.44	8.56366
1369.44	8.55548
1370.44	8.56366
1371.44	8.57343
1372.44	8.57501
1373.44	8.59491
1374.44	8.60468
1375.44	8.60779
1376.44	8.60468
1377.44	8.60626
1378.44	8.58826
1379.44	8.58514
1380.44	8.58508
1381.44	8.57343
1382.44	8.58319
1383.44	8.57501
1384.44	8.5816
1385.44	8.60278
1386.44	8.59491
1387.44	8.59491
1388.44	8.59491
1389.44	8.61285
1390.44	8.62421
1391.44	8.61603
1392.44	8.61438
1393.44	8.60779
1394.44	8.59802
1395.44	8.59802
1396.44	8.59637
1397.44	8.60431
1398.44	8.60626
1399.44	8.5965
1400.44	8.59491
1401.44	8.58673
1402.44	8.59332
1403.44	8.60309
1404.44	8.59296
1405.44	8.61285
1406.44	8.62421
1407.44	8.62421
1408.44	8.61603
1409.44	8.61603
1410.44	8.60626
1411.44	8.58826
1412.44	8.59491
1413.44	8.60626
1414.44	8.60468
1415.44	8.59485
1416.44	8.60272
1417.44	8.61249
1418.44	8.61249
1419.44	8.61249
1420.44	8.61603
1421.44	8.61444
1422.44	8.62421
1423.44	8.63397
1424.44	8.64374
1425.44	8.64532
1426.44	8.65509
1427.44	8.65662
1428.44	8.65704
1429.44	8.65704
1430.44	8.64716
1431.44	8.63556
1432.44	8.6535
1433.44	8.66327
1434.44	8.66327
1435.44	8.67303
1436.44	8.69452
1437.44	8.68634
1438.44	8.68475
1439.44	8.67657
1440.44	8.65857
1441.44	8.65546
1442.44	8.63556
1443.44	8.63397
1444.44	8.63397
1445.44	8.63751
1446.44	8.65387
1447.44	8.65546
1448.44	8.64728
1449.44	8.63586
1450.44	8.64374
1451.44	8.64374
1452.44	8.64374
1453.44	8.63397
1454.44	8.65356
1455.44	8.6554
1456.44	8.66327
1457.44	8.65509
1458.44	8.65509
1459.44	8.65662
1460.44	8.64532
1461.44	8.66522
1462.44	8.66522
1463.44	8.66681
1464.44	8.67657
1465.44	8.68317
1466.44	8.69611
1467.44	8.68469
1468.44	8.69257
1469.44	8.69257
1470.44	8.69257
1471.44	8.69263
1472.44	9.4292
1473.44	7.69183
1474.44	8.43927
1475.44	8.53333
1476.44	8.59528
1477.44	8.61957
1478.44	8.62976
1479.44	8.64301
1480.44	8.66888
1481.44	8.69696
1482.44	8.71149
1483.44	8.72797
1484.44	8.74121
1485.44	8.75922
1486.44	8.7807
1487.44	8.77563
1488.44	8.79211
1489.44	8.79364
1490.44	8.82013
1491.44	8.85577
1492.44	8.88037
1493.44	8.90967
1494.44	8.91632
1495.44	8.91632
1496.44	8.93585
1497.44	8.93274
1498.44	8.92462
1499.44	8.94598
1500.44	8.95422
1501.44	8.95227
1502.44	8.96368
1503.44	8.97375
1504.44	8.97375
1505.44	8.98358
1506.44	9.00146
1507.44	9.00146
1508.44	9.0293
1509.44	9.02258
1510.44	9.04059
1511.44	9.04248
1512.44	9.04218
1513.44	9.02454
1514.44	9.02106
1515.44	9.02142
1516.44	9.02106
1517.44	9.01318
1518.44	8.99994
1519.44	8.99957
1520.44	9.00977
1521.44	9.02142
1522.44	9.01129
1523.44	9.01788
1524.44	9.01129
1525.44	9.0097
1526.44	9.01129
1527.44	8.99994
1528.44	8.99335
1529.44	9.00818
1530.44	9.01788
1531.44	9.01953
1532.44	9.03748
1533.44	9.04755
1534.44	9.03906
1535.44	9.04059
1536.44	9.03937
1537.44	9.02106
1538.44	9.02765
1539.44	9.03082
1540.44	9.04095
1541.44	9.04724
1542.44	9.05859
1543.44	9.04913
1544.44	9.04883
1545.44	9.05701
1546.44	9.05896
1547.44	9.04755
1548.44	9.05701
1549.44	9.04053
1550.44	9.06525
1551.44	9.37689
1552.44	9.49799
1553.44	9.51538
1554.44	9.53168
1555.44	9.51031
1556.44	9.48602
1557.44	9.47278
1558.44	9.41418
1559.44	9.17615
1560.44	8.9328
1561.44	8.85724
1562.44	8.82397
1563.44	8.82703
1564.44	8.82379
1565.44	8.82538
1566.44	8.82684
1567.44	8.81836
1568.44	8.83008
1569.44	8.86603
1570.44	8.98395
1571.44	9.18732
1572.44	9.58844
1573.44	9.17322
1574.44	9.15991
1575.44	9.20184
1576.44	9.15405
1577.44	9.12585
1578.44	9.12567
1579.44	9.11713
1580.44	9.12024
1581.44	9.12024
1582.44	9.12677
1583.44	9.10736
1584.44	9.0827
1585.44	9.05023
1586.44	9.06622
1587.44	9.08575
1588.44	9.099
1589.44	9.09357
1590.44	9.10046
1591.44	9.09192
1592.44	9.08374
1593.44	9.09027
1594.44	9.08374
1595.44	9.08215
1596.44	9.09381
1597.44	9.08533
1598.44	9.0954
1599.44	9.09027
1600.44	9.07855
1601.44	9.08832
1602.44	9.08173
1603.44	9.07544
1604.44	9.06567
1605.44	9.08203
1606.44	9.08679
1607.44	9.08521
1608.44	9.09344
1609.44	9.10504
1610.44	9.10474
1611.44	9.09656
1612.44	9.09686
1613.44	9.07703
1614.44	9.06567
1615.44	9.06403
1616.44	9.05902
1617.44	9.05585
1618.44	9.03912
1619.44	9.0379
1620.44	9.03912
1621.44	9.0379
1622.44	9.04926
1623.44	9.05743
1624.44	9.0672
1625.44	9.05865
1626.44	9.05896
1627.44	9.04102
1628.44	9.02118
1629.44	9.01837
1630.44	9.02777
1631.44	9.02966
1632.44	9.02618
1633.44	9.03754
1634.44	9.05743
1635.44	9.05865
1636.44	9.04919
1637.44	9.04102
1638.44	9.03094
1639.44	9.02966
1640.44	9.02148
1641.44	9.00977
1642.44	9.00983
1643.44	8.99841
1644.44	9
1645.44	9.00006
1646.44	8.99841
1647.44	9
1648.44	9.01141
1649.44	9.01172
1650.44	9.0199
1651.44	9.01953
1652.44	9.01294
1653.44	9.0199
1654.44	9.02966
1655.44	9.03082
1656.44	9.00311
1657.44	9.01141
1658.44	9.02148
1659.44	9.01324
1660.44	9
1661.44	8.99176
1662.44	9.00006
1663.44	8.99371
1664.44	8.98865
1665.44	8.99176
1666.44	8.97223
1667.44	8.96881
1668.44	8.9707
1669.44	8.9707
1670.44	8.96259
1671.44	8.96759
1672.44	8.9707
1673.44	8.97235
1674.44	8.9707
1675.44	8.96094
1676.44	8.96246
1677.44	8.96246
1678.44	8.96246
1679.44	8.96246
1680.44	8.9704
1681.44	8.96246
1682.44	8.96094
1683.44	8.95428
1684.44	8.96094
1685.44	8.9527
1686.44	8.95428
1687.44	8.94611
1688.44	8.94452
1689.44	8.9527
1690.44	8.96411
1691.44	8.966
1692.44	8.94452
1693.44	8.95117
1694.44	8.96246
1695.44	8.96405
1696.44	8.97223
1697.44	8.97223
1698.44	8.99023
1699.44	8.99341
1700.44	8.98395
1701.44	8.98047
1702.44	8.98047
1703.44	8.99176
1704.44	8.99176
1705.44	8.98199
1706.44	8.99341
1707.44	8.98553
1708.44	8.97577
1709.44	8.96246
1710.44	8.96246
1711.44	8.96405
1712.44	8.97223
1713.44	8.98199
1714.44	8.98199
1715.44	9.00153
1716.44	9.00311
1717.44	9.00153
1718.44	8.99335
1719.44	8.98358
1720.44	8.98364
1721.44	8.99371
1722.44	8.99219
1723.44	9
1724.44	9
1725.44	9.00165
1726.44	9.00348
1727.44	8.99371
1728.44	9.00348
1729.44	8.99335
1730.44	8.99335
1731.44	9
1732.44	9.00311
1733.44	9.00311
1734.44	8.99335
1735.44	8.99176
1736.44	8.99335
1737.44	8.99493
1738.44	8.99493
1739.44	8.99493
1740.44	8.99689
1741.44	8.9953
1742.44	9.00348
1743.44	9.01324
1744.44	9.02301
1745.44	9.0246
1746.44	9.03278
1747.44	9.04413
1748.44	9.05389
1749.44	9.04572
1750.44	9.04413
1751.44	9.04413
1752.44	9.04413
1753.44	9.06207
1754.44	9.05389
1755.44	9.07184
1756.44	9.07343
1757.44	9.07349
1758.44	9.06561
1759.44	9.04413
1760.44	9.04413
1761.44	9.0343
1762.44	9.03241
1763.44	9.03595
1764.44	9.03082
1765.44	9.03241
1766.44	9.02264
1767.44	9.02264
1768.44	9.03247
1769.44	9.03436
1770.44	9.0343
1771.44	9.03595
1772.44	9.03436
1773.44	9.03595
1774.44	9.05389
1775.44	9.05548
1776.44	9.06366
1777.44	9.08319
1778.44	9.09137
1779.44	9.09137
1780.44	9.09296
1781.44	9.09296
1782.44	9.09296
1783.44	9.08319
1784.44	9.07501
1785.44	9.08319
1786.44	9.07343
1787.44	9.0816
1788.44	9.09137
1789.44	9.09296
1790.44	9.08319
1791.44	9.08319
1792.44	9.09296
1793.44	9.08478
1794.44	9.07501
1795.44	9.08319
1796.44	9.09137
1797.44	9.09296
1798.44	9.09296
1799.44	9.09137
1800.44	9.09296
1801.44	9.09302
1802.44	9.08508
1803.44	9.08319
1804.44	9.07343
1805.44	9.08319
1806.44	9.08319
1807.44	9.07501
1808.44	9.06525
1809.44	9.07184
1810.44	9.07343
1811.44	9.07343
1812.44	9.07343
1813.44	9.07343
1814.44	9.0816
1815.44	9.07501
1816.44	9.05701
1817.44	9.05548
1818.44	9.04572
1819.44	9.04413
1820.44	9.05389
1821.44	9.06366
1822.44	9.06366
1823.44	9.07184
1824.44	9.07343
1825.44	9.08514
1826.44	9.07697
1827.44	9.08514
1828.44	9.08673
1829.44	9.09491
1830.44	9.0965
1831.44	9.09637
1832.44	9.10272
1833.44	9.10431
1834.44	9.08478
1835.44	9.09296
1836.44	9.08478
1837.44	9.0816
1838.44	9.07501
1839.44	9.07501
1840.44	9.09332
1841.44	9.09491
1842.44	9.08319
1843.44	9.08319
1844.44	9.09491
1845.44	9.09491
1846.44	9.10468
1847.44	9.11444
1848.44	9.11603
1849.44	9.12421
1850.44	9.11603
1851.44	9.11444
1852.44	9.11603
1853.44	9.11603
1854.44	9.10461
1855.44	9.09607
1856.44	9.0965
1857.44	9.08826
1858.44	9.07697
1859.44	9.08514
1860.44	9.0965
1861.44	9.09491
1862.44	9.09485
1863.44	9.10278
1864.44	9.09485
1865.44	9.09454
1866.44	9.09296
1867.44	9.1109
1868.44	9.10431
1869.44	9.10272
1870.44	9.10114
1871.44	9.11609
1872.44	9.22937
1873.44	8.65582
1874.44	9.00757
1875.44	9.00397
1876.44	9.05902
1877.44	9.08398
1878.44	9.1098
1879.44	9.11646
1880.44	9.13806
1881.44	9.15442
1882.44	9.16931
1883.44	9.16431
1884.44	9.17444
1885.44	9.18262
1886.44	9.19751
1887.44	9.1889
1888.44	9.18732
1889.44	9.18744
1890.44	9.18774
1891.44	9.18262
1892.44	9.18079
1893.44	9.18939
1894.44	9.18939
1895.44	9.18115
1896.44	9.19916
1897.44	9.20892
1898.44	9.21704
1899.44	9.22852
1900.44	9.22882
1901.44	9.2171
1902.44	9.19757
1903.44	9.19757
1904.44	9.18781
1905.44	9.17804
1906.44	9.17645
1907.44	9.1745
1908.44	9.1745
1909.44	9.1745
1910.44	9.16486
1911.44	9.17139
1912.44	9.15344
1913.44	9.15155
1914.44	9.1601
1915.44	9.17145
1916.44	9.18115
1917.44	9.17297
1918.44	9.19098
1919.44	9.18427
1920.44	9.1828
1921.44	9.16516
1922.44	9.15186
1923.44	9.14178
1924.44	9.14056
1925.44	9.15192
1926.44	9.13232
1927.44	9.12067
1928.44	9.12921
1929.44	9.12067
1930.44	9.12103
1931.44	9.12891
1932.44	9.11908
1933.44	9.13867
1934.44	9.14215
1935.44	9.14056
1936.44	9.13867
1937.44	9.13898
1938.44	9.1402
1939.44	9.14063
1940.44	9.12921
1941.44	9.11914
1942.44	9.12921
1943.44	9.12067
1944.44	9.11914
1945.44	9.12921
1946.44	9.13867
1947.44	9.15039
1948.44	9.14716
1949.44	9.14844
1950.44	9.15039
1951.44	9.1308
1952.44	9.12891
1953.44	9.11749
1954.44	9.1109
1955.44	9.09961
1956.44	9.10614
1957.44	9.11755
1958.44	9.12732
1959.44	9.13904
1960.44	9.14716
1961.44	9.14685
1962.44	9.15662
1963.44	9.1488
1964.44	9.13739
1965.44	9.12732
1966.44	9.12732
1967.44	9.11914
1968.44	9.11786
1969.44	9.10938
1970.44	9.10938
1971.44	9.09637
1972.44	9.10626
1973.44	9.08984
1974.44	9.08826
1975.44	9.07684
1976.44	9.05701
1977.44	9.06677
1978.44	9.06055
1979.44	9.06555
1980.44	9.07501
1981.44	9.07501
1982.44	9.08478
1983.44	9.09802
1984.44	9.08826
1985.44	9.08661
1986.44	9.0863
1987.44	9.08826
1988.44	9.08826
1989.44	9.08673
1990.44	9.08661
1991.44	9.08478
1992.44	9.08478
1993.44	9.09137
1994.44	9.0965
1995.44	9.08673
1996.44	9.0965
1997.44	9.10468
1998.44	9.12421
1999.44	9.09796
2000.44	9.0863
2001.44	9.08826
2002.44	9.08673
2003.44	9.07849
2004.44	9.06555
2005.44	9.07501
2006.44	9.07501
2007.44	9.08319
2008.44	9.09296
2009.44	9.07501
2010.44	9.08319
2011.44	9.06677
2012.44	9.08356
2013.44	9.08514
2014.44	9.07697
2015.44	9.0672
2016.44	9.0672
2017.44	9.06561
2018.44	9.04767
2019.44	9.05585
2020.44	9.05585
2021.44	9.05585
2022.44	9.07538
2023.44	9.07532
2024.44	9.07501
2025.44	9.07501
2026.44	9.06677
2027.44	9.06525
2028.44	9.05548
2029.44	9.05389
2030.44	9.05743
2031.44	9.06561
2032.44	9.06555
2033.44	9.07343
2034.44	9.07501
2035.44	9.08319
2036.44	9.08319
2037.44	9.07501
2038.44	9.06677
2039.44	9.06525
2040.44	9.0672
2041.44	9.04755
2042.44	9.04572
2043.44	9.04572
2044.44	9.05389
2045.44	9.06366
2046.44	9.05548
2047.44	9.05548
2048.44	9.04724
2049.44	9.05743
2050.44	9.04755
2051.44	9.03906
2052.44	9.03748
2053.44	9.04724
2054.44	9.03778
2055.44	9.03595
2056.44	9.02771
2057.44	9.01642
2058.44	9.01483
2059.44	9.01642
2060.44	9.01642
2061.44	9.00653
2062.44	9.01288
2063.44	9.02618
2064.44	9.0293
2065.44	9.00977
2066.44	9.00653
2067.44	9.01642
2068.44	9.00818
2069.44	9.00818
2070.44	8.99677
2071.44	9.0047
2072.44	9.01447
2073.44	8.99646
2074.44	9
2075.44	8.99677
2076.44	8.98669
2077.44	8.97693
2078.44	8.97888
2079.44	8.98712
2080.44	8.97723
2081.44	8.96716
2082.44	8.9754
2083.44	8.98865
2084.44	8.97723
2085.44	8.97693
2086.44	8.96875
2087.44	8.96716
2088.44	8.9577
2089.44	8.94763
2090.44	8.94763
2091.44	8.94611
2092.44	8.9281
2093.44	8.93469
2094.44	8.93787
2095.44	8.93787
2096.44	8.9281
2097.44	8.93622
2098.44	8.94611
2099.44	8.94611
2100.44	8.94611
2101.44	8.96405
2102.44	8.97382
2103.44	8.9754
2104.44	8.96716
2105.44	8.96564
2106.44	8.95422
2107.44	8.9574
2108.44	8.94763
2109.44	8.95587
2110.44	8.9574
2111.44	8.94598
2112.44	8.95587
2113.44	8.95587
2114.44	8.94763
2115.44	8.94763
2116.44	8.93622
2117.44	8.93439
2118.44	8.93634
2119.44	8.93787
2120.44	8.95428
2121.44	8.94611
2122.44	8.94611
2123.44	8.94611
2124.44	8.95422
2125.44	8.96405
2126.44	8.9574
2127.44	8.96564
2128.44	8.96564
2129.44	8.96716
2130.44	8.96564
2131.44	8.96759
2132.44	8.9577
2133.44	8.96405
2134.44	8.96564
2135.44	8.97382
2136.44	8.9754
2137.44	8.9754
2138.44	8.98712
2139.44	8.97888
2140.44	8.97571
2141.44	8.97693
2142.44	8.9754
2143.44	8.9574
2144.44	8.96564
2145.44	8.96564
2146.44	8.96594
2147.44	8.96716
2148.44	8.97382
2149.44	8.98517
2150.44	8.99335
2151.44	8.98517
2152.44	8.98517
2153.44	8.98358
2154.44	8.98712
2155.44	8.97736
2156.44	8.95587
2157.44	8.966
2158.44	8.97577
2159.44	8.97577
2160.44	8.97571
2161.44	8.98358
2162.44	8.99335
2163.44	8.97693
2164.44	8.9754
2165.44	8.96716
2166.44	8.97736
2167.44	8.97736
2168.44	8.97571
2169.44	8.96716
2170.44	8.96564
2171.44	8.97382
2172.44	8.9574
2173.44	8.94611
2174.44	8.94452
2175.44	8.94611
2176.44	8.95422
2177.44	8.95233
2178.44	8.94415
2179.44	8.95428
2180.44	8.95428
2181.44	8.94611
2182.44	8.93634
2183.44	8.92657
2184.44	8.91681
2185.44	8.91522
2186.44	8.91681
2187.44	8.91681
2188.44	8.9234
2189.44	8.93475
2190.44	8.91681
2191.44	8.90692
2192.44	8.91327
2193.44	8.90509
2194.44	8.90509
2195.44	8.90509
2196.44	8.90509
2197.44	8.91522
2198.44	8.90704
2199.44	8.91681
2200.44	8.91681
2201.44	8.93475
2202.44	8.92493
2203.44	8.94611
2204.44	8.94611
2205.44	8.94611
2206.44	8.94611
2207.44	8.9281
2208.44	8.92657
2209.44	8.91516
2210.44	8.91327
2211.44	8.90509
2212.44	8.9035
2213.44	8.9035
2214.44	8.91168
2215.44	8.90509
2216.44	8.9035
2217.44	8.9035
2218.44	8.9035
2219.44	8.91327
2220.44	8.9035
2221.44	8.91168
2222.44	8.92303
2223.44	8.92303
2224.44	8.91486
2225.44	8.90509
2226.44	8.91486
2227.44	8.90509
2228.44	8.90509
2229.44	8.89532
2230.44	8.89374
2231.44	8.88397
2232.44	8.87262
2233.44	8.86444
2234.44	8.85468
2235.44	8.85468
2236.44	8.85468
2237.44	8.85626
2238.44	8.86603
2239.44	8.87421
2240.44	8.86603
2241.44	8.86438
2242.44	8.86603
2243.44	8.85779
2244.44	8.85626
2245.44	8.85626
2246.44	8.86444
2247.44	8.86603
2248.44	8.86603
2249.44	8.86438
2250.44	8.87421
2251.44	8.86755
2252.44	8.87579
2253.44	8.86603
2254.44	8.85626
2255.44	8.87421
2256.44	8.88397
2257.44	8.88556
2258.44	8.89215
2259.44	8.89728
2260.44	8.89728
2261.44	8.89569
2262.44	8.8761
2263.44	8.86249
2264.44	8.85431
2265.44	8.83478
2266.44	8.83478
2267.44	8.83673
2268.44	8.82849
2269.44	8.82697
2270.44	8.84491
2271.44	8.8465
2272.44	8.84332
2273.44	8.84332
2274.44	8.83514
2275.44	8.82697
2276.44	8.82538
2277.44	8.83514
2278.44	8.83661
2279.44	8.85272
2280.44	8.86249
2281.44	8.87421
2282.44	8.87579
2283.44	8.87421
2284.44	8.86444
2285.44	8.86444
2286.44	8.84454
2287.44	8.82654
2288.44	8.82697
2289.44	8.82538
2290.44	8.83514
2291.44	8.84491
2292.44	8.84491
2293.44	8.8465
2294.44	8.86285
2295.44	8.85626
2296.44	8.84637
2297.44	8.82654
2298.44	8.81525
2299.44	8.81366
2300.44	8.81525
2301.44	8.81366
2302.44	8.82343
2303.44	8.84332
2304.44	8.83673
2305.44	8.83673
2306.44	8.81873
2307.44	8.80579
2308.44	8.79724
2309.44	8.78748
2310.44	8.76794
2311.44	8.76483
2312.44	8.78436
2313.44	8.78436
2314.44	8.78436
2315.44	8.79254
2316.44	8.78595
2317.44	8.79413
2318.44	8.78595
2319.44	8.78595
2320.44	8.78625
2321.44	8.78595
2322.44	8.77618
2323.44	8.7746
2324.44	8.76642
2325.44	8.74689
2326.44	8.75507
2327.44	8.74689
2328.44	8.73553
2329.44	8.73553
2330.44	8.7453
2331.44	8.76324
2332.44	8.76483
2333.44	8.75665
2334.44	8.75665
2335.44	8.75507
2336.44	8.75507
2337.44	8.73712
2338.44	8.7453
2339.44	8.7453
2340.44	8.7453
2341.44	8.7453
2342.44	8.73547
2343.44	8.73358
2344.44	8.72693
2345.44	8.72382
2346.44	8.71564
2347.44	8.70587
2348.44	8.70428
2349.44	8.70428
2350.44	8.70428
2351.44	8.70428
2352.44	8.69452
2353.44	8.69452
2354.44	8.70428
2355.44	8.70428
2356.44	8.71246
2357.44	8.71405
2358.44	8.72382
2359.44	8.72382
2360.44	8.72382
2361.44	8.7074
2362.44	8.71405
2363.44	8.71564
2364.44	8.71405
2365.44	8.70587
2366.44	8.72223
2367.44	8.70587
2368.44	8.69446
2369.44	8.68439
2370.44	8.67462
2371.44	8.68634
2372.44	8.66833
2373.44	8.67499
2374.44	8.68475
2375.44	8.68634
2376.44	8.69452
2377.44	8.69452
2378.44	8.70428
2379.44	8.71246
2380.44	8.72223
2381.44	8.71405
2382.44	8.70587
2383.44	8.70428
2384.44	8.69611
2385.44	8.68634
2386.44	8.68634
2387.44	8.68469
2388.44	8.68286
2389.44	8.68475
2390.44	8.68317
2391.44	8.69293
2392.44	8.69452
2393.44	8.69452
2394.44	8.68634
2395.44	8.68475
2396.44	8.68634
2397.44	8.68475
2398.44	8.68475
2399.44	8.69452
2400.44	8.69446
2401.44	8.69611
2402.44	8.68634
2403.44	8.66833
2404.44	8.66681
2405.44	8.66681
2406.44	8.66522
2407.44	8.66522
2408.44	8.67499
2409.44	8.67657
2410.44	8.67499
2411.44	8.66516
2412.44	8.67303
2413.44	8.66327
2414.44	8.67303
2415.44	8.67303
2416.44	8.66486
2417.44	8.68121
2418.44	8.6828
2419.44	8.69263
2420.44	8.69452
2421.44	8.68475
2422.44	8.69293
2423.44	8.67657
2424.44	8.6554
2425.44	8.65509
2426.44	8.66327
2427.44	8.67303
2428.44	8.67462
2429.44	8.67657
2430.44	8.69452
2431.44	8.69611
2432.44	8.68475
2433.44	8.68475
2434.44	8.67657
2435.44	8.67499
2436.44	8.67499
2437.44	8.6734
2438.44	8.67499
2439.44	8.65704
2440.44	8.65546
2441.44	8.64374
2442.44	8.64374
2443.44	8.65546
2444.44	8.64728
2445.44	8.65546
2446.44	8.65704
2447.44	8.64563
2448.44	8.64374
2449.44	8.63556
2450.44	8.62579
2451.44	8.62421
2452.44	8.61603
2453.44	8.61444
2454.44	8.61603
2455.44	8.60626
2456.44	8.61444
2457.44	8.61603
2458.44	8.61444
2459.44	8.62421
2460.44	8.62421
2461.44	8.63239
2462.44	8.64215
2463.44	8.65192
2464.44	8.6535
2465.44	8.6535
2466.44	8.64532
2467.44	8.64532
2468.44	8.64374
2469.44	8.64374
2470.44	8.64374
2471.44	8.64374
2472.44	8.64215
2473.44	8.64374
2474.44	8.64215
2475.44	8.62579
2476.44	8.62421
2477.44	8.63239
2478.44	8.62421
2479.44	8.61603
2480.44	8.62579
2481.44	8.63397
2482.44	8.63556
2483.44	8.62732
2484.44	8.6261
2485.44	8.62421
2486.44	8.61249
2487.44	8.60272
2488.44	8.59296
2489.44	8.60278
2490.44	8.59491
2491.44	8.59491
2492.44	8.60461
2493.44	8.61249
2494.44	8.59454
2495.44	8.59454
2496.44	8.5965
2497.44	8.58319
2498.44	8.58319
2499.44	8.58319
2500.44	8.58319
2501.44	8.58673
2502.44	8.57697
2503.44	8.56873
2504.44	8.56555
2505.44	8.55548
2506.44	8.55389
2507.44	8.55231
2508.44	8.56366
2509.44	8.56366
2510.44	8.57349
2511.44	8.58514
2512.44	8.58508
2513.44	8.58319
2514.44	8.58319
2515.44	8.59296
2516.44	8.58478
2517.44	8.57501
2518.44	8.57343
2519.44	8.56207
2520.44	8.56366
2521.44	8.56207
2522.44	8.57349
2523.44	8.58356
2524.44	8.59491
2525.44	8.60468
2526.44	8.62262
2527.44	8.61603
2528.44	8.58661
2529.44	8.59296
2530.44	8.58478
2531.44	8.56677
2532.44	8.55548
2533.44	8.55548
2534.44	8.55548
2535.44	8.54572
2536.44	8.54413
2537.44	8.54413
2538.44	8.56403
2539.44	8.56561
2540.44	8.56561
2541.44	8.57379
2542.44	8.58514
2543.44	8.57697
2544.44	8.56708
2545.44	8.54572
2546.44	8.55389
2547.44	8.54572
2548.44	8.53595
2549.44	8.52618
2550.44	8.53278
2551.44	8.54413
2552.44	8.56366
2553.44	8.57343
2554.44	8.5816
2555.44	8.59296
2556.44	8.58478
2557.44	8.58673
2558.44	8.57343
2559.44	8.56366
2560.44	8.56525
2561.44	8.56366
2562.44	8.54572
2563.44	8.55389
2564.44	8.55389
2565.44	8.54572
2566.44	8.55231
2567.44	8.56561
2568.44	8.56561
2569.44	8.56561
2570.44	8.56561
2571.44	8.58356
2572.44	8.58673
2573.44	8.58514
2574.44	8.58514
2575.44	8.58514
2576.44	8.59491
2577.44	8.59491
2578.44	8.58514
2579.44	8.57538
2580.44	8.56561
2581.44	8.55389
2582.44	8.54413
2583.44	8.53436
2584.44	8.53436
2585.44	8.53436
2586.44	8.53436
2587.44	8.54413
2588.44	8.54413
2589.44	8.55389
2590.44	8.55389
2591.44	8.56561
2592.44	8.56561
2593.44	8.56561
2594.44	8.56561
2595.44	8.55743
2596.44	8.55585
2597.44	8.55585
2598.44	8.54767
2599.44	8.53436
2600.44	8.54254
2601.44	8.55585
2602.44	8.55231
2603.44	8.56207
2604.44	8.56207
2605.44	8.57184
2606.44	8.57343
2607.44	8.56525
2608.44	8.56366
2609.44	8.56525
2610.44	8.5672
2611.44	8.55743
2612.44	8.56561
2613.44	8.57538
2614.44	8.5672
2615.44	8.56561
2616.44	8.56555
2617.44	8.56525
2618.44	8.56366
2619.44	8.56366
2620.44	8.57501
2621.44	8.55548
2622.44	8.56366
2623.44	8.55548
2624.44	8.54572
2625.44	8.54572
2626.44	8.54413
2627.44	8.54413
2628.44	8.54413
2629.44	8.54254
2630.44	8.54413
2631.44	8.55389
2632.44	8.55548
2633.44	8.55389
2634.44	8.54572
2635.44	8.54602
2636.44	8.54572
2637.44	8.53436
2638.44	8.53595
2639.44	8.53595
2640.44	8.54413
2641.44	8.53595
2642.44	8.53436
2643.44	8.53595
2644.44	8.54102
2645.44	8.54413
2646.44	8.55231
2647.44	8.54572
2648.44	8.55389
2649.44	8.55389
2650.44	8.54572
2651.44	8.54413
2652.44	8.53595
2653.44	8.55231
2654.44	8.55389
2655.44	8.55231
2656.44	8.55548
2657.44	8.53595
2658.44	8.53436
2659.44	8.5246
2660.44	8.5246
2661.44	8.50818
2662.44	8.52301
2663.44	8.5246
2664.44	8.52618
2665.44	8.53436
2666.44	8.5343
2667.44	8.53241
2668.44	8.52423
2669.44	8.52264
2670.44	8.52618
2671.44	8.51642
2672.44	8.52301
2673.44	8.54254
2674.44	8.56366
2675.44	8.56366
2676.44	8.56207
2677.44	8.56372
2678.44	8.55579
2679.44	8.55389
2680.44	8.54572
2681.44	8.53595
2682.44	8.53436
2683.44	8.54413
2684.44	8.55389
2685.44	8.54572
2686.44	8.53595
2687.44	8.54254
2688.44	8.53595
2689.44	8.53436
2690.44	8.5246
2691.44	8.51483
2692.44	8.51324
2693.44	8.51483
2694.44	8.51483
2695.44	8.51483
2696.44	8.51483
2697.44	8.52301
2698.44	8.5246
2699.44	8.5246
2700.44	8.52618
2701.44	8.5246
2702.44	8.52618
2703.44	8.53436
2704.44	8.54413
2705.44	8.53595
2706.44	8.53278
2707.44	8.54413
2708.44	8.5246
2709.44	8.51483
2710.44	8.51483
2711.44	8.51483
2712.44	8.52301
2713.44	8.5246
2714.44	8.53436
2715.44	8.53436
2716.44	8.52618
2717.44	8.5246
2718.44	8.5246
2719.44	8.5246
2720.44	8.51483
2721.44	8.52301
2722.44	8.51483
2723.44	8.51483
2724.44	8.51483
2725.44	8.51483
2726.44	8.50665
2727.44	8.48865
2728.44	8.48712
2729.44	8.48712
2730.44	8.49524
2731.44	8.50311
2732.44	8.49493
2733.44	8.49493
2734.44	8.49335
2735.44	8.48669
2736.44	8.4754
2737.44	8.47736
2738.44	8.48395
2739.44	8.4953
2740.44	8.4953
2741.44	8.51324
2742.44	8.50507
2743.44	8.49689
2744.44	8.48712
2745.44	8.48553
2746.44	8.47577
2747.44	8.46405
2748.44	8.46405
2749.44	8.47223
2750.44	8.47223
2751.44	8.47382
2752.44	8.48358
2753.44	8.50348
2754.44	8.49335
2755.44	8.49335
2756.44	8.48517
2757.44	8.48358
2758.44	8.47382
2759.44	8.46405
2760.44	8.45428
2761.44	8.44611
2762.44	8.44293
2763.44	8.44452
2764.44	8.45428
2765.44	8.44611
2766.44	8.44452
2767.44	8.4527
2768.44	8.4527
2769.44	8.44452
2770.44	8.43475
2771.44	8.43475
2772.44	8.4281
2773.44	8.41833
	
