-60.66	-0.111694
-59.66	-0.12146
-58.66	-0.126221
-57.66	-0.113251
-56.66	-0.113251
-55.66	-0.106689
-54.66	-0.114838
-53.66	-0.123016
-52.66	-0.116455
-51.66	-0.107025
-50.66	-0.105072
-49.66	-0.106628
-48.66	-0.105072
-47.66	-0.106628
-46.66	-0.0985107
-45.66	-0.105072
-44.66	-0.105072
-43.66	-0.123016
-42.66	-0.106689
-41.66	-0.105072
-40.66	-0.0953064
-39.66	-0.105072
-38.66	-0.106689
-37.66	-0.0968628
-36.66	-0.105072
-35.66	-0.105072
-34.66	-0.114838
-33.66	-0.10318
-32.66	-0.106628
-31.66	-0.0870972
-30.66	-0.0870972
-29.66	-0.0870972
-28.66	-0.0886536
-27.66	-0.0968628
-26.66	-0.0984192
-25.66	-0.0985107
-24.66	-0.0870972
-23.66	-0.0870972
-22.66	-0.0675659
-21.66	-0.0660095
-20.66	-0.0640564
-19.66	-0.0656738
-18.66	-0.0660095
-17.66	-0.0741882
-16.66	-0.0855408
-15.66	-0.0852051
-14.66	-0.0870972
-13.66	-0.0953064
-12.66	-0.0870972
-11.66	-0.0773315
-10.66	-0.0671692
-9.66	-0.0558472
-8.66	-0.0183411
-7.66	-8.66699e-3
-6.66	0.0649414
-5.66	0.184387
-4.66	0.247589
-3.66	0.176727
-2.66	0.0561829
-1.66	0.0899353
-0.660004	0.146881
0.339996	0.316193
1.34	0.210724
2.34	0.167603
3.34	0.15744
4.34	0.185394
5.34	0.175262
6.34	0.168549
7.34	0.179871
8.34	0.201019
9.34	0.196259
10.34	0.186493
11.34	0.170013
12.34	0.178314
13.34	0.189636
14.34	0.211029
15.34	0.233704
16.34	0.236511
17.34	0.250092
18.34	0.259796
19.34	0.262604
20.34	0.263
21.34	0.262909
22.34	0.274323
23.34	0.256256
24.34	0.257904
25.34	0.256256
26.34	0.248077
27.34	0.257904
28.34	0.257843
29.34	0.238312
30.34	0.256348
31.34	0.257843
32.34	0.267609
33.34	0.249634
34.34	0.248077
35.34	0.25946
36.34	0.241425
37.34	0.231659
38.34	0.230103
39.34	0.230103
40.34	0.239868
41.34	0.241425
42.34	0.22345
43.34	0.221893
44.34	0.230103
45.34	0.230103
46.34	0.231659
47.34	0.230103
48.34	0.239868
49.34	0.249634
50.34	0.261047
51.34	0.272675
52.34	0.272675
53.34	0.28244
54.34	0.292206
55.34	0.292114
56.34	0.290253
57.34	0.290253
58.34	0.290253
59.34	0.30011
60.34	0.311737
61.34	0.328156
62.34	0.323059
63.34	0.339478
64.34	0.332825
65.34	0.339478
66.34	0.331268
67.34	0.339478
68.34	0.341034
69.34	0.339478
70.34	0.349243
71.34	0.359009
72.34	0.37854
73.34	0.389862
74.34	0.399719
75.34	0.423065
76.34	0.423065
77.34	0.411346
78.34	0.423065
79.34	0.423065
80.34	0.411346
81.34	0.401581
82.34	0.401581
83.34	0.419556
84.34	0.432831
85.34	0.44104
86.34	0.444153
87.34	0.444153
88.34	0.452362
89.34	0.452362
90.34	0.452362
91.34	0.462128
92.34	0.470337
93.34	0.480103
94.34	0.480103
95.34	0.498077
96.34	0.509399
97.34	0.510956
98.34	0.504303
99.34	0.512512
100.34	0.520721
101.34	0.543762
102.34	0.533997
103.34	0.542206
104.34	0.560181
105.34	0.569946
106.34	0.599243
107.34	0.610565
108.34	0.640259
109.34	0.651581
110.34	0.669556
111.34	0.662903
112.34	0.661346
113.34	0.651581
114.34	0.643372
115.34	0.641815
116.34	0.651581
117.34	0.661346
118.34	0.671112
119.34	0.672668
120.34	0.669556
121.34	0.671112
122.34	0.671112
123.34	0.679321
124.34	0.689087
125.34	0.700409
126.34	0.708618
127.34	0.710175
128.34	0.71994
129.34	0.729706
130.34	0.729706
131.34	0.741425
132.34	0.75119
133.34	0.760956
134.34	0.778931
135.34	0.790253
136.34	0.790253
137.34	0.809784
138.34	0.81955
139.34	0.831268
140.34	0.831268
141.34	0.841034
142.34	0.8508
143.34	0.850891
144.34	0.852753
145.34	0.862518
146.34	0.862427
147.34	0.870422
148.34	0.872284
149.34	0.890259
150.34	0.900024
151.34	0.908234
152.34	0.90979
153.34	0.919556
154.34	0.929321
155.34	0.930969
156.34	0.950806
157.34	0.970337
158.34	0.980103
159.34	0.989868
160.34	0.991425
161.34	1.0094
162.34	1.01251
163.34	1.01096
164.34	1.02072
165.34	1.03049
166.34	1.04025
167.34	1.05197
168.34	1.04025
169.34	1.04376
170.34	1.034
171.34	1.04376
172.34	1.034
173.34	1.04221
174.34	1.06018
175.34	1.0715
176.34	1.08948
177.34	1.09924
178.34	1.10901
179.34	1.12033
180.34	1.11212
181.34	1.12228
182.34	1.12228
183.34	1.12228
184.34	1.12384
185.34	1.13049
186.34	1.13205
187.34	1.15002
188.34	1.17932
189.34	1.19064
190.34	1.21017
191.34	1.21017
192.34	1.2301
193.34	1.24142
194.34	1.24298
195.34	1.2594
196.34	1.26096
197.34	1.27072
198.34	1.28049
199.34	1.28204
200.34	1.28204
201.34	1.29025
202.34	1.30197
203.34	1.30353
204.34	1.31174
205.34	1.3215
206.34	1.32306
207.34	1.33127
208.34	1.34924
209.34	1.3508
210.34	1.35236
211.34	1.3508
212.34	1.38049
213.34	1.38205
214.34	1.38361
215.34	1.39337
216.34	1.40002
217.34	1.41956
218.34	1.42111
219.34	1.43088
220.34	1.44064
221.34	1.44064
222.34	1.45392
223.34	1.45392
224.34	1.46213
225.34	1.46368
226.34	1.46204
227.34	1.46017
228.34	1.46017
229.34	1.46994
230.34	1.46994
231.34	1.47971
232.34	1.48956
233.34	1.50119
234.34	1.50119
235.34	1.50119
236.34	1.50305
237.34	1.50275
238.34	1.51096
239.34	1.51251
240.34	1.52893
241.34	1.53049
242.34	1.53049
243.34	1.53049
244.34	1.54025
245.34	1.55002
246.34	1.55978
247.34	1.57306
248.34	1.58282
249.34	1.6008
250.34	1.61877
251.34	1.6301
252.34	1.64182
253.34	1.65002
254.34	1.64807
255.34	1.64963
256.34	1.64963
257.34	1.66135
258.34	1.67111
259.34	1.67267
260.34	1.68243
261.34	1.69064
262.34	1.70041
263.34	1.6922
264.34	1.6922
265.34	1.70041
266.34	1.71213
267.34	1.72345
268.34	1.74142
269.34	1.74298
270.34	1.75119
271.34	1.74298
272.34	1.7594
273.34	1.77267
274.34	1.77267
275.34	1.784
276.34	1.80042
277.34	1.81174
278.34	1.8215
279.34	1.8215
280.34	1.84103
281.34	1.84103
282.34	1.84103
283.34	1.84454
284.34	1.8512
285.34	1.85431
286.34	1.85266
287.34	1.86057
288.34	1.86212
289.34	1.87189
290.34	1.88165
291.34	1.89182
292.34	1.89337
293.34	1.90158
294.34	1.9129
295.34	1.9129
296.34	1.90469
297.34	1.90158
298.34	1.90149
299.34	1.99667
300.34	1.7962
301.34	1.87094
302.34	1.93799
303.34	1.94409
304.34	1.94174
305.34	1.96469
306.34	1.98422
307.34	1.99399
308.34	2.03159
309.34	2.04321
310.34	2.07767
311.34	2.0972
312.34	2.10541
313.34	2.12378
314.34	2.12183
315.34	2.13831
316.34	2.14172
317.34	2.1597
318.34	2.18713
319.34	2.22339
320.34	2.24768
321.34	2.24768
322.34	2.27112
323.34	2.29376
324.34	2.31674
325.34	2.32462
326.34	2.34259
327.34	2.3476
328.34	2.3555
329.34	2.35745
330.34	2.36557
331.34	2.36526
332.34	2.3754
333.34	2.3851
334.34	2.38516
335.34	2.38675
336.34	2.39331
337.34	2.38675
338.34	2.39651
339.34	2.40308
340.34	2.40469
341.34	2.41446
342.34	2.42422
343.34	2.43439
344.34	2.44409
345.34	2.44376
346.34	2.44376
347.34	2.44571
348.34	2.44415
349.34	2.44409
350.34	2.4422
351.34	2.45041
352.34	2.46994
353.34	2.48166
354.34	2.48322
355.34	2.49298
356.34	2.48477
357.34	2.48322
358.34	2.48315
359.34	2.50119
360.34	2.50275
361.34	2.51096
362.34	2.53204
363.34	2.52737
364.34	2.53555
365.34	2.5437
366.34	2.54691
367.34	2.54532
368.34	2.55353
369.34	2.5715
370.34	2.5715
371.34	2.57141
372.34	2.56485
373.34	2.56329
374.34	2.56485
375.34	2.55508
376.34	2.54211
377.34	2.52072
378.34	2.4798
379.34	2.42932
380.34	2.39026
381.34	2.39026
382.34	2.40314
383.34	2.40314
384.34	2.4129
385.34	2.42297
386.34	2.42267
387.34	2.44885
388.34	2.49774
389.34	2.72394
390.34	2.73157
391.34	2.93253
392.34	2.75595
393.34	2.78058
394.34	2.78198
395.34	2.75385
396.34	2.7225
397.34	2.73727
398.34	2.75024
399.34	2.75018
400.34	2.75174
401.34	2.73532
402.34	2.73376
403.34	2.75174
404.34	2.7533
405.34	2.77438
406.34	2.78104
407.34	2.78915
408.34	2.80527
409.34	2.81689
410.34	2.82822
411.34	2.8219
412.34	2.82001
413.34	2.82159
414.34	2.82501
415.34	2.81494
416.34	2.81329
417.34	2.83447
418.34	2.83792
419.34	2.84775
420.34	2.83792
421.34	2.83792
422.34	2.85587
423.34	2.85907
424.34	2.8512
425.34	2.84769
426.34	2.85745
427.34	2.84769
428.34	2.84113
429.34	2.84769
430.34	2.84924
431.34	2.85745
432.34	2.85901
433.34	2.85901
434.34	2.8786
435.34	2.8887
436.34	2.89026
437.34	2.90002
438.34	2.918
439.34	2.92932
440.34	2.93088
441.34	2.9505
442.34	2.96213
443.34	2.9801
444.34	2.99142
445.34	2.99963
446.34	3.00119
447.34	3.00119
448.34	3.0094
449.34	3.01096
450.34	3.01096
451.34	3.00275
452.34	3.0094
453.34	3.01096
454.34	3.00275
455.34	3.01917
456.34	3.02072
457.34	3.02072
458.34	3.03049
459.34	3.0387
460.34	3.04025
461.34	3.04025
462.34	3.04025
463.34	3.04846
464.34	3.05002
465.34	3.05823
466.34	3.06799
467.34	3.09113
468.34	3.10941
469.34	3.12073
470.34	3.14026
471.34	3.15158
472.34	3.15979
473.34	3.16135
474.34	3.16956
475.34	3.17111
476.34	3.16956
477.34	3.18097
478.34	3.19925
479.34	3.20236
480.34	3.20236
481.34	3.22189
482.34	3.22345
483.34	3.22345
484.34	3.23166
485.34	3.24142
486.34	3.24963
487.34	3.2594
488.34	3.2594
489.34	3.27737
490.34	3.28714
491.34	3.2887
492.34	3.30011
493.34	3.31995
494.34	3.31329
495.34	3.30188
496.34	3.29181
497.34	3.30002
498.34	3.30978
499.34	3.30157
500.34	3.31995
501.34	3.33127
502.34	3.34924
503.34	3.36057
504.34	3.3801
505.34	3.38986
506.34	3.40948
507.34	3.42932
508.34	3.43909
509.34	3.43088
510.34	3.44885
511.34	3.45862
512.34	3.46838
513.34	3.47815
514.34	3.49963
515.34	3.50119
516.34	3.52081
517.34	3.52267
518.34	3.53088
519.34	3.53244
520.34	3.54221
521.34	3.56174
522.34	3.5715
523.34	3.5715
524.34	3.5715
525.34	3.57971
526.34	3.58127
527.34	3.57971
528.34	3.57971
529.34	3.58948
530.34	3.60901
531.34	3.61877
532.34	3.6301
533.34	3.63165
534.34	3.6301
535.34	3.64807
536.34	3.64963
537.34	3.65314
538.34	3.65979
539.34	3.66135
540.34	3.66135
541.34	3.67111
542.34	3.68088
543.34	3.69064
544.34	3.70041
545.34	3.72003
546.34	3.73987
547.34	3.74963
548.34	3.74142
549.34	3.73987
550.34	3.74142
551.34	3.74142
552.34	3.74142
553.34	3.74963
554.34	3.77072
555.34	3.784
556.34	3.79221
557.34	3.79376
558.34	3.81995
559.34	3.84103
560.34	3.86877
561.34	3.90002
562.34	3.90314
563.34	3.93088
564.34	3.93243
565.34	3.94415
566.34	3.93594
567.34	3.93274
568.34	3.9505
569.34	3.96213
570.34	3.96213
571.34	3.96204
572.34	3.96994
573.34	3.9798
574.34	3.98157
575.34	3.99142
576.34	4.00275
577.34	4.01096
578.34	4.01096
579.34	4.02072
580.34	4.0387
581.34	4.04181
582.34	4.04181
583.34	4.04025
584.34	4.05823
585.34	4.0715
586.34	4.07971
587.34	4.10089
588.34	4.10275
589.34	4.11096
590.34	4.10431
591.34	4.11096
592.34	4.11401
593.34	4.11212
594.34	4.12189
595.34	4.12189
596.34	4.13361
597.34	4.14182
598.34	4.15002
599.34	4.16956
600.34	4.17932
601.34	4.17932
602.34	4.17111
603.34	4.18097
604.34	4.1926
605.34	4.1926
606.34	4.1925
607.34	4.22003
608.34	4.23166
609.34	4.24142
610.34	4.25314
611.34	4.24142
612.34	4.25314
613.34	4.25314
614.34	4.25314
615.34	4.26291
616.34	4.26291
617.34	4.26282
618.34	4.29034
619.34	4.31174
620.34	4.3215
621.34	4.34299
622.34	4.36096
623.34	4.39182
624.34	4.40158
625.34	4.42111
626.34	4.42462
627.34	4.43274
628.34	4.43243
629.34	4.4129
630.34	4.41956
631.34	4.41956
632.34	4.42111
633.34	4.42111
634.34	4.41135
635.34	4.42111
636.34	4.42111
637.34	4.43088
638.34	4.43243
639.34	4.44064
640.34	4.45041
641.34	4.45197
642.34	4.47189
643.34	4.47345
644.34	4.48987
645.34	4.51096
646.34	4.51096
647.34	4.52072
648.34	4.52228
649.34	4.54025
650.34	4.54846
651.34	4.55002
652.34	4.56995
653.34	4.57306
654.34	4.58127
655.34	4.58127
656.34	4.58282
657.34	4.59259
658.34	4.61057
659.34	4.59415
660.34	4.59454
661.34	4.60275
662.34	4.61252
663.34	4.61243
664.34	4.6301
665.34	4.64963
666.34	4.64963
667.34	4.67111
668.34	4.67267
669.34	4.68088
670.34	4.69064
671.34	4.70041
672.34	4.71173
673.34	4.72815
674.34	4.74142
675.34	4.75119
676.34	4.74298
677.34	4.75119
678.34	4.75275
679.34	4.75275
680.34	4.75275
681.34	4.76251
682.34	4.77267
683.34	4.77267
684.34	4.77267
685.34	4.78244
686.34	4.784
687.34	4.78244
688.34	4.79221
689.34	4.78394
690.34	4.81384
691.34	4.71854
692.34	4.70798
693.34	4.74142
694.34	4.76868
695.34	4.78149
696.34	4.79471
697.34	4.81274
698.34	4.84714
699.34	4.8569
700.34	4.86353
701.34	4.89136
702.34	4.90768
703.34	4.92572
704.34	4.96329
705.34	4.98001
706.34	4.98782
707.34	4.99103
708.34	4.99954
709.34	5.01566
710.34	5.02728
711.34	5.05002
712.34	5.06009
713.34	5.09415
714.34	5.12534
715.34	5.13831
716.34	5.12689
717.34	5.14493
718.34	5.14807
719.34	5.15463
720.34	5.16605
721.34	5.16605
722.34	5.17612
723.34	5.17581
724.34	5.16446
725.34	5.16635
726.34	5.16605
727.34	5.16605
728.34	5.17456
729.34	5.17581
730.34	5.18753
731.34	5.18433
732.34	5.17581
733.34	5.18399
734.34	5.18439
735.34	5.18433
736.34	5.1922
737.34	5.21329
738.34	5.20706
739.34	5.20386
740.34	5.20352
741.34	5.21524
742.34	5.21524
743.34	5.20541
744.34	5.20352
745.34	5.21524
746.34	5.22501
747.34	5.22339
748.34	5.20511
749.34	5.19376
750.34	5.20547
751.34	5.1925
752.34	5.18558
753.34	5.18558
754.34	5.19571
755.34	5.21518
756.34	5.21683
757.34	5.23477
758.34	5.23315
759.34	5.23477
760.34	5.23322
761.34	5.22345
762.34	5.22501
763.34	5.2218
764.34	5.21329
765.34	5.23477
766.34	5.22501
767.34	5.2301
768.34	5.18243
769.34	5.14182
770.34	5.08127
771.34	5.0715
772.34	5.0715
773.34	5.07306
774.34	5.073
775.34	5.07462
776.34	5.07306
777.34	5.07306
778.34	5.09924
779.34	5.13516
780.34	5.34314
781.34	5.4805
782.34	5.61438
783.34	5.41135
784.34	5.40158
785.34	5.41245
786.34	5.4187
787.34	5.39587
788.34	5.38892
789.34	5.40057
790.34	5.42166
791.34	5.43298
792.34	5.43454
793.34	5.43808
794.34	5.44785
795.34	5.45761
796.34	5.479
797.34	5.4736
798.34	5.49188
799.34	5.50479
800.34	5.50635
801.34	5.52899
802.34	5.5423
803.34	5.56174
804.34	5.57315
805.34	5.59454
806.34	5.59424
807.34	5.5961
808.34	5.59775
809.34	5.5961
810.34	5.5961
811.34	5.604
812.34	5.60587
813.34	5.59775
814.34	5.61758
815.34	5.62698
816.34	5.62854
817.34	5.63986
818.34	5.65979
819.34	5.67111
820.34	5.69073
821.34	5.69104
822.34	5.69925
823.34	5.6973
824.34	5.6973
825.34	5.69073
826.34	5.68948
827.34	5.70081
828.34	5.70236
829.34	5.72034
830.34	5.73166
831.34	5.73166
832.34	5.73987
833.34	5.7594
834.34	5.7594
835.34	5.7594
836.34	5.78058
837.34	5.79065
838.34	5.81018
839.34	5.81329
840.34	5.82971
841.34	5.83948
842.34	5.84924
843.34	5.8508
844.34	5.8508
845.34	5.85901
846.34	5.86057
847.34	5.86877
848.34	5.87033
849.34	5.87033
850.34	5.87854
851.34	5.88165
852.34	5.89807
853.34	5.9212
854.34	5.92307
855.34	5.93127
856.34	5.9426
857.34	5.93283
858.34	5.93283
859.34	5.94104
860.34	5.9426
861.34	5.95901
862.34	5.97855
863.34	5.98166
864.34	5.97815
865.34	6.00128
866.34	6.00314
867.34	6.01291
868.34	6.00464
869.34	6.01096
870.34	6.03049
871.34	6.04181
872.34	6.04181
873.34	6.05197
874.34	6.06329
875.34	6.08127
876.34	6.08127
877.34	6.09103
878.34	6.10901
879.34	6.12854
880.34	6.14182
881.34	6.13831
882.34	6.15979
883.34	6.16135
884.34	6.17111
885.34	6.17111
886.34	6.18088
887.34	6.18088
888.34	6.19064
889.34	6.19064
890.34	6.21027
891.34	6.20227
892.34	6.21994
893.34	6.22971
894.34	6.21994
895.34	6.23322
896.34	6.23166
897.34	6.24142
898.34	6.23166
899.34	6.23166
900.34	6.24142
901.34	6.25119
902.34	6.25275
903.34	6.25275
904.34	6.27072
905.34	6.28049
906.34	6.2887
907.34	6.29846
908.34	6.30823
909.34	6.32941
910.34	6.33948
911.34	6.33127
912.34	6.34769
913.34	6.3508
914.34	6.35901
915.34	6.35901
916.34	6.35901
917.34	6.37854
918.34	6.39807
919.34	6.39963
920.34	6.40948
921.34	6.42111
922.34	6.42297
923.34	6.44073
924.34	6.4426
925.34	6.46057
926.34	6.47034
927.34	6.4801
928.34	6.49808
929.34	6.50119
930.34	6.5094
931.34	6.52072
932.34	6.53049
933.34	6.5387
934.34	6.54025
935.34	6.54034
936.34	6.55197
937.34	6.55197
938.34	6.56018
939.34	6.56174
940.34	6.55353
941.34	6.56839
942.34	6.57971
943.34	6.56329
944.34	6.56174
945.34	6.56174
946.34	6.5715
947.34	6.59259
948.34	6.61252
949.34	6.62384
950.34	6.65158
951.34	6.65149
952.34	6.66135
953.34	6.6629
954.34	6.6629
955.34	6.67111
956.34	6.68088
957.34	6.69064
958.34	6.70041
959.34	6.70041
960.34	6.71017
961.34	6.71838
962.34	6.71017
963.34	6.71173
964.34	6.71017
965.34	6.72815
966.34	6.74142
967.34	6.7594
968.34	6.78058
969.34	6.79221
970.34	6.79211
971.34	6.79025
972.34	6.79025
973.34	6.79181
974.34	6.79181
975.34	6.78204
976.34	6.78049
977.34	6.80197
978.34	6.80353
979.34	6.80353
980.34	6.80353
981.34	6.81174
982.34	6.81329
983.34	6.83127
984.34	6.83127
985.34	6.8512
986.34	6.85275
987.34	6.85275
988.34	6.86096
989.34	6.86252
990.34	6.86252
991.34	6.86407
992.34	6.87228
993.34	6.87384
994.34	6.87219
995.34	6.88995
996.34	6.88205
997.34	6.90002
998.34	6.90158
999.34	6.90158
1000.34	6.89182
1001.34	6.90002
1002.34	6.90314
1003.34	6.90158
1004.34	6.89337
1005.34	6.89182
1006.34	6.90979
1007.34	6.91135
1008.34	6.91956
1009.34	6.93909
1010.34	6.94885
1011.34	6.95862
1012.34	6.97815
1013.34	7.00119
1014.34	7.00275
1015.34	7.01917
1016.34	7.02228
1017.34	7.03049
1018.34	7.03049
1019.34	7.02072
1020.34	7.01096
1021.34	7.00275
1022.34	7.00119
1023.34	6.99142
1024.34	7.00119
1025.34	7.00275
1026.34	6.99298
1027.34	6.99298
1028.34	7.00119
1029.34	7.00275
1030.34	7.00119
1031.34	7.01291
1032.34	7.03088
1033.34	7.04221
1034.34	7.05197
1035.34	7.05353
1036.34	7.06174
1037.34	7.06174
1038.34	7.0715
1039.34	7.08127
1040.34	7.08127
1041.34	7.08127
1042.34	7.08313
1043.34	7.1008
1044.34	7.10236
1045.34	7.10236
1046.34	7.10236
1047.34	7.1008
1048.34	7.09259
1049.34	7.08438
1050.34	7.09259
1051.34	7.08282
1052.34	7.07495
1053.34	7.06329
1054.34	7.07306
1055.34	7.0715
1056.34	7.0715
1057.34	7.08948
1058.34	7.10901
1059.34	7.12854
1060.34	7.1301
1061.34	7.13986
1062.34	7.15948
1063.34	7.17307
1064.34	7.17307
1065.34	7.18283
1066.34	7.1926
1067.34	7.1925
1068.34	7.1922
1069.34	7.18399
1070.34	7.17267
1071.34	7.17267
1072.34	7.17267
1073.34	7.1629
1074.34	7.17307
1075.34	7.16321
1076.34	7.17111
1077.34	7.18088
1078.34	7.18088
1079.34	7.17938
1080.34	7.20901
1081.34	7.29892
1082.34	7.11823
1083.34	7.19275
1084.34	7.17892
1085.34	7.17728
1086.34	7.18539
1087.34	7.19009
1088.34	7.1983
1089.34	7.23776
1090.34	7.26547
1091.34	7.28345
1092.34	7.30969
1093.34	7.32767
1094.34	7.35385
1095.34	7.38354
1096.34	7.39798
1097.34	7.40274
1098.34	7.42102
1099.34	7.42102
1100.34	7.43558
1101.34	7.45697
1102.34	7.47815
1103.34	7.49454
1104.34	7.50305
1105.34	7.51566
1106.34	7.51907
1107.34	7.52383
1108.34	7.53714
1109.34	7.55658
1110.34	7.56799
1111.34	7.56644
1112.34	7.57495
1113.34	7.58597
1114.34	7.58438
1115.34	7.58472
1116.34	7.58597
1117.34	7.5762
1118.34	7.57651
1119.34	7.58597
1120.34	7.58752
1121.34	7.58627
1122.34	7.58597
1123.34	7.57455
1124.34	7.57462
1125.34	7.57462
1126.34	7.58282
1127.34	7.5961
1128.34	7.59448
1129.34	7.60391
1130.34	7.60391
1131.34	7.60587
1132.34	7.60431
1133.34	7.60266
1134.34	7.61212
1135.34	7.62189
1136.34	7.61368
1137.34	7.62384
1138.34	7.62534
1139.34	7.61368
1140.34	7.6055
1141.34	7.60587
1142.34	7.5929
1143.34	7.60236
1144.34	7.60391
1145.34	7.61368
1146.34	7.61563
1147.34	7.61401
1148.34	7.62189
1149.34	7.62698
1150.34	7.62384
1151.34	7.62384
1152.34	7.63361
1153.34	7.63196
1154.34	7.62344
1155.34	7.6301
1156.34	7.64337
1157.34	7.63361
1158.34	7.61407
1159.34	7.59103
1160.34	7.56995
1161.34	7.52228
1162.34	7.49142
1163.34	7.48166
1164.34	7.49142
1165.34	7.49454
1166.34	7.50305
1167.34	7.49454
1168.34	7.49298
1169.34	7.52072
1170.34	7.54691
1171.34	7.77283
1172.34	7.93228
1173.34	7.95071
1174.34	7.7583
1175.34	7.76425
1176.34	7.74963
1177.34	7.74564
1178.34	7.71439
1179.34	7.71628
1180.34	7.71274
1181.34	7.72089
1182.34	7.72214
1183.34	7.73065
1184.34	7.73886
1185.34	7.73221
1186.34	7.73376
1187.34	7.74667
1188.34	7.758
1189.34	7.75165
1190.34	7.74667
1191.34	7.73682
1192.34	7.73526
1193.34	7.73682
1194.34	7.7579
1195.34	7.763
1196.34	7.77267
1197.34	7.77432
1198.34	7.77423
1199.34	7.77588
1200.34	7.77423
1201.34	7.78409
1202.34	7.78555
1203.34	7.79697
1204.34	7.79727
1205.34	7.79532
1206.34	7.7887
1207.34	7.79852
1208.34	7.79886
1209.34	7.7887
1210.34	7.7887
1211.34	7.79691
1212.34	7.80829
1213.34	7.80862
1214.34	7.80042
1215.34	7.80862
1216.34	7.80823
1217.34	7.80823
1218.34	7.80011
1219.34	7.80862
1220.34	7.81995
1221.34	7.82816
1222.34	7.8215
1223.34	7.80002
1224.34	7.7887
1225.34	7.77228
1226.34	7.76917
1227.34	7.7594
1228.34	7.73947
1229.34	7.7298
1230.34	7.74808
1231.34	7.74963
1232.34	7.75784
1233.34	7.76761
1234.34	7.78058
1235.34	7.79065
1236.34	7.81174
1237.34	7.81995
1238.34	7.83127
1239.34	7.84103
1240.34	7.84924
1241.34	7.8508
1242.34	7.84924
1243.34	7.84924
1244.34	7.83948
1245.34	7.83948
1246.34	7.82306
1247.34	7.8215
1248.34	7.81174
1249.34	7.80353
1250.34	7.79376
1251.34	7.80197
1252.34	7.80042
1253.34	7.80197
1254.34	7.80197
1255.34	7.80197
1256.34	7.81018
1257.34	7.80823
1258.34	7.80823
1259.34	7.80978
1260.34	7.80002
1261.34	7.80011
1262.34	7.80042
1263.34	7.79221
1264.34	7.79221
1265.34	7.80042
1266.34	7.80042
1267.34	7.80197
1268.34	7.81018
1269.34	7.81018
1270.34	7.80823
1271.34	7.81805
1272.34	7.81995
1273.34	7.81995
1274.34	7.81995
1275.34	7.81174
1276.34	7.81174
1277.34	7.80197
1278.34	7.80197
1279.34	7.79376
1280.34	7.79065
1281.34	7.784
1282.34	7.79221
1283.34	7.79065
1284.34	7.80042
1285.34	7.79846
1286.34	7.80002
1287.34	7.81174
1288.34	7.80823
1289.34	7.80978
1290.34	7.80002
1291.34	7.81799
1292.34	7.81964
1293.34	7.82971
1294.34	7.82971
1295.34	7.84103
1296.34	7.84924
1297.34	7.8508
1298.34	7.8508
1299.34	7.86877
1300.34	7.87854
1301.34	7.88675
1302.34	7.88986
1303.34	7.87854
1304.34	7.88019
1305.34	7.8887
1306.34	7.89026
1307.34	7.88205
1308.34	7.87228
1309.34	7.88049
1310.34	7.87033
1311.34	7.87033
1312.34	7.86057
1313.34	7.86057
1314.34	7.86057
1315.34	7.86057
1316.34	7.86057
1317.34	7.86057
1318.34	7.86877
1319.34	7.86877
1320.34	7.8786
1321.34	7.88049
1322.34	7.89026
1323.34	7.90823
1324.34	7.90314
1325.34	7.90979
1326.34	7.91135
1327.34	7.91135
1328.34	7.91135
1329.34	7.90979
1330.34	7.91956
1331.34	7.9129
1332.34	7.91956
1333.34	7.92111
1334.34	7.91956
1335.34	7.9129
1336.34	7.91135
1337.34	7.91956
1338.34	7.92111
1339.34	7.92111
1340.34	7.92111
1341.34	7.93088
1342.34	7.92111
1343.34	7.93097
1344.34	7.94104
1345.34	7.94104
1346.34	7.95081
1347.34	7.95236
1348.34	7.96057
1349.34	7.96213
1350.34	7.95041
1351.34	7.96213
1352.34	7.95041
1353.34	7.95041
1354.34	7.95862
1355.34	7.97189
1356.34	7.98166
1357.34	7.98166
1358.34	7.98166
1359.34	7.99142
1360.34	7.99298
1361.34	8.00119
1362.34	7.99298
1363.34	8.00119
1364.34	8.01096
1365.34	8.0094
1366.34	8.01096
1367.34	8.01096
1368.34	8.01096
1369.34	8.00275
1370.34	8.0094
1371.34	8.00275
1372.34	7.99298
1373.34	7.98322
1374.34	7.98987
1375.34	7.99963
1376.34	8.00119
1377.34	8.0094
1378.34	8.01761
1379.34	8.02893
1380.34	8.02072
1381.34	8.02228
1382.34	8.02072
1383.34	8.0043
1384.34	8.01096
1385.34	8.01251
1386.34	8.01917
1387.34	8.01096
1388.34	8.01917
1389.34	8.02893
1390.34	8.03049
1391.34	8.0387
1392.34	8.04025
1393.34	8.04025
1394.34	8.05002
1395.34	8.04846
1396.34	8.05002
1397.34	8.05988
1398.34	8.06995
1399.34	8.06995
1400.34	8.06174
1401.34	8.05353
1402.34	8.04221
1403.34	8.04221
1404.34	8.03244
1405.34	8.05042
1406.34	8.06174
1407.34	8.06995
1408.34	8.07306
1409.34	8.07306
1410.34	8.06329
1411.34	8.06174
1412.34	8.06995
1413.34	8.06329
1414.34	8.06995
1415.34	8.06995
1416.34	8.0715
1417.34	8.06174
1418.34	8.06329
1419.34	8.05353
1420.34	8.04221
1421.34	8.03244
1422.34	8.04065
1423.34	8.034
1424.34	8.03244
1425.34	8.02267
1426.34	8.03244
1427.34	8.05197
1428.34	8.05188
1429.34	8.06134
1430.34	8.0715
1431.34	8.0715
1432.34	8.0715
1433.34	8.0715
1434.34	8.0715
1435.34	8.07971
1436.34	8.07306
1437.34	8.08127
1438.34	8.07306
1439.34	8.07306
1440.34	8.08127
1441.34	8.08282
1442.34	8.08127
1443.34	8.09103
1444.34	8.10901
1445.34	8.11057
1446.34	8.1008
1447.34	8.1008
1448.34	8.10901
1449.34	8.11057
1450.34	8.09259
1451.34	8.09259
1452.34	8.08127
1453.34	8.08948
1454.34	8.09103
1455.34	8.08127
1456.34	8.08127
1457.34	8.09924
1458.34	8.1008
1459.34	8.11212
1460.34	8.10236
1461.34	8.11877
1462.34	8.1301
1463.34	8.14182
1464.34	8.14337
1465.34	8.14182
1466.34	8.1254
1467.34	8.12228
1468.34	8.12384
1469.34	8.11407
1470.34	8.08313
1471.34	8.08759
1472.34	8.22079
1473.34	8.013
1474.34	8.01556
1475.34	8.10696
1476.34	8.12479
1477.34	8.12128
1478.34	8.13931
1479.34	8.15253
1480.34	8.17368
1481.34	8.1983
1482.34	8.1983
1483.34	8.2229
1484.34	8.24097
1485.34	8.25925
1486.34	8.2851
1487.34	8.30151
1488.34	8.32111
1489.34	8.34409
1490.34	8.38
1491.34	8.39954
1492.34	8.42072
1493.34	8.43393
1494.34	8.439
1495.34	8.42923
1496.34	8.44846
1497.34	8.45853
1498.34	8.45041
1499.34	8.47495
1500.34	8.47971
1501.34	8.4765
1502.34	8.47815
1503.34	8.48471
1504.34	8.47815
1505.34	8.48636
1506.34	8.48822
1507.34	8.48636
1508.34	8.48822
1509.34	8.48792
1510.34	8.50464
1511.34	8.50589
1512.34	8.51566
1513.34	8.50775
1514.34	8.51566
1515.34	8.50775
1516.34	8.51566
1517.34	8.50745
1518.34	8.52258
1519.34	8.52383
1520.34	8.51407
1521.34	8.52228
1522.34	8.51602
1523.34	8.5144
1524.34	8.5043
1525.34	8.50589
1526.34	8.5062
1527.34	8.49612
1528.34	8.49612
1529.34	8.50464
1530.34	8.51407
1531.34	8.52383
1532.34	8.534
1533.34	8.53714
1534.34	8.55347
1535.34	8.54691
1536.34	8.54691
1537.34	8.55502
1538.34	8.54691
1539.34	8.56329
1540.34	8.56323
1541.34	8.55313
1542.34	8.56174
1543.34	8.55508
1544.34	8.56329
1545.34	8.55353
1546.34	8.54532
1547.34	8.5437
1548.34	8.52542
1549.34	8.49954
1550.34	8.49924
1551.34	8.78003
1552.34	8.98361
1553.34	8.96268
1554.34	8.96268
1555.34	8.96774
1556.34	8.96628
1557.34	8.95486
1558.34	8.91391
1559.34	8.7562
1560.34	8.45612
1561.34	8.3862
1562.34	8.38065
1563.34	8.36417
1564.34	8.34769
1565.34	8.33948
1566.34	8.3215
1567.34	8.32306
1568.34	8.33948
1569.34	8.36722
1570.34	8.42618
1571.34	8.84479
1572.34	8.65735
1573.34	8.61938
1574.34	8.60815
1575.34	8.57315
1576.34	8.58923
1577.34	8.60385
1578.34	8.55463
1579.34	8.53149
1580.34	8.52673
1581.34	8.51822
1582.34	8.51501
1583.34	8.53149
1584.34	8.54282
1585.34	8.53619
1586.34	8.52988
1587.34	8.5311
1588.34	8.53448
1589.34	8.52597
1590.34	8.54901
1591.34	8.56219
1592.34	8.55527
1593.34	8.5751
1594.34	8.56024
1595.34	8.54886
1596.34	8.54697
1597.34	8.56024
1598.34	8.56024
1599.34	8.56183
1600.34	8.58331
1601.34	8.57501
1602.34	8.56329
1603.34	8.56494
1604.34	8.57501
1605.34	8.58447
1606.34	8.58633
1607.34	8.57782
1608.34	8.56839
1609.34	8.56525
1610.34	8.55667
1611.34	8.55829
1612.34	8.54886
1613.34	8.54532
1614.34	8.55673
1615.34	8.54886
1616.34	8.5387
1617.34	8.53714
1618.34	8.53876
1619.34	8.52933
1620.34	8.52737
1621.34	8.51602
1622.34	8.51767
1623.34	8.50784
1624.34	8.50626
1625.34	8.51923
1626.34	8.53088
1627.34	8.55042
1628.34	8.55042
1629.34	8.55197
1630.34	8.55042
1631.34	8.53204
1632.34	8.51917
1633.34	8.5094
1634.34	8.49963
1635.34	8.49963
1636.34	8.47971
1637.34	8.48798
1638.34	8.48831
1639.34	8.50784
1640.34	8.49963
1641.34	8.50784
1642.34	8.50119
1643.34	8.49933
1644.34	8.49142
1645.34	8.47189
1646.34	8.47034
1647.34	8.47189
1648.34	8.47034
1649.34	8.47855
1650.34	8.46838
1651.34	8.46838
1652.34	8.46838
1653.34	8.46844
1654.34	8.47855
1655.34	8.47189
1656.34	8.46057
1657.34	8.45862
1658.34	8.46838
1659.34	8.46838
1660.34	8.46017
1661.34	8.46844
1662.34	8.4801
1663.34	8.48831
1664.34	8.48831
1665.34	8.49142
1666.34	8.49808
1667.34	8.49933
1668.34	8.5094
1669.34	8.51917
1670.34	8.52893
1671.34	8.52893
1672.34	8.53049
1673.34	8.51251
1674.34	8.49142
1675.34	8.47345
1676.34	8.46213
1677.34	8.46057
1678.34	8.45862
1679.34	8.46683
1680.34	8.46838
1681.34	8.47003
1682.34	8.4801
1683.34	8.48987
1684.34	8.49963
1685.34	8.49298
1686.34	8.49963
1687.34	8.50119
1688.34	8.49963
1689.34	8.49142
1690.34	8.48166
1691.34	8.4801
1692.34	8.47189
1693.34	8.46838
1694.34	8.45862
1695.34	8.46027
1696.34	8.46057
1697.34	8.45236
1698.34	8.45901
1699.34	8.45236
1700.34	8.47034
1701.34	8.47189
1702.34	8.47034
1703.34	8.46683
1704.34	8.47815
1705.34	8.4798
1706.34	8.46213
1707.34	8.46878
1708.34	8.47034
1709.34	8.46213
1710.34	8.46213
1711.34	8.45862
1712.34	8.45862
1713.34	8.46017
1714.34	8.45197
1715.34	8.46838
1716.34	8.46017
1717.34	8.45862
1718.34	8.45041
1719.34	8.44885
1720.34	8.43088
1721.34	8.43097
1722.34	8.43127
1723.34	8.43283
1724.34	8.43283
1725.34	8.44104
1726.34	8.4426
1727.34	8.45901
1728.34	8.45862
1729.34	8.45862
1730.34	8.44885
1731.34	8.45868
1732.34	8.45081
1733.34	8.46057
1734.34	8.46213
1735.34	8.46213
1736.34	8.45236
1737.34	8.46213
1738.34	8.47189
1739.34	8.47345
1740.34	8.46368
1741.34	8.47189
1742.34	8.48322
1743.34	8.49142
1744.34	8.49329
1745.34	8.50128
1746.34	8.50314
1747.34	8.50314
1748.34	8.51291
1749.34	8.52267
1750.34	8.53088
1751.34	8.53244
1752.34	8.54065
1753.34	8.53244
1754.34	8.54065
1755.34	8.53244
1756.34	8.52072
1757.34	8.50275
1758.34	8.49298
1759.34	8.48166
1760.34	8.47345
1761.34	8.47189
1762.34	8.48831
1763.34	8.5094
1764.34	8.51917
1765.34	8.5387
1766.34	8.54846
1767.34	8.56174
1768.34	8.56329
1769.34	8.56174
1770.34	8.56329
1771.34	8.55353
1772.34	8.55197
1773.34	8.54221
1774.34	8.55197
1775.34	8.534
1776.34	8.53244
1777.34	8.53244
1778.34	8.54221
1779.34	8.54221
1780.34	8.54221
1781.34	8.55042
1782.34	8.534
1783.34	8.53088
1784.34	8.53244
1785.34	8.52072
1786.34	8.52893
1787.34	8.53049
1788.34	8.53714
1789.34	8.55823
1790.34	8.55978
1791.34	8.55002
1792.34	8.55002
1793.34	8.55002
1794.34	8.54181
1795.34	8.55002
1796.34	8.55002
1797.34	8.55002
1798.34	8.54025
1799.34	8.54025
1800.34	8.5387
1801.34	8.53049
1802.34	8.5387
1803.34	8.55011
1804.34	8.55197
1805.34	8.56174
1806.34	8.56018
1807.34	8.57971
1808.34	8.58282
1809.34	8.59103
1810.34	8.59103
1811.34	8.59103
1812.34	8.59103
1813.34	8.59103
1814.34	8.58127
1815.34	8.58127
1816.34	8.59924
1817.34	8.6008
1818.34	8.6008
1819.34	8.60431
1820.34	8.61096
1821.34	8.61252
1822.34	8.61407
1823.34	8.61252
1824.34	8.61407
1825.34	8.61252
1826.34	8.61252
1827.34	8.60275
1828.34	8.59299
1829.34	8.5929
1830.34	8.6008
1831.34	8.61057
1832.34	8.6301
1833.34	8.63165
1834.34	8.63165
1835.34	8.63831
1836.34	8.6301
1837.34	8.62189
1838.34	8.62033
1839.34	8.61212
1840.34	8.61877
1841.34	8.62033
1842.34	8.6301
1843.34	8.6301
1844.34	8.62189
1845.34	8.62854
1846.34	8.6301
1847.34	8.6301
1848.34	8.6301
1849.34	8.62854
1850.34	8.6301
1851.34	8.62033
1852.34	8.61212
1853.34	8.61212
1854.34	8.62033
1855.34	8.62189
1856.34	8.62384
1857.34	8.60587
1858.34	8.60275
1859.34	8.60275
1860.34	8.59454
1861.34	8.58313
1862.34	8.57306
1863.34	8.59924
1864.34	8.6008
1865.34	8.59259
1866.34	8.59103
1867.34	8.59103
1868.34	8.58282
1869.34	8.5715
1870.34	8.56174
1871.34	8.60596
1872.34	8.59909
1873.34	8.50064
1874.34	8.53815
1875.34	8.58026
1876.34	8.62119
1877.34	8.63409
1878.34	8.64548
1879.34	8.67868
1880.34	8.69666
1881.34	8.69479
1882.34	8.70142
1883.34	8.71823
1884.34	8.73618
1885.34	8.74243
1886.34	8.76205
1887.34	8.75259
1888.34	8.75891
1889.34	8.74753
1890.34	8.75735
1891.34	8.7558
1892.34	8.7558
1893.34	8.74759
1894.34	8.74603
1895.34	8.74448
1896.34	8.75269
1897.34	8.76245
1898.34	8.74448
1899.34	8.73938
1900.34	8.74258
1901.34	8.74133
1902.34	8.75931
1903.34	8.76877
1904.34	8.77884
1905.34	8.78049
1906.34	8.77063
1907.34	8.76086
1908.34	8.74759
1909.34	8.74103
1910.34	8.73157
1911.34	8.72806
1912.34	8.73792
1913.34	8.72961
1914.34	8.72971
1915.34	8.72845
1916.34	8.73792
1917.34	8.73822
1918.34	8.73636
1919.34	8.73471
1920.34	8.72815
1921.34	8.72815
1922.34	8.71048
1923.34	8.70697
1924.34	8.71838
1925.34	8.72659
1926.34	8.72495
1927.34	8.73636
1928.34	8.74612
1929.34	8.72025
1930.34	8.6972
1931.34	8.69534
1932.34	8.68558
1933.34	8.68433
1934.34	8.68399
1935.34	8.69376
1936.34	8.6973
1937.34	8.70541
1938.34	8.70706
1939.34	8.70706
1940.34	8.71518
1941.34	8.71683
1942.34	8.72501
1943.34	8.71518
1944.34	8.71683
1945.34	8.71683
1946.34	8.70541
1947.34	8.70547
1948.34	8.70547
1949.34	8.70541
1950.34	8.70511
1951.34	8.70547
1952.34	8.71362
1953.34	8.71329
1954.34	8.70706
1955.34	8.70547
1956.34	8.70386
1957.34	8.69534
1958.34	8.68399
1959.34	8.66635
1960.34	8.6629
1961.34	8.64651
1962.34	8.65469
1963.34	8.65308
1964.34	8.65469
1965.34	8.65469
1966.34	8.65469
1967.34	8.6629
1968.34	8.66479
1969.34	8.67267
1970.34	8.67422
1971.34	8.68243
1972.34	8.68243
1973.34	8.67618
1974.34	8.67297
1975.34	8.6629
1976.34	8.65314
1977.34	8.65469
1978.34	8.65314
1979.34	8.65469
1980.34	8.66479
1981.34	8.66446
1982.34	8.68243
1983.34	8.67581
1984.34	8.67462
1985.34	8.66479
1986.34	8.64493
1987.34	8.63361
1988.34	8.63361
1989.34	8.62384
1990.34	8.63205
1991.34	8.63205
1992.34	8.64182
1993.34	8.65158
1994.34	8.66135
1995.34	8.67462
1996.34	8.66321
1997.34	8.65314
1998.34	8.64337
1999.34	8.64337
2000.34	8.63361
2001.34	8.63361
2002.34	8.65158
2003.34	8.65158
2004.34	8.65158
2005.34	8.65158
2006.34	8.65158
2007.34	8.65158
2008.34	8.64182
2009.34	8.64182
2010.34	8.65158
2011.34	8.63361
2012.34	8.63205
2013.34	8.61407
2014.34	8.62073
2015.34	8.62228
2016.34	8.61407
2017.34	8.61252
2018.34	8.61252
2019.34	8.62073
2020.34	8.62384
2021.34	8.62219
2022.34	8.62033
2023.34	8.61212
2024.34	8.61057
2025.34	8.61212
2026.34	8.6008
2027.34	8.59103
2028.34	8.58127
2029.34	8.57971
2030.34	8.58127
2031.34	8.57971
2032.34	8.59113
2033.34	8.59299
2034.34	8.6012
2035.34	8.61252
2036.34	8.62228
2037.34	8.62228
2038.34	8.61407
2039.34	8.61252
2040.34	8.5929
2041.34	8.58127
2042.34	8.57941
2043.34	8.58127
2044.34	8.58127
2045.34	8.58127
2046.34	8.58127
2047.34	8.58127
2048.34	8.58313
2049.34	8.58127
2050.34	8.56134
2051.34	8.5715
2052.34	8.56329
2053.34	8.56329
2054.34	8.55353
2055.34	8.55508
2056.34	8.55353
2057.34	8.55353
2058.34	8.5437
2059.34	8.54181
2060.34	8.54181
2061.34	8.54376
2062.34	8.52579
2063.34	8.53244
2064.34	8.52423
2065.34	8.52258
2066.34	8.53204
2067.34	8.54181
2068.34	8.55353
2069.34	8.54532
2070.34	8.54532
2071.34	8.55188
2072.34	8.55157
2073.34	8.55157
2074.34	8.5336
2075.34	8.53555
2076.34	8.52579
2077.34	8.52417
2078.34	8.51566
2079.34	8.5043
2080.34	8.49643
2081.34	8.49454
2082.34	8.49454
2083.34	8.48477
2084.34	8.48157
2085.34	8.49298
2086.34	8.51096
2087.34	8.50275
2088.34	8.51096
2089.34	8.51251
2090.34	8.51251
2091.34	8.51407
2092.34	8.50626
2093.34	8.50305
2094.34	8.5043
2095.34	8.5043
2096.34	8.49454
2097.34	8.48471
2098.34	8.47659
2099.34	8.47501
2100.34	8.47339
2101.34	8.48477
2102.34	8.47659
2103.34	8.47501
2104.34	8.48315
2105.34	8.49454
2106.34	8.5043
2107.34	8.5043
2108.34	8.51096
2109.34	8.51096
2110.34	8.52267
2111.34	8.52423
2112.34	8.53244
2113.34	8.54221
2114.34	8.54211
2115.34	8.55157
2116.34	8.54337
2117.34	8.52383
2118.34	8.51251
2119.34	8.50464
2120.34	8.49454
2121.34	8.49298
2122.34	8.48322
2123.34	8.47501
2124.34	8.46524
2125.34	8.46362
2126.34	8.46017
2127.34	8.46524
2128.34	8.45547
2129.34	8.44415
2130.34	8.44409
2131.34	8.45041
2132.34	8.46173
2133.34	8.46329
2134.34	8.46017
2135.34	8.47189
2136.34	8.46524
2137.34	8.46213
2138.34	8.44571
2139.34	8.43274
2140.34	8.43243
2141.34	8.42267
2142.34	8.4129
2143.34	8.42267
2144.34	8.42267
2145.34	8.42267
2146.34	8.43439
2147.34	8.44415
2148.34	8.4425
2149.34	8.4422
2150.34	8.42422
2151.34	8.42267
2152.34	8.42267
2153.34	8.42267
2154.34	8.43283
2155.34	8.43439
2156.34	8.45236
2157.34	8.45227
2158.34	8.45197
2159.34	8.44376
2160.34	8.4422
2161.34	8.4422
2162.34	8.44415
2163.34	8.44415
2164.34	8.43274
2165.34	8.44064
2166.34	8.4422
2167.34	8.43243
2168.34	8.42267
2169.34	8.43088
2170.34	8.41446
2171.34	8.40314
2172.34	8.40314
2173.34	8.40314
2174.34	8.38196
2175.34	8.3801
2176.34	8.38986
2177.34	8.39142
2178.34	8.39337
2179.34	8.40158
2180.34	8.41446
2181.34	8.40469
2182.34	8.39337
2183.34	8.39182
2184.34	8.39172
2185.34	8.38986
2186.34	8.39963
2187.34	8.40314
2188.34	8.42111
2189.34	8.43243
2190.34	8.43088
2191.34	8.43088
2192.34	8.42111
2193.34	8.42111
2194.34	8.41446
2195.34	8.39493
2196.34	8.39337
2197.34	8.38354
2198.34	8.38165
2199.34	8.37189
2200.34	8.37033
2201.34	8.37033
2202.34	8.38831
2203.34	8.40158
2204.34	8.40158
2205.34	8.40628
2206.34	8.41925
2207.34	8.42932
2208.34	8.41135
2209.34	8.40002
2210.34	8.40002
2211.34	8.40158
2212.34	8.39337
2213.34	8.38205
2214.34	8.39026
2215.34	8.40158
2216.34	8.40158
2217.34	8.39337
2218.34	8.39337
2219.34	8.39331
2220.34	8.39651
2221.34	8.39651
2222.34	8.40469
2223.34	8.40659
2224.34	8.40469
2225.34	8.38516
2226.34	8.40158
2227.34	8.39337
2228.34	8.38354
2229.34	8.38986
2230.34	8.40314
2231.34	8.40314
2232.34	8.39337
2233.34	8.40158
2234.34	8.41135
2235.34	8.39337
2236.34	8.39182
2237.34	8.39182
2238.34	8.37384
2239.34	8.37228
2240.34	8.37228
2241.34	8.37384
2242.34	8.39182
2243.34	8.38205
2244.34	8.39182
2245.34	8.39172
2246.34	8.38986
2247.34	8.38986
2248.34	8.37189
2249.34	8.36212
2250.34	8.36057
2251.34	8.35236
2252.34	8.34259
2253.34	8.33282
2254.34	8.34103
2255.34	8.36057
2256.34	8.35236
2257.34	8.35431
2258.34	8.34454
2259.34	8.36096
2260.34	8.36252
2261.34	8.35431
2262.34	8.35275
2263.34	8.35275
2264.34	8.3429
2265.34	8.33282
2266.34	8.33282
2267.34	8.32306
2268.34	8.33127
2269.34	8.33282
2270.34	8.34103
2271.34	8.33282
2272.34	8.34103
2273.34	8.34924
2274.34	8.34259
2275.34	8.3508
2276.34	8.35431
2277.34	8.36407
2278.34	8.36243
2279.34	8.37033
2280.34	8.3801
2281.34	8.3801
2282.34	8.3801
2283.34	8.3801
2284.34	8.37033
2285.34	8.36057
2286.34	8.36057
2287.34	8.35236
2288.34	8.3508
2289.34	8.36057
2290.34	8.37033
2291.34	8.36212
2292.34	8.36212
2293.34	8.36057
2294.34	8.36212
2295.34	8.36407
2296.34	8.36252
2297.34	8.36407
2298.34	8.37228
2299.34	8.37384
2300.34	8.37228
2301.34	8.37228
2302.34	8.37073
2303.34	8.36252
2304.34	8.36252
2305.34	8.35275
2306.34	8.34454
2307.34	8.33313
2308.34	8.32306
2309.34	8.3215
2310.34	8.31799
2311.34	8.31955
2312.34	8.31955
2313.34	8.32941
2314.34	8.34299
2315.34	8.32495
2316.34	8.31329
2317.34	8.3215
2318.34	8.30353
2319.34	8.31174
2320.34	8.30197
2321.34	8.31018
2322.34	8.31329
2323.34	8.30353
2324.34	8.30353
2325.34	8.30353
2326.34	8.30197
2327.34	8.30353
2328.34	8.30197
2329.34	8.3215
2330.34	8.3215
2331.34	8.32306
2332.34	8.3215
2333.34	8.31174
2334.34	8.30197
2335.34	8.30197
2336.34	8.29221
2337.34	8.29221
2338.34	8.30197
2339.34	8.30188
2340.34	8.30002
2341.34	8.30157
2342.34	8.29181
2343.34	8.29181
2344.34	8.28049
2345.34	8.2887
2346.34	8.27228
2347.34	8.26917
2348.34	8.26917
2349.34	8.26096
2350.34	8.26917
2351.34	8.27072
2352.34	8.26251
2353.34	8.26096
2354.34	8.24454
2355.34	8.24298
2356.34	8.23322
2357.34	8.22345
2358.34	8.22189
2359.34	8.22189
2360.34	8.23166
2361.34	8.23987
2362.34	8.24142
2363.34	8.25119
2364.34	8.25119
2365.34	8.24454
2366.34	8.24142
2367.34	8.24142
2368.34	8.24133
2369.34	8.23956
2370.34	8.24142
2371.34	8.24142
2372.34	8.24963
2373.34	8.24298
2374.34	8.24142
2375.34	8.23157
2376.34	8.22971
2377.34	8.2215
2378.34	8.2215
2379.34	8.21017
2380.34	8.21173
2381.34	8.21368
2382.34	8.21213
2383.34	8.1922
2384.34	8.18243
2385.34	8.1926
2386.34	8.17267
2387.34	8.17111
2388.34	8.16125
2389.34	8.15118
2390.34	8.14963
2391.34	8.14963
2392.34	8.15314
2393.34	8.15158
2394.34	8.15314
2395.34	8.15314
2396.34	8.14493
2397.34	8.14182
2398.34	8.13361
2399.34	8.13205
2400.34	8.14182
2401.34	8.15002
2402.34	8.15979
2403.34	8.16956
2404.34	8.16956
2405.34	8.17111
2406.34	8.18088
2407.34	8.18909
2408.34	8.18243
2409.34	8.17267
2410.34	8.17267
2411.34	8.17111
2412.34	8.16135
2413.34	8.15314
2414.34	8.16135
2415.34	8.16956
2416.34	8.16956
2417.34	8.17111
2418.34	8.1629
2419.34	8.16135
2420.34	8.16135
2421.34	8.16135
2422.34	8.1629
2423.34	8.15314
2424.34	8.16135
2425.34	8.17111
2426.34	8.16956
2427.34	8.18088
2428.34	8.17111
2429.34	8.17932
2430.34	8.17267
2431.34	8.18088
2432.34	8.17618
2433.34	8.15149
2434.34	8.14963
2435.34	8.16135
2436.34	8.16135
2437.34	8.15314
2438.34	8.15158
2439.34	8.15158
2440.34	8.14337
2441.34	8.15158
2442.34	8.14182
2443.34	8.15002
2444.34	8.15979
2445.34	8.14963
2446.34	8.14963
2447.34	8.14963
2448.34	8.14963
2449.34	8.15314
2450.34	8.15314
2451.34	8.15158
2452.34	8.16135
2453.34	8.1629
2454.34	8.16135
2455.34	8.16956
2456.34	8.18088
2457.34	8.18243
2458.34	8.18088
2459.34	8.17932
2460.34	8.18088
2461.34	8.1629
2462.34	8.16135
2463.34	8.15158
2464.34	8.15314
2465.34	8.15158
2466.34	8.16135
2467.34	8.17111
2468.34	8.17267
2469.34	8.17111
2470.34	8.17932
2471.34	8.17267
2472.34	8.17111
2473.34	8.17111
2474.34	8.17932
2475.34	8.17267
2476.34	8.17267
2477.34	8.18283
2478.34	8.17462
2479.34	8.16956
2480.34	8.16956
2481.34	8.17932
2482.34	8.17111
2483.34	8.17111
2484.34	8.17111
2485.34	8.1629
2486.34	8.15469
2487.34	8.15979
2488.34	8.15158
2489.34	8.15979
2490.34	8.15314
2491.34	8.14182
2492.34	8.12384
2493.34	8.11243
2494.34	8.10236
2495.34	8.08282
2496.34	8.09103
2497.34	8.09103
2498.34	8.09103
2499.34	8.08948
2500.34	8.08282
2501.34	8.08282
2502.34	8.06485
2503.34	8.06174
2504.34	8.06174
2505.34	8.06329
2506.34	8.06174
2507.34	8.0715
2508.34	8.06174
2509.34	8.06329
2510.34	8.05188
2511.34	8.05002
2512.34	8.04025
2513.34	8.04025
2514.34	8.04181
2515.34	8.03204
2516.34	8.03049
2517.34	8.04025
2518.34	8.06174
2519.34	8.06329
2520.34	8.05353
2521.34	8.05197
2522.34	8.05353
2523.34	8.05197
2524.34	8.034
2525.34	8.02267
2526.34	8.02267
2527.34	8.01096
2528.34	8.01096
2529.34	8.01917
2530.34	8.01096
2531.34	8.02893
2532.34	8.04221
2533.34	8.04221
2534.34	8.05042
2535.34	8.06174
2536.34	8.06174
2537.34	8.06174
2538.34	8.0715
2539.34	8.07306
2540.34	8.0715
2541.34	8.06174
2542.34	8.06174
2543.34	8.06174
2544.34	8.05042
2545.34	8.04846
2546.34	8.05002
2547.34	8.06174
2548.34	8.0715
2549.34	8.0715
2550.34	8.07306
2551.34	8.08127
2552.34	8.07462
2553.34	8.0715
2554.34	8.0715
2555.34	8.08948
2556.34	8.09103
2557.34	8.09103
2558.34	8.09924
2559.34	8.11722
2560.34	8.11212
2561.34	8.1008
2562.34	8.09103
2563.34	8.09103
2564.34	8.07306
2565.34	8.06485
2566.34	8.06174
2567.34	8.06329
2568.34	8.06329
2569.34	8.05353
2570.34	8.06174
2571.34	8.05197
2572.34	8.05042
2573.34	8.04065
2574.34	8.03244
2575.34	8.03088
2576.34	8.04065
2577.34	8.04221
2578.34	8.04221
2579.34	8.034
2580.34	8.034
2581.34	8.03244
2582.34	8.03244
2583.34	8.02267
2584.34	8.02267
2585.34	8.02423
2586.34	8.02267
2587.34	8.02423
2588.34	8.02258
2589.34	8.02228
2590.34	8.02893
2591.34	8.03049
2592.34	8.03204
2593.34	8.0387
2594.34	8.05002
2595.34	8.04025
2596.34	8.05002
2597.34	8.05002
2598.34	8.04181
2599.34	8.03049
2600.34	8.02228
2601.34	8.02228
2602.34	8.02072
2603.34	8.02072
2604.34	8.02072
2605.34	8.01096
2606.34	8.01096
2607.34	7.99963
2608.34	8.0094
2609.34	8.01917
2610.34	8.02072
2611.34	8.03058
2612.34	8.05042
2613.34	8.04376
2614.34	8.05197
2615.34	8.05197
2616.34	8.04221
2617.34	8.04065
2618.34	8.04221
2619.34	8.034
2620.34	8.03244
2621.34	8.05197
2622.34	8.06165
2623.34	8.07306
2624.34	8.07306
2625.34	8.05353
2626.34	8.04025
2627.34	8.03204
2628.34	8.01096
2629.34	8.0094
2630.34	8.01096
2631.34	8.01917
2632.34	8.00275
2633.34	8.0094
2634.34	8.01096
2635.34	8.01251
2636.34	8.02072
2637.34	8.03049
2638.34	8.03049
2639.34	8.03049
2640.34	8.03049
2641.34	8.02072
2642.34	8.01096
2643.34	7.99298
2644.34	7.98166
2645.34	7.99142
2646.34	7.99142
2647.34	7.99963
2648.34	8.00119
2649.34	8.00275
2650.34	7.99142
2651.34	7.99142
2652.34	7.97345
2653.34	7.97189
2654.34	7.97345
2655.34	7.9801
2656.34	7.98166
2657.34	7.98322
2658.34	7.98987
2659.34	8.00119
2660.34	7.99963
2661.34	7.99142
2662.34	7.99142
2663.34	7.98166
2664.34	7.97189
2665.34	7.96524
2666.34	7.95392
2667.34	7.96204
2668.34	7.95197
2669.34	7.96994
2670.34	7.97971
2671.34	7.96994
2672.34	7.97815
2673.34	7.96994
2674.34	7.96994
2675.34	7.96017
2676.34	7.95197
2677.34	7.95041
2678.34	7.95041
2679.34	7.96838
2680.34	7.96994
2681.34	7.9798
2682.34	7.98166
2683.34	7.98166
2684.34	7.98166
2685.34	7.96204
2686.34	7.93399
2687.34	7.92267
2688.34	7.91135
2689.34	7.91135
2690.34	7.90314
2691.34	7.90314
2692.34	7.90158
2693.34	7.90979
2694.34	7.90314
2695.34	7.90158
2696.34	7.89182
2697.34	7.89182
2698.34	7.89182
2699.34	7.89337
2700.34	7.89337
2701.34	7.91135
2702.34	7.91125
2703.34	7.93097
2704.34	7.93283
2705.34	7.92932
2706.34	7.91135
2707.34	7.90158
2708.34	7.90002
2709.34	7.90158
2710.34	7.90158
2711.34	7.90314
2712.34	7.90158
2713.34	7.91135
2714.34	7.90314
2715.34	7.90158
2716.34	7.89182
2717.34	7.89026
2718.34	7.89182
2719.34	7.90979
2720.34	7.91135
2721.34	7.91135
2722.34	7.92111
2723.34	7.9129
2724.34	7.91135
2725.34	7.91135
2726.34	7.90979
2727.34	7.92111
2728.34	7.92111
2729.34	7.92111
2730.34	7.93088
2731.34	7.93243
2732.34	7.9129
2733.34	7.91125
2734.34	7.90118
2735.34	7.89963
2736.34	7.89807
2737.34	7.90948
2738.34	7.91956
2739.34	7.91135
2740.34	7.90979
2741.34	7.90158
2742.34	7.90002
2743.34	7.90158
2744.34	7.90002
2745.34	7.90158
2746.34	7.91135
2747.34	7.92111
2748.34	7.92111
2749.34	7.92267
2750.34	7.92267
2751.34	7.92267
2752.34	7.92111
2753.34	7.93088
2754.34	7.93088
2755.34	7.9129
2756.34	7.91956
2757.34	7.92111
2758.34	7.90314
2759.34	7.90002
2760.34	7.89337
2761.34	7.88196
2762.34	7.88986
2763.34	7.88165
2764.34	7.89807
2765.34	7.89297
2766.34	7.88986
2767.34	7.88986
2768.34	7.8801
2769.34	7.87189
2770.34	7.86057
2771.34	7.85901
2772.34	7.8508
2773.34	7.86057
	
