-60.66	-0.258484
-59.66	-0.251831
-58.66	-0.261597
-57.66	-0.261597
-56.66	-0.261688
-55.66	-0.271759
-54.66	-0.281525
-53.66	-0.281525
-52.66	-0.271759
-51.66	-0.270203
-50.66	-0.273315
-49.66	-0.269806
-48.66	-0.261597
-47.66	-0.269806
-46.66	-0.271454
-45.66	-0.271759
-44.66	-0.261993
-43.66	-0.261993
-42.66	-0.250275
-41.66	-0.250275
-40.66	-0.250275
-39.66	-0.242065
-38.66	-0.240509
-37.66	-0.232391
-36.66	-0.232697
-35.66	-0.214325
-34.66	-0.220978
-33.66	-0.222534
-32.66	-0.222534
-31.66	-0.222534
-30.66	-0.222534
-29.66	-0.230743
-28.66	-0.222534
-27.66	-0.220978
-26.66	-0.211212
-25.66	-0.211212
-24.66	-0.211212
-23.66	-0.212769
-22.66	-0.211212
-21.66	-0.201141
-20.66	-0.201447
-19.66	-0.181915
-18.66	-0.17215
-17.66	-0.16394
-16.66	-0.152222
-15.66	-0.160431
-14.66	-0.161987
-13.66	-0.161987
-12.66	-0.160431
-11.66	-0.160431
-10.66	-0.142456
-9.66	-0.134247
-8.66	-0.0869751
-7.66	-0.0557251
-6.66	0.0506592
-5.66	0.44223
-4.66	0.571228
-3.66	0.469482
-2.66	0.25528
-1.66	0.212311
-0.660004	-0.190033
0.339996	0.352142
1.34	-0.280975
2.34	-0.317932
3.34	-0.360504
4.34	-0.411377
5.34	-0.429413
6.34	-0.462158
7.34	-0.48996
8.34	-0.509491
9.34	-0.509491
10.34	-0.516113
11.34	-0.509491
12.34	-0.507996
13.34	-0.524719
14.34	-0.542297
15.34	-0.53418
16.34	-0.530975
17.34	-0.519318
18.34	-0.507996
19.34	-0.509949
20.34	-0.516602
21.34	-0.53299
22.34	-0.531036
23.34	-0.532684
24.34	-0.539642
25.34	-0.549103
26.34	-0.539642
27.34	-0.540894
28.34	-0.547852
29.34	-0.539337
30.34	-0.538086
31.34	-0.528015
32.34	-0.536194
33.34	-0.516602
34.34	-0.514709
35.34	-0.516663
36.34	-0.516663
37.34	-0.515045
38.34	-0.514709
39.34	-0.515106
40.34	-0.523315
41.34	-0.524872
42.34	-0.533081
43.34	-0.533081
44.34	-0.534637
45.34	-0.544403
46.34	-0.534576
47.34	-0.544403
48.34	-0.536194
49.34	-0.528015
50.34	-0.524872
51.34	-0.524872
52.34	-0.524811
53.34	-0.508484
54.34	-0.505341
55.34	-0.51355
56.34	-0.516663
57.34	-0.513458
58.34	-0.513153
59.34	-0.513153
60.34	-0.506897
61.34	-0.497131
62.34	-0.50528
63.34	-0.503387
64.34	-0.513153
65.34	-0.515106
66.34	-0.516663
67.34	-0.524872
68.34	-0.524872
69.34	-0.515106
70.34	-0.495514
71.34	-0.493622
72.34	-0.492065
73.34	-0.492065
74.34	-0.483856
75.34	-0.501831
76.34	-0.497131
77.34	-0.503784
78.34	-0.495575
79.34	-0.477539
80.34	-0.464325
81.34	-0.454559
82.34	-0.444794
83.34	-0.435028
84.34	-0.425262
85.34	-0.433472
86.34	-0.444794
87.34	-0.453003
88.34	-0.452911
89.34	-0.464325
90.34	-0.474091
91.34	-0.464325
92.34	-0.464325
93.34	-0.462769
94.34	-0.464325
95.34	-0.44635
96.34	-0.435028
97.34	-0.441681
98.34	-0.443237
99.34	-0.435028
100.34	-0.43338
101.34	-0.421753
102.34	-0.421753
103.34	-0.413544
104.34	-0.403778
105.34	-0.385803
106.34	-0.38269
107.34	-0.384247
108.34	-0.384247
109.34	-0.3862
110.34	-0.384644
111.34	-0.384644
112.34	-0.384644
113.34	-0.374786
114.34	-0.361206
115.34	-0.361206
116.34	-0.372925
117.34	-0.352997
118.34	-0.341675
119.34	-0.3237
120.34	-0.322144
121.34	-0.305725
122.34	-0.284637
123.34	-0.274872
124.34	-0.284637
125.34	-0.273224
126.34	-0.264709
127.34	-0.261597
128.34	-0.245178
129.34	-0.245575
130.34	-0.235809
131.34	-0.222534
132.34	-0.242462
133.34	-0.244019
134.34	-0.244019
135.34	-0.245575
136.34	-0.252228
137.34	-0.245575
138.34	-0.245575
139.34	-0.245575
140.34	-0.225983
141.34	-0.222534
142.34	-0.215881
143.34	-0.214325
144.34	-0.194794
145.34	-0.193237
146.34	-0.183472
147.34	-0.173706
148.34	-0.175262
149.34	-0.165497
150.34	-0.154083
151.34	-0.153778
152.34	-0.153778
153.34	-0.144012
154.34	-0.144012
155.34	-0.142456
156.34	-0.152222
157.34	-0.152222
158.34	-0.144012
159.34	-0.152222
160.34	-0.142456
161.34	-0.142456
162.34	-0.13269
163.34	-0.124481
164.34	-0.114716
165.34	-0.0935364
166.34	-0.0917664
167.34	-0.0837708
168.34	-0.0737
169.34	-0.0623779
170.34	-0.0526123
171.34	-0.0510559
172.34	-0.0346375
173.34	-0.0213623
174.34	-0.0412903
175.34	-0.0346375
176.34	-0.0428467
177.34	-0.0444031
178.34	-0.0346375
179.34	-0.0346375
180.34	-0.0233154
181.34	-0.0233154
182.34	-0.021759
183.34	-0.0135498
184.34	-0.0135498
185.34	-1.83105e-3
186.34	-0.0100403
187.34	-0.0100403
188.34	6.37817e-3
189.34	0.0161438
190.34	0.0177002
191.34	0.0259094
192.34	0.035675
193.34	0.0469971
194.34	0.0469971
195.34	0.0485535
196.34	0.0485535
197.34	0.0485535
198.34	0.0567627
199.34	0.0552063
200.34	0.0567627
201.34	0.0747375
202.34	0.0762939
203.34	0.0665283
204.34	0.0665283
205.34	0.0665283
206.34	0.0845032
207.34	0.0762939
208.34	0.0747375
209.34	0.0762939
210.34	0.0845032
211.34	0.0860596
212.34	0.104034
213.34	0.107147
214.34	0.125519
215.34	0.127075
216.34	0.136841
217.34	0.136841
218.34	0.138397
219.34	0.146606
220.34	0.138397
221.34	0.136841
222.34	0.14505
223.34	0.146606
224.34	0.154816
225.34	0.156372
226.34	0.166229
227.34	0.177856
228.34	0.177765
229.34	0.195526
230.34	0.197296
231.34	0.207153
232.34	0.216919
233.34	0.216919
234.34	0.226685
235.34	0.218475
236.34	0.216919
237.34	0.216919
238.34	0.225128
239.34	0.226685
240.34	0.226685
241.34	0.226776
242.34	0.228638
243.34	0.238312
244.34	0.228241
245.34	0.228241
246.34	0.218475
247.34	0.228241
248.34	0.228241
249.34	0.23645
250.34	0.257935
251.34	0.277466
252.34	0.279022
253.34	0.296997
254.34	0.288788
255.34	0.288788
256.34	0.289093
257.34	0.279022
258.34	0.279022
259.34	0.279022
260.34	0.279022
261.34	0.279022
262.34	0.288788
263.34	0.300507
264.34	0.308624
265.34	0.308319
266.34	0.326294
267.34	0.32785
268.34	0.32785
269.34	0.33606
270.34	0.347778
271.34	0.3591
272.34	0.350891
273.34	0.339569
274.34	0.338013
275.34	0.328156
276.34	0.326294
277.34	0.326294
278.34	0.33606
279.34	0.33606
280.34	0.355591
281.34	0.360657
282.34	0.378632
283.34	0.388397
284.34	0.398163
285.34	0.408325
286.34	0.409882
287.34	0.409882
288.34	0.406769
289.34	0.400116
290.34	0.400116
291.34	0.39856
292.34	0.398468
293.34	0.398163
294.34	0.407928
295.34	0.407928
296.34	0.416138
297.34	0.419647
298.34	0.409882
299.34	0.519806
300.34	0.529266
301.34	0.296692
302.34	0.582001
303.34	0.623474
304.34	0.615204
305.34	0.644501
306.34	0.654266
307.34	0.692139
308.34	0.737854
309.34	0.76062
310.34	0.788635
311.34	0.812927
312.34	0.834412
313.34	0.862183
314.34	0.880127
315.34	0.868774
316.34	0.870361
317.34	0.87854
318.34	0.87854
319.34	0.886841
320.34	0.896545
321.34	0.91449
322.34	0.932556
323.34	0.950439
324.34	0.964966
325.34	0.963745
326.34	0.971619
327.34	0.975037
328.34	0.974731
329.34	0.973511
330.34	0.973145
331.34	0.983276
332.34	0.981384
333.34	0.984863
334.34	0.981689
335.34	0.993103
336.34	1.00128
337.34	1.00122
338.34	1.00287
339.34	0.993103
340.34	1.0094
341.34	1.01416
342.34	1.01099
343.34	1.02081
344.34	1.04034
345.34	1.05011
346.34	1.06018
347.34	1.05011
348.34	1.04193
349.34	1.04034
350.34	1.06018
351.34	1.05988
352.34	1.05988
353.34	1.07159
354.34	1.07971
355.34	1.08917
356.34	1.09113
357.34	1.08295
358.34	1.08948
359.34	1.08099
360.34	1.07318
361.34	1.06995
362.34	1.06964
363.34	1.07318
364.34	1.06177
365.34	1.06964
366.34	1.07941
367.34	1.09778
368.34	1.11066
369.34	1.11731
370.34	1.1189
371.34	1.12897
372.34	1.12866
373.34	1.12201
374.34	1.12866
375.34	1.12042
376.34	1.10754
377.34	1.08801
378.34	1.05518
379.34	1.03564
380.34	1.00793
381.34	0.98645
382.34	0.978271
383.34	0.98175
384.34	0.988342
385.34	0.989563
386.34	1.00128
387.34	1.03723
388.34	1.07007
389.34	1.36316
390.34	1.21301
391.34	1.78387
392.34	0.963745
393.34	0.885925
394.34	0.861633
395.34	0.87616
396.34	0.853394
397.34	0.820496
398.34	0.802246
399.34	0.766296
400.34	0.763184
401.34	0.773254
402.34	0.761597
403.34	0.751831
404.34	0.745178
405.34	0.735352
406.34	0.756531
407.34	0.757996
408.34	0.76123
409.34	0.764648
410.34	0.754822
411.34	0.757996
412.34	0.759583
413.34	0.73999
414.34	0.740051
415.34	0.73999
416.34	0.741577
417.34	0.713806
418.34	0.712219
419.34	0.715454
420.34	0.723572
421.34	0.723572
422.34	0.723572
423.34	0.743164
424.34	0.736816
425.34	0.734863
426.34	0.743103
427.34	0.752869
428.34	0.746216
429.34	0.744629
430.34	0.754517
431.34	0.748169
432.34	0.748169
433.34	0.746582
434.34	0.746582
435.34	0.752869
436.34	0.746216
437.34	0.754395
438.34	0.754395
439.34	0.765808
440.34	0.775879
441.34	0.777466
442.34	0.785645
443.34	0.793884
444.34	0.80365
445.34	0.805298
446.34	0.79541
447.34	0.79541
448.34	0.785645
449.34	0.777466
450.34	0.775879
451.34	0.79541
452.34	0.796997
453.34	0.805176
454.34	0.816528
455.34	0.832947
456.34	0.845886
457.34	0.846191
458.34	0.847778
459.34	0.855957
460.34	0.846191
461.34	0.846191
462.34	0.855957
463.34	0.854004
464.34	0.854004
465.34	0.863892
466.34	0.883728
467.34	0.886841
468.34	0.886841
469.34	0.885254
470.34	0.877075
471.34	0.877075
472.34	0.875488
473.34	0.875488
474.34	0.885254
475.34	0.896667
476.34	0.906738
477.34	0.906738
478.34	0.906738
479.34	0.913025
480.34	0.913025
481.34	0.914551
482.34	0.925964
483.34	0.92627
484.34	0.937622
485.34	0.937622
486.34	0.937622
487.34	0.945801
488.34	0.947388
489.34	0.945801
490.34	0.945801
491.34	0.945801
492.34	0.945801
493.34	0.965332
494.34	0.966919
495.34	0.966919
496.34	0.976685
497.34	0.986511
498.34	0.988342
499.34	0.98645
500.34	0.996277
501.34	1.00635
502.34	1.00793
503.34	1.00793
504.34	1.00793
505.34	1.01611
506.34	1.03723
507.34	1.03882
508.34	1.05518
509.34	1.06848
510.34	1.07666
511.34	1.09619
512.34	1.08801
513.34	1.08447
514.34	1.09424
515.34	1.09583
516.34	1.104
517.34	1.08765
518.34	1.104
519.34	1.12714
520.34	1.11731
521.34	1.12549
522.34	1.13525
523.34	1.13684
524.34	1.13684
525.34	1.12708
526.34	1.12708
527.34	1.11731
528.34	1.11572
529.34	1.12549
530.34	1.12549
531.34	1.12708
532.34	1.12708
533.34	1.12708
534.34	1.11731
535.34	1.10913
536.34	1.09778
537.34	1.09619
538.34	1.10596
539.34	1.11572
540.34	1.11731
541.34	1.13525
542.34	1.16467
543.34	1.16809
544.34	1.15833
545.34	1.1665
546.34	1.20404
547.34	1.20557
548.34	1.20715
549.34	1.20557
550.34	1.21692
551.34	1.21692
552.34	1.20557
553.34	1.19543
554.34	1.18567
555.34	1.19543
556.34	1.20526
557.34	1.21533
558.34	1.22046
559.34	1.22858
560.34	1.21851
561.34	1.23645
562.34	1.24622
563.34	1.2298
564.34	1.24463
565.34	1.25439
566.34	1.26575
567.34	1.26929
568.34	1.2677
569.34	1.27747
570.34	1.28564
571.34	1.28882
572.34	1.28723
573.34	1.28564
574.34	1.29541
575.34	1.29858
576.34	1.30676
577.34	1.31494
578.34	1.30676
579.34	1.32635
580.34	1.33801
581.34	1.33643
582.34	1.34619
583.34	1.35596
584.34	1.37549
585.34	1.36066
586.34	1.36731
587.34	1.3689
588.34	1.3689
589.34	1.37897
590.34	1.38684
591.34	1.41467
592.34	1.41809
593.34	1.42786
594.34	1.42786
595.34	1.41809
596.34	1.41809
597.34	1.40991
598.34	1.40833
599.34	1.40833
600.34	1.40833
601.34	1.41809
602.34	1.41803
603.34	1.4259
604.34	1.42749
605.34	1.43567
606.34	1.43921
607.34	1.44739
608.34	1.46533
609.34	1.46692
610.34	1.46692
611.34	1.4751
612.34	1.48651
613.34	1.49817
614.34	1.49817
615.34	1.47864
616.34	1.47864
617.34	1.47864
618.34	1.4884
619.34	1.47858
620.34	1.47675
621.34	1.48682
622.34	1.49658
623.34	1.50793
624.34	1.5177
625.34	1.52588
626.34	1.51929
627.34	1.52747
628.34	1.52905
629.34	1.53723
630.34	1.51929
631.34	1.5177
632.34	1.52747
633.34	1.52747
634.34	1.53723
635.34	1.5274
636.34	1.53723
637.34	1.54034
638.34	1.56653
639.34	1.57629
640.34	1.57629
641.34	1.59583
642.34	1.60754
643.34	1.61572
644.34	1.60913
645.34	1.60089
646.34	1.59937
647.34	1.60754
648.34	1.59937
649.34	1.60754
650.34	1.6189
651.34	1.62708
652.34	1.63525
653.34	1.64038
654.34	1.63879
655.34	1.62897
656.34	1.62866
657.34	1.6189
658.34	1.60089
659.34	1.60754
660.34	1.6189
661.34	1.62708
662.34	1.63684
663.34	1.64661
664.34	1.6665
665.34	1.66455
666.34	1.66614
667.34	1.65637
668.34	1.66455
669.34	1.66614
670.34	1.65796
671.34	1.67786
672.34	1.67786
673.34	1.67944
674.34	1.66968
675.34	1.66968
676.34	1.65991
677.34	1.65991
678.34	1.6485
679.34	1.65637
680.34	1.65796
681.34	1.66772
682.34	1.6759
683.34	1.68762
684.34	1.69739
685.34	1.69897
686.34	1.70715
687.34	1.71692
688.34	1.71533
689.34	1.72668
690.34	1.82214
691.34	1.80334
692.34	1.66229
693.34	1.8678
694.34	1.89502
695.34	1.91284
696.34	1.94537
697.34	1.97778
698.34	1.99762
699.34	2.00897
700.34	2.04651
701.34	2.06647
702.34	2.073
703.34	2.07117
704.34	2.07935
705.34	2.05164
706.34	2.06653
707.34	2.08795
708.34	2.09576
709.34	2.104
710.34	2.11566
711.34	2.12701
712.34	2.11694
713.34	2.13049
714.34	2.1333
715.34	2.14349
716.34	2.15161
717.34	2.15131
718.34	2.1532
719.34	2.17432
720.34	2.17273
721.34	2.17432
722.34	2.17279
723.34	2.18091
724.34	2.19073
725.34	2.19073
726.34	2.20044
727.34	2.19232
728.34	2.2005
729.34	2.2005
730.34	2.19263
731.34	2.20209
732.34	2.20044
733.34	2.21027
734.34	2.21185
735.34	2.22003
736.34	2.22034
737.34	2.21185
738.34	2.21027
739.34	2.23022
740.34	2.22034
741.34	2.23956
742.34	2.23956
743.34	2.25128
744.34	2.24963
745.34	2.24933
746.34	2.24933
747.34	2.24152
748.34	2.23999
749.34	2.24976
750.34	2.24811
751.34	2.25757
752.34	2.26105
753.34	2.26263
754.34	2.25122
755.34	2.23291
756.34	2.22192
757.34	2.22003
758.34	2.22003
759.34	2.22827
760.34	2.23999
761.34	2.24817
762.34	2.25952
763.34	2.26929
764.34	2.26099
765.34	2.25952
766.34	2.25952
767.34	2.24817
768.34	2.22668
769.34	2.16809
770.34	2.13373
771.34	2.10596
772.34	2.11572
773.34	2.11066
774.34	2.09937
775.34	2.10913
776.34	2.11066
777.34	2.1189
778.34	2.13879
779.34	2.17786
780.34	2.46942
781.34	2.31732
782.34	2.79779
783.34	2.16357
784.34	2.14612
785.34	2.10858
786.34	2.0871
787.34	2.05426
788.34	2.01984
789.34	1.99365
790.34	1.992
791.34	1.98541
792.34	1.97565
793.34	1.96271
794.34	1.94287
795.34	1.95105
796.34	1.96747
797.34	1.9787
798.34	1.99982
799.34	2.00293
800.34	1.99823
801.34	2.008
802.34	2.00793
803.34	2.00134
804.34	1.99976
805.34	2.00134
806.34	2.01147
807.34	2.0127
808.34	2.02277
809.34	2.03253
810.34	2.04199
811.34	2.04388
812.34	2.05365
813.34	2.05365
814.34	2.04541
815.34	2.06152
816.34	2.07471
817.34	2.07629
818.34	2.08447
819.34	2.09424
820.34	2.10248
821.34	2.09583
822.34	2.09583
823.34	2.10413
824.34	2.10596
825.34	2.12396
826.34	2.14349
827.34	2.16467
828.34	2.16498
829.34	2.18292
830.34	2.19073
831.34	2.19397
832.34	2.1958
833.34	2.20404
834.34	2.20557
835.34	2.21533
836.34	2.19739
837.34	2.18567
838.34	2.18408
839.34	2.18573
840.34	2.18604
841.34	2.18604
842.34	2.18604
843.34	2.19427
844.34	2.1958
845.34	2.20374
846.34	2.20404
847.34	2.21381
848.34	2.21222
849.34	2.22363
850.34	2.23175
851.34	2.23175
852.34	2.23499
853.34	2.24152
854.34	2.25128
855.34	2.25604
856.34	2.26459
857.34	2.26459
858.34	2.26263
859.34	2.26263
860.34	2.26428
861.34	2.25482
862.34	2.26105
863.34	2.26428
864.34	2.26459
865.34	2.27277
866.34	2.29041
867.34	2.3103
868.34	2.31183
869.34	2.33301
870.34	2.33295
871.34	2.35089
872.34	2.35413
873.34	2.37238
874.34	2.38373
875.34	2.37561
876.34	2.38214
877.34	2.39349
878.34	2.40167
879.34	2.39514
880.34	2.39349
881.34	2.39349
882.34	2.39349
883.34	2.39001
884.34	2.39349
885.34	2.41309
886.34	2.42163
887.34	2.43097
888.34	2.44238
889.34	2.43451
890.34	2.43921
891.34	2.44238
892.34	2.45245
893.34	2.46387
894.34	2.47198
895.34	2.48334
896.34	2.48334
897.34	2.48499
898.34	2.47357
899.34	2.47198
900.34	2.47357
901.34	2.48499
902.34	2.49152
903.34	2.51105
904.34	2.51428
905.34	2.53253
906.34	2.5423
907.34	2.54199
908.34	2.53412
909.34	2.5423
910.34	2.54541
911.34	2.54706
912.34	2.55206
913.34	2.56342
914.34	2.58301
915.34	2.5849
916.34	2.5849
917.34	2.59271
918.34	2.60248
919.34	2.60565
920.34	2.60443
921.34	2.61261
922.34	2.62396
923.34	2.63184
924.34	2.63373
925.34	2.65173
926.34	2.67316
927.34	2.67474
928.34	2.68097
929.34	2.6842
930.34	2.69427
931.34	2.70245
932.34	2.69397
933.34	2.70245
934.34	2.70245
935.34	2.71191
936.34	2.73022
937.34	2.73175
938.34	2.74475
939.34	2.75323
940.34	2.76263
941.34	2.77246
942.34	2.76611
943.34	2.76459
944.34	2.75439
945.34	2.7627
946.34	2.77435
947.34	2.78412
948.34	2.79388
949.34	2.81342
950.34	2.82635
951.34	2.81848
952.34	2.81689
953.34	2.82318
954.34	2.82471
955.34	2.83295
956.34	2.83459
957.34	2.84308
958.34	2.85284
959.34	2.86389
960.34	2.87238
961.34	2.88214
962.34	2.89349
963.34	2.90491
964.34	2.91498
965.34	2.90479
966.34	2.90479
967.34	2.90479
968.34	2.89514
969.34	2.89349
970.34	2.89349
971.34	2.9212
972.34	2.92285
973.34	2.93292
974.34	2.93604
975.34	2.94232
976.34	2.93573
977.34	2.93451
978.34	2.93604
979.34	2.9458
980.34	2.9458
981.34	2.96381
982.34	2.98499
983.34	2.98682
984.34	3.00482
985.34	3.00287
986.34	3.01416
987.34	3.02557
988.34	3.0177
989.34	3.02588
990.34	3.03564
991.34	3.04388
992.34	3.05365
993.34	3.06342
994.34	3.07483
995.34	3.0849
996.34	3.07471
997.34	3.08606
998.34	3.08447
999.34	3.08447
1000.34	3.09424
1001.34	3.10413
1002.34	3.11572
1003.34	3.11572
1004.34	3.09778
1005.34	3.10596
1006.34	3.09778
1007.34	3.10596
1008.34	3.09778
1009.34	3.09778
1010.34	3.09271
1011.34	3.10565
1012.34	3.11572
1013.34	3.10754
1014.34	3.11731
1015.34	3.12396
1016.34	3.13684
1017.34	3.15479
1018.34	3.16455
1019.34	3.17279
1020.34	3.17432
1021.34	3.1759
1022.34	3.16614
1023.34	3.14819
1024.34	3.12708
1025.34	3.12549
1026.34	3.11536
1027.34	3.12518
1028.34	3.14697
1029.34	3.15674
1030.34	3.1665
1031.34	3.17786
1032.34	3.18762
1033.34	3.18762
1034.34	3.1958
1035.34	3.20557
1036.34	3.20557
1037.34	3.19739
1038.34	3.20557
1039.34	3.20715
1040.34	3.21692
1041.34	3.21692
1042.34	3.21851
1043.34	3.21851
1044.34	3.22668
1045.34	3.23645
1046.34	3.24622
1047.34	3.23804
1048.34	3.24463
1049.34	3.24622
1050.34	3.25598
1051.34	3.23956
1052.34	3.24817
1053.34	3.25952
1054.34	3.26105
1055.34	3.24811
1056.34	3.24622
1057.34	3.25598
1058.34	3.25604
1059.34	3.26459
1060.34	3.27588
1061.34	3.28564
1062.34	3.29541
1063.34	3.30518
1064.34	3.30518
1065.34	3.31659
1066.34	3.32825
1067.34	3.34619
1068.34	3.34937
1069.34	3.33795
1070.34	3.32788
1071.34	3.33765
1072.34	3.32788
1073.34	3.32629
1074.34	3.32629
1075.34	3.32788
1076.34	3.32983
1077.34	3.32825
1078.34	3.32825
1079.34	3.31653
1080.34	3.33136
1081.34	3.41864
1082.34	3.31787
1083.34	3.26373
1084.34	3.43457
1085.34	3.47778
1086.34	3.47614
1087.34	3.46161
1088.34	3.44995
1089.34	3.46472
1090.34	3.50397
1091.34	3.52222
1092.34	3.5484
1093.34	3.54651
1094.34	3.55316
1095.34	3.56323
1096.34	3.5614
1097.34	3.56799
1098.34	3.57117
1099.34	3.57941
1100.34	3.55823
1101.34	3.5567
1102.34	3.56799
1103.34	3.57629
1104.34	3.57312
1105.34	3.59418
1106.34	3.59741
1107.34	3.59418
1108.34	3.58606
1109.34	3.57971
1110.34	3.59265
1111.34	3.60248
1112.34	3.6106
1113.34	3.62354
1114.34	3.63177
1115.34	3.6239
1116.34	3.63177
1117.34	3.64185
1118.34	3.62354
1119.34	3.62201
1120.34	3.61255
1121.34	3.61224
1122.34	3.60248
1123.34	3.58289
1124.34	3.58295
1125.34	3.58948
1126.34	3.59894
1127.34	3.59937
1128.34	3.60248
1129.34	3.60901
1130.34	3.60248
1131.34	3.59113
1132.34	3.59271
1133.34	3.5813
1134.34	3.58136
1135.34	3.59113
1136.34	3.5813
1137.34	3.57941
1138.34	3.58295
1139.34	3.57971
1140.34	3.59894
1141.34	3.59271
1142.34	3.59113
1143.34	3.59924
1144.34	3.60089
1145.34	3.59271
1146.34	3.5813
1147.34	3.57941
1148.34	3.57123
1149.34	3.57159
1150.34	3.57819
1151.34	3.57941
1152.34	3.57788
1153.34	3.58295
1154.34	3.58136
1155.34	3.56335
1156.34	3.56342
1157.34	3.552
1158.34	3.547
1159.34	3.50439
1160.34	3.46692
1161.34	3.41614
1162.34	3.38684
1163.34	3.39667
1164.34	3.3985
1165.34	3.38995
1166.34	3.38843
1167.34	3.38843
1168.34	3.38995
1169.34	3.39038
1170.34	3.41803
1171.34	3.79303
1172.34	3.55536
1173.34	4.09448
1174.34	3.4884
1175.34	3.46124
1176.34	3.47107
1177.34	3.46442
1178.34	3.48584
1179.34	3.50031
1180.34	3.48541
1181.34	3.492
1182.34	3.4917
1183.34	3.50031
1184.34	3.52802
1185.34	3.53113
1186.34	3.53271
1187.34	3.51471
1188.34	3.5166
1189.34	3.52917
1190.34	3.54236
1191.34	3.56543
1192.34	3.58655
1193.34	3.60443
1194.34	3.61737
1195.34	3.62714
1196.34	3.63068
1197.34	3.64038
1198.34	3.65015
1199.34	3.66309
1200.34	3.67474
1201.34	3.68256
1202.34	3.69397
1203.34	3.68604
1204.34	3.68604
1205.34	3.68451
1206.34	3.68256
1207.34	3.69397
1208.34	3.70404
1209.34	3.73175
1210.34	3.74463
1211.34	3.75439
1212.34	3.75439
1213.34	3.76581
1214.34	3.7677
1215.34	3.75635
1216.34	3.76611
1217.34	3.76611
1218.34	3.79388
1219.34	3.80518
1220.34	3.81653
1221.34	3.83447
1222.34	3.85559
1223.34	3.86536
1224.34	3.86536
1225.34	3.88342
1226.34	3.89502
1227.34	3.91302
1228.34	3.90637
1229.34	3.92279
1230.34	3.92432
1231.34	3.93567
1232.34	3.9455
1233.34	3.93762
1234.34	3.95557
1235.34	3.95715
1236.34	3.96533
1237.34	3.9751
1238.34	3.98486
1239.34	3.99463
1240.34	4.0224
1241.34	4.03369
1242.34	4.0271
1243.34	4.02551
1244.34	4.02551
1245.34	4.03723
1246.34	4.047
1247.34	4.06494
1248.34	4.08612
1249.34	4.09467
1250.34	4.10596
1251.34	4.11572
1252.34	4.13373
1253.34	4.13525
1254.34	4.1369
1255.34	4.14697
1256.34	4.15674
1257.34	4.15479
1258.34	4.14661
1259.34	4.16302
1260.34	4.17279
1261.34	4.18573
1262.34	4.21533
1263.34	4.23682
1264.34	4.2384
1265.34	4.24658
1266.34	4.24976
1267.34	4.25793
1268.34	4.24976
1269.34	4.24817
1270.34	4.25793
1271.34	4.25793
1272.34	4.2677
1273.34	4.26611
1274.34	4.26611
1275.34	4.27588
1276.34	4.27747
1277.34	4.29541
1278.34	4.28882
1279.34	4.31342
1280.34	4.32629
1281.34	4.35248
1282.34	4.36542
1283.34	4.36731
1284.34	4.38373
1285.34	4.38843
1286.34	4.39856
1287.34	4.40833
1288.34	4.40991
1289.34	4.4165
1290.34	4.41968
1291.34	4.43604
1292.34	4.43762
1293.34	4.46381
1294.34	4.46692
1295.34	4.48486
1296.34	4.48804
1297.34	4.50635
1298.34	4.50952
1299.34	4.49976
1300.34	4.51611
1301.34	4.53723
1302.34	4.54541
1303.34	4.56494
1304.34	4.58295
1305.34	4.58606
1306.34	4.59583
1307.34	4.61389
1308.34	4.61731
1309.34	4.59937
1310.34	4.59778
1311.34	4.60596
1312.34	4.59619
1313.34	4.59778
1314.34	4.60596
1315.34	4.62238
1316.34	4.64514
1317.34	4.63879
1318.34	4.65521
1319.34	4.65833
1320.34	4.6665
1321.34	4.67786
1322.34	4.68762
1323.34	4.69739
1324.34	4.71533
1325.34	4.71533
1326.34	4.72357
1327.34	4.74475
1328.34	4.73682
1329.34	4.74152
1330.34	4.75287
1331.34	4.76575
1332.34	4.77747
1333.34	4.77747
1334.34	4.78882
1335.34	4.797
1336.34	4.79858
1337.34	4.80518
1338.34	4.81653
1339.34	4.83606
1340.34	4.84583
1341.34	4.84937
1342.34	4.85754
1343.34	4.8689
1344.34	4.86731
1345.34	4.86731
1346.34	4.86731
1347.34	4.86731
1348.34	4.88525
1349.34	4.88684
1350.34	4.90479
1351.34	4.91614
1352.34	4.91614
1353.34	4.9259
1354.34	4.92944
1355.34	4.92944
1356.34	4.92944
1357.34	4.92944
1358.34	4.94739
1359.34	4.94739
1360.34	4.96533
1361.34	4.97668
1362.34	5.00635
1363.34	5.01611
1364.34	5.01929
1365.34	5.02905
1366.34	5.01929
1367.34	5.02905
1368.34	5.01764
1369.34	5.02551
1370.34	5.02551
1371.34	5.03528
1372.34	5.0451
1373.34	5.05518
1374.34	5.05676
1375.34	5.06848
1376.34	5.08643
1377.34	5.07825
1378.34	5.08643
1379.34	5.10596
1380.34	5.11731
1381.34	5.11731
1382.34	5.12549
1383.34	5.14502
1384.34	5.15479
1385.34	5.15796
1386.34	5.16455
1387.34	5.1759
1388.34	5.1759
1389.34	5.18567
1390.34	5.19897
1391.34	5.19739
1392.34	5.20715
1393.34	5.20715
1394.34	5.20874
1395.34	5.20874
1396.34	5.20715
1397.34	5.21851
1398.34	5.22668
1399.34	5.22827
1400.34	5.23022
1401.34	5.21692
1402.34	5.2251
1403.34	5.21692
1404.34	5.22357
1405.34	5.23486
1406.34	5.25287
1407.34	5.28381
1408.34	5.297
1409.34	5.30872
1410.34	5.31848
1411.34	5.3103
1412.34	5.31689
1413.34	5.31018
1414.34	5.31653
1415.34	5.31653
1416.34	5.32629
1417.34	5.34583
1418.34	5.35559
1419.34	5.35559
1420.34	5.35559
1421.34	5.36536
1422.34	5.3689
1423.34	5.37549
1424.34	5.3689
1425.34	5.3689
1426.34	5.36731
1427.34	5.35913
1428.34	5.35754
1429.34	5.36731
1430.34	5.37708
1431.34	5.40479
1432.34	5.39819
1433.34	5.39661
1434.34	5.41455
1435.34	5.41772
1436.34	5.40796
1437.34	5.41809
1438.34	5.40991
1439.34	5.40991
1440.34	5.40991
1441.34	5.40826
1442.34	5.4259
1443.34	5.42902
1444.34	5.44739
1445.34	5.46692
1446.34	5.48645
1447.34	5.4798
1448.34	5.48645
1449.34	5.50439
1450.34	5.4978
1451.34	5.5177
1452.34	5.50952
1453.34	5.52588
1454.34	5.52905
1455.34	5.53723
1456.34	5.53882
1457.34	5.53723
1458.34	5.547
1459.34	5.547
1460.34	5.547
1461.34	5.54858
1462.34	5.54065
1463.34	5.53058
1464.34	5.547
1465.34	5.54858
1466.34	5.55835
1467.34	5.57007
1468.34	5.58643
1469.34	5.59778
1470.34	5.59778
1471.34	5.59778
1472.34	5.65686
1473.34	5.62427
1474.34	5.47418
1475.34	5.66003
1476.34	5.67261
1477.34	5.66724
1478.34	5.65424
1479.34	5.64447
1480.34	5.6496
1481.34	5.65936
1482.34	5.65588
1483.34	5.66608
1484.34	5.67261
1485.34	5.67078
1486.34	5.67896
1487.34	5.67902
1488.34	5.6778
1489.34	5.65784
1490.34	5.65631
1491.34	5.62671
1492.34	5.62543
1493.34	5.63678
1494.34	5.63489
1495.34	5.62231
1496.34	5.6333
1497.34	5.62543
1498.34	5.59583
1499.34	5.5813
1500.34	5.56653
1501.34	5.552
1502.34	5.54346
1503.34	5.54224
1504.34	5.5517
1505.34	5.55011
1506.34	5.56177
1507.34	5.56146
1508.34	5.5517
1509.34	5.54224
1510.34	5.54034
1511.34	5.54193
1512.34	5.54034
1513.34	5.52271
1514.34	5.52081
1515.34	5.51105
1516.34	5.5094
1517.34	5.51068
1518.34	5.50128
1519.34	5.4931
1520.34	5.48987
1521.34	5.49115
1522.34	5.49976
1523.34	5.49152
1524.34	5.48987
1525.34	5.48956
1526.34	5.4798
1527.34	5.47192
1528.34	5.47003
1529.34	5.46027
1530.34	5.46027
1531.34	5.4505
1532.34	5.44733
1533.34	5.45715
1534.34	5.44073
1535.34	5.44232
1536.34	5.4325
1537.34	5.43256
1538.34	5.4505
1539.34	5.44885
1540.34	5.44232
1541.34	5.43097
1542.34	5.42786
1543.34	5.4212
1544.34	5.41956
1545.34	5.41107
1546.34	5.41968
1547.34	5.4212
1548.34	5.41956
1549.34	5.41925
1550.34	5.46381
1551.34	5.80127
1552.34	6.12451
1553.34	6.13788
1554.34	6.12646
1555.34	6.13116
1556.34	6.14246
1557.34	6.13434
1558.34	6.07721
1559.34	5.83588
1560.34	5.38733
1561.34	5.18866
1562.34	5.21942
1563.34	5.21582
1564.34	5.19269
1565.34	5.16455
1566.34	5.15479
1567.34	5.14661
1568.34	5.15479
1569.34	5.1759
1570.34	5.26465
1571.34	5.86029
1572.34	5.4494
1573.34	5.50372
1574.34	5.36163
1575.34	5.38934
1576.34	5.42181
1577.34	5.44482
1578.34	5.48553
1579.34	5.51825
1580.34	5.56238
1581.34	5.60144
1582.34	5.61475
1583.34	5.63934
1584.34	5.64752
1585.34	5.68512
1586.34	5.71942
1587.34	5.7616
1588.34	5.79431
1589.34	5.82996
1590.34	5.86932
1591.34	5.90173
1592.34	5.91504
1593.34	5.94592
1594.34	5.96741
1595.34	5.97864
1596.34	5.99005
1597.34	6.01776
1598.34	6.03918
1599.34	6.05841
1600.34	6.07983
1601.34	6.09943
1602.34	6.13062
1603.34	6.15332
1604.34	6.17316
1605.34	6.19427
1606.34	6.22363
1607.34	6.24658
1608.34	6.25482
1609.34	6.25439
1610.34	6.26263
1611.34	6.28381
1612.34	6.28412
1613.34	6.30206
1614.34	6.32483
1615.34	6.34467
1616.34	6.37396
1617.34	6.40326
1618.34	6.42432
1619.34	6.44385
1620.34	6.4635
1621.34	6.49506
1622.34	6.50287
1623.34	6.51263
1624.34	6.52557
1625.34	6.53564
1626.34	6.55518
1627.34	6.57666
1628.34	6.58643
1629.34	6.61731
1630.34	6.63684
1631.34	6.64661
1632.34	6.65479
1633.34	6.6759
1634.34	6.6759
1635.34	6.68408
1636.34	6.69385
1637.34	6.72522
1638.34	6.74658
1639.34	6.77435
1640.34	6.80365
1641.34	6.83295
1642.34	6.85413
1643.34	6.87549
1644.34	6.89502
1645.34	6.90637
1646.34	6.92627
1647.34	6.93604
1648.34	6.9458
1649.34	6.95557
1650.34	6.96698
1651.34	6.98529
1652.34	6.99658
1653.34	7.02435
1654.34	7.03564
1655.34	7.03723
1656.34	7.05518
1657.34	7.05682
1658.34	7.05872
1659.34	7.05865
1660.34	7.07629
1661.34	7.08606
1662.34	7.10565
1663.34	7.11731
1664.34	7.13721
1665.34	7.13525
1666.34	7.13684
1667.34	7.14502
1668.34	7.16302
1669.34	7.18604
1670.34	7.19739
1671.34	7.20715
1672.34	7.2251
1673.34	7.23645
1674.34	7.24622
1675.34	7.2478
1676.34	7.26416
1677.34	7.28369
1678.34	7.297
1679.34	7.30676
1680.34	7.31659
1681.34	7.32825
1682.34	7.32825
1683.34	7.32819
1684.34	7.34583
1685.34	7.35559
1686.34	7.36066
1687.34	7.36731
1688.34	7.38684
1689.34	7.39661
1690.34	7.40637
1691.34	7.41614
1692.34	7.43408
1693.34	7.43921
1694.34	7.44739
1695.34	7.45557
1696.34	7.46692
1697.34	7.47668
1698.34	7.49463
1699.34	7.50598
1700.34	7.51575
1701.34	7.53528
1702.34	7.53882
1703.34	7.547
1704.34	7.56653
1705.34	7.58606
1706.34	7.604
1707.34	7.61536
1708.34	7.62518
1709.34	7.64697
1710.34	7.63684
1711.34	7.64856
1712.34	7.65674
1713.34	7.65479
1714.34	7.67627
1715.34	7.68762
1716.34	7.70557
1717.34	7.71692
1718.34	7.72827
1719.34	7.73804
1720.34	7.74817
1721.34	7.74976
1722.34	7.75793
1723.34	7.76611
1724.34	7.7677
1725.34	7.77747
1726.34	7.79541
1727.34	7.81494
1728.34	7.82629
1729.34	7.84583
1730.34	7.84583
1731.34	7.83606
1732.34	7.84424
1733.34	7.84583
1734.34	7.854
1735.34	7.86536
1736.34	7.8869
1737.34	7.90833
1738.34	7.9278
1739.34	7.93726
1740.34	7.93921
1741.34	7.93921
1742.34	7.94897
1743.34	7.96692
1744.34	7.98645
1745.34	7.98999
1746.34	8.00635
1747.34	8.02905
1748.34	8.047
1749.34	8.05835
1750.34	8.0603
1751.34	8.06842
1752.34	8.06812
1753.34	8.06653
1754.34	8.05835
1755.34	8.07471
1756.34	8.08606
1757.34	8.09583
1758.34	8.09741
1759.34	8.09937
1760.34	8.11731
1761.34	8.1189
1762.34	8.1189
1763.34	8.1189
1764.34	8.12708
1765.34	8.12866
1766.34	8.14038
1767.34	8.15833
1768.34	8.17627
1769.34	8.18762
1770.34	8.20715
1771.34	8.22046
1772.34	8.22864
1773.34	8.24817
1774.34	8.23834
1775.34	8.23804
1776.34	8.23804
1777.34	8.25439
1778.34	8.25598
1779.34	8.25757
1780.34	8.27588
1781.34	8.30518
1782.34	8.30835
1783.34	8.30676
1784.34	8.31653
1785.34	8.32629
1786.34	8.32788
1787.34	8.32788
1788.34	8.32983
1789.34	8.34778
1790.34	8.35913
1791.34	8.35754
1792.34	8.3689
1793.34	8.3689
1794.34	8.37708
1795.34	8.36725
1796.34	8.3689
1797.34	8.37866
1798.34	8.37866
1799.34	8.38684
1800.34	8.40637
1801.34	8.41968
1802.34	8.42944
1803.34	8.43921
1804.34	8.44739
1805.34	8.47046
1806.34	8.46881
1807.34	8.48645
1808.34	8.48804
1809.34	8.49622
1810.34	8.51575
1811.34	8.51733
1812.34	8.50757
1813.34	8.50952
1814.34	8.5177
1815.34	8.50952
1816.34	8.50952
1817.34	8.50952
1818.34	8.5177
1819.34	8.52747
1820.34	8.53882
1821.34	8.55872
1822.34	8.56848
1823.34	8.57825
1824.34	8.59778
1825.34	8.60754
1826.34	8.60748
1827.34	8.61542
1828.34	8.61731
1829.34	8.62903
1830.34	8.62897
1831.34	8.63019
1832.34	8.62866
1833.34	8.63995
1834.34	8.63019
1835.34	8.63873
1836.34	8.63843
1837.34	8.64661
1838.34	8.63843
1839.34	8.63843
1840.34	8.63843
1841.34	8.63843
1842.34	8.63019
1843.34	8.63873
1844.34	8.64819
1845.34	8.64819
1846.34	8.65637
1847.34	8.66614
1848.34	8.68408
1849.34	8.69739
1850.34	8.70715
1851.34	8.71851
1852.34	8.73804
1853.34	8.7478
1854.34	8.75128
1855.34	8.75128
1856.34	8.75787
1857.34	8.75909
1858.34	8.76929
1859.34	8.76929
1860.34	8.77747
1861.34	8.78882
1862.34	8.78882
1863.34	8.78882
1864.34	8.7774
1865.34	8.77905
1866.34	8.78882
1867.34	8.78882
1868.34	8.80676
1869.34	8.81653
1870.34	8.82788
1871.34	8.83447
1872.34	9.16803
1873.34	8.45721
1874.34	8.82928
1875.34	8.84271
1876.34	8.83746
1877.34	8.82104
1878.34	8.80115
1879.34	8.77338
1880.34	8.74066
1881.34	8.73785
1882.34	8.73285
1883.34	8.74457
1884.34	8.72498
1885.34	8.73132
1886.34	8.70514
1887.34	8.6825
1888.34	8.65784
1889.34	8.64655
1890.34	8.62671
1891.34	8.60748
1892.34	8.60242
1893.34	8.57941
1894.34	8.5567
1895.34	8.55511
1896.34	8.53687
1897.34	8.51453
1898.34	8.51416
1899.34	8.50122
1900.34	8.47668
1901.34	8.48169
1902.34	8.46338
1903.34	8.45398
1904.34	8.45209
1905.34	8.44226
1906.34	8.43408
1907.34	8.44073
1908.34	8.43091
1909.34	8.41455
1910.34	8.40326
1911.34	8.40161
1912.34	8.3833
1913.34	8.35083
1914.34	8.33099
1915.34	8.32318
1916.34	8.302
1917.34	8.28217
1918.34	8.26263
1919.34	8.24963
1920.34	8.26105
1921.34	8.2431
1922.34	8.23987
1923.34	8.23138
1924.34	8.23334
1925.34	8.21216
1926.34	8.19232
1927.34	8.18097
1928.34	8.1712
1929.34	8.15979
1930.34	8.14154
1931.34	8.13019
1932.34	8.13049
1933.34	8.11224
1934.34	8.09113
1935.34	8.07983
1936.34	8.07983
1937.34	8.06995
1938.34	8.04034
1939.34	8.04034
1940.34	8.03217
1941.34	8.01917
1942.34	8.01929
1943.34	8.01929
1944.34	8.00952
1945.34	7.99976
1946.34	7.98022
1947.34	7.97864
1948.34	7.96057
1949.34	7.95874
1950.34	7.94897
1951.34	7.9505
1952.34	7.93921
1953.34	7.93097
1954.34	7.93762
1955.34	7.9278
1956.34	7.92749
1957.34	7.91772
1958.34	7.90948
1959.34	7.90167
1960.34	7.88214
1961.34	7.87897
1962.34	7.87866
1963.34	7.87042
1964.34	7.85089
1965.34	7.8396
1966.34	7.82983
1967.34	7.81842
1968.34	7.79858
1969.34	7.78882
1970.34	7.77747
1971.34	7.7677
1972.34	7.75952
1973.34	7.74976
1974.34	7.75952
1975.34	7.74817
1976.34	7.73022
1977.34	7.7384
1978.34	7.73022
1979.34	7.72864
1980.34	7.71887
1981.34	7.70905
1982.34	7.70874
1983.34	7.7005
1984.34	7.68097
1985.34	7.68762
1986.34	7.68097
1987.34	7.66968
1988.34	7.66809
1989.34	7.67786
1990.34	7.66809
1991.34	7.63873
1992.34	7.60559
1993.34	7.59589
1994.34	7.57825
1995.34	7.56848
1996.34	7.54889
1997.34	7.547
1998.34	7.54034
1999.34	7.52905
2000.34	7.51105
2001.34	7.49817
2002.34	7.49817
2003.34	7.4884
2004.34	7.49658
2005.34	7.48645
2006.34	7.49463
2007.34	7.51611
2008.34	7.51416
2009.34	7.51416
2010.34	7.50598
2011.34	7.51581
2012.34	7.50793
2013.34	7.49817
2014.34	7.4884
2015.34	7.4801
2016.34	7.47668
2017.34	7.46851
2018.34	7.44897
2019.34	7.42786
2020.34	7.41614
2021.34	7.41455
2022.34	7.39661
2023.34	7.39502
2024.34	7.39502
2025.34	7.38684
2026.34	7.38684
2027.34	7.3869
2028.34	7.38879
2029.34	7.37903
2030.34	7.36731
2031.34	7.36731
2032.34	7.35754
2033.34	7.34778
2034.34	7.34772
2035.34	7.34583
2036.34	7.32788
2037.34	7.32471
2038.34	7.30835
2039.34	7.30676
2040.34	7.28723
2041.34	7.27747
2042.34	7.26575
2043.34	7.25598
2044.34	7.25598
2045.34	7.25598
2046.34	7.25598
2047.34	7.26575
2048.34	7.27747
2049.34	7.26929
2050.34	7.25598
2051.34	7.23956
2052.34	7.21851
2053.34	7.20874
2054.34	7.18909
2055.34	7.17084
2056.34	7.16144
2057.34	7.15991
2058.34	7.17786
2059.34	7.17786
2060.34	7.16968
2061.34	7.17627
2062.34	7.18762
2063.34	7.17944
2064.34	7.16803
2065.34	7.15637
2066.34	7.14819
2067.34	7.14819
2068.34	7.14661
2069.34	7.14661
2070.34	7.14819
2071.34	7.14819
2072.34	7.13995
2073.34	7.13214
2074.34	7.1192
2075.34	7.12042
2076.34	7.11066
2077.34	7.10089
2078.34	7.10913
2079.34	7.09924
2080.34	7.08765
2081.34	7.06812
2082.34	7.05835
2083.34	7.04034
2084.34	7.02893
2085.34	7.00757
2086.34	7.00598
2087.34	6.99933
2088.34	6.98804
2089.34	6.99622
2090.34	6.99152
2091.34	6.98999
2092.34	6.98987
2093.34	6.9798
2094.34	6.97827
2095.34	6.96851
2096.34	6.95715
2097.34	6.94897
2098.34	6.93762
2099.34	6.92786
2100.34	6.91968
2101.34	6.92786
2102.34	6.90979
2103.34	6.90796
2104.34	6.89972
2105.34	6.88843
2106.34	6.89819
2107.34	6.90015
2108.34	6.90015
2109.34	6.88873
2110.34	6.89661
2111.34	6.88995
2112.34	6.89661
2113.34	6.89819
2114.34	6.89661
2115.34	6.90637
2116.34	6.90637
2117.34	6.91614
2118.34	6.90637
2119.34	6.90637
2120.34	6.88995
2121.34	6.87866
2122.34	6.87042
2123.34	6.84924
2124.34	6.83295
2125.34	6.82159
2126.34	6.82983
2127.34	6.82819
2128.34	6.83606
2129.34	6.84583
2130.34	6.83765
2131.34	6.82788
2132.34	6.81812
2133.34	6.79034
2134.34	6.77905
2135.34	6.76929
2136.34	6.75793
2137.34	6.75793
2138.34	6.74817
2139.34	6.73834
2140.34	6.73804
2141.34	6.74622
2142.34	6.75598
2143.34	6.75757
2144.34	6.7478
2145.34	6.75598
2146.34	6.75598
2147.34	6.75952
2148.34	6.74152
2149.34	6.73022
2150.34	6.72864
2151.34	6.72864
2152.34	6.72046
2153.34	6.70715
2154.34	6.70715
2155.34	6.70905
2156.34	6.70874
2157.34	6.69073
2158.34	6.68921
2159.34	6.68921
2160.34	6.68762
2161.34	6.68762
2162.34	6.67944
2163.34	6.66809
2164.34	6.66809
2165.34	6.66809
2166.34	6.66809
2167.34	6.66968
2168.34	6.65826
2169.34	6.65796
2170.34	6.64819
2171.34	6.64819
2172.34	6.63995
2173.34	6.63684
2174.34	6.64502
2175.34	6.63843
2176.34	6.63684
2177.34	6.63684
2178.34	6.63525
2179.34	6.63843
2180.34	6.62042
2181.34	6.61731
2182.34	6.60754
2183.34	6.60754
2184.34	6.59772
2185.34	6.59583
2186.34	6.60559
2187.34	6.59741
2188.34	6.60089
2189.34	6.59937
2190.34	6.58801
2191.34	6.57629
2192.34	6.58447
2193.34	6.58447
2194.34	6.58606
2195.34	6.58606
2196.34	6.57788
2197.34	6.57788
2198.34	6.56342
2199.34	6.55872
2200.34	6.55872
2201.34	6.5603
2202.34	6.54895
2203.34	6.53723
2204.34	6.53564
2205.34	6.52747
2206.34	6.5177
2207.34	6.52588
2208.34	6.53564
2209.34	6.53723
2210.34	6.53882
2211.34	6.52905
2212.34	6.52905
2213.34	6.53088
2214.34	6.52081
2215.34	6.50952
2216.34	6.49152
2217.34	6.48022
2218.34	6.46881
2219.34	6.45715
2220.34	6.45715
2221.34	6.44543
2222.34	6.46698
2223.34	6.46887
2224.34	6.45715
2225.34	6.46887
2226.34	6.45715
2227.34	6.45905
2228.34	6.45715
2229.34	6.44543
2230.34	6.45715
2231.34	6.44543
2232.34	6.44897
2233.34	6.43567
2234.34	6.4259
2235.34	6.41772
2236.34	6.41455
2237.34	6.40637
2238.34	6.41455
2239.34	6.4162
2240.34	6.41809
2241.34	6.41803
2242.34	6.41614
2243.34	6.40948
2244.34	6.38995
2245.34	6.39819
2246.34	6.39191
2247.34	6.38879
2248.34	6.38873
2249.34	6.37708
2250.34	6.37708
2251.34	6.36536
2252.34	6.36536
2253.34	6.36542
2254.34	6.36731
2255.34	6.36731
2256.34	6.36731
2257.34	6.35748
2258.34	6.34583
2259.34	6.33765
2260.34	6.32788
2261.34	6.32629
2262.34	6.31812
2263.34	6.32629
2264.34	6.32788
2265.34	6.33801
2266.34	6.34778
2267.34	6.34778
2268.34	6.35754
2269.34	6.34778
2270.34	6.35754
2271.34	6.34778
2272.34	6.35596
2273.34	6.34778
2274.34	6.34778
2275.34	6.34778
2276.34	6.33606
2277.34	6.32788
2278.34	6.30835
2279.34	6.30676
2280.34	6.30011
2281.34	6.30872
2282.34	6.30872
2283.34	6.31848
2284.34	6.32666
2285.34	6.32983
2286.34	6.33643
2287.34	6.33801
2288.34	6.33801
2289.34	6.3396
2290.34	6.32007
2291.34	6.32825
2292.34	6.31842
2293.34	6.31659
2294.34	6.30872
2295.34	6.29889
2296.34	6.29858
2297.34	6.28723
2298.34	6.297
2299.34	6.30676
2300.34	6.30835
2301.34	6.30676
2302.34	6.30676
2303.34	6.32471
2304.34	6.31812
2305.34	6.30835
2306.34	6.30835
2307.34	6.29858
2308.34	6.297
2309.34	6.28882
2310.34	6.27905
2311.34	6.27747
2312.34	6.27747
2313.34	6.25787
2314.34	6.25604
2315.34	6.25635
2316.34	6.25793
2317.34	6.24817
2318.34	6.25635
2319.34	6.25793
2320.34	6.24976
2321.34	6.24817
2322.34	6.2384
2323.34	6.23682
2324.34	6.2384
2325.34	6.2384
2326.34	6.23999
2327.34	6.23999
2328.34	6.24817
2329.34	6.24811
2330.34	6.2298
2331.34	6.22827
2332.34	6.21692
2333.34	6.21692
2334.34	6.20874
2335.34	6.20557
2336.34	6.19739
2337.34	6.19739
2338.34	6.18762
2339.34	6.1958
2340.34	6.19739
2341.34	6.19073
2342.34	6.19897
2343.34	6.19897
2344.34	6.18921
2345.34	6.1778
2346.34	6.16614
2347.34	6.15796
2348.34	6.14819
2349.34	6.14502
2350.34	6.15637
2351.34	6.15637
2352.34	6.15637
2353.34	6.15637
2354.34	6.16455
2355.34	6.14819
2356.34	6.13843
2357.34	6.12866
2358.34	6.1189
2359.34	6.12549
2360.34	6.1189
2361.34	6.09937
2362.34	6.09937
2363.34	6.09778
2364.34	6.08801
2365.34	6.07007
2366.34	6.07825
2367.34	6.08801
2368.34	6.07983
2369.34	6.08801
2370.34	6.10596
2371.34	6.09937
2372.34	6.08795
2373.34	6.08612
2374.34	6.08801
2375.34	6.07825
2376.34	6.06848
2377.34	6.07825
2378.34	6.08801
2379.34	6.07825
2380.34	6.05865
2381.34	6.05676
2382.34	6.05676
2383.34	6.047
2384.34	6.03882
2385.34	6.047
2386.34	6.03882
2387.34	6.03882
2388.34	6.03723
2389.34	6.03723
2390.34	6.03564
2391.34	6.03723
2392.34	6.02905
2393.34	6.0177
2394.34	6.00793
2395.34	6.00793
2396.34	6.0177
2397.34	6.00952
2398.34	6.0177
2399.34	6.02747
2400.34	6.02905
2401.34	6.01929
2402.34	6.01929
2403.34	6.00787
2404.34	6.00598
2405.34	5.99622
2406.34	5.99622
2407.34	5.99628
2408.34	5.99817
2409.34	5.9884
2410.34	5.98834
2411.34	5.99622
2412.34	5.9978
2413.34	5.98956
2414.34	5.98804
2415.34	5.98645
2416.34	5.97827
2417.34	5.97668
2418.34	5.96851
2419.34	5.98334
2420.34	5.99817
2421.34	5.98999
2422.34	5.98999
2423.34	5.99658
2424.34	5.99817
2425.34	5.99976
2426.34	5.9884
2427.34	5.9884
2428.34	5.97864
2429.34	5.97864
2430.34	5.97046
2431.34	5.95905
2432.34	5.95715
2433.34	5.94543
2434.34	5.94897
2435.34	5.95557
2436.34	5.93567
2437.34	5.93567
2438.34	5.93567
2439.34	5.93567
2440.34	5.93567
2441.34	5.93567
2442.34	5.93567
2443.34	5.93567
2444.34	5.93726
2445.34	5.93921
2446.34	5.93762
2447.34	5.93762
2448.34	5.93762
2449.34	5.93762
2450.34	5.92944
2451.34	5.92786
2452.34	5.93921
2453.34	5.93097
2454.34	5.91968
2455.34	5.92786
2456.34	5.91809
2457.34	5.91809
2458.34	5.90015
2459.34	5.88879
2460.34	5.87903
2461.34	5.87903
2462.34	5.86731
2463.34	5.87549
2464.34	5.87549
2465.34	5.87708
2466.34	5.88525
2467.34	5.88684
2468.34	5.88843
2469.34	5.87866
2470.34	5.88879
2471.34	5.89697
2472.34	5.89038
2473.34	5.87708
2474.34	5.87708
2475.34	5.8689
2476.34	5.8692
2477.34	5.85913
2478.34	5.85913
2479.34	5.85913
2480.34	5.8689
2481.34	5.8689
2482.34	5.87708
2483.34	5.85913
2484.34	5.84937
2485.34	5.84778
2486.34	5.82971
2487.34	5.81653
2488.34	5.80676
2489.34	5.81653
2490.34	5.82629
2491.34	5.82788
2492.34	5.83606
2493.34	5.84583
2494.34	5.85754
2495.34	5.85913
2496.34	5.85754
2497.34	5.86572
2498.34	5.87396
2499.34	5.87518
2500.34	5.85754
2501.34	5.84778
2502.34	5.83801
2503.34	5.81842
2504.34	5.81812
2505.34	5.81812
2506.34	5.80835
2507.34	5.80676
2508.34	5.797
2509.34	5.797
2510.34	5.80518
2511.34	5.81653
2512.34	5.82471
2513.34	5.81812
2514.34	5.80835
2515.34	5.80676
2516.34	5.79858
2517.34	5.77905
2518.34	5.78723
2519.34	5.78723
2520.34	5.78723
2521.34	5.797
2522.34	5.79858
2523.34	5.797
2524.34	5.77893
2525.34	5.76733
2526.34	5.76733
2527.34	5.75757
2528.34	5.75598
2529.34	5.77588
2530.34	5.76575
2531.34	5.75598
2532.34	5.75439
2533.34	5.75439
2534.34	5.74622
2535.34	5.74622
2536.34	5.74622
2537.34	5.73804
2538.34	5.73645
2539.34	5.72827
2540.34	5.72668
2541.34	5.71851
2542.34	5.71692
2543.34	5.71692
2544.34	5.71692
2545.34	5.71692
2546.34	5.70874
2547.34	5.69897
2548.34	5.68921
2549.34	5.69739
2550.34	5.68921
2551.34	5.68762
2552.34	5.70557
2553.34	5.7251
2554.34	5.72668
2555.34	5.72668
2556.34	5.72668
2557.34	5.72668
2558.34	5.69897
2559.34	5.67786
2560.34	5.65833
2561.34	5.64502
2562.34	5.64661
2563.34	5.65479
2564.34	5.66455
2565.34	5.66614
2566.34	5.67432
2567.34	5.6958
2568.34	5.67749
2569.34	5.67432
2570.34	5.66614
2571.34	5.65637
2572.34	5.65637
2573.34	5.63843
2574.34	5.64502
2575.34	5.64819
2576.34	5.63019
2577.34	5.6189
2578.34	5.61731
2579.34	5.6189
2580.34	5.6189
2581.34	5.62549
2582.34	5.64038
2583.34	5.64038
2584.34	5.64697
2585.34	5.64856
2586.34	5.65833
2587.34	5.65991
2588.34	5.65833
2589.34	5.6665
2590.34	5.66809
2591.34	5.66809
2592.34	5.65833
2593.34	5.63062
2594.34	5.62903
2595.34	5.62897
2596.34	5.6189
2597.34	5.62708
2598.34	5.62866
2599.34	5.63684
2600.34	5.63684
2601.34	5.63525
2602.34	5.63684
2603.34	5.62866
2604.34	5.61731
2605.34	5.62708
2606.34	5.62708
2607.34	5.6189
2608.34	5.62549
2609.34	5.62866
2610.34	5.61731
2611.34	5.61572
2612.34	5.61731
2613.34	5.61731
2614.34	5.60913
2615.34	5.61572
2616.34	5.61731
2617.34	5.60754
2618.34	5.61572
2619.34	5.61731
2620.34	5.61572
2621.34	5.61731
2622.34	5.61731
2623.34	5.61731
2624.34	5.60913
2625.34	5.58606
2626.34	5.58447
2627.34	5.58606
2628.34	5.57788
2629.34	5.56653
2630.34	5.55676
2631.34	5.54858
2632.34	5.547
2633.34	5.53882
2634.34	5.53723
2635.34	5.54541
2636.34	5.53723
2637.34	5.53723
2638.34	5.53564
2639.34	5.53564
2640.34	5.52551
2641.34	5.53723
2642.34	5.53723
2643.34	5.547
2644.34	5.55676
2645.34	5.56653
2646.34	5.57629
2647.34	5.57629
2648.34	5.58612
2649.34	5.57825
2650.34	5.57825
2651.34	5.56848
2652.34	5.56689
2653.34	5.5603
2654.34	5.55872
2655.34	5.55872
2656.34	5.54895
2657.34	5.54895
2658.34	5.54895
2659.34	5.54895
2660.34	5.54895
2661.34	5.53912
2662.34	5.53723
2663.34	5.53882
2664.34	5.547
2665.34	5.55518
2666.34	5.547
2667.34	5.547
2668.34	5.54858
2669.34	5.55676
2670.34	5.54858
2671.34	5.53882
2672.34	5.53882
2673.34	5.54858
2674.34	5.547
2675.34	5.54541
2676.34	5.547
2677.34	5.54858
2678.34	5.55518
2679.34	5.55676
2680.34	5.56494
2681.34	5.56653
2682.34	5.56812
2683.34	5.56653
2684.34	5.55835
2685.34	5.547
2686.34	5.52905
2687.34	5.5177
2688.34	5.50793
2689.34	5.49817
2690.34	5.49817
2691.34	5.50793
2692.34	5.51611
2693.34	5.52747
2694.34	5.53723
2695.34	5.54541
2696.34	5.53564
2697.34	5.52905
2698.34	5.51929
2699.34	5.5177
2700.34	5.50952
2701.34	5.52747
2702.34	5.52905
2703.34	5.52747
2704.34	5.52747
2705.34	5.5177
2706.34	5.50787
2707.34	5.50598
2708.34	5.49622
2709.34	5.49628
2710.34	5.4884
2711.34	5.49817
2712.34	5.49817
2713.34	5.49817
2714.34	5.49817
2715.34	5.4801
2716.34	5.48645
2717.34	5.48645
2718.34	5.47827
2719.34	5.46851
2720.34	5.45874
2721.34	5.46533
2722.34	5.44897
2723.34	5.44739
2724.34	5.44739
2725.34	5.45557
2726.34	5.45715
2727.34	5.46692
2728.34	5.46692
2729.34	5.48486
2730.34	5.47827
2731.34	5.47668
2732.34	5.47827
2733.34	5.47827
2734.34	5.4884
2735.34	5.48022
2736.34	5.4884
2737.34	5.48999
2738.34	5.47864
2739.34	5.47864
2740.34	5.45905
2741.34	5.45526
2742.34	5.44739
2743.34	5.45557
2744.34	5.46692
2745.34	5.45715
2746.34	5.45715
2747.34	5.47046
2748.34	5.45905
2749.34	5.45715
2750.34	5.45715
2751.34	5.44897
2752.34	5.44739
2753.34	5.44739
2754.34	5.44897
2755.34	5.44739
2756.34	5.45715
2757.34	5.44897
2758.34	5.44739
2759.34	5.44739
2760.34	5.44739
2761.34	5.43762
2762.34	5.42786
2763.34	5.43762
2764.34	5.43762
2765.34	5.41968
2766.34	5.41809
2767.34	5.41809
2768.34	5.40637
2769.34	5.39819
2770.34	5.40479
2771.34	5.40637
2772.34	5.42786
2773.34	5.44739
	
