-0.325439
-0.318726
-0.307068
-0.284363
-0.302063
-0.292175
-0.302063
-0.285889
-0.30365
-0.303833
-0.313416
-0.303894
-0.296997
-0.264771
-0.246582
-0.223755
-0.203979
-0.178162
-0.169861
-0.166443
-0.15979
-0.15979
-0.155029
-0.148499
-0.145386
-0.133972
-0.135254
-0.143799
-0.152283
-0.164978
-0.156677
-0.153503
-0.133667
-0.123901
-0.102783
-0.102905
-0.0965576
-0.106323
-0.114807
-0.142273
-0.156677
-0.155151
-0.16333
-0.161743
-0.145081
-0.133911
-0.115723
-0.102783
-0.0878906
-0.0734863
-0.0715332
-0.081665
-0.0715942
-0.0557861
-0.0535278
-0.0473022
-0.0426025
-0.0356445
-0.0245972
-0.0603027
-0.0687866
-0.0751343
-0.0554199
-0.0621948
-0.0535889
-0.0195313
-3.05E-03
-0.0129395
-0.024292
-0.0132446
-0.020752
-0.024353
0
-1.28E-03
-0.0117188
-7.93E-03
0.123108
0.838379
0.129089
-8.73E-03
-0.21991
-0.755371
0.412354
-1.21918
-0.547363
-0.329468
-0.355835
-0.368042
-0.376831
-0.379822
-0.376465
-0.383057
-0.3573
-0.352173
-0.358948
-0.364014
-0.363953
-0.353882
-0.368774
-0.344421
-0.322998
-0.313538
-0.296875
-0.296936
-0.302246
-0.305054
-0.305115
-0.324951
-0.344543
-0.337891
-0.315186
-0.293701
-0.282471
-0.279236
-0.280823
-0.272705
-0.243286
-0.230103
-0.21875
-0.230103
-0.243286
-0.257874
-0.278931
-0.271057
-0.249634
-0.256592
-0.266052
-0.256348
-0.248474
-0.228577
-0.217163
-0.202393
-0.201233
-0.199097
-0.216919
-0.209351
-0.225403
-0.226685
-0.228943
-0.207764
-0.189087
-0.166504
-0.160217
-0.146973
-0.145325
-0.145325
-0.156738
-0.176208
-0.168457
-0.164856
-0.174683
-0.179749
-0.173035
-0.15509
-0.133606
-0.145386
-0.12384
-0.105957
-0.125854
-0.127319
-0.148499
-0.130493
-0.119202
-0.0948486
-0.0859985
-0.074707
-0.0574951
-0.0749512
-0.0473022
-0.0535889
-0.0635986
-0.0586548
-0.0454102
-0.02771
-0.0192871
0.0145264
0.034668
0.0457153
0.0181885
0.0343018
0.0375366
0.0330811
0.0245361
0.0211182
0.0249634
0.0132446
0.0144653
0.0151978
0.0410156
0.0655518
0.0754395
0.0753174
0.0968018
0.088623
0.0932617
0.0965576
0.086792
0.0869751
0.103027
0.116028
0.127991
0.134033
0.135864
0.125732
0.122559
0.135986
0.13269
0.145325
0.163574
0.183105
0.186279
0.196167
0.194824
0.184387
0.203003
0.203979
0.206177
0.210876
0.233643
0.244019
0.251587
0.264893
0.283081
0.274231
0.258484
0.264526
0.264771
0.268005
0.276123
0.276428
0.274231
0.277649
0.264771
0.264771
0.282715
0.294067
0.323853
0.313965
0.334839
0.346558
0.351807
0.349243
0.335449
0.346497
0.35968
0.366089
0.387573
0.392456
0.425049
0.444885
0.45459
0.454224
0.462402
0.475403
0.464355
0.467224
0.453003
0.467163
0.457275
0.467224
0.477295
0.486938
0.506653
0.505005
0.506653
0.508484
0.506592
0.506653
0.487427
0.4953
0.515137
0.534363
0.52771
0.536194
0.555481
0.537842
0.555786
0.544434
0.536316
0.544189
0.563965
0.588318
0.59375
0.606201
0.615967
0.615967
0.626099
0.635864
0.648804
0.655457
0.664795
0.658569
0.666809
0.657288
0.647217
0.666809
0.671753
0.696106
0.707764
0.751892
0.768311
0.778076
0.803833
0.806946
0.789429
0.797607
0.786194
0.789124
0.767944
0.764771
0.778076
0.786194
0.783997
0.795654
0.803833
0.797607
0.812439
0.815552
0.805481
0.822266
0.843262
0.848083
0.836975
0.854614
0.869202
0.868225
0.869446
0.86792
0.857727
0.856201
0.846436
0.838257
0.826904
0.835022
0.855896
0.866394
0.887451
0.92334
0.946106
0.965942
0.947876
0.954224
0.952637
0.946167
0.942932
0.951172
0.973755
0.985229
0.99054
0.977173
0.993286
0.996399
0.986633
0.988281
0.995239
1.00342
1.01794
1.00812
1.00824
0.988892
0.975342
0.977295
0.985474
1.01648
1.04443
1.05414
1.06531
1.07532
1.07532
1.06873
1.04248
1.04919
1.04761
1.05737
1.05103
1.03784
1.04602
1.05591
1.05579
1.05737
1.04437
1.04578
1.06561
1.17822
0.914185
1.14355
1.17627
1.21399
1.22424
1.27399
1.27393
1.30988
1.30688
1.30994
1.30811
1.31354
1.32672
1.33929
1.33618
1.37097
1.35919
1.3429
1.37213
1.41937
1.41479
1.41357
1.4151
1.41638
1.43152
1.42456
1.39673
1.41003
1.39362
1.3902
1.41364
1.42334
1.4425
1.4527
1.44446
1.41315
1.41162
1.40973
1.40192
1.37415
1.3808
1.37097
1.37067
1.39221
1.40881
1.42804
1.43152
1.43939
1.45111
1.4624
1.47382
1.47876
1.48663
1.48987
1.48901
1.51318
1.52936
1.53937
1.53625
1.53076
1.52802
1.51099
1.49719
1.49988
1.48047
1.48047
1.49524
1.4801
1.47723
1.4671
1.461
1.46747
1.47888
1.48865
1.49835
1.50494
1.50629
1.52301
1.48865
1.505
1.49994
1.5249
1.55695
1.55859
1.56677
1.56714
1.56714
1.56677
1.94098
1.12634
1.09766
1.05359
1.30133
1.34137
1.35919
1.37994
1.36523
1.35828
1.33374
1.32391
1.32385
1.32745
1.31763
1.35822
1.39075
1.43005
1.43518
1.45435
1.45465
1.44775
1.46631
1.47894
1.47571
1.48047
1.47101
1.46094
1.45776
1.4707
1.46094
1.47101
1.4707
1.49341
1.50195
1.49536
1.51196
1.50317
1.49994
1.50354
1.50348
1.51324
1.52307
1.52173
1.53247
1.55078
1.56525
1.57227
1.57373
1.56714
1.56567
1.55426
1.56396
1.56683
1.56744
1.60437
1.61438
1.6554
1.67181
1.70081
1.71442
1.70776
1.69916
1.65857
1.65729
1.65515
1.67334
1.69952
1.71411
1.74365
1.76166
1.77612
1.77612
1.77765
1.78088
1.79449
1.78625
1.80231
1.79761
1.79761
1.78748
1.78589
1.80579
1.8335
1.84808
1.88269
1.88708
1.88428
1.90198
1.90222
1.90704
1.90387
1.90546
1.90698
1.91516
1.9054
1.90552
1.92334
1.92468
1.93512
1.96246
1.97546
1.97919
1.99689
2.00342
2.00818
2.01514
2.01636
2.02271
2.05225
2.05579
2.07538
2.08508
2.09448
2.10626
2.11475
2.10626
2.10468
2.11438
2.11639
2.12769
2.11597
2.13397
2.14691
2.15576
2.15039
2.1554
2.16321
2.14685
2.14063
2.13904
2.14722
2.15076
2.14709
2.16486
2.19293
2.20416
2.2254
2.255
2.2746
2.26471
2.24487
2.26489
2.24878
2.23541
2.23676
2.24524
2.25781
2.25854
2.29443
2.3222
2.32336
2.34143
2.34515
2.35632
2.36792
2.36597
2.36755
2.38586
2.41364
2.42651
2.41833
2.44446
2.44763
2.4574
2.43982
2.44476
2.44769
2.44641
2.43628
2.44446
2.4527
2.4754
2.48547
2.50494
2.51636
2.52625
2.51007
2.50854
2.50494
2.51282
2.54382
2.55579
2.59491
2.62445
2.6355
2.64691
2.63928
2.62573
2.62573
2.62415
2.63391
2.63556
2.65894
2.6687
2.67834
2.67804
2.68781
2.68945
2.69635
2.71594
2.72571
2.73547
2.73871
2.74878
2.7569
2.75464
2.73663
2.73871
2.72919
2.73706
2.74689
2.75183
2.75818
2.7796
2.79602
2.78778
2.78741
2.78247
2.78271
2.79407
2.7843
2.80237
2.82532
2.85309
2.87573
2.88904
2.88776
2.88898
2.89563
2.88904
2.88593
2.87927
2.87726
2.89526
2.89563
2.90533
2.91492
2.92493
2.94293
2.93628
2.94769
2.95776
2.96753
2.96753
2.99524
2.9967
2.9964
2.98859
2.99835
2.99835
3.00659
3.01636
3.01477
3.01636
3.01636
3.03278
3.06201
3.0769
3.07849
3.09497
3.13275
3.13745
3.12732
3.11597
3.09949
3.09607
3.09955
3.07849
3.08508
3.08667
3.10632
3.11792
3.13434
3.1554
3.14716
3.16162
3.1582
3.1734
3.18469
3.20422
3.19757
3.19604
3.20581
3.18781
3.16833
3.16986
3.15698
3.16711
3.15894
3.17688
3.17847
3.20117
3.22388
3.24719
3.2749
3.27454
3.27771
3.27777
3.26636
3.24683
3.29968
3.39081
2.99884
3.36469
3.39355
3.31274
3.30127
3.33417
3.38031
3.39355
3.40991
3.39832
3.41663
3.41467
3.39166
3.41034
3.41315
3.47534
3.49677
3.50177
3.48822
3.46228
3.43121
3.40027
3.40533
3.41821
3.4527
3.45105
3.44763
3.45416
3.45929
3.46088
3.48859
3.49677
3.51636
3.50153
3.47852
3.45422
3.43311
3.41986
3.42181
3.44135
3.45142
3.4527
3.43121
3.42175
3.42963
3.42175
3.39368
3.3808
3.37915
3.39679
3.38074
3.38049
3.40033
3.42181
3.43817
3.45422
3.44946
3.45898
3.44916
3.45117
3.45612
3.43945
3.46716
3.48047
3.46899
3.47192
3.47565
3.47223
3.47729
3.48706
3.48041
3.47565
3.47858
3.49524
3.49841
3.48077
3.42969
3.41687
3.36121
3.36945
3.39844
3.44763
3.49023
3.47223
3.4574
3.45935
3.44958
3.46753
3.83148
3.2395
3.44641
3.27039
3.26892
3.20264
3.1925
3.19061
3.17468
3.16895
3.1756
3.17902
3.15283
3.14612
3.16229
3.17389
3.20825
3.23407
3.24542
3.26215
3.29932
3.30463
3.28638
3.29419
3.31439
3.3255
3.3551
3.33704
3.34802
3.34998
3.35626
3.3512
3.35852
3.38757
3.40552
3.41687
3.41711
3.42151
3.4137
3.4104
3.41205
3.42151
3.45782
3.4707
3.49023
3.50348
3.50354
3.50183
3.53906
3.5722
3.5899
3.62109
3.64282
3.63562
3.6261
3.62415
3.63391
3.62781
3.64087
3.66174
3.66833
3.69299
3.68317
3.69446
3.69446
3.68634
3.70624
3.71429
3.75159
3.77301
3.78601
3.81396
3.82501
3.83197
3.8468
3.86292
3.88123
3.89209
3.87573
3.89368
3.92297
3.93787
3.93823
3.95459
3.96399
3.96375
3.98401
3.97412
3.98364
3.97412
3.97546
3.98395
3.99365
4.01129
4.02618
4.05267
4.07025
4.10278
4.11475
4.12427
4.12573
4.11438
4.10815
4.08667
4.09485
4.11438
4.13239
4.15509
4.16364
4.18469
4.216
4.21753
4.23706
4.25348
4.29413
4.30426
4.3335
4.3269
4.3269
4.3418
4.37769
4.36902
4.36761
4.38593
4.39404
4.40515
4.41174
4.41199
4.43793
4.44641
4.45459
4.46564
4.47375
4.48547
4.48236
4.47736
4.4527
4.44476
4.46399
4.48352
4.51794
4.52655
4.53461
4.55396
4.55737
4.54565
4.54565
4.55426
4.58673
4.60339
4.63202
4.63745
4.6554
4.66522
4.66675
4.66675
4.66479
4.67493
4.67975
4.67682
4.69604
4.70587
4.72601
4.73395
4.73676
4.73541
4.74487
4.73828
4.73895
4.74683
4.77466
4.80579
4.84521
4.86792
4.89722
4.88898
4.89716
4.90503
4.8985
4.90698
4.91516
4.93658
4.95587
4.96912
4.98547
5.02148
5.05615
5.0741
5.08636
5.10309
5.09644
5.07031
5.0769
5.08667
5.08502
5.07813
5.09485
5.11633
5.11945
5.11584
5.12726
5.13086
5.13745
5.15533
5.16168
5.17468
5.20111
5.19604
5.22583
5.24878
5.25842
5.27771
5.28748
5.289
5.27448
5.28748
5.27649
5.29443
5.30542
5.30396
5.31714
5.32367
5.33472
5.32495
5.3446
5.34796
5.36438
5.38428
5.38562
5.41357
5.41675
5.4071
5.38782
5.40576
5.40381
5.39526
5.3938
5.41364
5.43634
5.44641
5.44788
5.44916
5.47882
5.47882
5.48865
5.49829
5.52258
5.54724
5.54919
5.56091
5.56091
5.5675
5.55768
5.55231
5.55383
5.54578
5.57227
5.59485
5.61957
5.62799
5.63898
5.63904
5.64722
5.6488
5.63745
5.65698
5.67651
5.69604
5.70422
5.7074
5.72375
5.71716
5.70581
5.72571
5.74524
5.77454
5.76794
5.7843
5.79565
5.79565
5.81055
5.82568
5.85461
5.88391
5.89874
5.90039
5.90857
5.90039
5.89063
5.85144
5.83826
5.8269
5.81714
5.83508
5.84644
5.86133
5.88403
5.91357
5.91516
5.91516
5.8988
5.96136
6.08728
5.68561
6.04065
6.05072
6.04077
6.07898
6.09387
6.12482
6.14307
6.14813
6.16473
6.1814
6.18573
6.17749
6.14355
6.12872
6.1698
6.18115
6.1814
6.1745
6.16974
6.15308
6.14038
6.14362
6.16479
6.2074
6.20734
6.21082
6.19788
6.17603
6.18591
6.1745
6.15857
6.15686
6.11743
6.09442
6.09485
6.10455
6.11243
6.13086
6.15192
6.16199
6.16833
6.19135
6.18494
6.17456
6.17297
6.14404
6.13397
6.13593
6.11121
6.12891
6.13397
6.14087
6.15033
6.14215
6.1405
6.12256
6.10144
6.08313
6.09131
6.08002
6.07996
6.07141
6.07019
6.06995
6.07031
6.08191
6.08978
6.07538
6.09015
6.09332
6.07996
6.07855
6.08704
6.0863
6.06836
6.03619
6.02612
6.01947
6.0097
6.0199
6.05884
6.0816
6.09802
6.09998
6.11792
6.11792
6.10461
6.44092
5.88171
5.82397
5.72723
5.8631
5.86597
5.89673
5.92566
5.94507
5.94666
5.94189
5.95001
5.95129
5.96973
6.01056
6.06073
6.10553
6.13757
6.177
6.20093
6.21765
6.22101
6.22894
6.22894
6.25671
6.27026
6.31567
6.34656
6.36951
6.37769
6.40039
6.43988
6.45935
6.46918
6.49683
6.51959
6.53943
6.54926
6.57233
6.59839
6.63904
6.6601
6.69141
6.73395
6.73193
6.76953
6.78473
6.83356
6.84644
6.85315
6.86639
6.87256
6.8941
6.91211
6.92371
6.9375
6.96436
6.96912
6.98547
7.00342
7.0199
7.06213
7.08356
7.10309
7.14221
7.17688
7.16675
7.19135
7.2403
7.26324
7.27454
7.28271
7.32544
7.3335
7.35278
7.38245
7.40424
7.43512
7.44135
7.45422
7.47217
7.495
7.5343
7.53784
7.55585
7.5589
7.5968
7.59839
7.59644
7.59644
7.62256
7.64374
7.69299
7.69635
7.71564
7.73358
7.76477
7.7843
7.82544
7.83704
7.87579
7.8905
7.88361
7.88586
7.89404
7.89685
7.92175
7.96564
8.02142
8.05591
8.0741
8.09338
8.11127
8.13556
8.1261
8.13715
8.15729
8.16833
8.19611
8.21594
8.22565
8.25305
8.28754
8.31396
8.33679
8.35663
8.38745
8.38708
8.39362
8.38678
8.4054
8.42487
8.43597
8.45428
8.47375
8.48669
8.50818
8.50653
8.534
8.55542
8.57538
8.61475
8.60779
8.62415
8.63708
8.64728
8.67688
8.69763
8.70807
8.71912
8.74524
8.77454
8.7843
8.78784
8.80548
8.83203
8.85309
8.86597
8.89215
8.91516
8.92816
8.93817
8.9281
8.93951
8.94476
8.92804
8.93823
8.94965
8.96783
8.99524
9.02612
9.04578
9.06555
9.07532
9.08545
9.06866
9.06372
9.05542
9.0636
9.07507
9.09869
9.11481
9.13904
9.15857
9.19446
9.24365
9.25983
9.29443
9.3139
9.3266
9.3382
9.3562
9.35803
9.37415
9.37897
9.39563
9.39563
9.39868
9.41675
9.44611
9.45618
9.46588
9.47699
9.50342
9.53271
9.55554
9.56909
9.58698
9.59485
9.59143
9.60651
9.61597
9.64404
9.6571
9.68512
9.69641
9.69446
9.70581
9.72375
9.7171
9.755
9.76831
9.77808
9.78943
9.80768
9.80737
9.80737
9.80737
9.81555
9.83521
9.86633
9.86627
9.87573
9.87726
9.89539
9.90698
9.92493
9.94446
9.96753
9.98547
9.99683
10.0082
10.0081
10.0066
9.99677
9.99994
10.0359
10.0472
10.057
10.0687
10.0964
10.1343
10.1472
10.1636
10.1848
10.1863
10.1929
10.1699
10.1749
10.1761
10.1992
10.2175
10.2386
10.2369
10.2614
10.2667
10.2682
10.2843
10.2859
10.2941
10.3054
10.3168
10.3269
10.3074
10.3156
10.3269
10.3351
10.3448
10.3383
10.3452
10.3531
10.3644
10.366
10.348
10.3563
10.3859
10.407
10.3972
10.4265
10.446
10.4757
10.5066
10.5277
10.5656
10.5933
10.5898
10.5687
10.5476
10.5362
10.5277
10.5375
10.6149
10.8558
10.2427
10.7156
10.7758
10.7206
10.7438
10.7032
10.715
10.6919
10.6858
10.6892
10.6794
10.676
10.6533
10.6482
10.6205
10.6581
10.6584
10.6436
10.6503
10.6565
10.6467
10.6027
10.5964
10.5978
10.593
10.6081
10.6143
10.6112
10.5865
10.5784
10.5554
10.5425
10.5327
10.5261
10.5148
10.5081
10.5245
10.5264
10.5195
10.5135
10.5129
10.5132
10.5144
10.4933
10.5031
10.4656
10.4511
10.4315
10.4101
10.4105
10.4003
10.4007
10.4281
10.4316
10.4152
10.4101
10.4019
10.3839
10.3726
10.3858
10.3726
10.3757
10.379
10.3511
10.3303
10.3187
10.309
10.2957
10.2797
10.2679
10.2629
10.2355
10.2323
10.23
10.2496
10.2667
10.2808
10.2808
11.5233
12.439
11.2358
10.5621
10.3833
10.3853
10.3723
10.2529
9.35156
7.03027
8.36102
10.4486
10.4515
10.2774
10.2613
10.2452
10.2613
10.2514
10.2664
11.0159
9.28516
10.0625
10.0406
10.0837
10.1472
10.132
10.1612
10.1954
10.1736
10.1708
10.1888
10.2196
10.2571
10.2587
10.2473
10.2501
10.2766
10.311
10.35
10.3844
10.386
10.3976
10.4349
10.4565
10.4841
10.5203
10.5247
10.5458
10.5675
10.5626
10.5886
10.5933
10.6257
10.6685
10.6996
10.7112
10.727
10.7468
10.7598
10.7813
10.7914
10.8121
10.832
10.8614
10.8827
10.8953
10.9152
10.9348
10.9694
10.9934
11.0395
11.0706
11.0833
11.0948
11.1344
11.1537
11.1829
11.2062
11.2242
11.232
11.2484
11.252
11.2436
11.2532
11.2567
11.2749
11.2831
11.2941
11.3075
11.3339
11.3544
11.3729
11.3871
11.4039
11.425
11.4351
11.4446
11.4527
11.4741
11.4969
11.5248
11.5723
11.6028
11.6376
11.6542
11.6469
11.6522
11.6781
11.6753
11.6731
11.675
11.7046
11.7125
11.7172
11.7241
11.7367
11.7668
11.7863
11.8222
11.8333
11.8613
11.8746
11.886
11.8761
11.8773
11.8925
11.8989
11.9152
11.9331
11.9457
11.9645
11.9776
11.9855
12.0067
12.0249
12.0327
12.0489
12.0539
12.0737
12.103
12.1226
12.1356
12.1738
12.1847
12.1929
12.1863
12.2027
12.2141
12.2355
12.2551
12.2667
12.2761
12.3055
12.3041
12.2972
12.2859
12.3008
12.3496
12.3582
12.384
12.4121
12.433
12.4297
12.4465
12.4382
12.4449
12.466
12.4545
12.4445
12.4559
12.4659
12.4639
12.4868
12.4968
12.5167
12.5262
12.546
12.5574
12.5656
12.5816
12.6062
12.6356
12.6374
12.6437
12.6551
12.657
12.6553
12.6632
12.6485
12.6375
12.6655
12.6683
12.6766
12.6801
12.6851
12.6878
12.686
12.6765
12.6964
12.7339
12.7386
12.7566
12.7683
12.796
12.8058
12.7972
12.7957
12.8026
12.8054
12.7957
12.8105
12.8191
12.8092
12.8156
12.8156
12.8171
12.8333
12.8628
12.8922
12.907
12.9167
12.9249
12.9379
12.9448
12.948
12.9445
12.9624
12.9672
12.9594
12.9464
12.946
12.946
12.9492
12.9366
12.9562
12.9757
13.0066
13.0327
13.0735
13.0883
13.0964
13.1097
13.0999
13.0945
13.1059
13.1078
13.1324
13.1519
13.1667
13.175
13.1863
13.2042
13.1878
13.1503
13.1371
13.1273
13.1176
13.1176
13.1163
13.1426
13.1653
13.1932
13.1929
13.196
13.196
13.1879
13.2141
13.1964
13.2242
13.232
13.2335
13.2434
13.2452
13.2581
13.2468
13.2468
13.2452
13.2531
13.2366
13.2449
13.2734
13.296
13.2843
13.2957
13.3038
13.307
13.2991
13.2996
13.3289
13.337
13.3385
13.3445
13.3527
13.3641
13.348
13.3562
13.3464
13.3582
13.3777
13.3679
13.3937
13.3953
13.405
13.4066
13.4066
13.4066
13.4183
13.4186
13.4199
13.4265
13.4542
13.4672
13.4855
13.4886
13.4886
13.4756
13.4835
13.4554
13.462
13.4688
13.6335
13.5729
13.4398
13.6188
13.4767
13.4874
13.4993
13.4911
13.5013
13.4927
13.4997
13.501
13.4831
13.4685
13.4474
13.4456
13.4752
13.485
13.4932
13.5292
13.5308
13.5292
13.4999
13.4768
13.4768
13.4589
13.4557
13.4577
13.4659
13.4655
13.4672
13.4659
13.4557
13.4542
13.4557
13.4379
13.4264
13.4152
13.3971
13.3859
13.3855
13.376
13.364
13.3655
13.353
13.3464
13.3335
13.3433
13.3417
13.3414
13.325
13.3026
13.2714
13.2253
13.2108
13.1992
13.1699
13.1617
13.1569
13.1484
13.1422
13.1488
13.1682
13.1581
13.1402
13.1406
13.1307
13.0929
13.08
13.0885
13.0898
13.0867
13.0785
13.0687
13.0671
13.0801
13.0522
13.0311
13.0195
13.0015
12.9835
12.9413
12.91
12.9067
12.8827
12.8777
12.8679
12.8679
12.8613
12.871
12.8695
12.8613
12.8597
12.858
12.8546
12.812
12.8007
12.7714
12.7405
12.7206
12.7172
12.709
12.7156
12.7172
12.7188
12.7207
12.7289
12.7109
12.7012
12.7257
12.7175
12.6976
12.6797
12.6785
12.662
12.6389
12.6469
12.6387
12.6272
12.6156
12.614
12.6058
12.5684
12.557
12.541
12.5297
12.5117
12.4987
12.5066
12.4999
12.4984
12.5097
12.5261
12.5359
12.5492
12.5394
12.5378
12.5277
12.4984
12.4804
12.4608
12.4456
12.4573
12.4605
12.4495
12.4296
12.4281
12.4215
12.4058
12.407
12.4183
12.4265
12.4265
12.3987
12.3902
12.3789
12.3597
12.3698
12.3597
12.366
12.3464
12.3203
12.2992
12.2745
12.2464
12.209
12.1898
12.1765
12.1851
12.1589
12.1488
12.1406
12.1094
12.0995
12.0734
12.0768
12.0867
12.0883
12.0785
12.0768
12.0586
12.0391
12.0195
12.0082
12.0034
12.0281
12.046
12.0753
12.0785
12.0605
12.0574
12.028
11.9917
11.9773
11.9691
11.9594
11.9397
11.9363
11.9164
11.8984
11.8511
11.8448
11.8171
11.8136
11.8152
11.7969
11.7957
11.7777
11.778
11.7679
11.7582
11.773
11.7679
11.786
11.7683
11.7584
11.7449
11.709
11.7059
11.6999
11.6965
11.6863
11.6962
11.6785
11.6686
11.6734
11.6683
11.6504
11.6273
11.6339
11.6042
11.5863
11.5833
11.5948
11.5964
11.5785
11.5867
11.5883
11.5703
11.5558
11.5394
11.5363
11.5441
11.5457
11.5558
11.5753
11.575
11.5816
11.5734
11.5472
11.5098
11.4789
11.4578
11.4362
11.446
11.4476
11.4559
11.4839
11.4871
11.4753
11.4672
11.4574
11.4379
11.4265
11.3889
11.3757
11.366
11.3448
11.325
11.3085
11.2777
11.2859
11.2601
11.2667
11.275
11.2828
11.2827
11.2664
11.268
11.2504
11.2374
11.2319
11.2206
11.2206
11.2094
11.2077
11.1796
11.1648
11.1469
11.1257
11.1078
11.098
11.1144
11.1078
11.0898
11.0789
11.0593
11.0577
11.028
11.0441
11.0457
11.039
11.0261
11.0148
11.0117
11.0132
11.0047
10.9871
10.9968
10.9691
10.959
10.9492
10.9492
10.9476
10.9183
10.9167
10.9152
10.889
10.9039
10.9054
10.9152
10.9167
10.9004
10.8972
10.8906
10.8695
10.8679
10.8562
10.8464
10.8351
10.8414
10.8168
10.8054
10.7957
10.8054
10.7875
10.7598
10.7648
10.7351
10.7156
10.6976
10.7124
10.7039
10.7039
10.7023
10.7039
10.714
10.696
10.7156
10.7094
10.698
10.7061
10.7058
10.6879
10.6847
10.6844
10.6683
10.6456
10.6191
10.6144
10.598
10.5769
10.5734
10.5652
10.5457
10.5457
10.5375
10.5488
10.5394
10.5297
10.505
10.5046
10.5148
10.4933
10.4656
10.4672
10.4558
10.4183
10.3855
10.3823
10.3937
10.3972
10.3906
10.3988
10.4003
10.3807
10.3413
10.3464
10.3383
10.3187
10.2992
10.3058
10.3237
10.3171
10.307
10.3136
10.3234
10.3152
10.2808
10.2566
10.2632
10.2566
10.2289
10.2355
10.2273
10.2175
10.2078
10.2159
10.2241
10.2074
10.196
10.196
10.1895
10.1879
10.1504
10.1375
10.1293
10.1195
10.1047
10.0948
10.0948
10.1141
10.1062
10.1062
10.0964
10.0879
10.075
10.075
10.075
10.0656
10.0538
10.0538
10.0457
10.0359
10.0359
10.0277
10.0195
10.0179
10.0098
9.98047
9.97919
10.0051
10.0085
9.98901
9.98547
9.99524
9.98706
9.9577
9.94293
9.93787
9.91675
9.91321
9.8855
9.88245
9.8562
9.83826
9.80731
9.79565
9.78589
9.77612
9.76636
9.76282
9.76605
9.77454
9.7597
9.75
9.74841
9.75031
9.75659
9.755
9.76129
9.75464
9.73511
9.73193
9.72375
9.7074
9.69604
9.69409
9.68591
9.67615
9.64844
9.64526
9.62885
9.6355
9.60779
9.62573
9.60767
9.60425
9.61401
9.59766
9.58789
9.59644
9.57031
9.5636
9.56201
9.56201
9.57336
9.54724
9.55225
9.55542
9.55859
9.54565
9.50623
9.51282
9.50623
9.47693
9.48364
9.45935
9.46088
9.44958
9.43665
9.42651
9.43628
9.44604
9.44446
9.43787
9.45581
9.43945
9.41986
9.41675
9.39063
9.35974
9.36633
9.36633
9.35815
9.35657
9.37573
9.36597
9.3562
9.3562
9.33826
9.3269
9.30896
9.27966
9.26013
9.24683
9.24329
9.23865
9.22064
9.23547
9.21912
9.23547
9.25659
9.25659
9.24841
9.23865
9.24524
9.24524
9.22888
9.22729
9.21912
9.21753
9.21753
9.19958
9.20618
9.18628
9.16669
9.17297
9.16638
9.15662
9.14685
9.12573
9.13715
9.10962
9.11597
9.09796
9.09448
9.1062
9.08472
9.06519
9.04407
9.01794
9.01282
9.00623
8.99646
8.99487
8.96875
8.96399
8.96558
8.96722
8.9577
8.9425
8.94604
8.93982
8.93005
8.90228
8.9187
8.90894
8.89917
8.89258
8.8894
8.89917
8.88904
8.87762
8.88391
8.8855
8.88556
8.8678
8.84961
8.82849
8.82025
8.81555
8.79095
8.77808
8.77808
8.77649
8.76672
8.76831
8.76013
8.75854
8.76514
8.74683
8.77295
8.75659
8.74524
8.75342
8.73706
8.74524
8.73511
8.73511
8.72693
8.72534
8.7074
8.70776
8.70117
8.68823
8.71594
8.68945
8.6781
8.6554
8.66357
8.67493
8.66675
8.65857
8.63745
8.61951
8.59839
8.56873
8.55383
8.56519
8.56055
8.56714
8.55896
8.55078
8.55579
8.53943
8.54443
8.54602
8.53589
8.55078
8.54565
8.53589
8.52612
8.53589
8.52612
8.51794
8.49841
8.48865
8.46246
8.45776
8.43976
8.46594
8.43787
8.45618
8.44611
8.43469
8.41675
8.41364
8.41675
8.39722
8.41516
8.43628
8.41833
8.40857
8.40857
8.3988
8.37769
8.34833
8.34802
8.3269
8.31519
8.32336
8.3266
8.33508
8.3269
8.32849
8.32056
8.3269
8.30731
8.31525
8.33508
8.3269
8.30737
8.28943
8.29919
8.30896
8.27136
8.28589
8.29407
8.29565
8.2793
8.26636
8.26636
8.24841
8.23199
8.22729
8.24524
8.24841
8.23865
8.23706
8.21753
8.21399
8.21399
8.20422
8.18787
8.18628
8.18628
8.18628
8.16016
8.15857
8.1554
8.16516
8.15039
8.13086
8.13745
8.13586
8.12927
8.10962
8.10461
8.1145
8.11792
8.09644
8.08826
8.08508
8.04919
8.03943
8.01825
8.01636
8.00659
8.00659
8.00659
8.01477
8.00659
8.00659
7.99023
7.97729
7.94952
7.93982
7.93005
7.90887
7.8855
7.87573
7.89728
7.88745
7.8761
7.87769
7.88745
7.86951
7.86792
7.86792
7.86951
7.88586
7.88586
7.88086
7.86951
7.86792
7.87769
7.86951
7.86633
7.86792
7.85461
7.82532
7.8269
7.79761
7.78784
7.77808
7.78625
7.80579
7.78632
7.77808
7.78625
7.76013
7.75854
7.75848
7.75977
7.76001
7.74023
7.72888
7.72571
7.71753
7.69958
7.66675
7.67334
7.67493
7.68469
7.68628
7.68628
7.69604
7.7074
7.69922
7.67969
7.66833
7.65698
7.62927
7.61633
7.60303
7.58667
7.56519
7.57336
7.58313
7.57495
7.57654
7.57495
7.58667
7.56714
7.55896
7.54919
7.54761
7.54407
7.55383
7.53589
7.52771
7.5249
7.5199
7.51013
7.48901
7.50537
7.4906
7.48706
7.49524
7.49841
7.48706
7.46899
7.46912
7.46753
7.44287
7.41864
7.40698
7.3988
7.39722
7.38745
7.38745
7.38745
7.37927
7.37769
7.38745
7.37927
7.38745
7.38745
7.39563
7.3988
7.38434
7.37109
7.3562
7.33826
7.32532
7.34485
7.33826
7.32843
7.31873
7.31873
7.30066
7.27612
7.25623
7.2644
7.28784
7.27966
7.28784
7.28119
7.28589
7.27771
7.25818
7.25659
7.255
7.26477
7.26947
7.24841
7.24524
7.22888
7.22729
7.21594
7.20776
7.21594
7.20935
7.21594
7.21594
7.21747
7.20581
7.20587
7.21759
7.19983
7.1781
7.15857
7.16675
7.16016
7.14215
7.12927
7.11951
7.10657
7.0918
7.08704
7.08704
7.10657
6.97754
7.20532
7.16357
7.08661
7.07184
7.16626
7.17755
6.98157
7.04761
6.56964
7.87036
