-0.300415
-0.302002
-0.272705
-0.260986
-0.249634
-0.220276
-0.228577
-0.239868
-0.230103
-0.221924
-0.19574
-0.184326
-0.174622
-0.161743
-0.171509
-0.15509
-0.166382
-0.153137
-0.129028
-0.138977
-0.113647
-0.0863647
-0.0929565
-0.127014
-0.109375
-0.0945435
-0.0913696
-0.0844727
-0.0881958
-0.0941772
-0.102783
-0.114075
-0.109375
-0.138733
-0.155151
-0.13208
-0.102783
-0.081665
-0.0539551
-0.0601807
-0.0878906
-0.109375
-0.150024
-0.153442
-0.141907
-0.132019
-0.122314
-0.101563
-0.100891
-0.0878296
-0.100891
-0.0996094
-0.109314
-0.110657
-0.120728
-0.112549
-0.101135
-0.0828857
-0.081604
-0.0797119
-0.0601807
-0.0750122
-0.0812988
-0.0800171
-0.0633545
-6.01E-02
-5.20E-02
-0.0321045
-0.0227051
-0.020752
-3.17E-03
-4.55E-13
-1.10E-02
-1.59E-03
-1.95E-02
3.02E-01
2.54041
2.37512
7.56E-01
-1.12E-01
-2.77795
-0.303955
-2.44257
-3.23267
-1.10669
-0.469849
-0.364502
-0.284485
-0.224304
-0.198303
-0.157593
-0.123169
-0.0756836
-0.0513916
-0.0167236
5.19E-03
0.0266113
5.76E-02
7.58E-02
0.0985718
0.128174
0.134399
0.145752
0.150818
0.173462
0.195007
0.191467
0.199951
0.220703
2.09E-01
0.222656
2.13E-01
0.232422
2.50E-01
2.46E-01
2.59E-01
2.68E-01
0.255066
2.52E-01
0.291138
0.303101
0.314026
0.315674
0.318726
0.301147
0.302673
0.315613
0.307373
0.305908
0.297607
0.287903
0.315674
0.304199
0.303955
0.322266
0.333557
0.33667
0.31842
0.338257
0.374573
0.397278
0.417114
0.451172
0.466003
0.457458
0.451538
0.465942
0.469116
0.479248
0.513245
0.532776
0.567261
0.573792
0.565308
0.587097
0.568726
0.565979
0.568787
0.567505
0.577271
0.603516
0.642151
0.681641
0.706299
0.689819
0.69989
0.687866
0.689941
0.688293
0.698059
0.704651
0.732056
0.727722
0.725769
0.745239
0.756714
0.768311
0.787903
0.825378
0.838379
0.866699
0.875854
0.900757
0.923462
0.941406
0.957886
0.948059
0.939819
0.957764
0.979309
0.985535
0.988708
1.00702
1.00848
0.988647
0.977417
0.975708
1.00391
1.03131
1.05432
1.04602
1.0675
1.05585
1.08167
1.09686
1.11444
1.13757
1.15576
1.17627
1.18982
1.20471
1.21399
1.21765
1.22571
1.23718
1.25574
1.26648
1.30432
1.29791
1.31567
1.30896
1.30768
1.32703
1.35474
1.37292
1.39575
1.39417
1.39539
1.35974
1.34686
1.34491
1.3562
1.36804
1.37463
1.39758
1.41675
1.43799
1.45654
1.4657
1.4953
1.5152
1.52466
1.5199
1.51672
1.51013
1.50659
1.53442
1.55585
1.59686
1.61963
1.64404
1.66833
1.67651
1.68793
1.69647
1.698
1.716
1.72742
1.75537
1.76489
1.78442
1.79443
1.78125
1.77649
1.78754
1.80127
1.82568
1.84656
1.86316
1.88721
1.88599
1.88586
1.86914
1.87805
1.87738
1.86792
1.88947
1.89728
1.9234
1.9364
1.94293
1.95435
1.96472
1.9856
1.97076
1.98425
2.00824
2.02655
2.03632
2.05737
2.08362
2.10309
2.11328
2.11804
2.11639
2.1261
2.11597
2.10785
2.11633
2.12579
2.15546
2.18793
2.2077
2.24536
2.26831
2.27808
2.30426
2.31561
2.32349
2.34528
2.36798
2.38623
2.38092
2.37775
2.39722
2.40698
2.40704
2.42688
2.45581
2.46722
2.45935
2.46942
2.4707
2.48047
2.48895
2.48053
2.49725
2.49713
2.5083
2.52649
2.54565
2.56683
2.57227
2.58698
2.59808
2.60974
2.61639
2.61951
2.61792
2.63904
2.63086
2.63745
2.65076
2.68005
2.70935
2.71912
2.73865
2.73865
2.74878
2.7406
2.74878
2.75854
2.75818
2.77783
2.79761
2.81592
2.82861
2.8468
2.86633
2.86957
2.87146
2.8894
2.8894
2.87958
2.88904
2.89221
2.89917
2.8988
2.93823
2.93976
2.94763
2.97699
2.98865
3.0097
2.99841
3.01831
3.01672
3.01959
3.02655
3.00659
3.00818
3.00513
4.2085
1.9165
3.47473
3.2804
3.23645
3.07166
3.01373
2.99591
3.00604
3.01123
3.01465
3.01788
2.99799
2.97205
2.92133
2.88068
2.89844
2.96082
2.97382
2.97058
2.966
2.96283
2.92645
2.88855
2.88043
2.89722
2.94128
2.96753
2.987
3.00659
2.98907
2.98438
2.99237
3.01288
3.04413
3.04919
3.06396
3.08356
3.0835
3.06519
3.04413
3.04089
3.0246
3.03131
3.04956
3.06714
3.08044
3.08008
3.10309
3.09491
3.09521
3.10468
3.0835
3.07184
3.06207
3.05066
3.04419
3.02802
3.04102
3.04065
3.02966
3.01953
3.02814
3.04102
3.04254
3.06042
3.07196
3.09833
3.08826
3.09644
3.09967
3.09869
3.09802
3.09967
3.10822
3.10651
3.09344
3.07538
3.07349
3.05579
3.03125
3.07538
3.12891
3.17346
3.18347
3.20154
3.21948
3.23706
3.22223
3.65192
3.2439
3.32355
1.0213
2.37598
2.84351
2.98706
3.05487
3.10059
3.18268
3.22827
3.25403
3.30609
3.33887
3.3606
3.38605
3.40082
3.40051
3.40436
3.40424
3.43176
3.45984
3.47589
3.49414
3.50012
3.5105
3.51166
3.50006
3.49847
3.53003
3.54266
3.56091
3.58362
3.60321
3.61322
3.61133
3.61328
3.63281
3.65228
3.65033
3.68323
3.71606
3.72614
3.7276
3.74341
3.76648
3.77344
3.78479
3.82068
3.87109
3.88782
3.88745
3.89417
3.89569
3.91205
3.92346
3.95282
3.948
3.98364
4.01672
4.04449
4.06561
4.08838
4.08868
4.09998
4.08856
4.09613
4.1051
4.11957
4.13269
4.16333
4.19489
4.22583
4.25549
4.27496
4.28442
4.30432
4.32703
4.3468
4.37268
4.38782
4.40857
4.41998
4.39911
4.40509
4.39844
4.39758
4.40869
4.4281
4.45618
4.49377
4.51843
4.51007
4.5293
4.53625
4.54102
4.54767
4.56561
4.62469
4.64764
4.67499
4.716
4.73553
4.73877
4.74719
4.77429
4.79773
4.7995
4.81531
4.83704
4.86768
4.8761
4.86298
4.87775
4.87769
4.88745
4.89569
4.93634
4.95813
4.97894
4.99689
4.99994
5.01172
5.02966
5.03943
5.05933
5.0719
5.10498
5.11914
5.13123
5.1394
5.18359
5.20898
5.22919
5.24683
5.26801
5.2749
5.28094
5.29608
5.31915
5.32056
5.33826
5.35779
5.37775
5.40045
5.43506
5.45935
5.47894
5.48895
5.51801
5.51172
5.51868
5.52777
5.56403
5.58667
5.59644
5.62115
5.63934
5.64069
5.66052
5.67682
5.67145
5.68628
5.71094
5.70435
5.703
5.70935
5.72729
5.74878
5.77814
5.78156
5.80737
5.83862
5.84344
5.86005
5.86951
5.89886
5.91052
5.93036
5.94958
5.961
5.98083
5.98077
6.00195
6.01013
6.02972
6.05768
6.07855
6.10657
6.11792
6.13745
6.15033
6.16833
6.16669
6.18597
6.19604
6.21918
6.2113
6.22919
6.24017
6.25818
6.26959
6.28149
6.30737
6.33508
6.36768
6.37927
6.39722
6.41516
6.45941
6.48401
6.50037
6.51007
6.52777
6.55115
6.55768
6.56885
6.56909
6.59998
6.58356
6.58191
6.58978
6.58319
6.58191
6.59143
6.59998
6.60974
6.63593
6.66687
6.69647
6.71588
6.75659
6.80554
6.83008
6.8714
6.8808
6.91168
6.91992
6.948
6.97925
7.00537
7.01611
7.01013
7.01831
7.02655
7.01172
7.02148
7.03943
7.04913
7.05859
7.08203
7.08356
7.10657
7.12769
7.15704
7.15192
7.15698
7.17847
7.18982
7.21912
7.23041
7.27612
7.29291
7.32068
7.31561
7.33044
7.32214
7.33984
7.33002
7.34332
7.36127
7.35809
7.35938
7.36755
7.37732
7.37262
7.39734
7.42847
7.43164
7.4234
7.43817
7.45935
7.46405
7.49176
7.51013
7.52966
7.55078
7.56055
7.55237
7.57068
7.60193
7.60352
7.62964
7.63934
7.64722
7.66516
7.67822
7.70618
7.71753
7.716
7.72894
7.83606
8.48785
7.19141
8.01575
7.98029
7.83032
7.68158
7.6806
7.68262
7.68927
7.67761
7.66986
7.66199
7.6582
7.63892
7.63544
7.59479
7.60779
7.6358
7.62213
7.59448
7.58545
7.59009
7.62585
7.63904
7.65381
7.64844
7.63782
7.63428
7.63245
7.65198
7.66687
7.67175
7.66357
7.64685
7.65393
7.65546
7.63428
7.66052
7.65509
7.6687
7.66711
7.68317
7.6554
7.64563
7.62451
7.59491
7.5835
7.58319
7.59491
7.59167
7.59137
7.6015
7.61121
7.60596
7.61133
7.60498
7.62262
7.62109
7.60968
7.60156
7.59961
7.59021
7.5899
7.59521
7.61133
7.6214
7.6109
7.58521
7.60498
7.59338
7.59167
7.59998
7.62109
7.63275
7.63428
7.63721
7.64569
7.6441
7.60828
7.55933
7.53162
7.54285
7.5672
7.60468
7.63434
7.64252
7.6507
7.68799
7.67023
8.1488
8.03723
7.59973
5.65875
6.91583
7.38251
7.57178
7.67285
7.74097
7.78839
7.81262
7.84387
7.8736
7.90948
7.96655
8.02014
8.06293
8.08716
8.11804
8.14569
8.20483
8.23749
8.26813
8.28632
8.31921
8.3501
8.35504
8.38092
8.39258
8.41333
8.42542
8.47113
8.49219
8.53131
8.55591
8.58582
8.60315
8.62463
8.66022
8.69958
8.72583
8.7453
8.76483
8.78595
8.8075
8.83563
8.84521
8.8645
8.9043
8.89734
8.90735
8.92847
8.95422
8.97742
9.02332
9.05554
9.09485
9.11957
9.14758
9.17664
9.22626
9.25702
9.29126
9.30713
9.30896
9.32849
9.33832
9.3667
9.4071
9.46289
9.49719
9.53436
9.55042
9.56091
9.58704
9.60657
9.63593
9.6571
9.69324
9.71765
9.76648
9.79614
9.82727
9.85669
9.9071
9.93042
9.95117
9.9679
9.99841
10.0378
10.046
10.0488
10.0593
10.0703
10.087
10.1144
10.1489
10.2129
10.2437
10.2844
10.3024
10.3387
10.3663
10.3969
10.4167
10.441
10.4675
10.4805
10.5183
10.5297
10.546
10.5848
10.6015
10.6014
10.6325
10.6523
10.6866
10.7192
10.775
10.7977
10.8175
10.832
10.8503
10.8793
10.891
10.9203
10.9578
10.9956
11.0359
11.0707
11.0886
11.1344
11.17
11.2176
11.2307
11.2485
11.2488
11.2683
11.2796
11.3058
11.3367
11.3563
11.3875
11.4184
11.466
11.4871
11.5234
11.5394
11.5652
11.5968
11.6207
11.6503
11.6882
11.7109
11.7288
11.7468
11.7665
11.77
11.7976
11.8187
11.8367
11.8676
11.8792
11.9008
11.9203
11.9301
11.9511
11.9692
11.9886
12.0214
12.0328
12.064
12.0962
12.1277
12.1507
12.1589
12.1704
12.1887
12.2194
12.2321
12.2617
12.296
12.3399
12.3714
12.4073
12.428
12.4509
12.4691
12.4855
12.5016
12.5316
12.5579
12.569
12.6161
12.639
12.677
12.6816
12.7078
12.7633
12.7809
12.7894
12.7991
12.8187
12.8563
12.8632
12.891
12.9105
12.9464
12.9671
12.9805
13.0003
13.0382
13.0769
13.09
13.1277
13.1652
13.1878
13.2094
13.2403
13.2604
13.2894
13.3007
13.3285
13.3381
13.3693
13.3909
13.4105
13.4285
13.4496
13.4678
13.4774
13.4985
13.5364
13.577
13.5883
13.618
13.623
13.6605
13.6816
13.7012
13.7308
13.7504
13.76
13.7859
13.8071
13.8121
13.8323
13.8629
13.8922
13.9332
13.9512
13.9886
14.03
14.0315
14.0396
14.0511
14.0804
14.0999
14.1277
14.1553
14.1797
14.2175
14.2288
14.2289
14.2305
14.2468
14.2699
14.2894
14.309
14.3582
14.3989
14.4222
14.4237
14.4398
14.4496
14.4659
14.4706
14.5001
14.5219
14.5577
14.5769
14.6015
14.6031
14.6016
14.6179
14.641
14.6606
14.6703
14.7012
14.7292
14.7683
14.7992
14.7992
14.85
14.8781
14.8991
14.9265
14.9496
14.9594
14.9496
14.9414
15.02
15.7487
14.6395
15.1088
15.2993
15.1044
14.969
14.9111
14.8986
14.9248
14.9294
14.9375
14.9233
14.9265
14.8726
14.8483
14.8315
14.8105
14.8253
14.8286
14.8253
14.8136
14.8301
14.8336
14.8352
14.8514
14.8264
14.7972
14.7874
14.7502
14.7449
14.7612
14.7664
14.7566
14.7731
14.7928
14.7746
14.7815
14.7863
14.8043
14.7863
14.7733
14.7714
14.7945
14.7847
14.7925
14.7761
14.7844
14.7847
14.778
14.7844
14.8008
14.801
14.7875
14.796
14.8022
14.7925
14.7664
14.7598
14.7519
14.7617
14.7421
14.7304
14.7289
14.7144
14.7026
14.6863
14.6737
14.6632
14.641
14.6324
14.6277
14.6406
14.6605
14.6702
14.6895
14.7063
14.6948
14.6552
14.6129
14.5558
14.5082
14.5277
14.5538
14.5898
14.6211
14.6437
14.6785
14.6996
14.7012
15.1176
14.8033
14.5662
12.6094
13.9314
14.4861
14.642
14.7711
14.879
14.9388
14.9861
15.0663
15.1599
15.2526
15.326
15.3766
15.4301
15.481
15.5528
15.6049
15.6626
15.7031
15.7653
15.8254
15.8684
15.95
16.0071
16.0623
16.1378
16.1931
16.2241
16.2637
16.3239
16.3746
16.4316
16.4824
16.5329
16.618
16.6882
16.7582
16.8024
16.8695
16.9234
16.9774
17.0184
17.0673
17.1245
17.1552
17.1965
17.2551
17.3058
17.3665
17.427
17.4872
17.5428
17.6032
17.6653
17.7142
17.7484
17.8063
17.8778
17.9366
17.9604
18.0298
18.087
18.1683
18.2292
18.2878
18.3402
18.4086
18.4629
18.4906
18.5363
18.5671
18.613
18.6656
18.7062
18.7551
18.8168
18.8796
18.938
18.9891
19.0362
19.0863
19.1575
19.198
19.2468
19.3187
19.3858
19.4297
19.4773
19.5363
19.5508
19.6031
19.616
19.6476
19.6781
19.7355
19.7864
19.8301
19.9139
19.9871
20.0544
20.1363
20.1801
20.2175
20.2397
20.2813
20.3206
20.3398
20.3973
20.4581
20.518
20.546
20.5899
20.6359
20.698
20.7387
20.7895
20.8383
20.8891
20.9218
20.9594
20.9985
21.0375
21.0874
21.1359
21.1965
21.2469
21.2781
21.3403
21.4086
21.4664
21.4999
21.5571
21.6082
21.6308
21.6586
21.7078
21.757
21.8157
21.8727
21.9246
21.9957
22.0574
22.1082
22.1371
22.1687
22.193
22.2308
22.2695
22.3207
22.3777
22.4004
22.4379
22.4656
22.4789
22.5366
22.5622
22.6082
22.649
22.711
22.7421
22.7795
22.8367
22.8875
22.9202
22.9772
23.0359
23.0805
23.139
23.1801
23.2355
23.2778
23.3273
23.368
23.3825
23.4105
23.4479
23.4886
23.5196
23.5574
23.6246
23.6688
23.7145
23.7567
23.7976
23.8469
23.9071
23.9562
23.9921
24.0329
24.0872
24.1409
24.18
24.2485
24.2877
24.3284
24.3577
24.3759
24.3972
24.4186
24.4478
24.4871
24.5476
24.5984
24.6407
24.6783
24.7239
24.7566
24.7794
24.7991
24.8386
24.8679
24.9003
24.9333
24.9709
25.0179
25.0488
25.0934
25.1475
25.1781
25.2356
25.2664
25.3235
25.345
25.3973
25.4187
25.4578
25.4968
25.5397
25.5884
25.6292
25.6702
25.7175
25.7586
25.8089
25.8383
25.8679
25.9086
25.9578
25.9988
26.0264
26.0684
26.0917
26.1296
26.141
26.1523
26.1866
26.2191
26.2485
26.2796
26.2925
26.337
26.3676
26.3903
26.4183
26.4398
26.4757
26.5098
26.5445
26.5707
26.6296
26.6602
26.6996
26.7386
26.7859
26.8203
26.8301
26.8578
26.8972
26.938
26.9578
26.9691
27.0265
27.0773
27.098
27.1193
27.1707
27.2195
27.2389
27.2535
27.2715
27.3074
27.3304
27.3696
27.3976
27.4269
27.4464
27.4656
27.5064
27.5219
27.5593
27.5804
27.6097
27.6488
27.6539
27.6898
27.7175
27.7191
27.7649
27.9193
28.597
27.4876
28.0376
28.0879
27.9198
27.7892
27.769
27.756
27.7513
27.7612
27.7615
27.7466
27.7249
27.6615
27.6093
27.5753
27.562
27.5933
27.5832
27.5784
27.592
27.5945
27.5425
27.5101
27.5214
27.5421
27.5442
27.5492
27.5377
27.4901
27.4722
27.4675
27.4659
27.4675
27.4819
27.464
27.4395
27.4347
27.423
27.389
27.3644
27.3464
27.3171
27.2746
27.2452
27.2254
27.2046
27.1828
27.1832
27.1733
27.1453
27.134
27.105
27.0995
27.0934
27.0718
27.0543
27.0475
27.0492
27.0211
27.002
26.9938
26.9886
26.9921
26.9984
26.9934
26.9987
26.9804
26.9528
26.9398
26.9219
26.9199
26.9136
26.9199
26.9117
26.8929
26.8906
26.9106
28.0504
29.3018
29.539
29.6286
28.755
27.5832
27.2782
27.2009
26.4489
23.8018
23.3892
23.5605
24.4385
27.0113
27.241
27.0107
26.9265
26.9053
26.9003
26.9316
28.3696
26.3008
25.1429
25.9492
26.7002
26.9167
27.0682
27.1725
27.2526
27.3115
27.3977
27.4763
27.5549
27.6494
27.7083
27.7915
27.881
27.9645
28.0629
28.1364
28.1949
28.2535
28.3173
28.3813
28.4579
28.5414
28.6312
28.7011
28.768
28.8679
28.9395
28.9918
29.0559
29.1149
29.1653
29.2242
29.2828
29.3551
29.4219
29.5035
29.5757
29.6363
29.6866
29.7274
29.806
29.8469
29.9152
29.9922
30.0739
30.136
30.2112
30.2926
30.363
30.4528
30.5135
30.577
30.6441
30.6782
30.7372
30.8027
30.8741
30.9285
30.9609
31.0249
31.0883
31.1477
31.1882
31.2551
31.3075
31.386
31.4285
31.4675
31.5184
31.5672
31.6163
31.6699
31.7438
31.7878
31.8469
31.9087
31.9741
32.0344
32.0901
32.1571
32.226
32.3055
32.3566
32.4171
32.4675
32.5199
32.577
32.6359
32.6981
32.7472
32.8043
32.866
32.9085
32.948
32.9711
33.0086
33.0476
33.1129
33.1489
33.1785
33.2113
33.268
33.3058
33.3544
33.3973
33.4564
33.4956
33.5625
33.618
33.6508
33.6769
33.711
33.7668
33.827
33.8761
33.9383
33.9874
34.0457
34.0949
34.1489
34.1952
34.2536
34.3075
34.3566
34.4086
34.4481
34.5281
34.5867
34.6196
34.6409
34.6716
34.7094
34.7504
34.7828
34.8453
34.8956
34.9184
34.9578
34.9886
35.0461
35.0704
35.0983
35.1292
35.1879
35.2289
35.2687
35.3106
35.35
35.3972
35.4285
35.4531
35.489
35.52
35.5379
35.5688
35.5968
35.6293
35.6586
35.6964
35.7187
35.7566
35.7977
35.8453
35.889
35.9547
35.9985
36.0496
36.1082
36.141
36.1688
36.2078
36.2288
36.2778
36.3007
36.3187
36.332
36.3417
36.3598
36.3858
36.4083
36.4398
36.486
36.5183
36.5396
36.5706
36.587
36.6175
36.652
36.7063
36.739
36.7776
36.8286
36.8761
36.925
36.9558
36.9805
37.0084
37.0312
37.0671
37.0915
37.1211
37.1608
37.2175
37.2304
37.2698
37.2894
37.327
37.3382
37.348
37.4071
37.4221
37.4495
37.4969
37.5198
37.5394
37.5558
37.5768
37.5966
37.6308
37.6472
37.6796
37.7109
37.7487
37.7794
37.8157
37.848
37.8876
37.9285
37.9664
37.9724
37.9727
37.989
38.002
38.0281
38.0511
38.0785
38.1179
38.1406
38.1618
38.1836
38.2097
38.2211
38.2406
38.2784
38.2898
38.2976
38.3171
38.3402
38.3483
38.3892
38.409
38.448
38.4594
38.4969
38.5199
38.5394
38.5706
38.598
38.639
38.6586
38.6801
38.7175
38.7567
38.7797
38.7914
38.8093
38.8484
38.8695
38.8809
38.9086
38.948
38.9413
38.9606
38.959
38.9753
38.9902
39.0103
39.0281
39.0476
39.0772
39.0883
39.0898
39.0996
39.1113
39.1129
39.1375
39.1554
39.188
39.2062
39.2539
39.2843
39.2972
39.2988
39.3168
39.3219
39.3024
39.3238
40.861
38.0114
39.7813
39.6057
39.5104
39.3511
39.261
39.2267
39.2249
39.1839
39.1569
39.119
39.103
39.0816
39.0703
39.0784
39.0605
39.0308
39.0281
39.0082
38.9773
38.9594
38.9268
38.8855
38.848
38.8335
38.804
38.7844
38.7747
38.7797
38.7534
38.7239
38.6831
38.644
38.5933
38.5637
38.5245
38.4934
38.4836
38.4739
38.4562
38.4528
38.4609
38.4366
38.4233
38.4036
38.3938
38.3645
38.3237
38.3038
38.2813
38.2633
38.234
38.2225
38.2012
38.1996
38.1617
38.1406
38.1211
38.1
38.082
38.0543
38.0231
37.9901
37.9918
37.9723
37.9512
37.9235
37.9039
37.8811
37.8352
37.8058
37.7946
37.7878
37.7699
37.7438
37.7308
37.7094
37.6816
37.6539
37.621
37.5996
37.5883
37.5703
37.559
37.5457
37.5293
37.4902
37.4789
37.4512
37.4379
37.4004
37.3809
37.3711
37.3433
37.3184
37.2825
37.2617
37.2258
37.2047
37.1737
37.1523
37.1113
37.1097
37.0706
37.059
37.0394
37.0296
37.0261
37.0359
37.0015
36.9884
36.9691
36.9512
36.9137
36.8827
36.8629
36.8206
36.8023
36.7715
36.7484
36.7388
36.7175
36.7078
36.6964
36.6798
36.6539
36.6426
36.6211
36.6014
36.5918
36.5624
36.5376
36.5117
36.4886
36.4609
36.4382
36.4382
36.412
36.3923
36.3629
36.3519
36.3241
36.273
36.2518
36.2039
36.1848
36.1555
36.1425
36.1406
36.1246
36.0933
36.0804
36.0523
36.0214
36.0003
35.9985
35.9968
35.9871
35.9789
35.959
35.9414
35.9219
35.9004
35.8972
35.8793
35.8911
35.8894
35.86
35.85
35.8023
35.7535
35.7324
35.6934
35.662
35.6406
35.6129
35.5917
35.5723
35.5511
35.5211
35.5113
35.4902
35.4805
35.4609
35.4597
35.4496
35.4301
35.4023
35.3796
35.3398
35.3268
35.2988
35.2875
35.3038
35.2875
35.2679
35.2582
35.2383
35.2285
35.2008
35.191
35.1715
35.1584
35.1305
35.0996
35.0914
35.0621
35.0215
34.9905
34.9611
34.932
34.9188
34.8973
34.8596
34.8579
34.85
34.8141
34.7832
34.7601
34.7406
34.7076
34.6781
34.6766
34.6769
34.6703
34.6426
34.6391
34.6375
34.6277
34.6114
34.5905
34.5804
34.5508
34.5378
34.5179
34.4902
34.4789
34.4528
34.4381
34.4199
34.4102
34.394
34.3812
34.3698
34.3516
34.3481
34.3301
34.3171
34.2911
34.28
34.252
34.2128
34.1801
34.1586
34.1426
34.1312
34.1149
34.1066
34.0883
34.0784
34.0863
34.0602
34.0278
34.0199
33.9856
33.9597
33.9319
33.9087
33.8992
33.8859
33.8679
33.8597
33.8367
33.8286
33.8088
33.7891
33.7695
33.7403
33.7046
33.6699
33.6488
33.639
33.639
33.6309
33.6339
33.6176
33.6359
33.6277
33.6066
33.5671
33.541
33.5277
33.4902
33.4644
33.4351
33.4023
33.391
33.3438
33.3011
33.2813
33.2504
33.2308
33.2112
33.1996
33.18
33.1782
33.1781
33.1781
33.1847
33.1602
33.1703
33.1508
33.1211
33.0836
33.0707
33.0414
33.0101
32.9789
32.9594
32.9398
32.9121
32.9105
32.8926
32.873
32.8616
32.8285
32.8156
32.7976
32.7695
32.7386
32.7469
32.7406
32.7305
32.7125
32.6914
32.7015
32.7
32.6803
32.6816
32.6785
32.6785
32.6667
32.6586
32.639
32.6195
32.5801
32.5621
32.5309
32.4918
32.4707
32.4594
32.4316
32.4203
32.3926
32.3663
32.3582
32.3402
32.3207
32.3223
32.332
32.3273
32.301
32.2891
32.2695
32.2386
32.209
32.1896
32.1605
32.157
32.1488
32.1211
32.1
32.0789
32.0605
32.0215
32.0199
32.0085
31.9905
31.9755
31.9562
31.9481
31.9155
31.8972
31.8937
31.8578
31.8562
31.8301
31.8109
31.7914
31.7582
31.7484
31.7109
31.7058
31.6895
31.6699
31.655
31.6766
31.6703
31.6589
31.6211
31.6082
31.6097
31.6
31.5706
31.5688
31.5721
31.5586
31.5474
31.5295
31.5179
31.5082
31.4888
31.4695
31.4414
31.4102
31.3727
31.3613
31.3336
31.3109
31.2894
31.2894
31.26
31.2484
31.2188
31.2156
31.1992
31.1683
31.1388
31.1277
31.1097
31.0902
31.059
31.0753
31.0769
31.0769
31.0687
31.0571
31.0475
31.0375
31.0313
31.0133
30.9906
30.9906
30.9629
30.9401
30.9301
30.9086
30.889
30.8711
30.8777
30.8629
30.8582
30.848
30.8285
30.8289
30.8223
30.7894
30.7664
30.7567
30.7324
30.6918
30.6785
30.6703
30.6426
30.641
30.618
30.6277
30.608
30.598
30.5867
30.5703
30.5605
30.5574
30.559
30.5457
30.5277
30.4968
30.4769
30.4507
30.4281
30.4019
30.3809
30.3578
30.348
30.3546
30.3398
30.3285
30.3171
30.3074
30.2875
30.2664
30.2386
30.2452
30.2126
30.2094
30.1914
30.1882
30.1703
30.1605
30.1488
30.1472
30.1488
30.1309
30.0917
30.075
30.0504
30.0195
30.0066
30.0067
29.9886
29.9805
29.9496
29.9299
29.902
29.8922
29.8613
29.85
29.8566
29.8582
29.8566
29.85
29.8679
29.8695
29.8613
29.8434
29.8301
29.8269
29.791
29.7699
29.7484
29.7402
29.7109
29.6914
29.6816
29.6604
29.6375
29.6211
29.6097
29.5964
29.5883
29.5703
29.559
29.5328
29.5215
29.4999
29.4899
29.4609
29.4432
29.4578
29.4316
29.4102
29.4167
29.4102
29.4102
29.3793
29.3711
29.3695
29.3516
29.3336
29.3105
29.3109
29.2813
29.2682
29.2715
29.2683
29.2504
29.2423
29.2227
29.2097
29.2081
29.1882
29.1863
29.1765
29.1586
29.1289
29.1094
29.0996
29.0801
29.0703
29.0703
29.0605
29.0377
29.0098
28.9984
28.9707
28.9379
28.902
28.889
28.8793
28.8613
28.8597
28.8562
28.8741
28.866
28.8398
28.8481
28.8223
28.8027
28.7617
28.7305
28.7289
28.7289
28.7094
28.6914
28.6866
28.6765
28.6602
28.6472
28.6195
28.5964
28.5801
28.5508
28.5297
28.5004
28.5004
28.4968
28.5165
28.5199
28.5378
28.5492
28.5313
28.5101
28.4906
28.4727
28.4418
28.4301
28.3941
28.3909
28.3597
28.35
28.3383
28.3269
28.3336
28.3383
28.3206
28.2972
28.2777
28.2679
28.2418
28.2305
28.2109
28.2058
28.2058
28.1797
28.1668
28.1488
28.139
28.1211
28.1211
28.0933
28.082
28.041
28.0297
28.0117
27.989
27.9711
27.9695
27.9613
27.948
27.9382
27.9382
27.948
27.9414
27.9199
27.8988
27.8824
27.8613
27.8367
27.8351
27.8269
27.809
27.8171
27.7992
27.7992
27.7891
27.7695
27.7632
27.7601
27.7503
27.7386
27.709
27.691
27.6602
27.6504
27.6309
27.6195
27.6097
27.5984
27.5964
27.5769
27.5508
27.5476
27.5297
27.5179
27.4886
27.4805
27.4609
27.4395
27.4379
27.4379
27.4199
27.4086
27.4023
27.391
27.3926
27.3793
27.3613
27.3582
27.3566
27.3402
27.3223
27.2992
27.3074
27.2926
27.291
27.3011
27.2848
27.3109
27.2914
27.2734
27.2637
27.2472
27.239
27.2113
27.2097
27.2047
27.2175
27.1914
27.1703
27.139
27.1097
27.0964
27.0703
27.059
27.0394
27.023
27.0234
26.9938
26.9711
26.9711
26.9792
26.9789
26.9774
26.9789
26.9594
26.9203
26.8777
26.8484
26.8027
26.7617
26.7523
26.752
26.752
26.7402
26.7468
26.7468
26.7289
26.7175
26.7109
26.6898
26.6816
26.652
26.6667
26.6586
26.6586
26.6652
26.6667
26.655
26.6469
26.6293
26.6179
26.6099
26.6035
26.5984
26.6
26.5918
26.5737
26.5605
26.5426
26.5297
26.5215
26.4954
26.4808
26.4808
26.4629
26.4434
26.412
26.3875
26.3988
26.3809
26.3613
26.3418
26.3484
26.3597
26.3303
26.3203
26.3267
26.3365
26.3199
26.307
26.3008
26.2878
26.2664
26.2485
26.2191
26.1801
26.1589
26.141
26.0933
26.0687
26.0328
26.0297
26.0066
26.0066
26.0164
26.0164
26.0277
26.0277
26.0457
26.0293
26.0277
26
25.9985
25.9869
25.9785
25.9724
25.9613
25.9531
25.932
25.9285
25.9366
25.9023
25.8992
25.8992
25.8926
25.8613
25.85
25.8402
25.8125
25.7653
25.7523
25.7343
25.701
25.6797
25.6797
25.6699
25.6781
25.6797
25.6801
25.6718
25.6802
25.6604
25.6309
25.6195
25.6
25.6
25.5984
25.5804
25.577
25.5691
25.5527
25.5332
25.4941
25.4874
25.4691
25.4512
25.4382
25.4285
25.4203
25.4039
25.3926
25.4105
25.3925
25.3729
25.3677
25.3679
25.35
25.3546
25.3464
25.3398
25.3285
25.3187
25.3187
25.291
25.2878
25.2859
25.2598
25.2386
25.1946
25.1832
25.1425
25.1129
25.1082
25.1016
25.1097
25.0785
25.0968
25.1079
25.0901
25.0817
25.1046
25.1145
25.0188
24.4982
25.3159
25.1794
24.9901
25.1534
25.6843
25.4663
24.9466
24.355
24.9623
28.2747
