-0.0588989
-0.0886841
-0.100281
-0.130798
-0.140869
-0.132324
-0.149109
-0.184998
-0.184631
-0.194519
-0.179993
-0.171814
-0.151794
-0.12738
-0.116272
-0.128845
-0.147156
-0.13269
-0.124084
-0.128906
-0.10498
-0.10144
-0.112732
-0.130859
-0.145935
-0.124084
-0.127686
-0.121155
-0.109985
-0.106628
-0.119446
-0.118225
-0.10968
-0.0882568
-0.0803833
-0.088562
-0.088562
-0.124084
-0.1651
-0.169861
-0.169861
-0.161621
-0.152283
-0.129456
-0.117554
-0.115967
-0.121094
-0.108459
-0.103088
-0.127686
-0.127625
-0.147217
-0.147217
-0.150696
-0.142029
-0.119507
-0.10968
-0.0901489
-0.0901489
-0.0788574
-0.0834351
-0.0800171
-0.0701904
-0.0785522
-0.069397
-7.18E-02
-3.16E-02
-0.0214844
-0.0150757
-0.0112915
-8.85E-03
2.27E-13
-1.70E-02
-2.61E-02
-3.36E-03
3.56E-01
2.42499
2.33704
5.17E-01
-3.00E-01
-2.83466
-0.22406
-2.06134
-3.34686
-0.99585
-0.28418
-0.191284
-0.132996
-0.0593872
7.32E-04
0.0202637
0.0119629
0.0154419
0.0460205
0.0545654
6.55E-02
0.0756226
9.86E-02
1.29E-01
0.145447
0.150574
0.138855
0.132263
0.132446
0.164734
0.191162
0.214111
0.231812
0.222412
1.99E-01
0.204041
2.13E-01
0.249817
2.72E-01
2.84E-01
2.91E-01
2.71E-01
0.257874
2.36E-01
0.266235
0.274719
0.304016
0.316956
0.338318
0.338013
0.375977
0.393799
0.405151
0.444153
0.45874
0.47699
0.480225
0.488403
0.48175
0.478577
0.484863
0.496582
0.506042
0.516479
0.542236
0.555176
0.560364
0.568787
0.580139
0.591492
0.598083
0.61731
0.618896
0.617615
0.635254
0.622375
0.620422
0.61261
0.627014
0.64856
0.666504
0.687683
0.686035
0.710632
0.731689
0.728699
0.771179
0.77948
0.787598
0.79071
0.782532
0.780823
0.796936
0.798523
0.820129
0.823486
0.836426
0.842712
0.838257
0.847778
0.851013
0.859497
0.857788
0.873596
0.880615
0.890381
0.908386
0.937988
0.958984
1.00446
1.0177
1.04077
1.04071
1.04028
1.04065
1.06683
1.09784
1.12946
1.14026
1.14813
1.16022
1.15326
1.1665
1.17004
1.18958
1.19891
1.20239
1.2204
1.23364
1.26147
1.2774
1.28918
1.30872
1.30829
1.31683
1.31805
1.31683
1.32318
1.31836
1.33136
1.35938
1.38019
1.40863
1.43726
1.47559
1.48871
1.48798
1.50006
1.51294
1.51135
1.51617
1.54926
1.57159
1.59973
1.62579
1.63055
1.6485
1.65826
1.6731
1.6911
1.66962
1.6911
1.70087
1.69586
1.69769
1.7005
1.72034
1.73175
1.7384
1.74969
1.77936
1.79889
1.82001
1.83014
1.84979
1.85944
1.86224
1.8692
1.87903
1.88367
1.88715
1.88251
1.90796
1.91327
1.90314
1.90991
1.94611
1.96027
1.97241
1.98053
1.98962
2.02435
2.04895
2.06024
2.06848
2.08636
2.09271
2.08167
2.09113
2.08484
2.1095
2.1485
2.15833
2.20758
2.22046
2.23682
2.24811
2.25012
2.25171
2.25787
2.25128
2.25946
2.29895
2.3103
2.34937
2.35468
2.37744
2.40015
2.40204
2.39197
2.38092
2.38879
2.40991
2.41022
2.39978
2.42004
2.43793
2.42279
2.4165
2.42621
2.44897
2.45862
2.48999
2.51947
2.54224
2.56372
2.56989
2.57941
2.58801
2.6059
2.63879
2.6322
2.62933
2.6485
2.66962
2.67126
2.68127
2.711
2.73523
2.75757
2.73523
2.74182
2.74017
2.75134
2.76135
2.79065
2.81879
2.84973
2.85754
2.86072
2.8692
2.85083
2.85083
2.86768
2.88873
2.90985
2.94733
2.96844
2.98499
2.99176
2.99463
2.98486
2.98822
2.97974
3.01459
3.02911
3.03912
3.03247
3.04877
3.05005
3.03369
3.01428
3.0199
3.02936
3.03912
3.05878
3.09967
3.13055
3.15009
3.16949
3.18915
3.19269
3.20905
3.21234
3.22894
3.25006
3.26141
3.26294
3.26764
3.26263
3.26099
3.27112
3.25311
3.2594
3.2514
3.25824
3.32208
3.65253
3.27356
3.86151
3.6524
3.50928
3.35364
3.33478
3.34357
3.32605
3.33124
3.30969
3.29681
3.29523
3.27576
3.27582
3.28387
3.31018
3.33905
3.33759
3.30188
3.30676
3.3382
3.39319
3.38666
3.43439
3.47028
3.46027
3.45862
3.44257
3.45392
3.47198
3.47345
3.4765
3.47693
3.48486
3.47864
3.49493
3.50476
3.49304
3.51105
3.51764
3.534
3.51764
3.53082
3.54376
3.54395
3.54926
3.57153
3.5473
3.55011
3.54346
3.53241
3.54047
3.55042
3.552
3.55707
3.56177
3.56226
3.55365
3.55872
3.57037
3.58295
3.5899
3.58301
3.58319
3.60242
3.60278
3.59467
3.59937
3.60272
3.61066
3.60944
3.6106
3.62079
3.62744
3.62042
3.63568
3.60602
3.57855
3.58325
3.57977
3.6059
3.62238
3.66302
3.6828
3.68451
3.6911
3.71881
3.73846
4.15826
5.0351
2.42316
1.2113
3.21387
3.67596
3.79541
3.86725
3.93231
3.9386
3.95306
3.98737
4.03979
4.08551
4.13464
4.13104
4.15216
4.18805
4.21893
4.24866
4.27942
4.31378
4.32867
4.37909
4.41351
4.45087
4.48871
4.52124
4.56342
4.56061
4.56879
4.58179
4.59473
4.6322
4.65204
4.68457
4.71564
4.73529
4.76617
4.8056
4.84003
4.83685
4.84808
4.8512
4.86725
4.87897
4.88727
4.90179
4.89844
4.90826
4.90985
4.92822
4.94769
4.97705
5.00793
5.02423
5.04376
5.06177
5.05206
5.06842
5.08801
5.11456
5.14349
5.18445
5.22516
5.26654
5.29071
5.31696
5.33295
5.34302
5.32666
5.3219
5.3396
5.36108
5.38556
5.42438
5.46692
5.49854
5.51794
5.54865
5.5849
5.60602
5.62579
5.63995
5.65002
5.65167
5.6438
5.66016
5.67084
5.68127
5.71692
5.75958
5.78912
5.82977
5.88568
5.90509
5.90167
5.92639
5.92975
5.91956
5.93414
5.95081
5.96216
5.98334
6.01294
6.06067
6.0899
6.11255
6.15674
6.17438
6.20599
6.23688
6.27313
6.29547
6.30853
6.33795
6.34302
6.35443
6.37073
6.40015
6.41962
6.43292
6.45093
6.4704
6.48016
6.48212
6.50989
6.53101
6.53754
6.56653
6.58606
6.59967
6.61072
6.63727
6.64697
6.66962
6.68921
6.71692
6.76147
6.77777
6.80017
6.81024
6.82983
6.86066
6.8692
6.87866
6.91187
6.95587
6.96033
6.96887
7.01141
7.04895
7.07001
7.07355
7.10126
7.13336
7.14227
7.13361
7.14191
7.15833
7.18958
7.20251
7.22076
7.25793
7.29114
7.31049
7.3396
7.36926
7.38062
7.40204
7.4231
7.46887
7.48175
7.50171
7.51129
7.52234
7.54858
7.552
7.58978
7.60437
7.63208
7.65979
7.68958
7.70239
7.72192
7.74811
7.76135
7.78253
7.81995
7.84937
7.88043
7.89978
7.90979
7.92621
7.94861
7.96057
7.97388
8.00006
8.02118
8.04382
8.06177
8.08978
8.12036
8.13379
8.16174
8.17145
8.18915
8.20551
8.22504
8.25763
8.26617
8.29889
8.32819
8.35284
8.3559
8.38208
8.40192
8.4129
8.42126
8.43939
8.44885
8.44897
8.4588
8.47858
8.50623
8.52905
8.54889
8.58014
8.6012
8.61102
8.61414
8.6239
8.65826
8.67963
8.71021
8.75958
8.81891
8.85785
8.87079
8.88068
8.89221
8.90826
8.92938
8.93286
8.94421
8.96057
8.97003
8.98132
8.99774
9.02118
9.03094
9.07013
9.0946
9.10931
9.13013
9.16187
9.18451
9.19934
9.21881
9.24811
9.27753
9.28754
9.30865
9.32159
9.32513
9.32355
9.33478
9.3493
9.35284
9.37738
9.41486
9.44733
9.44745
9.46881
9.50629
9.54694
9.56183
9.57977
9.62079
9.64191
9.67133
9.67499
9.68445
9.70087
9.72192
9.71368
9.75165
9.77277
9.81024
9.83795
9.86102
9.8985
9.90985
9.91962
9.93134
9.9411
9.94269
9.94269
9.95087
9.94269
9.9704
10.0084
10.1873
9.97778
10.3173
10.2053
10.0739
9.95856
9.89539
9.88306
9.86505
9.86359
9.86865
9.85034
9.86847
9.84552
9.82727
9.79657
9.81525
9.85736
9.87347
9.87384
9.88843
9.90692
9.91107
9.9082
9.91614
9.91791
9.90826
9.91455
9.92621
9.95862
9.93597
9.93756
9.94067
9.94574
9.96735
9.96722
9.97864
9.97858
9.97705
9.97693
9.97699
9.95673
9.94415
9.93408
9.91608
9.90363
9.90356
9.91956
9.94098
9.95044
9.95398
9.96844
9.9751
9.9751
9.9657
9.95587
9.94928
9.91644
9.91492
9.92145
9.9408
9.97083
9.99799
10.0306
10.0653
10.0637
10.0911
10.0927
10.1192
10.1044
10.1012
10.0829
10.0943
10.077
10.0715
10.0551
10.0408
10.0196
9.9884
9.96729
9.95087
9.98676
10.0244
10.1011
10.1368
10.1368
10.1533
10.1633
10.1712
10.5763
11.4693
9.11743
7.97675
9.77576
10.2389
10.3591
10.4489
10.5269
10.6136
10.718
10.8029
10.8633
10.9254
10.9791
11.0167
11.0756
11.0865
11.0931
11.1098
11.1208
11.1291
11.1666
11.2193
11.2712
11.3172
11.3611
11.3755
11.4052
11.4377
11.4742
11.5228
11.5896
11.6436
11.6664
11.6958
11.7349
11.7396
11.7746
11.8248
11.8724
11.9048
11.9279
11.9656
11.9997
12.0294
12.0765
12.1108
12.1486
12.1794
12.1891
12.2286
12.2877
12.3286
12.3689
12.4067
12.4575
12.4883
12.5192
12.5685
12.618
12.6794
12.7122
12.7321
12.7724
12.7989
12.8134
12.866
12.8884
12.9293
12.9574
12.9931
13.0279
13.0622
13.1192
13.1763
13.2286
13.2582
13.2888
13.317
13.3477
13.3692
13.3903
13.438
13.4524
13.4818
13.52
13.5602
13.5965
13.6286
13.668
13.727
13.7692
13.7918
13.8416
13.8903
13.9314
13.9704
14.0176
14.0587
14.0829
14.1009
14.1567
14.1907
14.222
14.2419
14.2791
14.3184
14.338
14.3786
14.4184
14.472
14.5098
14.5618
14.6024
14.6357
14.6993
14.74
14.7825
14.8021
14.8481
14.8591
14.8888
14.92
14.9656
15.0095
15.0521
15.0798
15.1141
15.1403
15.1779
15.2169
15.2416
15.2958
15.3333
15.3723
15.4035
15.4493
15.4998
15.5227
15.5587
15.5795
15.5981
15.6306
15.6794
15.7172
15.7677
15.8215
15.8708
15.9193
15.9524
15.9722
16.0291
16.067
16.0895
16.1304
16.1498
16.1633
16.1812
16.2041
16.2222
16.2661
16.3217
16.3528
16.4102
16.4506
16.5082
16.5619
16.5916
16.6274
16.6779
16.7286
16.7594
16.7989
16.8414
16.8739
16.9099
16.941
16.9814
17.0145
17.0425
17.0797
17.1106
17.1517
17.1832
17.1993
17.2466
17.2774
17.3182
17.34
17.3692
17.4133
17.4524
17.4999
17.5208
17.5537
17.5833
17.6125
17.6418
17.691
17.7332
17.7888
17.8196
17.851
17.8742
17.918
17.9457
17.9802
18.0294
18.0782
18.111
18.1633
18.2137
18.2613
18.3036
18.3313
18.3625
18.3789
18.3998
18.4325
18.4543
18.4723
18.5113
18.5322
18.5704
18.6078
18.6547
18.6955
18.7204
18.7614
18.7922
18.8118
18.8316
18.8623
18.9001
18.9297
18.9688
19.0275
19.0704
19.0933
19.1125
19.1485
19.1712
19.2004
19.2204
19.2415
19.2927
19.3102
19.3559
19.3903
19.4297
19.4704
19.5279
19.5605
19.6157
19.6696
19.7087
19.7303
19.7711
19.8184
19.8329
19.8809
19.8824
19.9032
19.9212
19.9313
19.9786
20.0013
20.0505
20.07
20.1209
20.1618
20.1829
20.2009
20.2224
20.2418
20.2774
20.302
20.3395
20.3887
20.4033
20.4395
20.4508
20.4688
20.49
20.5114
20.5524
20.5915
20.6387
20.6579
20.7204
20.7595
20.7907
20.82
20.8314
20.853
20.884
20.9035
20.9232
20.9525
21.0048
21.0705
21.2097
21.1818
21.2346
21.0803
20.9984
20.958
20.9037
20.9009
20.8928
20.9027
20.8897
20.8949
20.8735
20.8554
20.8148
20.7984
20.8116
20.8591
20.859
20.862
20.8801
20.9113
20.918
20.9066
20.9539
20.9669
20.9574
20.9492
20.9587
20.975
20.9786
20.9688
20.9782
20.9966
21.0164
21.0275
21.0376
21.0195
20.9832
20.959
20.9539
20.9556
20.9445
20.9376
20.9427
20.9442
20.9461
20.936
20.9527
20.9637
20.9817
20.9637
20.9849
20.9849
20.9754
20.9649
20.9637
20.9736
20.9637
20.9887
20.9832
21.0029
20.993
20.9851
20.9946
20.9946
21.0016
21.0013
21.0032
20.9821
20.9817
20.9818
20.9751
20.9836
20.9849
21.0016
20.9899
20.9686
20.9329
20.9281
20.9212
20.9329
20.9571
20.9754
21.0013
21.013
20.9935
21.0176
21.0013
21.3852
22.2599
19.6832
18.7272
20.6732
21.0485
21.2005
21.3789
21.4879
21.6088
21.6999
21.7749
21.8584
21.9433
22.0248
22.1083
22.1964
22.2568
22.3352
22.3868
22.4673
22.5424
22.5865
22.6556
22.724
22.7943
22.8708
22.9346
22.9837
23.0455
23.1125
23.2025
23.2747
23.3447
23.4166
23.4786
23.5259
23.5814
23.6555
23.7282
23.7877
23.8477
23.9016
23.9721
24.0457
24.0993
24.1797
24.2582
24.3165
24.3724
24.4379
24.4884
24.5587
24.634
24.6989
24.7744
24.8478
24.902
24.9606
25.0372
25.1012
25.1488
25.2005
25.2594
25.3121
25.3509
25.3887
25.4587
25.5079
25.5684
25.611
25.65
25.7185
25.7892
25.8216
25.8872
25.9802
26.0473
26.0927
26.1681
26.2513
26.3351
26.4196
26.4786
26.5555
26.6368
26.7091
26.7876
26.838
26.8986
26.9786
27.011
27.0423
27.0634
27.1387
27.1927
27.24
27.2923
27.3431
27.4001
27.4638
27.518
27.5958
27.6766
27.7368
27.817
27.861
27.918
27.9642
28.0015
28.0403
28.0814
28.1489
28.1923
28.2403
28.3017
28.3696
28.431
28.5193
28.5883
28.6418
28.699
28.7662
28.8023
28.8329
28.9087
28.9786
29.0392
29.0915
29.1486
29.2087
29.2433
29.2727
29.2922
29.3411
29.39
29.423
29.4669
29.5326
29.5997
29.6437
29.7004
29.7451
29.7742
29.8199
29.8689
29.9197
29.9656
30.0173
30.0669
30.1189
30.1798
30.2192
30.2806
30.338
30.4005
30.4606
30.5177
30.5602
30.6141
30.6617
30.7024
30.7496
30.7953
30.8329
30.8806
30.9442
30.9724
31.0372
31.0537
31.1193
31.1581
31.2072
31.2662
31.3199
31.3688
31.4233
31.4641
31.5048
31.5438
31.5731
31.6207
31.6794
31.7321
31.7597
31.8102
31.843
31.8723
31.9049
31.9246
31.9703
32.0211
32.0618
32.1092
32.1781
32.2383
32.2805
32.3016
32.3235
32.3806
32.4098
32.4376
32.4966
32.5552
32.5797
32.6075
32.6586
32.7021
32.7434
32.7825
32.8281
32.892
32.9133
32.9507
33.0012
33.0485
33.1029
33.1782
33.2105
33.2481
33.261
33.2985
33.3135
33.3593
33.3918
33.4376
33.4901
33.5411
33.5883
33.5992
33.6385
33.6516
33.6812
33.72
33.745
33.7825
33.82
33.861
33.8821
33.9001
33.9493
33.9688
34.011
34.0458
34.072
34.111
34.1439
34.1649
34.2236
34.2595
34.2986
34.3313
34.3512
34.3988
34.4211
34.4344
34.4525
34.5013
34.5443
34.5801
34.6126
34.6501
34.7153
34.7595
34.7806
34.8036
34.8317
34.8544
34.8723
34.8954
34.9183
34.9653
34.9978
35.0294
35.0782
35.0994
35.1407
35.1813
35.209
35.2137
35.2415
35.2645
35.2907
35.3105
35.3314
35.3329
35.3755
35.42
35.4411
35.4786
35.5114
35.5375
35.5782
35.5977
35.6383
35.6697
35.6942
35.7157
35.7222
35.7333
35.7399
35.8467
36.0142
35.871
36.1059
35.9943
35.8757
35.7836
35.7618
35.7424
35.7538
35.7327
35.7444
35.7234
35.7054
35.6821
35.6316
35.6617
35.6793
35.7153
35.7148
35.6824
35.6973
35.7281
35.7367
35.738
35.7646
35.7875
35.8134
35.7903
35.7888
35.7859
35.8035
35.8251
35.8364
35.8278
35.8378
35.8478
35.8184
35.8071
35.7954
35.8036
35.7922
35.7755
35.7923
35.8036
35.7872
35.7758
35.7677
35.7629
35.7645
35.7626
35.745
35.7433
35.7251
35.7056
35.7105
35.7137
35.7236
35.7286
35.7219
35.7203
35.7334
35.7122
35.7317
35.7515
35.7625
35.761
35.7712
35.7891
35.7728
35.761
35.7434
35.7314
35.7301
35.7251
35.7333
35.7321
35.745
35.7806
36.7866
38.0414
38.3461
38.4236
37.4832
36.3039
35.997
35.9289
35.3594
32.8159
32.3632
32.5573
33.6417
35.9985
36.1321
35.9775
35.9207
35.8707
35.8871
35.8641
37.3663
36.0819
33.2504
34.9348
35.7014
35.9002
36.0304
36.1266
36.1949
36.2706
36.316
36.373
36.45
36.5006
36.5526
36.6161
36.6812
36.7158
36.7468
36.7798
36.8172
36.8497
36.9119
36.961
37.0128
37.0657
37.1228
37.1653
37.2256
37.2746
37.3268
37.376
37.425
37.4834
37.5161
37.5291
37.5654
37.5799
37.6407
37.6746
37.7256
37.7927
37.8642
37.8986
37.9396
37.9871
38.0227
38.0588
38.0883
38.1287
38.1404
38.186
38.2072
38.2497
38.2676
38.3036
38.3658
38.3935
38.4326
38.4642
38.5165
38.5652
38.5911
38.6207
38.6302
38.6501
38.686
38.7087
38.7156
38.7317
38.7692
38.7923
38.827
38.8673
38.9005
38.9462
38.9885
39.0196
39.0701
39.1078
39.1384
39.1797
39.2106
39.2486
39.2825
39.2985
39.3415
39.3708
39.4001
39.4181
39.4379
39.454
39.479
39.5098
39.5407
39.5704
39.5981
39.629
39.6618
39.6517
39.6732
39.6915
39.7189
39.7563
39.7971
39.8184
39.851
39.8625
39.8887
39.9177
39.9392
39.9806
40.0212
40.0571
40.0895
40.1111
40.1372
40.1599
40.1766
40.2103
40.2336
40.2418
40.2805
40.3053
40.3204
40.3513
40.379
40.4001
40.4115
40.423
40.4572
40.4673
40.5146
40.5292
40.5289
40.5435
40.5684
40.583
40.6031
40.6486
40.6732
40.6993
40.702
40.7009
40.7009
40.7107
40.7106
40.7189
40.74
40.7712
40.7977
40.8298
40.8383
40.851
40.8693
40.8907
40.9036
40.92
40.9493
40.9587
40.9919
41.0079
41.0209
41.0523
41.0685
41.0978
41.0997
41.1106
41.1287
41.1402
41.1716
41.191
41.2301
41.2529
41.2797
41.2922
41.302
41.3199
41.3298
41.3412
41.3609
41.3723
41.3707
41.3743
41.3644
41.3903
41.4115
41.4179
41.4376
41.4587
41.4771
41.4998
41.5117
41.5227
41.5325
41.5422
41.5338
41.5308
41.5208
41.5372
41.552
41.5735
41.5816
41.5912
41.611
41.6224
41.6306
41.647
41.668
41.6877
41.7094
41.7219
41.7123
41.7089
41.7087
41.7281
41.7282
41.7381
41.7598
41.7809
41.8087
41.8281
41.8625
41.8641
41.8807
41.884
41.8825
41.8629
41.8492
41.8707
41.892
41.8937
41.8837
41.9118
41.938
41.9608
41.9512
41.9786
41.9883
41.9899
41.9997
41.9896
41.9935
41.9738
41.9688
41.9899
41.9899
42.013
42.0375
42.0506
42.0622
42.0883
42.1126
42.0997
42.1126
42.129
42.1324
42.1204
42.1531
42.1614
42.1599
42.1615
42.1715
42.1731
42.1617
42.147
42.1454
42.1437
42.1337
42.129
42.127
42.1368
42.1451
42.1403
42.1321
42.1485
42.1696
42.1876
42.2087
42.2384
42.2596
42.2712
42.2809
42.2825
42.3004
42.2986
42.3118
42.3102
42.3282
42.3216
42.3168
42.3266
42.3364
42.3217
42.3399
42.3399
42.3692
42.3903
42.4119
42.4184
42.4283
42.7117
42.2687
42.7943
42.5336
42.5775
42.4141
42.343
42.3698
42.3341
42.3472
42.3194
42.3328
42.3325
42.3492
42.3751
42.3652
42.3571
42.3641
42.3394
42.3312
42.3263
42.3055
42.3019
42.2891
42.2966
42.2969
42.2985
42.3067
42.2891
42.2886
42.261
42.2563
42.2641
42.2547
42.2545
42.2462
42.2387
42.2465
42.2285
42.227
42.2252
42.2333
42.2451
42.2629
42.2447
42.2252
42.2156
42.2056
42.1959
42.168
42.155
42.1728
42.1548
42.1763
42.1746
42.1826
42.2056
42.222
42.2153
42.2138
42.2075
42.1861
42.1861
42.1746
42.1728
42.181
42.1646
42.1732
42.1732
42.1633
42.1533
42.1517
42.15
42.1415
42.1415
42.1419
42.1321
42.1158
42.1013
42.1011
42.0845
42.0551
42.0618
42.034
42.0602
42.0732
42.0732
42.0634
42.0617
42.0634
42.0438
42.0325
42.0345
42.0345
42.0443
42.0443
42.0361
42.0312
42.0341
42.0407
42.0422
42.0454
42.0423
42.0782
42.0716
42.0732
42.0521
42.0212
42.0032
41.9771
41.9445
41.9313
41.9329
41.9411
41.9427
41.9493
41.9724
41.9755
41.9442
41.9325
41.9227
41.9067
41.8676
41.8446
41.8415
41.8513
41.8431
41.8481
41.8774
41.8708
41.8723
41.8708
41.8787
41.8641
41.8544
41.8333
41.8317
41.822
41.8023
41.7922
41.7809
41.7708
41.7595
41.7434
41.7383
41.7024
41.6993
41.699
41.7008
41.6989
41.7122
41.7219
41.7204
41.7056
41.6945
41.6844
41.6829
41.6665
41.6699
41.6599
41.6697
41.652
41.6403
41.6305
41.6141
41.6239
41.6419
41.6419
41.6419
41.6614
41.6598
41.6599
41.6517
41.645
41.6614
41.6617
41.6794
41.6646
41.6696
41.668
41.6712
41.6794
41.6548
41.6403
41.624
41.6126
41.6094
41.5751
41.5801
41.5915
41.6013
41.6109
41.5911
41.5895
41.5716
41.5782
41.5798
41.5782
41.5716
41.5716
41.5834
41.5837
41.5621
41.5633
41.5439
41.5505
41.5308
41.513
41.5013
41.4931
41.4821
41.4708
41.4821
41.4886
41.4915
41.4802
41.4802
41.4818
41.5079
41.4849
41.4802
41.4883
41.4818
41.4703
41.4505
41.4489
41.4407
41.4229
41.42
41.4102
41.3982
41.4096
41.4282
41.4314
41.4395
41.431
41.4213
41.402
41.3903
41.379
41.3806
41.379
41.3723
41.3607
41.3591
41.3509
41.3314
41.338
41.338
41.3196
41.3279
41.3021
41.2892
41.263
41.2501
41.2481
41.2367
41.2559
41.2576
41.2692
41.2692
41.2646
41.2728
41.2548
41.2809
41.2808
41.2985
41.2923
41.3087
41.3282
41.3232
41.2939
41.2711
41.279
41.2806
41.2626
41.261
41.2563
41.2497
41.2318
41.2318
41.2126
41.1946
41.2028
41.1946
41.1848
41.1813
41.1695
41.1677
41.1497
41.158
41.1403
41.147
41.1501
41.1501
41.1384
41.1204
41.1204
41.1025
41.0911
41.0895
41.0833
41.0751
41.0441
41.0325
41.0309
41.0309
41.0458
41.0551
41.0665
41.0877
41.088
41.0993
41.1126
41.1207
41.1091
41.0993
41.0911
41.0927
41.0798
41.07
41.07
41.0684
41.0583
41.0372
41.0325
41.0114
41.0001
41.0212
41.0114
41.0032
41.0114
40.9935
41.013
40.9933
40.9997
41.0013
40.9997
40.9981
40.9899
40.9868
40.9802
40.9672
40.9688
40.9704
40.9802
40.9786
40.9818
40.9818
40.972
40.9427
40.9232
40.918
40.9114
40.9001
40.8806
40.8837
40.8825
40.8841
40.8923
40.884
40.8887
40.8853
40.8688
40.8607
40.8513
40.8513
40.843
40.8411
40.861
40.8477
40.8774
40.8688
40.8806
40.8688
40.8607
40.8544
40.8447
40.8447
40.8399
40.8431
40.8314
40.8216
40.8282
40.8087
40.8118
40.7907
40.7891
40.763
40.7794
40.7906
40.7907
40.8005
40.802
40.8099
40.7919
40.7903
40.7985
40.7822
40.7872
40.7774
40.7676
40.7676
40.7676
40.7579
40.7497
40.7596
40.7778
40.7744
40.7595
40.7579
40.7594
40.7415
40.7396
40.7419
40.7516
40.7433
40.7302
40.7497
40.7333
40.7122
40.6911
40.6993
40.7025
40.6993
40.709
40.7009
40.7087
40.7005
40.6989
40.6891
40.681
40.6891
40.6876
40.6891
40.6728
40.6599
40.668
40.6353
40.5947
40.5945
40.5782
40.5766
40.5766
40.5701
40.572
40.5637
40.57
40.5732
40.5814
40.5931
40.611
40.5931
40.5981
40.5915
40.5817
40.5817
40.57
40.5634
40.5472
40.5192
40.5306
40.5423
40.5505
40.5505
40.5704
40.5638
40.554
40.5443
40.5294
40.5211
40.4978
40.4997
40.4899
40.472
40.4443
40.4509
40.4427
40.423
40.4016
40.4017
40.41
40.4134
40.4019
40.39
40.4083
40.3919
40.3724
40.379
40.3708
40.3708
40.3904
40.4005
40.4052
40.4036
40.402
40.3923
40.3887
40.3724
40.3676
40.3431
40.3317
40.3333
40.3415
40.3415
40.3414
40.3493
40.3411
40.3266
40.3118
40.32
40.3266
40.3395
40.3575
40.374
40.3806
40.374
40.3919
40.3821
40.374
40.3806
40.361
40.3528
40.3317
40.3301
40.3004
40.279
40.2872
40.2889
40.2743
40.2809
40.3087
40.3021
40.2923
40.2728
40.2681
40.2614
40.2415
40.2516
40.2499
40.2708
40.2708
40.2743
40.2712
40.2466
40.2271
40.2028
40.1816
40.1814
40.1716
40.1583
40.1403
40.1403
40.1501
40.1419
40.1306
40.1403
40.1321
40.1321
40.111
40.1208
40.1403
40.1485
40.1485
40.1583
40.1583
40.1501
40.1224
40.1025
40.0914
40.0895
40.1013
40.0915
40.0817
40.0864
40.0716
40.0763
40.0883
40.0898
40.0798
40.0895
40.0994
40.093
40.0829
40.0814
40.0798
40.0993
40.0911
40.0895
40.0895
40.0798
40.0895
40.0814
40.0798
40.0993
40.0927
40.0993
40.0911
40.0894
40.1091
40.1091
40.1055
40.0876
40.0892
40.0782
40.0602
40.0618
40.0602
40.0668
40.07
40.0798
40.07
40.0798
40.0895
40.0567
40.0536
40.0602
40.0521
40.0228
40.0095
40.0063
40.0063
40.0013
40.0079
40.0192
40.0192
40.0325
40.0161
40.0228
40.0146
40.0001
40.0001
40.0196
40.0181
40.0278
40.0407
40.0521
40.0454
40.0341
40.0345
40.0329
40.041
40.0294
40.0059
40.0076
39.9883
39.98
39.9684
39.9619
39.9521
39.9528
39.943
39.9525
39.9427
39.9313
39.9313
39.9376
39.9294
39.9493
39.9294
39.9294
39.9477
39.9606
39.972
39.9606
39.9688
39.975
39.9638
39.931
39.918
39.9196
39.9212
39.913
39.9017
39.9001
39.8821
39.861
39.8497
39.8415
39.8578
39.8447
39.8677
39.8806
39.8642
39.8626
39.8692
39.8692
39.8395
39.8513
39.8477
39.8591
39.8525
39.8607
39.8692
39.8513
39.8317
39.8301
39.8415
39.8317
39.8399
39.8332
39.8395
39.8345
39.8199
39.8314
39.8216
39.8477
39.8232
39.8184
39.8463
39.8399
39.8497
39.8216
39.8317
39.8235
39.82
39.8216
39.8216
39.8005
39.7712
39.7629
39.7529
39.7236
39.722
39.7485
39.7712
39.7778
39.7595
39.7595
39.7661
39.7431
39.7383
39.7302
39.7122
39.7204
39.722
39.7236
39.7415
39.761
39.7646
39.763
39.7712
39.7778
39.7712
39.7387
39.7188
39.7055
39.7104
39.7126
39.6929
39.7005
39.72
39.7119
39.722
39.7122
39.7122
39.6989
39.6794
39.6517
39.6403
39.624
39.6306
39.6224
39.6094
39.6009
39.5993
39.5895
39.5895
39.5798
39.5732
39.5618
39.57
39.5782
39.588
39.5762
39.5748
39.5782
39.5962
39.57
39.5521
39.5618
39.5634
39.5439
39.5244
39.5114
39.4997
39.5063
39.5059
39.5141
39.5189
39.5372
39.5403
39.5505
39.5423
39.5455
39.5587
39.5422
39.5423
39.5423
39.5146
39.5016
39.4919
39.4919
39.4805
39.4704
39.4606
39.4525
39.4606
39.4427
39.4509
39.441
39.431
39.4427
39.4313
39.4525
39.4509
39.459
39.4688
39.4509
39.459
39.4509
39.4571
39.4622
39.4606
39.4606
39.4802
39.4802
39.4736
39.4606
39.454
39.4442
39.4493
39.4114
39.4082
39.4079
39.3981
39.3884
39.3818
39.3806
39.3692
39.361
39.3431
39.3298
39.32
39.3301
39.3314
39.3395
39.3559
39.3868
39.4017
39.4002
39.4184
39.4083
39.3821
39.3708
39.361
39.361
39.361
39.3704
39.3786
39.3786
39.3688
39.3688
39.3672
39.369
39.3609
39.3475
39.361
39.3492
39.3395
39.3416
39.3336
39.3415
39.3415
39.3431
39.3251
39.304
39.2825
39.2728
39.2809
39.2614
39.243
39.2399
39.2399
39.2302
39.2481
39.2872
39.2809
39.2891
39.3087
39.3102
39.3118
39.3005
39.2989
39.2907
39.2825
39.2614
39.2598
39.2614
39.2712
39.284
39.2888
39.3266
39.1829
38.9267
39.431
39.4036
39.3132
39.4602
40.068
39.8219
39.2316
38.5248
39.3107
42.3765
