-0.225098
-0.211792
-0.195801
-0.197388
-0.184082
-0.164551
-0.156738
-0.14856
-0.115723
-0.105957
-0.0911255
-0.0945435
-0.0845337
-0.0852051
-0.0848389
-0.0962524
-0.109375
-0.0977783
-0.0751953
-0.085144
-0.0794678
-0.0668335
-0.0977173
-0.123596
-0.106079
-0.0898438
-0.0961914
-0.0895386
-0.10437
-0.115601
-0.120483
-0.119141
-0.115723
-0.11731
-0.114258
-0.0980835
-0.0782471
-0.0587158
-0.0309448
-0.0356445
-0.0633545
-0.0930786
-0.123962
-0.11731
-0.0946655
-0.0864258
-0.0665894
-0.0539551
-0.0649414
-0.074707
-0.0927124
-0.0861206
-0.102783
-0.113831
-0.125916
-0.126953
-0.120422
-0.10907
-0.0911255
-0.0765991
-0.0466309
-0.0426025
-0.0372314
-0.0160522
-0.0162354
-2.27E-02
-1.73E-02
-0.024292
-0.0192871
-0.0340576
-2.09E-02
0.00E+00
1.35E-02
4.10E-02
8.03E-02
3.90E-01
2.64941
2.41766
7.71E-01
-2.89E-01
-2.40118
-1.1059
-2.04266
-3.28711
-1.16211
-0.530151
-0.420044
-0.318909
-0.247009
-0.219482
-0.190186
-0.16748
-0.137817
-0.124878
-0.0839844
-0.0484619
-0.0176392
-9.34E-03
-2.75E-03
0.0105591
0.0281372
0.0495605
0.0804443
0.111572
0.148865
0.145996
0.147278
0.147522
0.156982
1.59E-01
0.157349
1.72E-01
0.178101
1.80E-01
1.71E-01
1.85E-01
1.83E-01
0.170227
1.77E-01
0.215942
0.255432
0.26825
0.299561
0.296021
0.294434
0.29126
0.301086
0.279602
0.279968
0.272949
0.259705
0.28125
0.289368
0.302734
0.338623
0.351868
0.345154
0.325012
0.333496
0.351868
0.367859
0.408936
0.436646
0.439758
0.415222
0.407349
0.403809
0.387817
0.412292
0.441345
0.459656
0.480713
0.498718
0.508179
0.51825
0.519775
0.519836
0.514832
0.51355
0.522949
0.533142
0.549133
0.59021
0.592041
0.583496
0.601807
0.614746
0.616333
0.642822
0.662048
0.661987
0.689453
0.681824
0.683167
0.730713
0.733887
0.735413
0.733887
0.760071
0.763306
0.789795
0.809326
0.83728
0.848022
0.876099
0.894165
0.894043
0.884216
0.905457
0.936646
0.944763
0.952698
0.964355
0.96582
0.947937
0.953003
0.95105
0.980774
1.00854
1.04956
1.04126
1.07227
1.07373
1.10156
1.11346
1.12097
1.15234
1.15259
1.17297
1.17676
1.18469
1.19324
1.198
1.21313
1.20428
1.23108
1.24377
1.28308
1.26666
1.2749
1.26666
1.25531
1.26172
1.28156
1.28778
1.32068
1.34058
1.37915
1.38232
1.36951
1.37482
1.36432
1.37292
1.38428
1.40576
1.42334
1.42651
1.44165
1.44611
1.47412
1.48419
1.50348
1.52295
1.53467
1.54285
1.55261
1.56055
1.5722
1.59363
1.58704
1.60803
1.64374
1.63416
1.66016
1.66553
1.68347
1.69482
1.69287
1.71277
1.72412
1.73395
1.74243
1.74524
1.73572
1.75342
1.77808
1.79633
1.82373
1.8335
1.83704
1.8418
1.83386
1.81396
1.81396
1.8222
1.81714
1.83545
1.84521
1.87292
1.89404
1.8905
1.90192
1.90253
1.9054
1.90546
1.92206
1.95264
1.9527
1.98273
2.0116
2.0296
2.04095
2.0545
2.04761
2.05743
2.06427
2.07214
2.07373
2.0835
2.09167
2.10309
2.09833
2.09515
2.12292
2.13428
2.12769
2.15259
2.17334
2.21082
2.22412
2.24371
2.2619
2.2746
2.26514
2.27484
2.28278
2.2796
2.29474
2.30573
2.31549
2.32373
2.33539
2.3465
2.33862
2.34357
2.34491
2.35498
2.3631
2.37256
2.3905
2.42151
2.43311
2.43665
2.44159
2.46246
2.47412
2.47565
2.47559
2.46588
2.46912
2.45801
2.47412
2.47766
2.51355
2.5542
2.58191
2.60455
2.59637
2.61987
2.60999
2.61786
2.63586
2.64758
2.67529
2.69324
2.70959
2.74182
2.7616
2.7616
2.76318
2.75659
2.76514
2.75537
2.73419
2.72412
2.73389
2.71436
2.70612
2.74719
2.75726
2.76672
2.78467
2.82214
2.84326
2.85962
2.87457
2.89124
2.89557
2.89246
2.88586
2.86121
3.04041
3.48621
2.50562
3.4126
3.23291
3.15472
2.9657
2.8894
2.88177
2.89508
2.92627
2.92322
2.90179
2.89673
2.86414
2.80841
2.74664
2.7843
2.84827
2.84161
2.84003
2.85657
2.92529
2.90363
2.86743
2.87061
2.88892
2.93665
2.94324
2.93304
2.94757
2.93506
2.92871
2.95605
2.97882
2.98035
2.98236
2.98224
2.98236
2.98059
2.9624
2.95111
2.94788
2.93976
2.93817
2.96619
2.99518
2.99841
2.9873
3.00848
3.01007
3.00525
3.01788
3.00842
3.00812
2.99677
2.99866
3.01172
2.99866
3.01825
3.01819
3.00848
2.99677
3.01202
3.0163
3.02802
3.0459
3.06555
3.06702
3.04565
3.02478
3.01794
3.01703
3.02448
3.02649
3.04602
3.06232
3.0672
3.06708
3.04919
3.01978
2.99365
3.03625
3.1062
3.14246
3.1701
3.19788
3.22571
3.24329
3.27448
4.10779
3.76093
2.01904
0.918396
2.34039
2.82581
2.95264
3.01929
3.06812
3.16656
3.21997
3.27856
3.33215
3.34888
3.35077
3.37622
3.37964
3.39258
3.40967
3.42694
3.44971
3.47961
3.47729
3.45776
3.44604
3.45807
3.47565
3.47888
3.50513
3.54828
3.5672
3.56085
3.57068
3.58856
3.58191
3.58203
3.59058
3.61987
3.63739
3.63898
3.64417
3.64246
3.64447
3.6507
3.68005
3.70776
3.73895
3.76172
3.79126
3.8042
3.82568
3.83386
3.8515
3.87952
3.90857
3.9104
3.95782
3.96436
3.99011
4.02148
4.05109
4.06592
4.10144
4.12256
4.1261
4.12445
4.13397
4.14087
4.14404
4.1604
4.16516
4.18188
4.21252
4.2522
4.28125
4.29285
4.32214
4.3551
4.37134
4.38745
4.41394
4.43506
4.44489
4.43188
4.43469
4.44141
4.46118
4.47375
4.49359
4.52454
4.53455
4.53784
4.54633
4.54407
4.56042
4.57214
4.59021
4.6214
4.6507
4.66364
4.68341
4.716
4.7522
4.76477
4.78271
4.79089
4.81714
4.81586
4.82538
4.85376
4.87415
4.8924
4.89404
4.91522
4.91388
4.92175
4.94293
4.97253
4.99554
5.01483
5.04291
5.03613
5.06409
5.10339
5.13116
5.16553
5.17688
5.185
5.20581
5.21631
5.22284
5.25195
5.28467
5.29602
5.31238
5.3335
5.33344
5.33478
5.33038
5.34363
5.35657
5.35657
5.37451
5.40424
5.4433
5.46082
5.48077
5.51172
5.52332
5.56085
5.55579
5.57568
5.5968
5.60498
5.60486
5.62262
5.64404
5.65381
5.67181
5.70105
5.73389
5.74054
5.74554
5.75854
5.76001
5.76984
5.79443
5.80414
5.82538
5.86475
5.87793
5.91199
5.93506
5.92841
5.95459
5.97253
5.98389
5.99518
6.00696
6.03467
6.04443
6.07373
6.07532
6.07568
6.09204
6.10663
6.12323
6.14246
6.15381
6.19452
6.21466
6.26166
6.3042
6.3139
6.33154
6.33154
6.35815
6.34869
6.35681
6.38428
6.39557
6.41357
6.43347
6.46277
6.47412
6.49219
6.51196
6.53149
6.56085
6.59363
6.59485
6.6062
6.6264
6.62604
6.63776
6.63458
6.65381
6.65698
6.67529
6.68506
6.69318
6.70416
6.71564
6.71619
6.73541
6.75848
6.76825
6.79132
6.83191
6.87927
6.91034
6.94128
6.98865
7.00653
7.03461
7.03424
7.02606
7.03467
7.04602
7.06592
7.08228
7.08508
7.09674
7.12292
7.1261
7.1261
7.13586
7.16357
7.18341
7.19446
7.21277
7.21594
7.2323
7.24365
7.25342
7.237
7.25342
7.2749
7.28619
7.32568
7.33691
7.36279
7.3858
7.39563
7.40533
7.41199
7.41705
7.44482
7.43658
7.45612
7.46747
7.46429
7.48193
7.49011
7.50964
7.51636
7.5495
7.58191
7.60144
7.60651
7.61627
7.62292
7.63428
7.6358
7.65222
7.67188
7.70148
7.71436
7.70618
7.73071
7.74561
7.73901
7.74561
7.74554
7.7749
7.78467
7.80261
7.82373
7.85315
7.86981
7.89246
8.14868
8.25079
8.14966
8.2431
8.21899
8.0708
7.9397
7.92267
7.93103
7.91809
7.88379
7.87244
7.85767
7.85297
7.83337
7.82324
7.78931
7.80219
7.81543
7.79706
7.77765
7.8241
7.85498
7.8858
7.8905
7.9007
7.8924
7.89087
7.8811
7.8678
7.89722
7.91675
7.9201
7.92206
7.91193
7.89722
7.89716
7.87415
7.87604
7.86127
7.86163
7.8811
7.88275
7.8728
7.88074
7.87756
7.8515
7.84827
7.84454
7.84991
7.84033
7.84802
7.86005
7.8584
7.86096
7.88275
7.86816
7.88232
7.88593
7.87445
7.84991
7.85492
7.8465
7.83856
7.84045
7.85303
7.86633
7.85657
7.87299
7.89087
7.87451
7.87604
7.89246
7.9054
7.91705
7.93811
7.9707
7.9823
7.97101
7.93323
7.88464
7.8761
7.88733
7.9101
7.95105
7.98077
7.98737
8.00342
8.03473
8.02325
8.82959
8.49194
6.71643
6.0191
7.23297
7.67181
7.86896
7.98962
8.0697
8.1153
8.13129
8.17743
8.20984
8.23798
8.26373
8.26868
8.2832
8.33075
8.38446
8.42218
8.48914
8.5448
8.5918
8.62292
8.66522
8.69958
8.71124
8.7406
8.75061
8.76477
8.77173
8.80737
8.83032
8.86951
8.90894
8.94324
8.95471
8.98108
9.01172
9.02295
9.03308
9.04285
9.0542
9.0639
9.07538
9.09375
9.12329
9.15393
9.19202
9.20276
9.21436
9.23547
9.26355
9.28625
9.30457
9.32532
9.37134
9.38593
9.42212
9.46747
9.51837
9.54285
9.56909
9.60461
9.60651
9.60968
9.63428
9.67371
9.71277
9.76007
9.78467
9.81549
9.81714
9.81744
9.82568
9.86157
9.88074
9.90894
9.94946
9.98401
10.0233
10.0491
10.0739
10.1116
10.1534
10.1721
10.2058
10.2128
10.2535
10.265
10.2745
10.2827
10.2682
10.2944
10.3042
10.3483
10.3664
10.4207
10.4597
10.5003
10.5167
10.5527
10.5823
10.5964
10.6132
10.6375
10.6639
10.6749
10.7064
10.7241
10.7437
10.7616
10.8043
10.8256
10.8613
10.8856
10.9201
10.9608
10.9656
10.9921
11.0331
11.0382
11.0546
11.1031
11.1064
11.1442
11.1819
11.2112
11.2323
11.2554
11.2749
11.3108
11.3433
11.3824
11.4041
11.4233
11.425
11.4432
11.4448
11.4709
11.4999
11.5233
11.5444
11.5854
11.6034
11.6246
11.6526
11.6654
11.6848
11.7311
11.755
11.7863
11.8339
11.8679
11.8925
11.9135
11.9449
11.9663
11.994
12.0038
12.0085
12.0428
12.0721
12.0773
12.0952
12.1115
12.1437
12.1718
12.1846
12.2289
12.257
12.2733
12.3202
12.3315
12.3648
12.3831
12.4042
12.4156
12.4451
12.4479
12.4855
12.4971
12.5164
12.5643
12.592
12.6129
12.6245
12.6522
12.6733
12.6866
12.7046
12.7538
12.7748
12.8024
12.8237
12.855
12.8647
12.8546
12.8741
12.9054
12.9448
12.9627
12.9937
13.0328
13.0264
13.0347
13.0562
13.0838
13.1143
13.1226
13.1714
13.2049
13.2421
13.2731
13.3026
13.3237
13.3433
13.3827
13.3956
13.4056
13.425
13.453
13.4741
13.4838
13.5211
13.5659
13.605
13.6425
13.6538
13.6819
13.6851
13.6932
13.7242
13.7456
13.7733
13.8026
13.8336
13.8745
13.894
13.9155
13.9432
13.9725
13.9854
14.005
14.0249
14.0363
14.056
14.0655
14.0768
14.103
14.1226
14.1637
14.1952
14.2064
14.2225
14.2339
14.2534
14.2664
14.2964
14.3143
14.335
14.3448
14.3401
14.337
14.3452
14.3909
14.412
14.451
14.4921
14.5445
14.5643
14.587
14.5955
14.605
14.6343
14.644
14.6456
14.6733
14.6964
14.744
14.7632
14.7764
14.814
14.8175
14.8175
14.8273
14.8338
14.8514
14.8644
14.8859
14.9218
14.9526
14.9741
15.0051
15.0331
15.0413
15.0718
15.0936
15.1214
15.1147
15.1327
15.4034
15.283
15.4323
15.3137
15.4865
15.2676
15.1243
15.0564
15.0408
15.08
15.0752
15.062
15.0573
15.0571
15.008
14.9755
14.9229
14.9053
14.9302
14.9163
14.9182
14.9479
14.9972
15.0198
15.0315
15.0377
15.0405
15.0295
15.039
15.0232
15.0178
15.0261
15.0361
15.0374
15.0574
15.0789
15.0609
15.069
15.0772
15.0867
15.0804
15.0494
15.0378
15.0511
15.0413
15.0394
15.0393
15.0475
15.0495
15.0526
15.0492
15.0772
15.0951
15.0897
15.0999
15.0901
15.0865
15.0883
15.0854
15.087
15.1129
15.1151
15.1046
15.1164
15.11
15.1034
15.0818
15.069
15.0671
15.0656
15.0495
15.046
15.0675
15.1034
15.1179
15.1422
15.1608
15.1589
15.1207
15.0886
15.0624
15.0542
15.0897
15.1359
15.1749
15.2159
15.2452
15.2616
15.2827
15.3026
16.093
15.6899
14.1329
12.9656
14.3497
14.8736
15.0181
15.1581
15.2563
15.3048
15.3523
15.4487
15.511
15.5845
15.6364
15.6968
15.7391
15.7735
15.8292
15.8923
15.9338
15.9777
16.007
16.041
16.0691
16.1183
16.1854
16.2211
16.2847
16.3402
16.3894
16.4237
16.4711
16.5283
16.5539
16.5936
16.6491
16.7094
16.7784
16.8483
16.907
16.9659
17.0101
17.0441
17.0721
17.0952
17.1425
17.1636
17.203
17.2436
17.2726
17.3339
17.3909
17.4332
17.4972
17.5675
17.621
17.6621
17.703
17.762
17.8125
17.8436
17.8546
17.8956
17.9221
17.9723
18.0315
18.0624
18.1199
18.1914
18.2506
18.2941
18.342
18.3741
18.4007
18.4401
18.5004
18.5398
18.5819
18.626
18.6636
18.6964
18.7144
18.7616
18.801
18.8336
18.8811
18.943
18.9725
19.0132
19.0608
19.1097
19.1405
19.1863
19.2109
19.2455
19.2761
19.3222
19.355
19.3859
19.4479
19.5085
19.5394
19.5902
19.6034
19.6143
19.6405
19.6719
19.7213
19.7535
19.8207
19.8538
19.8843
19.8956
19.9316
19.9706
20.0119
20.0605
20.1116
20.144
20.1816
20.2242
20.2604
20.3121
20.332
20.3632
20.4022
20.4433
20.466
20.494
20.5543
20.6019
20.6475
20.675
20.7225
20.7616
20.7847
20.8124
20.8519
20.8893
20.9476
20.9968
21.041
21.1003
21.1425
21.1917
21.2141
21.2225
21.2355
21.2553
21.2941
21.3502
21.3824
21.4022
21.4426
21.4546
21.4546
21.4924
21.5151
21.5428
21.5608
21.5917
21.6262
21.6557
21.6913
21.7355
21.7749
21.824
21.871
21.8875
21.9057
21.9233
21.9609
22.0018
22.033
22.0558
22.0936
22.1163
22.1639
22.1945
22.2046
22.2323
22.2816
22.3109
22.3335
22.3647
22.4137
22.453
22.4921
22.5115
22.5508
22.582
22.6195
22.6522
22.6867
22.7261
22.7537
22.7647
22.7909
22.7941
22.8108
22.8303
22.8512
22.8842
22.9237
22.9808
23.0344
23.0725
23.1
23.1324
23.144
23.1523
23.1538
23.1619
23.1848
23.1964
23.2142
23.2319
23.2547
23.275
23.3127
23.3514
23.3922
23.4202
23.4691
23.4938
23.5315
23.5526
23.5917
23.6211
23.6526
23.6898
23.7125
23.7338
23.7651
23.8045
23.8171
23.853
23.8726
23.8758
23.9022
23.9335
23.9514
23.9737
23.9754
24.0334
24.0464
24.0577
24.0838
24.1128
24.1307
24.1356
24.1378
24.1541
24.1815
24.1928
24.2223
24.2421
24.2632
24.2827
24.3077
24.3436
24.3647
24.3956
24.4332
24.4709
24.5198
24.5343
24.5444
24.5721
24.5933
24.6062
24.621
24.644
24.6718
24.7308
24.7437
24.7651
24.8046
24.8339
24.8271
24.8366
24.855
24.8647
24.886
24.9073
24.9351
24.955
24.9662
24.9757
25.0117
25.0135
25.0428
25.0447
25.0526
25.0542
25.0395
25.0725
25.0952
25.1018
25.1686
25.4327
25.4786
25.3935
25.4702
25.5143
25.3365
25.2357
25.2181
25.1907
25.1731
25.1713
25.1552
25.149
25.132
25.1111
25.0815
25.0607
25.0373
25.0425
25.0557
25.0424
25.0591
25.0491
25.0132
25.0115
25.0214
25.0408
25.0542
25.0525
25.0768
25.0718
25.0561
25.0491
25.051
25.0494
25.0753
25.0769
25.0393
25.0299
24.9982
24.9738
24.9592
24.969
24.969
24.9656
24.958
24.9577
24.9397
24.9019
24.9089
24.9104
24.9089
24.9085
24.917
24.9249
24.9269
24.9167
24.9186
24.9216
24.9331
24.9249
24.9352
24.917
24.9135
24.9151
24.9167
24.9283
24.9333
24.9363
24.9072
24.8873
24.8662
24.8594
24.8663
24.8941
24.8972
24.9025
24.9495
25.0086
26.3866
27.3885
27.5733
27.6059
26.6963
25.5457
25.2621
25.1516
23.7917
21.5912
21.4403
21.6107
22.4662
25.0229
25.2578
25.0384
24.9724
24.9608
24.9772
25.0413
26.9513
24.5109
22.3759
23.9792
24.6482
24.8448
24.9651
25.0564
25.1185
25.1563
25.2278
25.2653
25.2869
25.3356
25.3649
25.4192
25.4613
25.5105
25.5875
25.6429
25.6848
25.7245
25.7683
25.7995
25.837
25.8925
25.948
26.0003
26.0296
26.0691
26.0948
26.1131
26.1261
26.1707
26.1718
26.2273
26.2582
26.3159
26.3664
26.4105
26.473
26.5021
26.5328
26.5444
26.6003
26.6296
26.6733
26.7112
26.762
26.7667
26.8124
26.8582
26.9003
26.9413
26.951
26.9741
26.9952
27.0167
27.0343
27.0707
27.1409
27.1835
27.2159
27.244
27.2863
27.3225
27.3448
27.3729
27.4121
27.4432
27.4647
27.4858
27.5218
27.5507
27.5721
27.603
27.6671
27.6995
27.7128
27.7438
27.7897
27.8237
27.8549
27.9022
27.9366
27.9839
27.9956
28.0233
28.0624
28.0936
28.1328
28.1526
28.2027
28.2245
28.2632
28.275
28.296
28.314
28.3241
28.3433
28.3713
28.4101
28.4417
28.4515
28.4725
28.4824
28.5002
28.5297
28.5425
28.5562
28.5709
28.6031
28.6147
28.6441
28.6732
28.6961
28.7225
28.7734
28.8042
28.8339
28.8632
28.9105
28.9332
28.9628
28.9744
29.0019
29.0249
29.0542
29.0855
29.0953
29.1343
29.1624
29.1672
29.1705
29.1816
29.2012
29.2113
29.2226
29.2683
29.301
29.3023
29.314
29.3319
29.3549
29.3746
29.3827
29.412
29.4609
29.4754
29.4662
29.4808
29.5066
29.5052
29.5214
29.5558
29.5837
29.6046
29.6113
29.6144
29.6228
29.6065
29.623
29.644
29.6733
29.6996
29.7421
29.7928
29.8221
29.8535
29.8925
29.9252
29.9563
29.9646
29.9741
30.0034
30.005
30.0248
30.0347
30.046
30.046
30.0475
30.0362
30.0593
30.0914
30.1199
30.1506
30.1816
30.1932
30.2061
30.2029
30.2141
30.2339
30.2534
30.2932
30.3057
30.3335
30.3531
30.3745
30.4022
30.3991
30.4236
30.4543
30.4741
30.5019
30.5214
30.5527
30.5721
30.5836
30.5834
30.5835
30.5834
30.582
30.6016
30.6229
30.6556
30.6733
30.7026
30.7059
30.7061
30.703
30.7014
30.7092
30.7319
30.7402
30.7631
30.7831
30.7943
30.8023
30.8221
30.8334
30.8551
30.8847
30.9025
30.8972
30.912
30.9054
30.9054
30.9055
30.9221
30.9249
30.9351
30.9464
30.9545
30.9562
30.9725
30.984
31.0054
31.0253
31.0334
31.0428
31.0542
31.0757
31.0659
31.0917
31.085
31.1243
31.1362
31.1444
31.1737
31.1752
31.1932
31.1945
31.2144
31.2043
31.2163
31.2162
31.2422
31.2538
31.2651
31.2831
31.314
31.3237
31.3156
31.3319
31.3433
31.3515
31.353
31.3694
31.3823
31.3839
31.3956
31.4038
31.4153
31.4174
31.4335
31.4351
31.4417
31.4644
31.4578
31.4464
31.453
31.4562
31.4644
31.4725
31.4772
31.4983
31.5096
31.5227
31.5394
31.5507
31.5933
32.3412
31.1591
32.0625
31.8734
31.7685
31.5991
31.5078
31.4832
31.4896
31.4861
31.4921
31.4854
31.4657
31.4474
31.4542
31.4462
31.4362
31.4366
31.4331
31.4233
31.4218
31.4233
31.4119
31.3827
31.3725
31.3694
31.353
31.3401
31.3383
31.3448
31.3484
31.3206
31.3058
31.2797
31.2487
31.2369
31.2273
31.2078
31.1996
31.1898
31.1881
31.196
31.198
31.1721
31.1687
31.149
31.1472
31.1277
31.1097
31.1066
31.1064
31.0964
31.0886
31.0968
31.0789
31.0592
31.0476
31.0363
31.0183
31.0151
31.0167
31.0151
30.9984
30.9952
30.9869
30.9871
30.9675
30.9496
30.9268
30.9152
30.9089
30.8991
30.9089
30.9139
30.9038
30.9136
30.9054
30.8859
30.8679
30.8663
30.8447
30.8527
30.8546
30.8351
30.812
30.8007
30.7843
30.7534
30.7437
30.7437
30.7355
30.7437
30.7339
30.7191
30.696
30.6749
30.6652
30.6655
30.6378
30.6182
30.6066
30.5984
30.5757
30.5757
30.5561
30.5722
30.5659
30.5526
30.5441
30.5522
30.5374
30.5277
30.5164
30.5183
30.4988
30.4757
30.4761
30.4565
30.4382
30.4253
30.4351
30.4187
30.4073
30.394
30.3826
30.3761
30.3483
30.3612
30.3433
30.3448
30.3469
30.3337
30.314
30.278
30.2632
30.2452
30.2339
30.2163
30.1947
30.1846
30.1961
30.1901
30.1787
30.1671
30.167
30.1534
30.1374
30.1277
30.1166
30.1128
30.1147
30.0983
30.1115
30.1063
30.1049
30.0772
30.0724
30.062
30.0702
30.0719
30.0624
30.0839
30.0917
30.0835
30.0656
30.054
30.0577
30.0546
30.017
30.0054
29.9756
29.9382
29.9351
29.9253
29.9072
29.8972
29.8956
29.8679
29.8484
29.837
29.8171
29.8105
29.796
29.7944
29.7863
29.7932
29.8108
29.7944
29.7847
29.7651
29.7437
29.7518
29.7355
29.7421
29.7584
29.7714
29.7534
29.7437
29.7417
29.7319
29.7156
29.7058
29.6945
29.6748
29.6453
29.644
29.6554
29.6554
29.6375
29.6146
29.6129
29.5854
29.5722
29.5445
29.5249
29.5446
29.5365
29.5199
29.507
29.5167
29.5054
29.4822
29.4803
29.4902
29.5003
29.4937
29.5038
29.4902
29.4738
29.4445
29.4151
29.412
29.4136
29.4038
29.394
29.3905
29.3823
29.3843
29.3582
29.3452
29.355
29.3549
29.355
29.3273
29.3042
29.3026
29.291
29.2745
29.2714
29.2648
29.2537
29.2355
29.2144
29.2225
29.2222
29.2374
29.2538
29.2651
29.275
29.2452
29.2437
29.2224
29.1827
29.1633
29.1538
29.1375
29.1311
29.1163
29.1147
29.1034
29.0917
29.0835
29.0968
29.0835
29.0917
29.1029
29.075
29.0835
29.0933
29.0853
29.0656
29.0604
29.0522
29.0425
29.0507
29.0327
29.0246
29.0316
29.0249
29.012
28.9722
28.9803
28.9738
28.964
28.9612
28.9416
28.9366
28.9285
28.9139
28.8959
28.8742
28.8628
28.8433
28.8351
28.8156
28.8057
28.8121
28.8237
28.8253
28.8319
28.8154
28.8156
28.8124
28.7797
28.7488
28.7358
28.7358
28.7245
28.7144
28.7144
28.6932
28.6866
28.6866
28.6687
28.6378
28.6228
28.6046
28.5933
28.5803
28.564
28.546
28.5444
28.5524
28.5558
28.5459
28.5426
28.5562
28.5546
28.5448
28.5365
28.5347
28.5347
28.5428
28.5347
28.5347
28.5151
28.4917
28.4738
28.4722
28.4542
28.4347
28.4167
28.4054
28.4038
28.3956
28.4042
28.4124
28.4022
28.394
28.3875
28.3874
28.3616
28.3583
28.3562
28.3741
28.3628
28.3562
28.3464
28.3433
28.3351
28.3171
28.314
28.3058
28.3026
28.296
28.2749
28.3026
28.2847
28.2831
28.2733
28.2718
28.2734
28.2702
28.2616
28.2698
28.2534
28.2452
28.2324
28.2261
28.205
28.1932
28.1815
28.1537
28.1421
28.1257
28.0948
28.0835
28.0953
28.089
28.0757
28.0464
28.0546
28.0562
28.0643
28.0463
28.0445
28.0479
28.0444
28.0444
28.0363
28.0167
28.0249
28.0135
28.0054
27.9956
27.9562
27.9366
27.9152
27.8956
27.8663
27.8448
27.8433
27.8335
27.8335
27.8074
27.8026
27.796
27.7928
27.7765
27.7847
27.8042
27.8042
27.7944
27.7928
27.7925
27.7909
27.7893
27.7844
27.7569
27.7632
27.7749
27.7667
27.7472
27.7456
27.744
27.744
27.7358
27.7245
27.7128
27.6948
27.6948
27.6784
27.6835
27.6948
27.6948
27.6984
27.7
27.687
27.6835
27.6753
27.6475
27.6359
27.6245
27.6245
27.6132
27.6129
27.6182
27.6281
27.6194
27.6096
27.6014
27.5851
27.5737
27.5819
27.5753
27.5718
27.5753
27.5538
27.5441
27.5394
27.5265
27.5085
27.5018
27.4839
27.5002
27.4937
27.5018
27.4855
27.4921
27.4921
27.4855
27.4741
27.4546
27.4432
27.4053
27.3875
27.3761
27.3647
27.3647
27.3646
27.3905
27.4199
27.4315
27.4249
27.4038
27.3925
27.3843
27.3726
27.3726
27.3546
27.3582
27.3662
27.3284
27.3088
27.2877
27.3042
27.296
27.2928
27.3026
27.3092
27.3206
27.3022
27.3024
27.2847
27.2764
27.2745
27.2729
27.2648
27.2468
27.2241
27.2108
27.1847
27.1652
27.1538
27.1456
27.1343
27.1245
27.1343
27.1343
27.1327
27.1506
27.1636
27.162
27.1456
27.1522
27.1616
27.137
27.1159
27.0967
27.0851
27.0753
27.0558
27.064
27.064
27.064
27.0441
27.0441
27.0261
26.9871
26.9773
26.9659
26.9564
26.9347
26.9413
26.9464
26.9417
26.9351
26.9269
26.9153
26.9155
26.9139
26.9057
26.9022
26.912
26.894
26.8644
26.8726
26.8726
26.8628
26.8761
26.8875
26.8744
26.8628
26.8351
26.8237
26.8007
26.7714
26.7649
26.7552
26.7454
26.7277
26.726
26.7241
26.7421
26.7518
26.7452
26.7633
26.757
26.7456
26.7225
26.7026
26.7206
26.714
26.7026
26.6847
26.6929
26.7026
26.6945
26.6815
26.6652
26.6538
26.6472
26.6245
26.6343
26.6066
26.605
26.605
26.6117
26.6066
26.6213
26.6245
26.6229
26.6147
26.5968
26.6034
26.5968
26.5952
26.5706
26.5756
26.5721
26.5671
26.546
26.5526
26.5609
26.564
26.5577
26.5526
26.5378
26.5167
26.507
26.4855
26.4757
26.4545
26.451
26.4332
26.4319
26.4155
26.4155
26.4042
26.4155
26.4007
26.3859
26.3729
26.3452
26.3452
26.3354
26.3436
26.3436
26.3452
26.3451
26.3531
26.3729
26.3663
26.3745
26.3597
26.355
26.3467
26.3335
26.3253
26.3222
26.3319
26.3401
26.3433
26.3351
26.3136
26.312
26.2925
26.2977
26.2882
26.285
26.2847
26.255
26.2386
26.2257
26.2257
26.2261
26.2343
26.2456
26.2522
26.2421
26.2323
26.2159
26.2144
26.1851
26.1851
26.1733
26.1831
26.1667
26.1538
26.1456
26.144
26.1245
26.1132
26.1034
26.0839
26.0835
26.0835
26.0558
26.0444
26.0347
26.0265
26.0249
26.0249
26.0347
26.0363
26.0363
26.0464
26.03
26.0562
26.0562
26.0464
26.0562
26.0366
26.0366
26.0054
26.0217
26.0136
26.0331
26.0233
26.0233
26.0214
25.9952
25.9839
25.9757
25.9757
25.9741
25.9577
25.958
25.9465
25.937
25.937
25.9252
25.9331
25.9234
25.9253
25.9155
25.9058
25.8846
25.855
25.8354
25.814
25.7963
25.7944
25.796
25.814
25.814
25.8237
25.8303
25.8303
25.8237
25.7827
25.7664
25.755
25.7534
25.7534
25.755
25.7632
25.7811
25.7827
25.7729
25.7585
25.7456
25.7358
25.7261
25.7225
25.7241
25.7046
25.68
25.6753
25.6932
25.703
25.6964
25.698
25.7209
25.7323
25.7273
25.7159
25.6866
25.6815
25.6749
25.6636
25.644
25.6307
25.6503
25.6519
25.6323
25.6339
25.6421
25.6519
25.6421
25.6503
25.6538
25.6538
25.6226
25.6242
25.6147
25.6147
25.5952
25.5854
25.5494
25.5347
25.5167
25.4937
25.4741
25.4823
25.5002
25.5018
25.4952
25.4839
25.4937
25.4855
25.4839
25.4757
25.4624
25.4823
25.4738
25.4577
25.4546
25.4562
25.4366
25.4269
25.4319
25.4335
25.4432
25.4432
25.4448
25.4351
25.4331
25.4136
25.3859
25.3647
25.3566
25.3549
25.3546
25.3433
25.3448
25.3448
25.353
25.3546
25.3484
25.3304
25.3159
25.3159
25.3077
25.3046
25.3127
25.3042
25.3042
25.3042
25.2944
25.2944
25.2781
25.2667
25.2538
25.2522
25.2339
25.2124
25.2092
25.1913
25.1733
25.1374
25.1343
25.144
25.1143
25.1241
25.1323
25.1519
25.1534
25.1815
25.1831
25.1765
25.1831
25.1667
25.1554
25.1277
25.1245
25.1327
25.1066
25.0952
25.0753
25.0737
25.0574
25.0378
25.0413
25.0347
25.051
25.0331
25.0494
25.0526
25.0739
25.0773
25.0935
25.1226
24.7451
24.5392
25.3423
25.1746
24.9655
25.2693
25.8719
25.4857
25.0041
23.9298
25.6616
28.4623
