-0.190979
-0.197571
-0.202576
-0.215637
-0.242065
-0.243286
-0.24176
-0.249939
-0.276184
-0.279358
-0.24176
-0.249939
-0.226868
-0.192932
-0.183044
-0.177795
-0.201111
-0.228882
-0.251648
-0.259766
-0.226929
-0.192871
-0.187561
-0.189819
-0.209412
-0.186218
-0.199463
-0.202454
-0.202637
-0.199646
-0.201111
-0.187805
-0.189514
-0.163208
-0.143982
-0.151917
-0.12384
-0.132019
-0.138977
-0.14679
-0.158264
-0.153442
-0.140564
-0.13385
-0.112427
-0.102661
-0.102783
-0.0999146
-0.107483
-0.109741
-0.109314
-0.130493
-0.112427
-0.101501
-0.110901
-0.0914307
-0.0784302
-0.0636597
-0.0706177
-0.0421143
-0.0391235
-0.0326538
-0.050415
-0.0324097
-0.0296021
-3.40E-02
1.46E-02
1.64E-02
2.12E-02
2.62E-02
9.83E-03
2.27E-13
-1.17E-02
-1.76E-02
-1.63E-02
3.10E-01
2.56805
2.41882
5.33E-01
-3.77E-01
-2.55731
-1.06342
-1.68341
-3.35577
-0.936646
-0.249756
-0.156982
-0.0706177
-0.0117798
2.73E-02
0.0678711
0.0905762
0.108948
0.126831
0.128296
1.42E-01
0.137634
1.77E-01
2.19E-01
0.258728
0.302795
0.317444
0.297668
0.279785
0.286194
0.304321
0.315308
0.350098
0.348145
3.43E-01
0.343323
3.61E-01
0.389221
4.19E-01
4.56E-01
4.97E-01
4.84E-01
0.48053
4.77E-01
0.465698
0.455994
0.472717
0.502014
0.532898
0.568848
0.604736
0.622681
0.632813
0.643738
0.646973
0.65509
0.657104
0.673096
0.678162
0.686096
0.692993
0.696167
0.715637
0.734131
0.761719
0.784424
0.794617
0.796082
0.779358
0.787903
0.779358
0.797729
0.797363
0.8078
0.833618
0.832092
0.84491
0.836365
0.847839
0.856323
0.862915
0.884094
0.897339
0.90863
0.923462
0.926697
0.980896
0.987244
0.985596
0.997253
0.998108
1.00006
1.00787
1.00983
1.02985
1.0249
1.04578
1.04071
1.04614
1.06555
1.06854
1.09021
1.09485
1.11578
1.13757
1.14697
1.16534
1.20276
1.23547
1.26263
1.27783
1.30908
1.31879
1.32666
1.32849
1.3465
1.3559
1.35822
1.34302
1.34967
1.3598
1.36261
1.37585
1.38904
1.4054
1.41803
1.42188
1.42975
1.47266
1.48865
1.50641
1.52661
1.52466
1.53595
1.55389
1.57501
1.57501
1.60944
1.61633
1.62738
1.62927
1.64532
1.67511
1.70435
1.73523
1.76642
1.75824
1.76996
1.79773
1.79102
1.80719
1.8255
1.85638
1.88586
1.92157
1.91022
1.90704
1.90826
1.91052
1.92621
1.93488
1.95587
1.96722
1.97076
1.99689
1.99847
2.00977
2.01801
2.0376
2.0379
2.04926
2.05084
2.07037
2.07233
2.09027
2.11603
2.12897
2.13593
2.15552
2.16016
2.16998
2.17975
2.20752
2.23712
2.23175
2.26331
2.28436
2.2973
2.3009
2.30743
2.33325
2.35443
2.37781
2.38751
2.4071
2.4184
2.41339
2.39063
2.41144
2.41211
2.41687
2.42657
2.44263
2.4837
2.49536
2.50671
2.51959
2.52979
2.55908
2.58038
2.5899
2.60785
2.63757
2.63916
2.66833
2.67816
2.70435
2.745
2.73871
2.75012
2.73907
2.73877
2.75635
2.75812
2.76611
2.77783
2.80585
2.81842
2.82703
2.82379
2.83801
2.83826
2.85632
2.85785
2.86609
2.89893
2.92694
2.91803
2.93762
2.93622
2.96729
2.96069
2.95929
2.95905
2.96564
2.98669
2.99646
3.03766
3.07385
3.0946
3.1095
3.10974
3.10809
3.10779
3.11108
3.15552
3.15887
3.18799
3.1864
3.19617
3.20746
3.18945
3.2157
3.25671
3.28448
3.31525
3.36261
3.39386
3.39893
3.39069
3.39893
3.40039
3.40692
3.40002
3.41852
3.42035
3.43988
3.45117
3.45929
3.47034
3.47034
3.45081
3.46765
3.47894
3.50519
3.51337
3.54742
3.5755
3.57855
3.5882
3.58636
3.5899
3.62592
3.62115
3.63751
3.66681
3.69769
3.69922
3.71918
3.72076
3.73047
3.72888
3.72736
3.72864
3.70941
3.72418
3.7912
4.38458
3.23254
4.21112
3.99103
3.88379
3.75916
3.73248
3.7326
3.73303
3.7691
3.74438
3.73322
3.72687
3.71204
3.6745
3.63031
3.63086
3.65668
3.67975
3.66467
3.67468
3.70587
3.745
3.74335
3.78583
3.80035
3.81171
3.80383
3.81525
3.82538
3.83331
3.84174
3.85114
3.86255
3.87231
3.8938
3.90192
3.90356
3.89221
3.89215
3.88556
3.89215
3.89532
3.90033
3.9035
3.90356
3.90033
3.89197
3.86481
3.87738
3.88708
3.8808
3.91302
3.91833
3.92822
3.93475
3.94775
3.94934
3.94135
3.93945
3.95123
3.96246
3.966
3.96887
3.96918
3.98022
3.96924
3.95941
3.95911
3.96759
3.98676
3.98712
3.97729
3.98676
3.98718
3.97894
3.98407
3.9837
3.94611
3.91528
3.90704
3.92462
3.95123
4.00165
4.00507
4.00983
4.02777
4.02936
4.03448
4.71783
5.02069
3.36603
1.54529
3.53284
4.0423
4.16309
4.25153
4.32806
4.37366
4.44208
4.47797
4.49243
4.50104
4.54639
4.57758
4.61334
4.65399
4.70282
4.75208
4.79749
4.82074
4.83673
4.86298
4.87115
4.88251
4.90863
4.91187
4.94269
4.95477
4.95624
4.98914
5.00989
5.03955
5.06879
5.09973
5.12592
5.13446
5.16376
5.21136
5.25323
5.27155
5.28607
5.31726
5.36456
5.37933
5.39581
5.41815
5.43628
5.45282
5.45746
5.4563
5.49371
5.53601
5.56726
5.58514
5.60773
5.62744
5.63727
5.66534
5.67346
5.69305
5.70746
5.72729
5.75641
5.77655
5.79901
5.82697
5.86615
5.88745
5.89893
5.9071
5.94275
5.96606
5.99384
6.00824
6.04431
6.05896
6.0769
6.08954
6.13275
6.16498
6.19611
6.19928
6.2157
6.2204
6.21948
6.21875
6.23676
6.25
6.29419
6.32855
6.35785
6.40546
6.46259
6.49689
6.49847
6.51648
6.53632
6.54883
6.55402
6.56213
6.58008
6.60284
6.62268
6.65076
6.67975
6.72729
6.75793
6.78448
6.81573
6.83722
6.86334
6.86456
6.8941
6.9267
6.93994
6.95782
6.99658
7.01807
7.02618
7.03912
7.07703
7.08673
7.10785
7.11957
7.14893
7.17004
7.17853
7.22388
7.24658
7.26678
7.30554
7.35321
7.37744
7.40546
7.4165
7.45752
7.46094
7.49371
7.50793
7.50665
7.54895
7.55231
7.57538
7.59619
7.63757
7.68475
7.70435
7.72546
7.74066
7.75977
7.75983
7.76337
7.79095
7.82977
7.83051
7.84137
7.86761
7.89685
7.90869
7.91187
7.93829
7.98364
8.03601
8.06561
8.10437
8.14539
8.15674
8.17816
8.18945
8.21924
8.2403
8.26025
8.26984
8.28918
8.32703
8.32849
8.34991
8.37085
8.3988
8.4364
8.47729
8.50989
8.5282
8.56573
8.57849
8.5965
8.63403
8.65015
8.68976
8.69922
8.72888
8.73199
8.74805
8.7876
8.81873
8.85004
8.88739
8.91968
8.91174
8.92999
8.93945
8.9657
8.97034
8.96722
9.00323
9.04413
9.09308
9.11761
9.13409
9.18488
9.21576
9.25507
9.24957
9.2677
9.29132
9.28436
9.28284
9.29913
9.31677
9.32007
9.34503
9.37579
9.41333
9.44458
9.47589
9.4986
9.51013
9.51825
9.52112
9.55042
9.56854
9.58038
9.61096
9.65704
9.68011
9.70782
9.73712
9.75018
9.76672
9.78754
9.81525
9.82849
9.84302
9.85779
9.89667
9.91016
9.94452
9.96918
10.0134
10.0558
10.0801
10.08
10.1259
10.1619
10.1718
10.1797
10.2075
10.2352
10.2485
10.2567
10.2973
10.3071
10.3168
10.3205
10.3401
10.366
10.3676
10.3953
10.4246
10.4575
10.4754
10.4868
10.5064
10.5294
10.5493
10.5883
10.6212
10.6508
10.6981
10.7093
10.7188
10.7287
10.7418
10.732
10.7602
10.7911
10.8187
10.822
10.8481
10.8758
10.8953
10.9149
10.9329
10.9743
10.9774
10.9807
11.0004
11.002
11.0134
11.1547
11.3271
10.8322
11.4285
11.2773
11.1085
10.9847
10.9298
10.9028
10.8654
10.8558
10.8375
10.8459
10.8655
10.8788
10.8785
10.8311
10.7988
10.8084
10.8117
10.8007
10.8251
10.8582
10.8692
10.8745
10.8937
10.9133
10.9168
10.9327
10.9426
10.9574
10.9415
10.9413
10.954
10.9442
10.9431
10.9543
10.964
10.9621
10.9739
10.9868
10.9871
10.9672
10.9625
10.9622
10.9457
10.9136
10.9199
10.9231
10.9316
10.941
10.9512
10.9589
10.9606
10.9606
10.9528
10.9312
10.9262
10.9152
10.9055
10.8987
10.9281
10.9496
10.9754
11.0016
11.0328
11.041
11.0587
11.0574
11.0864
11.0703
11.043
11.0129
11.0164
11.0035
11.0016
11.0097
11.0361
11.0031
10.9529
10.9106
10.8727
10.9133
10.9787
11.0573
11.0977
11.109
11.1192
11.1469
11.1485
11.7291
11.9283
10.3145
8.66022
10.5815
11.0721
11.1816
11.2643
11.3868
11.4753
11.558
11.622
11.6753
11.7198
11.7603
11.788
11.8259
11.8337
11.9056
11.966
12.0248
12.0735
12.1278
12.1769
12.2192
12.257
12.299
12.3317
12.3712
12.4067
12.4531
12.5036
12.554
12.6031
12.634
12.683
12.7043
12.7154
12.7438
12.7779
12.8206
12.8806
12.9052
12.9528
13.0165
13.0543
13.0961
13.1291
13.1652
13.1957
13.2156
13.2434
13.3141
13.3566
13.397
13.4461
13.4953
13.5473
13.559
13.6161
13.6837
13.7453
13.8055
13.8301
13.8594
13.8969
13.902
13.9481
13.9789
14.0277
14.0574
14.0732
14.1262
14.1602
14.2242
14.2841
14.327
14.3727
14.4083
14.4445
14.4766
14.5364
14.5867
14.6376
14.652
14.6797
14.7078
14.7481
14.7859
14.8184
14.8646
14.9363
14.977
15.0063
15.0509
15.0903
15.1392
15.1782
15.227
15.2941
15.3415
15.3774
15.4348
15.4852
15.5176
15.5574
15.5884
15.618
15.647
15.6891
15.7391
15.7711
15.8087
15.8677
15.8922
15.93
15.9689
16.0262
16.0688
16.0997
16.1458
16.1766
16.2161
16.2583
16.2945
16.338
16.3824
16.4199
16.461
16.4985
16.5458
16.6243
16.6669
16.7259
16.7696
16.8301
16.8694
16.8969
16.941
16.9719
17.0097
17.0404
17.0722
17.1012
17.1309
17.1668
17.2161
17.2681
17.3188
17.3462
17.3907
17.4367
17.4769
17.5341
17.577
17.6277
17.6599
17.6899
17.7093
17.7402
17.7598
17.809
17.8579
17.9083
17.9511
17.9888
18.0473
18.1001
18.1309
18.1503
18.1895
18.2302
18.2679
18.3011
18.3383
18.3906
18.4283
18.4593
18.5262
18.5704
18.5901
18.6371
18.7075
18.7582
18.7695
18.7974
18.8548
18.8953
18.9462
18.9609
19.0132
19.0603
19.0903
19.1276
19.1566
19.1993
19.2403
19.2714
19.3265
19.3691
19.4214
19.4654
19.4984
19.5277
19.5605
19.5965
19.6373
19.6797
19.7305
19.7695
19.8109
19.861
19.8984
19.9496
19.9821
20.0082
20.0555
20.0769
20.1158
20.1582
20.1996
20.2388
20.2734
20.3008
20.3383
20.3777
20.4344
20.4786
20.5161
20.5751
20.6293
20.6504
20.678
20.7107
20.7387
20.7598
20.7911
20.8367
20.9074
20.9495
20.9719
21.0197
21.0671
21.0996
21.1258
21.1583
21.216
21.2352
21.2661
21.299
21.3403
21.3696
21.4254
21.4495
21.4852
21.5294
21.5571
21.59
21.6211
21.6684
21.7094
21.7668
21.7976
21.8219
21.8676
21.8969
21.9282
21.9688
22.0082
22.049
22.118
22.1719
22.211
22.252
22.2977
22.3124
22.3465
22.3773
22.4149
22.4379
22.4508
22.4985
22.5277
22.5571
22.5962
22.6094
22.6652
22.6895
22.7271
22.7501
22.809
22.8598
22.8875
22.925
22.9478
22.961
22.9906
23.0101
23.0375
23.0786
23.1258
23.3194
23.5244
23.2111
23.4771
23.3781
23.2961
23.2463
23.1621
23.1756
23.1627
23.1827
23.1811
23.1678
23.1583
23.1468
23.1403
23.1456
23.1335
23.1323
23.1191
23.1418
23.1813
23.243
23.2563
23.2563
23.2859
23.2859
23.2894
23.2776
23.2874
23.2856
23.3023
23.2875
23.3039
23.3352
23.3432
23.3411
23.3611
23.3613
23.3382
23.3218
23.3215
23.3042
23.2925
23.2904
23.3106
23.3219
23.314
23.2958
23.3043
23.2942
23.3024
23.3007
23.3219
23.3219
23.3187
23.3134
23.3222
23.3301
23.3301
23.3401
23.3411
23.3597
23.343
23.3413
23.3528
23.3448
23.3316
23.3286
23.3477
23.332
23.3379
23.3301
23.3333
23.3223
23.3298
23.3368
23.3452
23.3233
23.2682
23.2434
23.1993
23.2289
23.2696
23.3039
23.322
23.3401
23.3383
23.3364
23.3447
23.9713
24.2302
22.4229
21.0613
23.0884
23.4836
23.6584
23.866
23.9945
24.1088
24.2119
24.3115
24.4241
24.5253
24.6099
24.6721
24.736
24.8138
24.922
25.015
25.1064
25.1781
25.2415
25.3126
25.3989
25.4708
25.5686
25.6606
25.7222
25.8021
25.8923
25.9742
26.0656
26.1541
26.2421
26.315
26.3646
26.4266
26.5036
26.5766
26.6539
26.7349
26.8105
26.8907
26.9692
27.0262
27.1063
27.1962
27.2747
27.3314
27.4254
27.5083
27.5884
27.6555
27.7368
27.8351
27.8969
27.9789
28.0457
28.1342
28.2191
28.2765
28.3544
28.4379
28.5004
28.5423
28.5984
28.6778
28.7355
28.8071
28.8613
28.9363
29.0181
29.1145
29.1684
29.2454
29.3549
29.407
29.457
29.536
29.6172
29.7227
29.8055
29.8871
29.9774
30.0766
30.1587
30.2485
30.2993
30.3641
30.4642
30.5309
30.577
30.6224
30.7062
30.7778
30.8462
30.9266
31.018
31.1078
31.1817
31.2632
31.356
31.4302
31.4871
31.577
31.6485
31.7172
31.7813
31.8465
31.8821
31.938
32.0086
32.0704
32.1196
32.1891
32.2488
32.3184
32.3986
32.4808
32.5571
32.6273
32.7173
32.7816
32.8383
32.9185
33.0051
33.0703
33.1489
33.2352
33.3087
33.3613
33.4215
33.4413
33.4998
33.5492
33.6063
33.6454
33.7271
33.7977
33.8497
33.902
33.9429
34.0015
34.0786
34.147
34.1997
34.273
34.3547
34.4149
34.4852
34.5591
34.6081
34.6685
34.7271
34.809
34.8793
34.9476
35.0082
35.0719
35.1376
35.2075
35.2778
35.3301
35.4169
35.4887
35.5571
35.6015
35.6763
35.7109
35.75
35.7991
35.866
35.9361
35.9902
36.0672
36.1277
36.1683
36.2205
36.2776
36.3203
36.3871
36.4493
36.5379
36.5866
36.639
36.6993
36.7391
36.7974
36.82
36.8792
36.9559
37.0017
37.0672
37.1359
37.1977
37.248
37.299
37.3516
37.4171
37.4672
37.5262
37.5963
37.6555
37.7074
37.768
37.837
37.8904
37.9395
38.0098
38.0671
38.1095
38.1504
38.2175
38.2758
38.3184
38.3922
38.4774
38.5195
38.5685
38.6191
38.6602
38.6914
38.7304
38.7614
38.807
38.8614
38.9184
38.9872
39.0195
39.0786
39.1125
39.1569
39.1907
39.2207
39.2794
39.3403
39.4055
39.4382
39.4868
39.5375
39.5848
39.6389
39.6735
39.7293
39.7895
39.8516
39.889
39.9656
40.018
40.0587
40.098
40.1387
40.1997
40.2305
40.252
40.2797
40.3187
40.368
40.4185
40.4692
40.5359
40.6063
40.6649
40.6993
40.7696
40.8106
40.8614
40.9004
40.9332
40.9578
41.0047
41.0637
41.116
41.1685
41.2078
41.2602
41.3172
41.3679
41.3984
41.4231
41.4543
41.5086
41.5492
41.5899
41.5962
41.6473
41.6915
41.711
41.7565
41.7989
41.8742
41.9361
41.9774
42.0277
42.0668
42.0883
42.1207
42.1406
42.168
42.1993
42.3847
42.5607
42.0682
42.5781
42.4733
42.3241
42.217
42.2051
42.1953
42.2038
42.199
42.2054
42.1812
42.1843
42.1413
42.1156
42.1191
42.1176
42.1273
42.0977
42.0684
42.0671
42.0637
42.0472
42.0438
42.0704
42.1031
42.142
42.1539
42.1844
42.1863
42.1636
42.1911
42.1762
42.1731
42.1929
42.1925
42.1743
42.1535
42.1337
42.1321
42.121
42.1043
42.1113
42.1305
42.1125
42.1011
42.1111
42.1078
42.1113
42.1015
42.0833
42.0555
42.0145
42.0016
41.9984
42.0017
42.0184
42.0195
42.0195
42.0082
42.0082
41.9886
41.998
42.0001
41.9933
41.9937
41.9985
42.0082
42.0016
42
41.9886
41.9802
41.9984
41.9883
41.9821
41.9886
42.041
42.0622
43.4746
44.4241
44.6514
44.7247
43.7729
42.6276
42.3239
42.228
40.8931
38.8618
38.6465
38.8693
39.9048
42.2667
42.4016
42.2458
42.1988
42.1649
42.1636
42.1993
43.7801
42.0159
39.6141
41.2466
42.0833
42.2845
42.423
42.5468
42.6463
42.7495
42.8389
42.9547
43.0289
43.1346
43.2068
43.3189
43.453
43.5184
43.579
43.6313
43.711
43.77
43.8502
43.9384
44.0098
44.0723
44.1345
44.1753
44.2419
44.3106
44.3826
44.479
44.5707
44.6537
44.7175
44.7516
44.8172
44.8677
44.9496
45.0146
45.082
45.1817
45.2451
45.307
45.3793
45.4656
45.5378
45.6059
45.6849
45.7532
45.8021
45.8809
45.9426
45.9868
46.0543
46.1047
46.1552
46.2059
46.2631
46.3157
46.3825
46.4462
46.4968
46.5278
46.5751
46.6277
46.6766
46.745
46.7961
46.8496
46.9164
46.9688
47.025
47.0946
47.1638
47.2321
47.2794
47.3367
47.397
47.466
47.4981
47.5821
47.6454
47.7047
47.7481
47.7957
47.8563
47.907
47.9559
48.0161
48.0754
48.1192
48.1688
48.216
48.2497
48.3043
48.3383
48.3938
48.4559
48.4868
48.538
48.6047
48.6637
48.7156
48.7762
48.8282
48.8973
48.9396
48.9855
49.0341
49.0731
49.1278
49.1754
49.2286
49.2746
49.3105
49.348
49.3872
49.4152
49.4474
49.4891
49.5363
49.6031
49.6649
49.7141
49.7747
49.8204
49.8563
49.8661
49.8937
49.9282
49.9575
50.0036
50.0359
50.0785
50.1078
50.1536
50.2075
50.2405
50.2958
50.3481
50.3973
50.4294
50.4547
50.4771
50.5262
50.5574
50.6047
50.6567
50.6996
50.7308
50.7583
50.768
50.7876
50.8169
50.8566
50.8954
50.9216
50.9789
51.0148
51.0751
51.1078
51.1473
51.1981
51.2274
51.2582
51.2891
51.3188
51.3578
51.387
51.4263
51.4774
51.5082
51.5376
51.5856
51.6161
51.647
51.6781
51.7239
51.7584
51.7698
51.7875
51.8086
51.832
51.8401
51.8986
51.9543
52.0067
52.0657
52.1063
52.1193
52.1555
52.1898
52.209
52.2302
52.2421
52.2695
52.2776
52.2775
52.2875
52.309
52.3583
52.3776
52.397
52.4544
52.4852
52.4985
52.5279
52.5755
52.6063
52.6391
52.6602
52.6617
52.6929
52.727
52.7595
52.7762
52.7973
52.8403
52.868
52.907
52.9364
52.9805
53.0067
53.0262
53.0508
53.0607
53.069
53.0785
53.0883
53.1078
53.1274
53.1207
53.1473
53.1863
53.2369
53.2585
53.2875
53.3168
53.3364
53.3481
53.3691
53.3908
53.4023
53.4168
53.4332
53.4512
53.4789
53.4969
53.5164
53.5359
53.5738
53.6064
53.6164
53.6489
53.6684
53.6765
53.7075
53.7532
53.7516
53.7829
53.7972
53.8185
53.8219
53.8222
53.8239
53.8336
53.8336
53.8481
53.8578
53.8676
53.8891
53.925
53.9282
53.9493
53.9871
54.0457
54.0587
54.0684
54.0898
54.116
54.1274
54.1273
54.1353
54.1766
54.1782
54.1977
54.1895
54.209
54.2187
54.2188
54.2156
54.227
54.2466
54.2567
54.2762
54.3152
54.3497
54.3712
54.3809
54.3809
55.1555
53.8802
54.7978
54.4539
54.4423
54.2968
54.2583
54.2967
54.29
54.2838
54.2557
54.2335
54.2105
54.2139
54.2316
54.2332
54.2152
54.2206
54.2141
54.1977
54.1895
54.1879
54.1879
54.1648
54.1567
54.1465
54.1274
54.1238
54.1144
54.1223
54.0945
54.0848
54.0817
54.08
54.0618
54.0555
54.0363
54.0344
54.0245
54.0246
54.0063
54.0015
53.9933
54.0031
53.9837
53.9625
53.9606
53.9427
53.9349
53.9316
53.9035
53.9035
53.8939
53.8922
53.8985
53.8923
53.8923
53.9005
53.8856
53.8613
53.8464
53.825
53.7941
53.7645
53.7352
53.7222
53.6927
53.6895
53.6797
53.6797
53.6583
53.6567
53.6387
53.6306
53.6306
53.6093
53.5977
53.6028
53.5817
53.5883
53.5703
53.5602
53.5587
53.5325
53.5395
53.5508
53.5329
53.5313
53.5213
53.4981
53.4802
53.4609
53.4216
53.42
53.4102
53.3923
53.3923
53.4055
53.4282
53.4282
53.4199
53.4117
53.3825
53.363
53.3419
53.3337
53.3305
53.3093
53.3107
53.3008
53.2812
53.2598
53.2305
53.2305
53.211
53.2093
53.1993
53.2091
53.2109
53.1926
53.1797
53.1621
53.1312
53.0914
53.0688
53.0656
53.0574
53.0375
53.0457
53.049
53.0231
53.0118
53.0082
53.0098
53.0098
52.9985
53.0067
53.0082
52.9706
52.9509
52.9281
52.9102
52.8694
52.8676
52.8774
52.8611
52.8598
52.85
52.85
52.838
52.8285
52.8203
52.8188
52.8004
52.7975
52.7891
52.7795
52.7715
52.7663
52.7582
52.7664
52.7599
52.7501
52.7321
52.7093
52.7109
52.7094
52.6879
52.6782
52.6781
52.6685
52.6684
52.6602
52.6438
52.6602
52.6703
52.6895
52.6895
52.6782
52.6782
52.6505
52.6274
52.6094
52.5899
52.5523
52.5375
52.5375
52.5212
52.5001
52.5246
52.5278
52.5294
52.5098
52.518
52.4804
52.477
52.4704
52.4559
52.4379
52.4379
52.4396
52.4399
52.4117
52.4167
52.4001
52.379
52.3614
52.332
52.3445
52.3493
52.3316
52.3304
52.3383
52.3466
52.3364
52.3266
52.3367
52.3301
52.3286
52.322
52.3188
52.3106
52.3007
52.2907
52.2614
52.2481
52.2285
52.2107
52.1915
52.1688
52.157
52.1552
52.1653
52.1633
52.1649
52.1567
52.1603
52.1343
52.1212
52.0901
52.0703
52.041
52.0313
52.0101
52.0082
52.0082
51.9985
52.0067
51.9985
51.9786
51.9689
51.961
51.9595
51.9317
51.9186
51.9164
51.9149
51.9164
51.9165
51.9184
51.9168
51.9086
51.8989
51.8891
51.8989
51.9168
51.9102
51.889
51.8953
51.9067
51.8969
51.8774
51.8497
51.8497
51.8383
51.8138
51.7891
51.7778
51.7582
51.7567
51.7501
51.757
51.7407
51.7309
51.7309
51.7308
51.7192
51.6895
51.6782
51.6505
51.6489
51.6196
51.6163
51.6392
51.6492
51.6292
51.6192
51.5798
51.5587
51.5375
51.5016
51.5067
51.4805
51.461
51.4496
51.4415
51.4562
51.4677
51.4672
51.4754
51.4688
51.4477
51.4477
51.4415
51.4496
51.4398
51.4282
51.4297
51.4379
51.4379
51.4266
51.4266
51.4168
51.395
51.3755
51.3594
51.3301
51.3367
51.3317
51.309
51.309
51.3106
51.309
51.3024
51.2993
51.2993
51.2993
51.2797
51.2684
51.2387
51.2258
51.2192
51.2078
51.2078
51.2094
51.1996
51.2078
51.2176
51.2371
51.2254
51.2075
51.1977
51.1797
51.152
51.1293
51.1212
51.1212
51.1015
51.0899
51.0883
51.0801
51.0493
51.0344
51.0164
51.0063
51.0102
51.0082
51.0082
51.0095
51.0196
51.0098
51.0164
50.9981
51.0118
51.0067
51.0047
50.9903
50.9708
50.9692
50.9578
50.9415
50.9003
50.8672
50.8559
50.8282
50.8087
50.8234
50.825
50.817
50.827
50.8384
50.8289
50.8106
50.7893
50.8051
50.779
50.7676
50.7774
50.7595
50.7563
50.7582
50.7485
50.7387
50.7305
50.7208
50.7109
50.6993
50.7075
50.7009
50.6977
50.6863
50.6962
50.6898
50.686
50.6863
50.67
50.6519
50.6469
50.6387
50.6125
50.58
50.5489
50.5441
50.5391
50.5441
50.5457
50.5473
50.5668
50.5587
50.5489
50.5274
50.5079
50.5079
50.5047
50.4965
50.4965
50.4868
50.5047
50.4899
50.459
50.4656
50.4493
50.42
50.4086
50.3973
50.3871
50.3692
50.3742
50.3676
50.3774
50.3692
50.3871
50.3774
50.3758
50.3578
50.3367
50.3367
50.3184
50.3087
50.3004
50.2891
50.2809
50.2634
50.2586
50.2488
50.2488
50.2422
50.2488
50.2504
50.2305
50.2191
50.1974
50.1879
50.1895
50.1716
50.1703
50.18
50.1797
50.1617
50.1485
50.1309
50.1094
50.0883
50.0786
50.0652
50.077
50.0704
50.077
50.0867
50.0704
50.0688
50.0505
50.0375
50.0145
50.0114
49.9902
49.9821
49.9969
49.9821
49.9692
49.9379
49.9282
49.9282
49.9184
49.8989
49.8989
49.9086
49.9005
49.8793
49.8712
49.8696
49.8859
49.8875
49.866
49.8774
49.8692
49.8594
49.8578
49.8594
49.8578
49.8481
49.8367
49.8481
49.8286
49.809
49.7973
49.7778
49.768
49.7289
49.6831
49.6782
49.6895
49.6599
49.6403
49.629
49.6243
49.6078
49.5981
49.5801
49.5949
49.5997
49.5864
49.5817
49.5672
49.5606
49.5508
49.5395
49.5313
49.5555
49.5508
49.5294
49.5278
49.5179
49.5278
49.5278
49.5212
49.5196
49.4933
49.4886
49.4708
49.4672
49.4672
49.4754
49.4852
49.4853
49.4789
49.4496
49.4383
49.4344
49.4265
49.4246
49.4282
49.4184
49.4005
49.3793
49.3614
49.3462
49.35
49.3304
49.3106
49.3188
49.3301
49.3203
49.3364
49.3395
49.3184
49.3168
49.3087
49.2891
49.2875
49.2778
49.2875
49.2762
49.2859
49.2957
49.261
49.2563
49.2465
49.2481
49.2582
49.2501
49.2352
49.2172
49.2172
49.2156
49.1993
49.1977
49.1978
49.2094
49.2274
49.2192
49.2192
49.2208
49.2371
49.211
49.1977
49.1977
49.1977
49.1505
49.1176
49.1078
49.0883
49.0786
49.0652
49.0766
49.0848
49.0801
49.0621
49.0508
49.0493
49.02
49.02
49.0164
49.0328
49.0441
49.0571
49.0766
49.0797
49.0602
49.0622
49.0427
49.0313
49.0215
48.9965
48.9852
48.9836
48.9949
48.9949
48.977
48.9833
48.9805
48.9512
48.9477
48.9313
48.92
48.9102
48.879
48.8774
48.8891
48.8676
48.8578
48.868
48.8696
48.8793
48.8515
48.8481
48.8563
48.8364
48.8283
48.8351
48.8367
48.8286
48.8188
48.8172
48.8106
48.7794
48.7778
48.7501
48.7485
48.7485
48.7419
48.7454
48.7567
48.7469
48.7387
48.7355
48.7208
48.6957
48.7075
48.686
48.6778
48.6762
48.6763
48.6684
48.6505
48.6391
48.6277
48.6473
48.6196
48.6359
48.6309
48.6391
48.6324
48.6195
48.6227
48.6196
48.6375
48.6192
48.616
48.6243
48.6176
48.6176
48.5817
48.5801
48.5606
48.5688
48.5688
48.5622
48.5508
48.5493
48.5394
48.5212
48.4919
48.4887
48.5051
48.5051
48.5263
48.5102
48.5184
48.5164
48.5001
48.4903
48.4788
48.4575
48.4493
48.4477
48.4559
48.4754
48.4982
48.502
48.502
48.5003
48.4887
48.4689
48.4383
48.4086
48.3973
48.3907
48.4106
48.3942
48.3987
48.4099
48.4083
48.4083
48.3806
48.3774
48.3594
48.3449
48.3204
48.2973
48.299
48.309
48.291
48.2679
48.2481
48.2465
48.2449
48.2287
48.2355
48.2352
48.2368
48.2645
48.2465
48.2664
48.2563
48.2662
48.2567
48.2469
48.2387
48.2192
48.1996
48.1813
48.1716
48.17
48.1586
48.1485
48.1567
48.1485
48.1551
48.1485
48.1354
48.1353
48.1391
48.1293
48.1212
48.1277
48.1211
48.1114
48.0919
48.0723
48.0805
48.0624
48.0606
48.0493
48.0574
48.0688
48.0587
48.0572
48.0493
48.0672
48.0687
48.0587
48.0508
48.0493
48.0493
48.0493
48.0375
48.0278
48.0067
47.9969
47.9871
47.9738
47.959
47.9656
47.977
47.9786
47.977
47.9704
47.9575
47.9395
47.9297
47.9266
47.9036
47.889
47.9067
47.8985
47.879
47.8774
47.8762
47.85
47.8403
47.8321
47.8188
47.8122
47.8125
47.8024
47.7891
47.7761
47.7774
47.7794
47.7778
47.8055
47.8152
47.8301
47.8168
47.8286
47.8169
47.809
47.8152
47.8087
47.8055
47.7973
47.7778
47.7859
47.7582
47.7582
47.7465
47.7501
47.7466
47.7403
47.7504
47.7386
47.7368
47.7286
47.727
47.691
47.6701
47.6524
47.6411
47.6375
47.6097
47.5914
47.5867
47.572
47.577
47.5786
47.6079
47.6
47.5903
47.6066
47.5981
47.5981
47.5883
47.5965
47.6047
47.6176
47.5981
47.6078
47.5915
47.6016
47.5933
47.5898
47.6371
47.3655
47.2132
47.727
47.6652
47.5551
47.8026
48.4219
47.9996
47.5195
46.4803
48.2097
50.8474
