-0.313599
-0.354797
-0.372986
-0.374573
-0.366272
-0.37262
-0.357788
-0.335083
-0.31897
-0.330078
-0.364746
-0.342896
-0.323669
-0.326599
-0.353027
-0.328491
-0.315552
-0.26001
-0.228394
-0.227295
-0.205872
-0.197998
-0.191284
-0.223755
-0.2453
-0.250305
-0.202942
-0.19635
-0.186279
-0.194519
-0.194885
-0.183044
-0.161743
-0.153809
-0.135864
-0.140564
-0.132324
-0.121094
-0.123047
-0.124512
-0.0982666
-0.0901489
-0.0865479
-0.086731
-0.105042
-0.10498
-0.124512
-0.124146
-0.134277
-0.12262
-0.112854
-0.0948486
-0.0737305
-0.057373
-0.0456543
-0.0655518
-0.057373
-0.0476074
-0.0162964
-6.96E-03
4.76E-03
6.29E-03
6.29E-03
0.0129395
-3.48E-03
-5.00E-03
6.35E-03
0.0422363
0.0294189
0.0360107
0.0473022
0.0456543
0.0372314
-4.55E-13
-0.0151367
-0.0132446
-0.0214844
0.970093
0.263794
0.0413208
0.0432739
-1.06018
0.724854
-1.2085
-0.03302
0.196167
0.183289
0.16156
0.150452
0.122681
0.130981
0.129028
0.140686
0.130554
0.122437
0.112915
0.121155
0.132202
0.142273
0.132446
0.159912
0.19458
0.21228
0.234009
0.243408
0.251648
0.243408
0.248108
0.236877
0.243408
0.238647
0.233276
0.243042
0.27594
0.282837
0.300171
0.297363
0.330139
0.325073
0.31366
0.313049
0.31366
0.342712
0.352783
0.35437
0.362549
0.373901
0.403564
0.445862
0.477417
0.519592
0.542664
0.552002
0.555542
0.553711
0.53595
0.524292
0.534058
0.524292
0.527832
0.543823
0.565308
0.573486
0.591492
0.620483
0.634033
0.661804
0.676636
0.692566
0.715393
0.725464
0.735168
0.73645
0.717285
0.705933
0.725464
0.715637
0.725464
0.751221
0.756348
0.766113
0.766113
0.782471
0.769226
0.766113
0.766479
0.784058
0.804016
0.831726
0.843079
0.872375
0.875549
0.877441
0.88562
0.895325
0.914917
0.926208
0.934448
0.945801
0.955505
0.975464
0.986816
0.977051
0.991821
0.99469
1.00476
1.02625
1.05402
1.05707
1.09314
1.10437
1.13055
1.12585
1.15332
1.15698
1.15826
1.15356
1.17285
1.17285
1.19141
1.21069
1.20746
1.19763
1.21722
1.21692
1.19928
1.23206
1.26453
1.28247
1.27429
1.26807
1.26605
1.25635
1.25165
1.27118
1.28412
1.30078
1.32471
1.31531
1.33484
1.34296
1.35602
1.36249
1.35602
1.33826
1.3446
1.33606
1.34491
1.34772
1.36609
1.38721
1.40674
1.41486
1.43604
1.45428
1.46692
1.46564
1.46527
1.45715
1.44775
1.46722
1.49347
1.495
1.52271
1.53601
1.56342
1.58362
1.60449
1.61603
1.6239
1.61731
1.60754
1.60632
1.61609
1.6402
1.66144
1.68298
1.70276
1.71692
1.71729
1.71716
1.71375
1.70911
1.7157
1.73358
1.73645
1.75323
1.75787
1.75818
1.77429
1.78406
1.82159
1.83453
1.84656
1.8465
1.85596
1.84619
1.83643
1.86255
1.86414
1.87744
1.88721
1.88721
1.87073
1.8938
1.91461
1.91522
1.91144
1.93256
1.94305
1.9364
1.93604
1.94257
1.95715
1.96729
1.97534
1.99146
2.013
2.02313
2.02277
2.04254
2.06177
2.06696
2.06714
2.07507
2.11261
2.12427
2.12384
2.11572
2.13531
2.13556
2.12854
2.1156
2.11737
2.12903
2.1535
2.16296
2.1861
2.20593
2.21405
2.22351
2.23492
2.23877
2.2536
2.27625
2.27618
2.302
2.30682
2.33356
2.3313
2.33612
2.35284
2.32849
2.32666
2.33643
2.33643
2.36102
2.3739
2.38367
2.39496
2.39697
2.39691
2.40826
2.39691
2.41492
2.43286
2.43475
2.43445
2.4361
2.46411
2.46558
2.47351
2.49664
2.50824
2.52777
2.53442
2.51636
2.52582
2.54224
2.56348
2.55554
2.56207
2.57324
2.57507
2.57507
2.57495
2.58453
2.59656
2.60944
2.62421
2.65009
2.67126
2.66333
2.68445
2.70087
2.71252
2.71069
2.72742
2.75507
2.74652
2.75629
2.78406
2.80359
3.13416
2.68823
2.74182
2.70453
2.72699
2.78101
2.80896
2.79181
2.79187
2.86572
2.89148
2.76508
2.82202
2.69873
2.86157
2.85907
2.84143
2.90198
2.92627
2.9165
2.89532
2.89551
2.99548
3.01648
2.89795
2.8446
2.90912
2.92627
2.96539
2.97388
2.96887
2.95752
2.96924
2.95087
2.94611
2.93756
2.93787
2.94586
2.94775
2.93481
2.90826
2.91302
2.9137
2.89343
2.92126
2.93329
2.94263
2.93604
2.93481
2.92462
2.92126
2.92114
2.9032
2.91339
2.92438
2.92346
2.92432
2.93292
2.93286
2.92468
2.9408
2.94263
2.95239
2.96387
2.95935
2.93286
2.91675
2.9458
2.95551
2.98328
2.95715
2.9657
2.98688
3.02625
3.03253
3.06055
3.06348
3.05554
3.05713
3.07507
2.9729
2.80646
2.96124
3.02643
3.04114
3.04077
3.05084
3.05908
3.06854
3.12939
3.64258
2.40808
2.99213
3.12915
3.1568
3.16687
3.1748
3.15833
3.15991
3.17664
3.15479
3.17633
3.19617
3.21075
3.21918
3.21924
3.23022
3.21411
3.21411
3.22076
3.2403
3.25787
3.29041
3.32068
3.33136
3.3446
3.34302
3.36609
3.37238
3.37585
3.39539
3.38721
3.39539
3.3938
3.40515
3.4231
3.43286
3.44421
3.44421
3.44928
3.44421
3.46405
3.47516
3.48169
3.495
3.48523
3.49506
3.50671
3.50476
3.52307
3.56177
3.57825
3.58514
3.60242
3.61566
3.61414
3.62585
3.63379
3.64374
3.65515
3.68286
3.6958
3.72192
3.76111
3.77625
3.78406
3.82196
3.81842
3.82861
3.85156
3.86536
3.89691
3.92151
3.93097
3.93475
3.95087
3.98022
3.97864
3.9834
3.98401
3.97009
3.96912
3.96881
3.97546
3.99176
4.03723
4.05359
4.05518
4.08484
4.07971
4.09149
4.10315
4.13843
4.15204
4.17004
4.20752
4.21576
4.21405
4.22198
4.24512
4.2547
4.26605
4.29388
4.28754
4.29541
4.28876
4.2876
4.30396
4.31659
4.3172
4.32666
4.32184
4.34302
4.3642
4.37079
4.40009
4.42316
4.44275
4.44299
4.45361
4.47028
4.47516
4.48682
4.49335
4.51263
4.54413
4.57471
4.57544
4.59271
4.60596
4.61401
4.60602
4.62427
4.65833
4.68634
4.70245
4.72552
4.74841
4.76764
4.75635
4.76611
4.76923
4.80554
4.80542
4.82318
4.83521
4.8642
4.86255
4.86572
4.87555
4.87427
4.88397
4.89856
4.89526
4.9115
4.9071
4.91327
4.90485
4.92157
4.91492
4.93604
4.95233
4.96698
4.97705
4.99176
5.00592
5.01929
5.02655
5.05396
5.06543
5.07855
5.09491
5.11255
5.13562
5.14862
5.15039
5.17468
5.19458
5.2157
5.22705
5.22345
5.23334
5.245
5.25476
5.27429
5.28442
5.31378
5.34332
5.36414
5.38379
5.3891
5.39722
5.43286
5.45557
5.45746
5.48688
5.50507
5.51453
5.52777
5.55554
5.55865
5.55865
5.56726
5.57538
5.59106
5.61426
5.63403
5.65045
5.6748
5.67975
5.66016
5.65198
5.63086
5.61725
5.6239
5.64374
5.66461
5.68286
5.72192
5.75122
5.77942
5.78784
5.7973
5.80707
5.8266
5.82654
5.83643
5.82672
5.83667
5.85437
5.86572
5.87744
5.87421
5.89508
5.90515
5.90515
5.91339
5.9032
5.89691
5.89539
5.8938
5.90515
5.9231
5.93445
5.9458
5.97229
5.99304
6.01453
6.03558
6.04382
6.06342
6.06366
6.0813
6.1076
6.10632
6.1145
6.13403
6.14734
6.15546
6.1731
6.20239
6.21533
6.2157
6.22546
6.22705
6.23871
6.24689
6.26453
6.2677
6.26959
6.26959
6.28442
6.27612
6.27594
6.29419
6.32196
6.33325
6.33484
6.3446
6.36414
6.37549
6.38708
6.40479
6.41296
6.41449
6.44427
6.4364
6.45435
6.47546
6.48523
6.47705
6.50159
6.50122
6.50439
6.50317
6.51453
6.51611
6.52429
6.52582
6.54736
6.61609
6.83649
6.39563
6.58893
6.53186
6.58832
6.59302
6.55347
6.56812
6.59961
6.64331
6.63202
6.51758
6.54578
6.55048
6.58514
6.53876
6.47339
6.51801
6.55042
6.54346
6.53406
6.58063
6.59277
6.55859
6.53564
6.57196
6.62115
6.63049
6.62708
6.6106
6.59143
6.58289
6.58289
6.58643
6.58636
6.57629
6.58679
6.58984
6.60284
6.60437
6.58801
6.61292
6.60437
6.59424
6.60437
6.57971
6.58484
6.56677
6.55212
6.53748
6.55365
6.56543
6.57507
6.57544
6.55585
6.54382
6.54535
6.54382
6.53723
6.55389
6.55524
6.55707
6.56531
6.56689
6.55872
6.55701
6.57324
6.59656
6.59802
6.58643
6.58954
6.57965
6.5899
6.60406
6.62421
6.62555
6.62268
6.61731
6.63245
6.64343
6.41376
6.33289
6.52222
6.57043
6.59143
6.58801
6.56531
6.54541
6.53247
6.56689
7.20508
5.98163
6.41602
6.62024
6.74554
6.80725
6.86304
6.87738
6.87585
6.8739
6.88049
6.88214
6.88086
6.88696
6.89886
6.91187
6.92194
6.96722
6.97858
7.01306
7.04266
7.06024
7.06348
7.06213
7.08173
7.10291
7.13721
7.15161
7.1778
7.1861
7.20435
7.20239
7.23053
7.24506
7.25165
7.28247
7.28418
7.2879
7.29572
7.31335
7.31494
7.32507
7.35248
7.36261
7.37427
7.40363
7.43262
7.4527
7.46527
7.46527
7.48364
7.51453
7.52429
7.54065
7.58142
7.61609
7.65009
7.66492
7.68286
7.71417
7.74188
7.74182
7.7627
7.78406
7.78595
7.797
7.82037
7.86292
7.90356
7.91614
7.93475
7.95398
7.94733
7.95239
7.97546
8.00317
8.02271
8.06219
8.08484
8.09265
8.10754
8.11725
8.12897
8.14722
8.13873
8.16296
8.17468
8.17627
8.18445
8.20758
8.23358
8.23682
8.25635
8.29224
8.33484
8.34619
8.35632
8.36414
8.37421
8.36578
8.37427
8.39026
8.4115
8.45117
8.47516
8.50513
8.52783
8.52612
8.55719
8.59338
8.61578
8.64539
8.64728
8.67792
8.68628
8.69421
8.70563
8.72388
8.74316
8.73364
8.74658
8.77753
8.80542
8.81335
8.83484
8.85284
8.87396
8.87421
8.86414
8.90521
8.90356
8.92432
8.93127
8.9458
8.96411
8.9707
8.97668
9.00317
9.01294
9.02588
9.0376
9.05713
9.07538
9.08801
9.09302
9.10754
9.11597
9.13214
9.15485
9.17651
9.17468
9.21222
9.2157
9.22382
9.27435
9.2876
9.31519
9.32819
9.33795
9.35583
9.34741
9.33826
9.35443
9.36603
9.3739
9.38727
9.40234
9.43445
9.45398
9.47363
9.47894
9.50354
9.52271
9.54547
9.55554
9.55359
9.56683
9.57507
9.57495
9.57471
9.6106
9.63379
9.68323
9.71259
9.74182
9.77435
9.77466
9.7746
9.78247
9.80365
9.81531
9.82349
9.85474
9.86603
9.88525
9.90515
9.90674
9.92621
9.93475
9.96228
9.96729
9.98364
10.0032
10.0145
10.0176
10.0294
10.0376
10.0472
10.0258
10.0356
10.0618
10.0916
10.1129
10.1321
10.1533
10.1649
10.186
10.1664
10.1926
10.222
10.2271
10.2516
10.2712
10.2891
10.2955
10.2989
10.3054
10.3169
10.3282
10.3383
10.3547
10.3852
10.3868
10.4047
10.4263
10.4199
10.4196
10.436
10.4559
10.4476
10.4556
10.4673
10.4836
10.4981
10.5032
10.5227
10.5423
10.5751
10.6044
10.6321
10.6532
10.6762
10.6926
10.686
10.6926
10.704
10.7122
10.7157
10.7173
10.7239
10.7368
10.7286
10.7286
10.7156
10.7333
10.7579
10.7582
10.7664
10.7907
10.8231
10.8344
10.8461
10.8739
10.8853
10.9087
10.9266
10.9524
10.9622
10.954
10.9457
10.9524
10.954
10.9637
10.9849
11.0126
11.0477
11.0574
11.0751
11.0767
11.0946
11.1193
11.1273
11.145
11.145
11.1633
11.1798
11.2025
11.2208
11.2321
11.2434
11.2665
11.5001
11.1328
11.2629
11.2327
11.1989
11.209
11.2203
11.2266
11.2433
11.261
11.2332
11.1761
11.2059
11.191
11.2169
11.2485
11.1547
11.1257
11.1598
11.1334
11.0574
11.1689
11.258
11.2168
11.1495
11.15
11.1892
11.1813
11.17
11.1586
11.145
11.188
11.1779
11.1665
11.1712
11.1598
11.1239
11.129
11.1274
11.116
11.0961
11.0977
11.0847
11.0876
11.0817
11.077
11.0946
11.0961
11.098
11.0943
11.0801
11.0488
11.0653
11.0536
11.0473
11.052
11.0357
11.0325
11.0341
11.0326
11.0328
11.0095
11.0227
11.0063
11.0079
11.0176
11.0359
11.0274
11.0275
11.0079
11.0063
11.0129
11.0049
11.0278
11.0455
11.054
11.0458
11.0455
11.0441
11.0238
10.7465
10.7385
10.9606
10.9822
10.9638
10.9348
10.9133
10.8934
10.8805
10.9164
11.4285
10.2996
10.9813
11.1473
11.1635
11.1927
11.2419
11.2498
11.3024
11.3443
11.361
11.3802
11.4017
11.4138
11.4215
11.4573
11.4969
11.5196
11.5587
11.5978
11.6403
11.6634
11.6848
11.693
11.722
11.7697
11.8087
11.8497
11.8918
11.9033
11.9446
11.9673
11.9888
12.0067
12.0262
12.0309
12.0571
12.0852
12.1423
12.1547
12.191
12.2219
12.2512
12.2744
12.2844
12.3121
12.3447
12.3544
12.3739
12.4052
12.4344
12.4559
12.5048
12.5196
12.5341
12.5637
12.6009
12.6384
12.6794
12.7107
12.7548
12.7844
12.8153
12.8364
12.8641
12.8938
12.9329
12.9653
12.995
13.0422
13.0473
13.0489
13.0735
13.0833
13.093
13.1125
13.1438
13.1728
13.1766
13.1942
13.2251
13.2648
13.3087
13.3529
13.384
13.4067
13.4265
13.4454
13.4559
13.4489
13.4703
13.5012
13.5244
13.5359
13.5669
13.6031
13.6306
13.657
13.6646
13.704
13.7336
13.7662
13.7664
13.7922
13.8217
13.8531
13.8755
13.8869
13.9036
13.9133
13.9376
13.9543
13.9669
13.9738
13.993
14.0244
14.0524
14.101
14.1063
14.1243
14.1454
14.1731
14.2009
14.2173
14.2633
14.2677
14.2794
14.3004
14.309
14.3235
14.3528
14.374
14.384
14.402
14.4232
14.4168
14.4329
14.4459
14.4722
14.5013
14.5259
14.5425
14.5732
14.5946
14.6031
14.6271
14.6439
14.6684
14.6864
14.6863
14.7154
14.7352
14.7433
14.7465
14.7482
14.7649
14.7844
14.7938
14.8134
14.8283
14.8449
14.8723
14.9033
14.9364
14.9625
15.0013
15.0325
15.0555
15.0845
15.0962
15.114
15.1353
15.1454
15.1568
15.1469
15.175
15.1812
15.1939
15.1993
15.2418
15.2644
15.3021
15.3071
15.3187
15.3266
15.3266
15.3185
15.3285
15.3528
15.3739
15.3856
15.3954
15.4149
15.454
15.4836
15.4852
15.5326
15.5641
15.5735
15.5735
15.5864
15.5864
15.5782
15.5865
15.616
15.6239
15.6259
15.6553
15.6734
15.7008
15.6942
15.7252
15.7434
15.7614
15.7727
15.8024
15.822
15.8411
15.8442
15.8528
15.8641
15.8739
15.882
15.9165
15.9462
15.9493
15.9656
15.9833
16.0063
16.0178
16.023
16.0536
16.0551
16.0634
16.0747
16.0751
16.0652
16.0634
16.0915
16.1141
16.1157
16.1141
16.1438
16.1617
16.1567
16.183
16.2141
16.2157
16.2321
16.238
16.2383
16.2371
16.2629
16.2743
16.2938
16.3149
16.3446
16.3723
16.3673
16.3739
16.3821
16.3739
16.4016
16.4048
16.4146
16.4164
16.4414
16.4457
16.4411
16.4736
16.4969
16.5051
16.5082
16.5164
16.5356
16.5454
16.5372
16.5634
16.5731
16.6028
16.6306
16.6368
16.6552
16.6552
16.6716
16.6945
16.7024
16.7106
16.7138
16.7239
16.7157
16.7141
16.7024
16.704
16.704
16.7123
16.7321
16.7548
16.7727
16.8004
16.7985
16.9734
16.8157
16.6388
16.6776
16.7173
16.7336
16.7251
16.7136
16.6942
16.663
16.6469
16.6648
16.6912
16.5909
16.7374
16.7023
16.6351
16.6353
16.6552
16.5601
16.4426
16.6003
16.6192
16.552
16.4601
16.4951
16.5377
16.5114
16.5114
16.4836
16.4868
16.4641
16.4736
16.4657
16.4755
16.4653
16.4689
16.477
16.4766
16.4606
16.4478
16.4442
16.4345
16.4329
16.4231
16.4067
16.3774
16.3677
16.3477
16.3282
16.3087
16.3153
16.3102
16.2875
16.2922
16.3051
16.3153
16.3036
16.3153
16.307
16.2888
16.2598
16.2367
16.2169
16.2058
16.1876
16.2106
16.2071
16.1813
16.1714
16.1465
16.1603
16.2044
16.1923
16.186
16.181
16.175
16.163
16.1536
16.783
18.9095
18.2808
16.8228
16.3282
16.2476
16.2074
16.1843
16.1301
13.3699
12.3563
15.0327
15.9498
16.1177
16.1407
16.1337
16.1271
16.1196
16.106
16.633
15.5286
16.0062
16.0812
16.2078
16.2729
16.3059
16.3724
16.4266
16.4525
16.4739
16.5079
16.5325
16.5291
16.5473
16.5717
16.5996
16.6302
16.6731
16.709
16.7349
16.7711
16.7743
16.7938
16.8102
16.8412
16.8887
16.9117
16.9407
16.9724
17.0032
17.0044
17.0063
17.0356
17.0735
17.093
17.1403
17.1942
17.2415
17.2661
17.302
17.3544
17.3821
17.397
17.4231
17.4363
17.4457
17.4572
17.4684
17.4836
17.5224
17.5571
17.5751
17.5946
17.6172
17.6552
17.673
17.6938
17.7336
17.7352
17.7547
17.7657
17.7677
17.7708
17.7859
17.8282
17.8449
17.8938
17.9115
17.9493
17.9622
17.9998
18.0212
18.054
18.0782
18.1047
18.0997
18.0992
18.1078
18.1238
18.1368
18.1583
18.1848
18.2123
18.2368
18.2908
18.3121
18.3169
18.3367
18.3562
18.3556
18.3837
18.3887
18.4051
18.4279
18.4167
18.4376
18.438
18.4478
18.4442
18.4622
18.4739
18.495
18.5048
18.5309
18.5638
18.5865
18.6113
18.6318
18.6325
18.6423
18.6517
18.6713
18.673
18.6924
18.7173
18.7433
18.7446
18.7384
18.7368
18.7564
18.7535
18.763
18.7825
18.7828
18.7923
18.8055
18.8055
18.7985
18.7971
18.8168
18.8185
18.8219
18.8528
18.892
18.9138
18.9312
18.9572
18.9653
18.9753
18.9669
18.9902
19.0043
19.0111
19.018
19.0164
19.0275
19.0356
19.036
19.054
19.0654
19.0899
19.093
19.104
19.1091
19.1094
19.1255
19.1453
19.1646
19.1731
19.1844
19.1926
19.1946
19.1829
19.1844
19.1942
19.2024
19.2235
19.2447
19.2844
19.2856
19.2938
19.3036
19.3052
19.322
19.3234
19.3411
19.3428
19.3251
19.3368
19.3547
19.3528
19.338
19.3544
19.3544
19.3641
19.3723
19.3918
19.3954
19.4118
19.4263
19.454
19.4442
19.4536
19.4454
19.4751
19.4919
19.495
19.5015
19.5291
19.5325
19.5438
19.5275
19.5247
19.5344
19.5262
19.5325
19.5305
19.5518
19.5555
19.5375
19.5261
19.5356
19.5454
19.5469
19.5552
19.5618
19.5848
19.5946
19.6044
19.6028
19.606
19.6047
19.6239
19.6321
19.6255
19.6176
19.6177
19.6062
19.6157
19.5961
19.5946
19.6012
19.6039
19.6138
19.6239
19.6403
19.6516
19.6813
19.6926
19.704
19.7024
19.7122
19.7352
19.7336
19.7352
19.7434
19.7548
19.7546
19.7282
19.7072
19.6879
19.6973
19.6977
19.7043
19.7336
19.745
19.7434
19.7532
19.7532
19.7516
19.7466
19.7532
19.7826
19.7875
19.7876
19.7989
19.7859
19.7758
19.7544
19.7528
19.743
19.7532
19.7629
19.7856
19.7954
19.8036
19.7957
19.7938
19.8118
19.8036
19.8102
19.8313
19.8492
19.8524
19.854
19.8622
19.8625
19.8625
19.8723
19.8625
19.8723
19.8641
19.8657
19.8837
19.895
19.9153
19.9266
19.9446
19.9543
19.9755
19.9755
19.9416
19.975
19.9172
19.8621
19.8246
19.7871
19.8021
19.7989
19.791
19.8087
19.822
19.8203
19.8199
19.8212
19.7887
19.7692
19.7661
19.7579
19.7497
19.7255
19.6992
19.6895
19.6696
19.6485
19.6552
19.6485
19.6453
19.6353
19.6255
19.6337
19.6173
19.606
19.6044
19.588
19.5848
19.5602
19.5197
19.5083
19.4773
19.4634
19.4814
19.4833
19.495
19.5227
19.5145
19.495
19.4868
19.4755
19.4575
19.436
19.4247
19.4052
19.3954
19.3676
19.356
19.3282
19.3267
19.3184
19.2974
19.2942
19.279
19.2661
19.2563
19.2352
19.2173
19.2122
19.1942
19.204
19.1958
19.186
19.1797
19.1879
19.1782
19.1505
19.139
19.1239
19.106
19.093
19.0946
19.075
19.0715
19.0634
19.0275
19.0145
18.995
18.9868
18.9724
18.9477
18.9543
18.938
18.9167
18.8771
18.838
18.8169
18.7974
18.786
18.7743
18.7922
18.802
18.8036
18.7794
18.7403
18.7157
18.6945
18.6762
18.6747
18.6826
18.6829
18.6844
18.6685
18.6552
18.6274
18.6044
18.5962
18.5915
18.6044
18.5844
18.583
18.5868
18.5637
18.5634
18.529
18.5145
18.5145
18.5063
18.5148
18.5048
18.4836
18.4622
18.4442
18.4344
18.4067
18.3985
18.3934
18.4052
18.4134
18.3973
18.3918
18.3806
18.3739
18.3641
18.3361
18.3254
18.3134
18.3051
18.3119
18.2958
18.304
18.3121
18.3204
18.3215
18.3036
18.2775
18.2664
18.245
18.2172
18.2235
18.2354
18.2175
18.2024
18.1844
18.1747
18.1731
18.1614
18.1615
18.1552
18.1403
18.1418
18.1223
18.0977
18.0684
18.0567
18.0273
18.0158
18.0001
17.9872
17.9657
17.9396
17.9071
17.9055
17.9153
17.9117
17.9431
17.9446
17.9462
17.9442
17.9344
17.9149
17.8954
17.8755
17.8478
17.8348
17.8168
17.7954
17.7856
17.7711
17.7809
17.7826
17.7665
17.7567
17.745
17.7271
17.7122
17.6958
17.6829
17.6747
17.6731
17.6747
17.686
17.6844
17.6927
17.6844
17.6731
17.6552
17.6454
17.6321
17.6075
17.588
17.5848
17.5763
17.5571
17.5474
17.5524
17.5356
17.5126
17.5045
17.4935
17.4656
17.4458
17.4575
17.4478
17.4298
17.3985
17.389
17.3872
17.3939
17.3657
17.3643
17.3759
17.3809
17.3645
17.3348
17.3251
17.3235
17.3152
17.2935
17.2954
17.2856
17.2841
17.2841
17.2744
17.263
17.263
17.2532
17.2234
17.202
17.2004
17.1841
17.1579
17.145
17.1173
17.1243
17.1141
17.1141
17.1208
17.124
17.1177
17.1063
17.1161
17.0962
17.0767
17.0653
17.0277
17.0145
16.9868
16.9836
16.9771
16.9478
16.9446
16.938
16.9165
16.9149
16.9329
16.938
16.9185
16.9071
16.9055
16.9071
16.8892
16.884
16.8954
16.9071
16.9087
16.8856
16.8661
16.8661
16.8547
16.8333
16.8153
16.8137
16.8055
16.7743
16.7645
16.7825
16.7481
16.7434
16.7512
16.743
16.7251
16.7235
16.7235
16.7056
16.7137
16.7072
16.6942
16.6825
16.6646
16.6614
16.6532
16.6337
16.6141
16.6044
16.6125
16.6122
16.6008
16.6008
16.6025
16.5848
16.595
16.5786
16.5637
16.5634
16.5751
16.5634
16.5356
16.5356
16.5161
16.4884
16.4771
16.4689
16.4575
16.4364
16.4431
16.4149
16.4036
16.3938
16.3821
16.3821
16.3739
16.4099
16.4048
16.3872
16.3856
16.3692
16.3563
16.3152
16.2938
16.2841
16.2727
16.2708
16.2725
16.2681
16.2747
16.2681
16.2599
16.2289
16.2219
16.2137
16.2106
16.2122
16.193
16.191
16.1633
16.1353
16.1536
16.129
16.1259
16.1161
16.1044
16.1044
16.0864
16.0833
16.0767
16.0669
16.0571
16.0376
16.0262
15.9966
15.9754
15.9719
15.9637
15.954
15.9735
15.9755
15.9458
15.9426
15.9243
15.9032
15.8656
15.8642
15.8497
15.8184
15.8149
15.8152
15.8052
15.8052
15.8215
15.8134
15.8134
15.802
15.8119
15.8219
15.8153
15.8004
15.8134
15.8149
15.8036
15.7856
15.7742
15.7723
15.7528
15.7251
15.7072
15.6844
15.6665
15.6633
15.6649
15.6633
15.6614
15.645
15.606
15.5946
15.5946
15.5653
15.5555
15.5555
15.5555
15.5387
15.5223
15.4962
15.4899
15.4653
15.4719
15.4751
15.4931
15.4969
15.5048
15.5063
15.5145
15.5243
15.5048
15.495
15.4771
15.4755
15.4556
15.4344
15.4067
15.3954
15.3856
15.3755
15.3755
15.3677
15.3645
15.3645
15.363
15.3364
15.3251
15.3071
15.3071
15.2875
15.2661
15.2645
15.2548
15.2434
15.2435
15.2336
15.2321
15.2122
15.204
15.186
15.1685
15.175
15.1649
15.1665
15.1486
15.1372
15.1438
15.1177
15.1259
15.1324
15.134
15.152
15.1715
15.1844
15.1844
15.1567
15.147
15.129
15.1177
15.0997
15.0868
15.0669
15.0442
15.0325
15.0129
15.013
15.0048
15.0129
15.0259
15.0066
15.0224
15.0243
15.0161
14.9965
14.9572
14.954
14.9376
14.8987
14.9033
14.9067
14.9149
14.9263
14.9165
14.9149
14.9067
14.8935
14.8856
14.8755
14.8493
14.8364
14.845
14.8267
14.8134
14.7922
14.7938
14.7825
14.7645
14.7645
14.7661
14.7548
14.7563
14.7485
14.7485
14.7368
14.7434
14.7075
14.6962
14.6962
14.6962
14.6664
14.6532
14.6466
14.6255
14.6239
14.588
14.575
14.5829
14.5927
14.5848
14.5751
14.5735
14.5653
14.5555
14.5181
14.4883
14.4657
14.4477
14.4442
14.4524
14.4638
14.4575
14.4724
14.4462
14.4348
14.4348
14.4247
14.4231
14.4247
14.4149
14.3986
14.3954
14.3677
14.3544
14.3446
14.3348
14.3497
14.3544
14.3446
14.3544
14.3625
14.3806
14.3723
14.374
14.3645
14.3645
14.3434
14.3247
14.2954
14.2856
14.2661
14.2466
14.2368
14.2239
14.2301
14.2318
14.2403
14.2481
14.2415
14.2415
14.2251
14.2235
14.1974
14.186
14.1548
14.163
14.1646
14.1747
14.1829
14.1957
14.2024
14.204
14.1942
14.1926
14.1926
14.1747
14.1747
14.1583
14.1372
14.129
14.1193
14.1161
14.1063
14.1227
14.134
14.1274
14.1044
14.0767
14.0833
14.0751
14.0833
14.0751
14.0637
14.0833
14.0653
14.0372
14.0161
14.0129
14.0161
14.0129
13.995
14.0098
14.0243
14.0048
13.9934
13.995
14.0032
13.9966
13.9852
13.9739
13.9637
13.9458
13.9442
13.9263
13.9149
13.9165
13.9052
13.9149
13.8954
13.884
13.8641
13.8625
13.8544
13.8267
13.8251
13.8071
13.7974
13.7778
13.7583
13.7665
13.7481
13.7532
13.7563
13.745
13.7434
13.7271
13.7336
13.7239
13.7059
13.7059
13.7059
13.6946
13.688
13.688
13.6844
13.6958
13.6895
13.6782
13.6649
13.647
13.6161
13.5981
13.5966
13.5934
13.6047
13.5864
13.593
13.5946
13.5911
13.5747
13.5536
13.5555
13.5474
13.5376
13.5344
13.5309
13.5181
13.5149
13.5083
13.5052
13.5067
13.5051
13.4888
13.4673
13.4524
13.4263
13.3986
13.3973
13.3958
13.3973
13.3695
13.3759
13.379
13.3524
13.3508
13.3411
13.3428
13.3415
13.3348
13.3149
13.3251
13.322
13.3137
13.3169
13.3137
13.3235
13.3235
13.3235
13.3071
13.3052
13.2872
13.2759
13.2825
13.2661
13.2727
13.2645
13.243
13.2415
13.2415
13.2251
13.2137
13.2072
13.1958
13.1977
13.1879
13.1977
13.1879
13.1747
13.163
13.1563
13.1353
13.1156
13.1025
13.1223
13.1157
13.0966
13.0966
13.1047
13.0965
13.088
13.0767
13.0687
13.0555
13.0321
13.0356
13.0126
13.0012
12.9915
12.9946
12.9868
12.9641
12.9458
12.9278
12.9149
12.8938
12.884
12.8774
12.8743
12.8923
12.8774
12.8871
12.895
12.8934
12.8837
12.8856
12.8727
12.8661
12.879
12.8837
12.8641
12.861
12.8657
12.8493
12.8465
12.8348
12.838
12.8462
12.8184
12.8235
12.8204
12.8187
12.8005
12.7876
12.804
12.7856
12.7727
12.7548
12.7615
12.7649
12.7566
12.7528
12.7626
12.7512
12.7548
12.7532
12.7629
12.761
12.761
12.7529
12.7533
12.7614
12.7352
12.7239
12.7321
12.7336
12.7352
12.7255
12.7141
12.7157
12.6993
12.688
12.6747
12.6746
12.6825
12.6825
12.6727
12.663
12.6614
12.6353
12.6239
12.6239
12.624
12.6274
12.6078
12.6044
12.5962
12.5782
12.549
12.5376
12.5259
12.5294
12.5262
12.5227
12.5259
12.5243
12.5325
12.5227
12.5243
12.5262
12.5262
12.5083
12.5051
12.4786
12.4575
12.4364
12.4247
12.4099
12.4196
12.4213
12.4231
12.4313
12.4426
12.4325
12.4243
12.3883
12.3837
12.3657
12.3724
12.3739
12.3821
12.3918
12.4067
12.3856
12.428
12.3254
12.3706
12.4591
12.479
12.414
12.6569
12.5366
12.5436
12.7773
12.4346
11.7084
12.1372
12.1552
12.2172
12.2646
11.8572
12.3561
12.364
12.3548
12.2906
11.9786
11.9679
12.1727
12.4446
12.4848
12.7433
12.6804
12.5309
12.5767
12.7398
12.6747
12.3326
12.3519
12.3975
12.3988
12.4239
12.3417
12.2731
12.2704
12.2811
12.2783
12.3153
12.2791
12.2349
12.1893
12.1645
12.1346
12.13
12.0952
12.0788
12.0997
12.1309
12.12
12.1155
12.1296
12.1249
12.0872
12.0588
12.0289
12.0196
12.0274
12.0176
12.0284
12.0243
12.0212
12.0297
12.0356
12.0341
12.0344
12.0289
11.9797
11.935
11.9001
11.8785
11.8837
11.8944
11.8818
11.9245
11.9042
11.9386
11.8965
11.8943
11.9005
11.9014
11.8995
11.9069
11.9502
11.9493
11.955
11.9447
11.9028
11.8903
11.8637
11.8256
11.7887
11.7753
11.739
11.725
11.7551
11.7949