-0.490234
-0.494934
-0.506226
-0.486328
-0.504761
-0.522644
-0.518066
-0.524658
-0.517578
-0.526123
-0.529297
-0.478394
-0.468811
-0.421387
-0.385498
-0.370728
-0.413269
-0.441101
-0.340942
-0.410583
-0.401489
-0.39502
-0.40509
-0.370605
-0.359009
-0.380188
-0.362427
-0.34613
-0.302307
-0.280945
-0.255005
-0.243408
-0.238342
-0.231934
-0.212158
-0.230469
-0.264465
-0.277771
-0.315308
-0.318726
-0.308594
-0.28241
-0.266052
-0.213989
-0.200867
-0.183228
-0.151855
-0.166382
-0.15979
-0.173035
-0.166443
-0.177856
-0.152283
-0.130432
-0.104309
-0.0733643
-0.0683594
-0.078186
-0.0722046
-0.0585938
-0.0390625
-0.0473022
-0.0211182
-0.02771
-0.0274048
-0.0211182
-0.0210571
6.71E-03
0.0183716
1.95E-03
0.0117188
3.42E-03
-8.24E-03
0
0.0344238
0.059082
0.0948486
1.17798
0.450439
0.160767
0.186279
-0.914185
0.723877
-0.761963
-0.0270996
0.119568
0.0739746
0.0953369
0.0802002
0.0875854
0.114929
0.116455
0.128113
0.119873
0.0984497
0.101624
0.103149
0.114868
0.132568
0.132813
0.153992
0.156982
0.147644
0.145691
0.173218
0.203125
0.242188
0.240356
0.248779
0.25
0.266052
0.297668
0.307434
0.362976
0.377747
0.371094
0.359375
0.351563
0.36792
0.384033
0.411743
0.437988
0.447998
0.441101
0.419922
0.439819
0.448059
0.475769
0.498535
0.519897
0.53125
0.52301
0.523071
0.52771
0.53595
0.547241
0.575073
0.59021
0.607788
0.610962
0.621094
0.604675
0.601135
0.604736
0.627686
0.658569
0.68988
0.709473
0.737122
0.732422
0.737061
0.746887
0.760193
0.759766
0.769653
0.769836
0.774597
0.789063
0.80896
0.836731
0.890686
0.926514
0.939819
0.959351
0.978882
0.978882
0.96051
0.95282
0.93158
0.923462
0.939514
0.959778
0.99054
1.00824
1.0293
1.04419
1.0675
1.09656
1.0965
1.1098
1.11603
1.13251
1.13116
1.13208
1.15234
1.17029
1.17505
1.19171
1.19922
1.21912
1.24036
1.25195
1.24213
1.25
1.25629
1.26013
1.27307
1.30115
1.28278
1.29071
1.29102
1.31873
1.32031
1.31873
1.31873
1.33203
1.33167
1.34961
1.35309
1.36951
1.3988
1.41168
1.43005
1.4234
1.43787
1.45117
1.46918
1.48834
1.51672
1.51453
1.52808
1.5329
1.53943
1.55237
1.56085
1.54382
1.53943
1.55237
1.5542
1.56055
1.57031
1.58325
1.59338
1.59326
1.62115
1.61121
1.6145
1.60339
1.61914
1.6145
1.62964
1.65857
1.71411
1.73706
1.75989
1.79932
1.80579
1.80396
1.79761
1.81689
1.81091
1.82001
1.85156
1.87103
1.88525
1.89404
1.89532
1.90039
1.90393
1.91052
1.91016
1.91211
1.89575
1.89404
1.89221
1.91022
1.93976
1.96564
1.99847
2.01843
2.03156
2.04767
2.05042
2.07031
2.07031
2.08167
2.09845
2.09143
2.11792
2.12274
2.1214
2.11914
2.12891
2.14227
2.12958
2.13092
2.14063
2.13904
2.15033
2.15515
2.15381
2.17151
2.19141
2.19452
2.19141
2.22107
2.24377
2.24841
2.26953
2.28113
2.30243
2.29102
2.31873
2.3219
2.33203
2.3418
2.35156
2.38129
2.38898
2.39856
2.3988
2.41998
2.45782
2.44287
2.46063
2.48083
2.49872
2.50977
2.52118
2.54297
2.55109
2.55859
2.56995
2.59344
2.61133
2.61279
2.61249
2.61798
2.61475
2.62903
2.6488
2.65692
2.65985
2.67188
2.67188
2.66357
2.6438
2.63239
2.63086
2.62268
2.63947
2.64246
2.66211
2.6734
2.70935
2.72388
2.71436
2.73865
2.76172
2.79102
2.80078
2.82849
2.86292
2.86285
2.87933
2.88239
2.90039
2.90387
2.88593
2.89917
2.92157
2.91211
2.93823
2.95935
2.96094
2.96088
2.95435
2.96289
2.9527
2.93817
2.93945
2.95087
2.95276
2.96094
2.96912
2.99872
3.01135
3.02148
3.03278
3.04254
3.05237
3.0542
3.06213
3.3949
2.94348
3.01587
3.01575
3.06873
3.08948
3.07483
3.06006
3.12384
3.15356
3.17139
3.11749
3.11597
3.02094
3.09033
3.15051
3.13898
3.16357
3.18622
3.15979
3.13239
3.16852
3.22424
3.26013
3.23163
3.22375
3.23047
3.22571
3.23206
3.22388
3.21436
3.22736
3.23175
3.23199
3.216
3.21948
3.21222
3.18475
3.17529
3.17188
3.16992
3.17346
3.18011
3.18164
3.18164
3.18323
3.18311
3.20282
3.22888
3.22266
3.22583
3.24225
3.23712
3.23553
3.25671
3.24054
3.23016
3.23401
3.24524
3.22186
3.23047
3.2301
3.23047
3.24182
3.27936
3.29102
3.31097
3.31085
3.32196
3.30432
3.2879
3.28943
3.32385
3.34808
3.33862
3.36768
3.36951
3.34961
3.36951
3.35938
3.19354
2.99628
3.21375
3.30432
3.32196
3.33832
3.33984
3.33997
3.3175
3.26172
3.90973
2.60657
3.13525
3.43066
3.44348
3.46259
3.48407
3.50842
3.51373
3.50378
3.46875
3.48206
3.4903
3.51178
3.54968
3.58215
3.58557
3.61133
3.61621
3.61487
3.64423
3.64764
3.66718
3.67041
3.69489
3.69647
3.70593
3.69141
3.67847
3.68799
3.67035
3.6781
3.68628
3.69806
3.69604
3.729
3.74689
3.76953
3.7699
3.80548
3.82043
3.83044
3.83008
3.82227
3.82849
3.84808
3.85004
3.87939
3.90076
3.92188
3.94989
3.95239
3.9527
3.96277
3.97699
3.98865
4.01135
4.03162
4.04254
4.04456
4.04919
4.08044
4.09021
4.11603
4.12769
4.13403
4.15381
4.17157
4.19958
4.1933
4.20905
4.21912
4.25037
4.25354
4.26324
4.28784
4.31372
4.31409
4.31714
4.32196
4.34021
4.3335
4.33984
4.3692
4.39093
4.40826
4.42859
4.43201
4.45911
4.45306
4.4527
4.46252
4.47266
4.47894
4.48865
4.49683
4.52966
4.55243
4.5589
4.55554
4.57727
4.58984
4.58325
4.5968
4.6438
4.65857
4.67816
4.70123
4.72919
4.74023
4.75317
4.77966
4.80048
4.80261
4.81879
4.8219
4.8465
4.84497
4.84174
4.84302
4.85968
4.87109
4.88086
4.8988
4.92188
4.95593
4.9707
4.98712
5.0199
5.03125
5.03113
5.03253
5.03284
5.03271
5.04224
5.05109
5.06061
5.07886
5.08167
5.08325
5.09021
5.09149
5.11981
5.14063
5.15045
5.177
5.20776
5.21094
5.22424
5.21252
5.23047
5.25159
5.2417
5.27936
5.30078
5.32062
5.33331
5.3418
5.36981
5.38873
5.38086
5.39722
5.41803
5.42346
5.42346
5.42499
5.43158
5.43481
5.45459
5.45428
5.47266
5.49213
5.51953
5.54266
5.55591
5.56085
5.58167
5.59344
5.60187
5.61951
5.60114
5.62744
5.64258
5.66364
5.68823
5.69293
5.70276
5.71252
5.71912
5.73834
5.7207
5.73395
5.76013
5.76984
5.79059
5.79059
5.81219
5.82062
5.83008
5.83826
5.84961
5.8446
5.85345
5.83521
5.83197
5.84308
5.84338
5.83856
5.85785
5.88599
5.91052
5.93323
5.95313
5.98242
5.9823
5.99335
6.0199
6.02301
6.03943
6.07031
6.09802
6.10938
6.12109
6.12262
6.11285
6.09167
6.12073
6.11444
6.12421
6.1308
6.13751
6.15234
6.15222
6.16833
6.18799
6.18823
6.22742
6.23047
6.25861
6.27148
6.27148
6.30109
6.31213
6.3418
6.35468
6.35468
6.37769
6.38202
6.40192
6.42188
6.42981
6.448
6.44415
6.44922
6.45428
6.46448
6.46283
6.47229
6.49683
6.49182
6.49182
6.48206
6.48206
6.49182
6.49841
6.53601
6.55078
6.56055
6.57849
6.60815
6.61609
6.62616
6.63281
6.62292
6.6488
6.66992
6.66833
6.6781
6.70947
6.73083
6.7406
6.74219
6.72253
6.73047
6.73206
6.72266
6.73401
6.73242
6.73389
6.74182
6.74335
6.76141
6.78979
6.80078
6.83679
6.86133
6.88904
6.88428
6.88397
6.87427
6.84491
7.05042
6.86047
6.87445
6.849
6.86438
6.88232
6.92029
6.90814
6.92615
6.94611
6.93781
6.90833
6.89221
6.85266
6.85272
6.8988
6.86438
6.84802
6.87622
6.85461
6.82373
6.86816
6.93323
6.90668
6.88232
6.914
6.95789
6.93823
6.95264
6.92932
6.89679
6.87384
6.85785
6.8598
6.84991
6.85114
6.84491
6.8598
6.85315
6.85938
6.87268
6.88904
6.88403
6.87927
6.88245
6.87415
6.88245
6.88428
6.85785
6.85663
6.86292
6.87463
6.89087
6.9118
6.92969
6.93323
6.94141
6.93475
6.91522
6.90747
6.89911
6.89221
6.89063
6.90039
6.90546
6.90344
6.91174
6.89685
6.89874
6.87891
6.84802
6.8598
6.93951
6.94971
6.95459
6.95276
6.93982
6.9231
6.91205
6.91321
6.66846
6.64563
6.88348
6.93481
6.9364
6.93005
6.93677
6.93787
6.93994
6.97119
7.48914
6.35791
6.78656
7.08105
7.13647
7.14618
7.17517
7.20007
7.23438
7.24188
7.25195
7.26489
7.27972
7.2746
7.27661
7.28632
7.27777
7.29266
7.30585
7.3255
7.30939
7.32379
7.33832
7.35785
7.36951
7.38745
7.40704
7.42664
7.43475
7.4563
7.47772
7.50354
7.52783
7.53784
7.55585
7.58514
7.5965
7.59967
7.62781
7.65234
7.66052
7.65747
7.66876
7.70459
7.72083
7.70935
7.73553
7.78284
7.79071
7.81879
7.82068
7.8418
7.85938
7.87262
7.87256
7.87421
7.87427
7.91052
7.92999
7.95911
7.96912
8.00195
8.02148
8.0296
8.06219
8.09021
8.11133
8.12109
8.159
8.198
8.23523
8.23047
8.23901
8.26837
8.26953
8.26331
8.27966
8.29883
8.32031
8.36096
8.37109
8.37421
8.39258
8.40039
8.41016
8.41876
8.44141
8.44299
8.47894
8.49841
8.54108
8.56903
8.59998
8.62268
8.62921
8.64685
8.64539
8.66052
8.6734
8.68164
8.70239
8.72101
8.74182
8.7406
8.76331
8.77185
8.79108
8.8172
8.83044
8.84973
8.86951
8.90546
8.92029
8.93823
8.961
9.00037
9.04102
9.03467
9.05237
9.07068
9.08514
9.09998
9.1012
9.11951
9.12073
9.14758
9.1438
9.16058
9.17847
9.18951
9.19299
9.19141
9.21289
9.21448
9.2207
9.25037
9.27612
9.31055
9.34802
9.36096
9.36292
9.37268
9.36279
9.38214
9.38745
9.40356
9.42316
9.44135
9.45276
9.46912
9.49023
9.50818
9.52808
9.54266
9.57068
9.57703
9.5921
9.60974
9.63708
9.67157
9.69641
9.70905
9.73047
9.73035
9.73523
9.73236
9.74341
9.75
9.75977
9.77106
9.78125
9.80426
9.81873
9.81201
9.84961
9.87433
9.8941
9.92688
9.94922
9.9903
10.0035
10.0281
10.0508
10.0621
10.0738
10.0739
10.0983
10.1109
10.1125
10.1047
10.1113
10.1211
10.1226
10.1587
10.1866
10.2172
10.2204
10.2504
10.2715
10.2894
10.2941
10.3007
10.3265
10.3597
10.3645
10.373
10.4023
10.4285
10.4508
10.4657
10.4824
10.4824
10.4902
10.5098
10.5015
10.5098
10.5293
10.541
10.5508
10.5703
10.5883
10.5816
10.5898
10.5914
10.5918
10.5933
10.6113
10.639
10.6422
10.6503
10.6617
10.6833
10.6835
10.7109
10.6945
10.7274
10.7336
10.7403
10.752
10.752
10.7617
10.7698
10.7711
10.8105
10.8316
10.8415
10.8582
10.8691
10.8789
10.8676
10.8726
10.8923
10.9202
10.9461
10.9492
10.9672
11.0063
10.9902
11.0101
11.0117
11.0215
11.0394
11.0605
11.0903
11.1117
11.1328
11.1589
11.1714
11.1714
11.1813
11.173
11.1796
11.1813
11.1797
11.2024
11.2125
11.2191
11.2586
11.2699
11.2731
11.2714
11.2972
11.3004
11.3102
11.3402
11.3613
11.3777
11.389
11.4203
11.4563
11.4625
11.479
11.4922
11.5004
11.4839
11.4641
11.4789
11.4836
11.5082
11.5179
11.5443
11.7058
11.5349
11.406
11.4587
11.4847
11.4819
11.5065
11.5062
11.5132
11.5559
11.5569
11.3884
11.4532
11.4148
11.4578
11.4707
11.3459
11.3696
11.4219
11.3854
11.2957
11.4343
11.4562
11.3937
11.3248
11.361
11.3714
11.384
11.4019
11.3508
11.3628
11.343
11.3352
11.3434
11.3254
11.3398
11.3234
11.332
11.3152
11.3121
11.3058
11.3105
11.3153
11.3125
11.3222
11.3039
11.2729
11.2548
11.2371
11.2257
11.2239
11.2241
11.2253
11.2319
11.2317
11.2422
11.2617
11.2518
11.2531
11.2418
11.2336
11.2339
11.2144
11.2188
11.2318
11.2452
11.2828
11.2711
11.2449
11.234
11.2059
11.1981
11.2603
11.2946
11.2793
11.2829
11.2601
11.25
11.2551
11.2135
10.8658
10.9076
11.1946
11.2473
11.2406
11.2304
11.2025
11.1848
11.1457
11.0901
11.7347
10.5652
10.9382
11.3194
11.3685
11.3961
11.4268
11.4598
11.5055
11.5314
11.5754
11.5938
11.6146
11.6246
11.6519
11.6752
11.7145
11.7621
11.7747
11.8156
11.8531
11.8856
11.9051
11.9247
11.9595
11.971
11.9609
11.9954
12.0246
12.0754
12.0969
12.118
12.1488
12.1703
12.198
12.2372
12.3023
12.3465
12.3856
12.4265
12.4774
12.4934
12.5117
12.5396
12.5688
12.5999
12.6356
12.65
12.6633
12.6649
12.7097
12.7109
12.7387
12.7563
12.7781
12.8074
12.8484
12.8809
12.9102
12.9515
12.9918
13
13.0294
13.0692
13.0901
13.1094
13.1312
13.1719
13.1848
13.2031
13.2211
13.2434
13.2781
13.2992
13.3286
13.3875
13.4282
13.479
13.5378
13.5903
13.6112
13.6113
13.616
13.6307
13.6423
13.6508
13.6798
13.716
13.7567
13.7793
13.7634
13.7898
13.8204
13.8336
13.8417
13.8691
13.8988
13.9379
13.9442
13.9432
13.9692
13.9707
14.0035
14.0313
14.041
14.0739
14.0721
14.0934
14.1211
14.139
14.1602
14.1914
14.2125
14.2422
14.2535
14.2534
14.2649
14.296
14.3102
14.309
14.3399
14.3613
14.3597
14.3821
14.4102
14.4316
14.4609
14.4902
14.5179
14.5428
14.5602
14.5836
14.5819
14.598
14.629
14.6667
14.6977
14.7191
14.7321
14.7401
14.7512
14.7632
14.7793
14.7958
14.8204
14.8226
14.8679
14.8809
14.9019
14.9117
14.9332
14.925
14.9218
14.9313
14.9512
14.9612
14.9903
15.0281
15.0574
15.0903
15.1215
15.1589
15.1716
15.1914
15.2288
15.2418
15.2697
15.2909
15.3101
15.3235
15.3356
15.3257
15.314
15.3223
15.3402
15.3499
15.361
15.3922
15.425
15.4449
15.4546
15.4414
15.4626
15.4808
15.5105
15.5359
15.5505
15.5883
15.598
15.6097
15.6129
15.6277
15.6309
15.6505
15.6702
15.6715
15.6735
15.6652
15.6633
15.6731
15.7028
15.701
15.7222
15.7324
15.7601
15.7632
15.7715
15.7976
15.791
15.7927
15.7996
15.8187
15.8383
15.8317
15.8613
15.8824
15.8824
15.894
15.9102
15.9297
15.9312
15.9476
15.9691
16.0083
16.0117
16.0316
16.041
16.0344
16.0411
16.0429
16.0688
16.0883
16.0915
16.1214
16.1324
16.152
16.1504
16.1683
16.1978
16.2274
16.2371
16.2321
16.2386
16.2418
16.2632
16.2519
16.2614
16.2894
16.3187
16.3301
16.3301
16.3515
16.3723
16.3843
16.4023
16.4301
16.4398
16.4676
16.4789
16.4985
16.5183
16.5297
16.5215
16.5199
16.5215
16.5199
16.5195
16.5637
16.5997
16.6344
16.6523
16.6523
16.6536
16.6617
16.6406
16.6289
16.6223
16.6422
16.6441
16.6343
16.6586
16.662
16.6977
16.7109
16.7226
16.7484
16.7731
16.773
16.7632
16.7617
16.7797
16.7711
16.7894
16.8093
16.8316
16.8414
16.8511
16.843
16.8497
16.8515
16.8563
16.9066
16.9814
16.7771
16.7376
16.8004
16.8512
16.8612
16.8218
16.8543
16.848
16.7787
16.7218
16.7191
16.5139
16.7299
16.7023
16.6323
16.6801
16.6784
16.6257
16.5903
16.7283
16.7468
16.6472
16.567
16.6262
16.652
16.6276
16.6094
16.562
16.5476
16.5426
16.5441
16.5539
16.5441
16.5262
16.5054
16.5063
16.4773
16.4641
16.4625
16.4542
16.4626
16.4609
16.4448
16.4133
16.4055
16.3856
16.3648
16.3632
16.3527
16.3516
16.3398
16.332
16.332
16.3203
16.3058
16.3219
16.3156
16.3024
16.3023
16.2926
16.2731
16.2602
16.2581
16.2579
16.2863
16.2762
16.2203
16.1782
16.1456
16.1552
16.1738
16.1798
16.1801
16.1508
16.1485
16.141
16.1274
17.0443
19.0574
18.3756
16.8918
16.3269
16.2642
16.2562
16.2628
15.8415
12.9901
12.5895
15.1154
15.9429
16.1183
16.154
16.0997
16.0672
16.0164
15.9984
16.6335
15.3193
15.9114
16.1042
16.2005
16.2181
16.2424
16.3083
16.365
16.4286
16.4481
16.4611
16.4809
16.5103
16.5281
16.5802
16.595
16.6263
16.6457
16.6621
16.6832
16.7047
16.7227
16.75
16.7485
16.7582
16.75
16.7766
16.8039
16.8365
16.8945
16.9265
16.9578
16.9789
17.0083
17.0281
17.064
17.0966
17.1359
17.1652
17.1895
17.2028
17.2027
17.2141
17.2292
17.2387
17.2782
17.3074
17.3188
17.3301
17.3433
17.3597
17.389
17.4087
17.4383
17.4578
17.4872
17.5187
17.5375
17.5406
17.543
17.5672
17.5819
17.5914
17.5898
17.5999
17.6028
17.6199
17.6488
17.6816
17.6929
17.7106
17.7211
17.7599
17.7761
17.7992
17.827
17.8532
17.8695
17.8875
17.9083
17.9285
17.9398
17.946
17.941
17.9496
17.9528
17.941
17.9594
17.9821
17.9987
18.0411
18.0609
18.0699
18.0707
18.0817
18.1179
18.1243
18.1281
18.1438
18.1605
18.1731
18.1621
18.1801
18.2207
18.2323
18.2598
18.2914
18.3109
18.3238
18.345
18.3512
18.3617
18.3531
18.3794
18.3976
18.4099
18.43
18.4575
18.4739
18.5085
18.513
18.5297
18.5492
18.561
18.5789
18.5902
18.598
18.6259
18.6324
18.6328
18.616
18.5934
18.6113
18.6344
18.6296
18.6571
18.6898
18.7044
18.7109
18.7108
18.7336
18.7241
18.7227
18.7371
18.7598
18.7695
18.7679
18.7828
18.773
18.7813
18.7813
18.7746
18.7797
18.8171
18.8304
18.832
18.832
18.8383
18.8398
18.8415
18.8516
18.8335
18.8516
18.8531
18.8712
18.8859
18.8906
18.9055
18.9285
18.9219
18.9234
18.9202
18.9493
18.9543
18.9691
18.9902
18.9902
18.9902
19.0004
19.0035
19.0133
19.0179
19.0328
19.0328
19.0311
19.0391
19.0407
19.0492
19.0511
19.0427
19.0511
19.0723
19.0785
19.0801
19.0882
19.1094
19.1125
19.0996
19.141
19.1242
19.1194
19.1208
19.1293
19.157
19.1602
19.1864
19.2175
19.2225
19.2402
19.2336
19.2242
19.2241
19.2141
19.2062
19.2047
19.2015
19.2207
19.2305
19.2388
19.2571
19.2567
19.2598
19.2582
19.2516
19.2355
19.2425
19.2601
19.2617
19.2699
19.2695
19.3009
19.3109
19.309
19.3039
19.2992
19.2894
19.2875
19.2906
19.291
19.3074
19.3024
19.3105
19.3141
19.3125
19.3206
19.3203
19.3118
19.3105
19.3218
19.332
19.3534
19.3547
19.3629
19.3727
19.3629
19.35
19.3285
19.3286
19.3368
19.35
19.35
19.3531
19.3547
19.3499
19.3496
19.3676
19.361
19.3777
19.4055
19.4004
19.3824
19.366
19.3711
19.3809
19.3824
19.3727
19.3629
19.3922
19.4183
19.4199
19.4297
19.4512
19.4495
19.4492
19.441
19.443
19.443
19.4528
19.4531
19.4528
19.4528
19.4613
19.4612
19.4606
19.4688
19.4871
19.5099
19.5215
19.5297
19.5297
19.6443
19.5215
19.444
19.4224
19.3639
19.3397
19.3398
19.3237
19.2956
19.2745
19.2614
19.2272
19.2188
19.1895
19.1765
19.155
19.1516
19.1406
19.1374
19.1453
19.1551
19.1472
19.1569
19.1469
19.1555
19.1473
19.1277
19.105
19.0917
19.0719
19.0437
19.0309
19.0277
19.0309
19.0227
19.0344
19.0229
19.0046
18.9785
18.9578
18.9531
18.9316
18.9313
18.9281
18.9493
18.9414
18.9332
18.9133
18.9102
18.8823
18.8789
18.8707
18.8496
18.8496
18.8414
18.8219
18.7957
18.7813
18.7745
18.7433
18.7258
18.734
18.7324
18.734
18.7161
18.7031
18.6852
18.6538
18.6422
18.6227
18.6113
18.5851
18.582
18.5722
18.5605
18.5524
18.5524
18.5328
18.5313
18.5328
18.5195
18.5098
18.5015
18.502
18.4937
18.4824
18.4628
18.4445
18.4199
18.4117
18.3809
18.3531
18.3254
18.3289
18.3418
18.3398
18.3398
18.3578
18.3578
18.3496
18.3301
18.304
18.2813
18.2617
18.252
18.2223
18.2011
18.2012
18.2027
18.1914
18.1914
18.1735
18.1683
18.1687
18.1586
18.1406
18.1407
18.141
18.1277
18.1113
18.0918
18.077
18.0703
18.0395
18.0375
18.0195
18.0101
17.9985
17.9774
17.9527
17.9382
17.9296
17.9211
17.9019
17.8937
17.8922
17.8922
17.8925
17.8906
17.9004
17.8727
17.8613
17.8514
17.8134
17.7945
17.7734
17.7797
17.7863
17.7598
17.7563
17.7386
17.7504
17.7043
17.6914
17.6699
17.6617
17.6523
17.6406
17.639
17.6488
17.6324
17.6296
17.5996
17.5902
17.5687
17.5426
17.5328
17.5231
17.5195
17.5195
17.5114
17.5199
17.5116
17.4922
17.4707
17.4543
17.4348
17.4219
17.4382
17.4398
17.4496
17.4476
17.4656
17.4656
17.4231
17.4102
17.3922
17.3613
17.3235
17.3203
17.3203
17.3187
17.2942
17.2828
17.2715
17.2895
17.291
17.2894
17.2711
17.268
17.2598
17.2386
17.2109
17.1931
17.1918
17.1918
17.1996
17.1992
17.2008
17.2059
17.2188
17.2012
17.1914
17.1816
17.1637
17.1442
17.1145
17.0934
17.0639
17.0422
17.0309
17.0145
17.0016
16.9918
16.9988
16.9922
16.9806
16.9676
16.9594
16.9395
16.9477
16.9297
16.9493
16.9465
16.9352
16.9238
16.896
16.8773
16.8496
16.8383
16.8383
16.8234
16.8203
16.8152
16.8105
16.8043
16.8043
16.7832
16.7699
16.7516
16.7402
16.7238
16.693
16.6816
16.6914
16.6816
16.6797
16.6863
16.6895
16.6813
16.673
16.6699
16.6617
16.6617
16.6307
16.6094
16.598
16.5801
16.5542
16.5313
16.5231
16.5133
16.5117
16.4938
16.484
16.4742
16.441
16.446
16.4476
16.4509
16.4316
16.4301
16.4398
16.4233
16.4035
16.3742
16.389
16.389
16.3742
16.3809
16.3516
16.3418
16.3239
16.3043
16.2914
16.2797
16.2699
16.2879
16.2875
16.2695
16.2695
16.2532
16.2516
16.2321
16.2161
16.2047
16.1835
16.1719
16.1801
16.1719
16.1469
16.1469
16.1567
16.1488
16.1375
16.1211
16.1031
16.0735
16.0703
16.0602
16.0507
16.0406
16.0231
16.0414
16.0348
16.0168
15.9957
15.9941
16.0023
15.9841
15.9808
15.9609
15.9789
15.9723
15.9461
15.925
15.9153
15.9137
15.8926
15.8812
15.891
15.8812
15.8894
15.8828
15.8844
15.8531
15.8332
15.8137
15.7941
15.7793
15.7629
15.7617
15.752
15.7242
15.7129
15.6948
15.6915
15.6836
15.664
15.6442
15.6524
15.6625
15.6637
15.6718
15.6519
15.65
15.6504
15.6488
15.6586
15.6765
15.698
15.7094
15.6933
15.675
15.6403
15.6191
15.5735
15.5719
15.5507
15.5472
15.5391
15.5505
15.5426
15.5313
15.5281
15.541
15.5328
15.5035
15.4886
15.4724
15.4727
15.4629
15.4512
15.4496
15.4594
15.443
15.4332
15.4023
15.4004
15.4004
15.3723
15.3691
15.3691
15.3793
15.3711
15.3677
15.3613
15.3777
15.3512
15.3383
15.3281
15.3118
15.2922
15.2793
15.2629
15.2438
15.234
15.2207
15.2109
15.2028
15.1976
15.1879
15.1976
15.1879
15.1879
15.2058
15.2008
15.2008
15.1895
15.1652
15.1539
15.1132
15.088
15.0785
15.0719
15.0687
15.0687
15.0719
15.0719
15.0523
15.0406
15.0309
15.0309
15.0114
15.0117
15.0015
14.9902
14.9918
14.9628
14.9481
14.9301
14.918
14.9183
14.9183
14.9086
14.9004
14.902
14.8808
14.8691
14.8707
14.8708
14.8711
14.8449
14.814
14.809
14.8008
14.8024
14.7828
14.7894
14.7894
14.7715
14.7601
14.7324
14.7191
14.7109
14.7094
14.7192
14.7094
14.7106
14.7106
14.7188
14.6942
14.6731
14.6816
14.6637
14.6589
14.6406
14.6273
14.6355
14.6273
14.6273
14.6176
14.5996
14.5797
14.5605
14.5394
14.5293
14.5032
14.4723
14.4609
14.4609
14.4574
14.4313
14.4199
14.4281
14.4395
14.4332
14.412
14.402
14.3922
14.3645
14.3417
14.3086
14.2988
14.307
14.2906
14.2972
14.3005
14.2844
14.309
14.3105
14.309
14.3105
14.309
14.3187
14.2926
14.2878
14.2894
14.2777
14.2695
14.2696
14.2715
14.2421
14.25
14.2501
14.2144
14.1945
14.1781
14.1633
14.1535
14.1422
14.1488
14.139
14.1406
14.1277
14.1097
14.1113
14.0934
14.0687
14.0508
14.0426
14.0328
14.0297
14.0114
14.0098
14.0098
14.0114
14.0098
14.0098
14.0098
14.0179
14.0114
14.0016
13.9886
13.9805
13.9723
13.9543
13.943
13.9578
13.9594
13.9594
13.9609
13.966
13.9691
13.9984
13.9836
13.9641
13.941
13.923
13.9199
13.8856
13.8809
13.8793
13.8711
13.845
13.8042
13.7925
13.7891
13.7614
13.7516
13.7567
13.7758
13.7777
13.7777
13.7695
13.75
13.75
13.7239
13.7094
13.7175
13.7386
13.7402
13.7207
13.7207
13.7223
13.7125
13.693
13.6914
13.6735
13.6539
13.6425
13.6207
13.611
13.6094
13.6031
13.6113
13.6016
13.6
13.6
13.582
13.5707
13.5707
13.5609
13.5492
13.5394
13.5313
13.5016
13.4984
13.4707
13.4606
13.4297
13.4199
13.3922
13.3727
13.3809
13.3742
13.3613
13.3711
13.3875
13.3711
13.3777
13.361
13.343
13.3383
13.35
13.3336
13.3418
13.332
13.3304
13.3239
13.3059
13.291
13.291
13.291
13.2731
13.2731
13.2601
13.2617
13.2504
13.2305
13.2305
13.2207
13.2207
13.2109
13.2047
13.2031
13.1949
13.2097
13.2012
13.2191
13.2305
13.2386
13.2386
13.2223
13.2028
13.1914
13.1637
13.1637
13.1359
13.1227
13.1129
13.1016
13.0898
13.0785
13.0801
13.059
13.0606
13.0328
13.0132
13.0262
13.0195
13.0195
13.0114
13.0098
13.0195
13.0114
13.0098
13.0117
13.0101
13.0117
12.9921
12.9903
12.9921
12.9805
12.984
12.9723
12.9805
12.9902
12.9723
12.9707
12.9446
12.9332
12.9137
12.9105
12.9038
12.889
12.8892
12.8894
12.8629
12.8398
12.8367
12.8301
12.8301
12.8301
12.8301
12.8203
12.8024
12.8105
12.8105
12.7942
12.7894
12.7992
12.7891
12.7972
12.7793
12.7582
12.7598
12.7324
12.7422
12.7422
12.752
12.7422
12.7226
12.7207
12.7027
12.6993
12.6718
12.6715
12.6422
12.6488
12.6586
12.6782
12.6879
12.7047
12.7094
12.7094
12.7028
12.6735
12.6735
12.6555
12.6328
12.6309
12.6117
12.6179
12.5933
12.6
12.5917
12.5684
12.5699
12.552
12.5488
12.5309
12.5195
12.5114
12.5082
12.5015
12.4999
12.4915
12.4622
12.4508
12.441
12.4297
12.4004
12.3989
12.3906
12.371
12.361
12.3578
12.3398
12.3398
12.3383
12.3481
12.3465
12.3597
12.3892
12.3828
12.3812
12.3629
12.3629
12.3531
12.3336
12.3124
12.2891
12.2875
12.2875
12.2794
12.2797
12.2993
12.3109
12.2831
12.2614
12.2418
12.2141
12.1765
12.1703
12.1683
12.1976
12.1976
12.191
12.2173
12.2043
12.1832
12.1602
12.1586
12.134
12.1129
12.1133
12.1051
12.1312
12.1312
12.1394
12.1395
12.1113
12.1097
12.1113
12.1031
12.1016
12.1016
12.1129
12.1097
12.095
12.0723
12.0621
12.0426
12.0297
12.0199
12.0101
12.0168
12.0101
11.9886
11.9688
11.9492
11.9313
11.9133
11.9281
11.9414
11.9578
11.9886
11.9902
11.9805
11.9821
11.9609
11.9524
11.9231
11.9102
11.8922
11.9004
11.889
11.8972
11.9183
11.9281
11.9117
11.9083
11.8922
11.8926
11.8828
11.8387
11.834
11.8223
11.8223
11.8027
11.8008
11.809
11.809
11.8105
11.8204
11.8125
11.8191
11.8027
11.791
11.7797
11.7731
11.7633
11.7422
11.7242
11.7308
11.7286
11.7422
11.7422
11.7504
11.7257
11.7125
11.7273
11.8208
11.6569
11.7938
11.8957
11.8922
11.7947
12.0627
11.9338
11.9496
12.2042
11.8465
11.0807
11.5149
11.5328
11.5379
11.5902
10.8975
11.6838
11.73
11.7211
11.5917
10.8766
10.6174
10.7684
11.1018
11.4776
14.3287
13.0421
5.97821
10.9169
11.6417
12.1929
11.4744
11.3649
11.2378
11.3011
11.4796
11.647
11.6393
11.4758
11.4902
11.4988
11.4754
11.4841
11.4764
11.4642
11.4441
11.434
11.4203
11.4185
11.4111
11.3943
11.3702
11.4063
11.4218
11.4408
11.4358
11.4432
11.4711
11.4675
11.4562
11.4676
11.4508
11.4367
11.4357
11.425
11.426
11.4316
11.4465
11.4414
11.4246
11.4121
11.3902
11.373
11.3455
11.3362
11.3571
11.3414
11.3273
11.3324
11.3236
11.2731
11.2477
11.2463
11.2361
11.2467
11.2722
11.3011
11.3007
11.3109
11.3152
11.2961
11.2906
11.2715
11.2515
11.2146
11.2141
11.1941
11.1949
11.2173
11.1495