-0.285538
-0.293823
-0.293732
-0.287491
-0.266388
-0.256638
-0.238342
-0.243652
-0.226959
-0.216858
-0.225296
-0.230087
-0.208969
-0.203888
-0.19725
-0.197708
-0.186646
-0.187881
-0.200455
-0.204193
-0.193817
-0.185913
-0.18631
-0.197708
-0.202713
-0.194427
-0.19577
-0.192566
-0.186325
-0.169922
-0.156616
-0.15657
-0.130157
-0.125778
-0.117584
-0.120682
-0.133972
-0.125763
-0.141861
-0.153488
-0.143341
-0.138672
-0.128906
-0.117569
-0.117584
-0.115616
-0.114059
-0.123886
-0.116013
-0.104584
-0.086319
-0.066803
-0.0602417
-0.0570374
-0.0456238
-0.0453033
-0.0437469
-0.0551605
-0.0437469
-0.0539093
-0.0652313
-0.0570374
-0.0354614
-0.0274048
-8.21E-03
-6.26E-03
3.52E-03
0.0231323
0.0167999
0.0250092
-4.35E-03
-4.26E-13
0.0132904
-9.75E-03
0.0132294
-0.0343781
0.240082
-0.0535126
-0.316238
-0.216797
-4.06E-03
0.207748
0.0456238
0.108841
0.101181
0.157028
0.164841
0.16626
0.167511
0.170883
0.16423
0.150955
0.141098
0.150955
0.142746
0.15126
0.173996
0.183762
0.179001
0.169235
0.161026
0.160629
0.160629
0.150864
0.170334
0.171982
0.163757
0.16571
0.163681
0.153595
0.163757
0.177032
0.203125
0.204681
0.209396
0.209137
0.209793
0.201584
0.200027
0.187912
0.196167
0.18837
0.196869
0.175018
0.186432
0.204758
0.209778
0.216034
0.236816
0.24025
0.238678
0.241806
0.230484
0.230484
0.23056
0.2211
0.221115
0.237183
0.240646
0.23877
0.230881
0.24884
0.250412
0.240707
0.239075
0.24884
0.26181
0.258621
0.260162
0.268372
0.277756
0.289154
0.29924
0.291031
0.282822
0.281357
0.291412
0.283127
0.28447
0.301193
0.320724
0.322357
0.332443
0.343765
0.358215
0.377747
0.372665
0.389069
0.388687
0.408356
0.402359
0.410553
0.410568
0.42189
0.420319
0.431335
0.420334
0.412125
0.410553
0.412125
0.410568
0.402359
0.421967
0.451584
0.443375
0.462997
0.491028
0.501968
0.501968
0.490631
0.493759
0.48407
0.456573
0.480957
0.494156
0.503922
0.512131
0.525009
0.541428
0.55275
0.54454
0.54454
0.541031
0.541031
0.542587
0.524612
0.541031
0.560562
0.571884
0.571884
0.580185
0.572281
0.554291
0.542679
0.531647
0.542984
0.55275
0.580475
0.591812
0.60321
0.623062
0.641037
0.635941
0.650803
0.67189
0.681656
0.698074
0.701187
0.689865
0.720779
0.724228
0.733994
0.725784
0.742203
0.76329
0.76329
0.761734
0.789474
0.814072
0.823837
0.814072
0.804306
0.804306
0.804306
0.784775
0.781265
0.791031
0.810638
0.804306
0.822281
0.823837
0.83049
0.841812
0.856644
0.856644
0.873062
0.876175
0.874619
0.884384
0.874619
0.861252
0.851273
0.853043
0.852737
0.833206
0.841492
0.833603
0.845322
0.853531
0.871506
0.892593
0.902359
0.923447
0.943069
0.954697
0.954697
0.966019
0.982437
0.966324
0.97081
0.983994
0.992203
0.993759
0.983994
0.983902
1
0.993362
0.991806
1.00157
1.02306
1.01485
1.00664
1.0215
1.0215
1.01955
1.02939
1.04924
1.05089
1.05119
1.05119
1.06252
1.06407
1.05119
1.05586
1.06407
1.05586
1.05431
1.0461
1.0461
1.06252
1.07384
1.09026
1.09807
1.09962
1.10939
1.10628
1.11111
1.09523
1.1133
1.1129
1.13243
1.11446
1.1422
1.15196
1.15196
1.15862
1.16173
1.16017
1.16838
1.18799
1.20274
1.21251
1.21446
1.22423
1.22266
1.23399
1.22423
1.21446
1.21095
1.21251
1.23244
1.22383
1.23367
1.26173
1.28127
1.30431
1.30431
1.2961
1.28477
1.31252
1.29454
1.29298
1.29454
1.31252
1.32375
1.32188
1.32344
1.32539
1.32539
1.32539
1.32539
1.33516
1.31407
1.31563
1.32384
1.31563
1.31407
1.32228
1.35158
1.37306
1.38274
1.38406
1.38127
1.37422
1.37267
1.36446
1.3629
1.37111
1.41055
1.44305
1.46446
1.49571
1.31674
1.38307
1.19969
1.37906
1.35962
1.36336
1.39148
1.41939
1.43736
1.45876
1.4472
1.46399
1.48227
1.51947
1.53586
1.54416
1.5475
1.54758
1.54416
1.56087
1.57181
1.60266
1.62617
1.63554
1.65385
1.65353
1.64095
1.65041
1.6554
1.64212
1.64565
1.63713
1.62733
1.62773
1.62611
1.6371
1.63087
1.6375
1.65697
1.634
1.63782
1.63907
1.65547
1.66515
1.66679
1.68477
1.68477
1.68477
1.68828
1.6769
1.68282
1.68477
1.68633
1.68477
1.71281
1.70546
1.70586
1.71407
1.71562
1.72572
1.72383
1.7336
1.73674
1.74533
1.75508
1.75508
1.76016
1.77306
1.78127
1.77812
1.77492
1.7664
1.75821
1.74687
1.72734
1.70781
1.70314
1.6754
1.64415
1.62617
1.6265
1.66328
1.72734
1.75853
1.74843
1.74846
1.75352
1.79298
1.84688
2.09195
1.87312
1.69901
1.85674
1.93172
1.8676
1.86087
1.85883
1.85728
1.85878
1.86501
1.84862
1.85838
1.85835
1.85048
1.84354
1.84549
1.87312
1.86806
1.89119
1.89305
1.89299
1.89891
1.89424
1.89424
1.90236
1.92549
1.93517
1.93993
1.94649
1.96609
1.95946
1.95822
1.96289
1.96609
1.97781
1.99377
1.98557
2.00671
2.01181
2.01213
2.01018
2.01994
2.01329
2.01994
2.0282
2.03792
2.04111
2.04767
2.04768
2.04768
2.04103
2.04112
2.02979
2.03166
2.04141
2.04767
2.0672
2.08838
2.11134
2.12111
2.12267
2.1129
2.1129
2.11134
2.12267
2.11299
2.12306
2.13127
2.12462
2.09688
2.11174
2.12305
2.11281
2.10939
2.10947
2.11963
2.12151
2.12151
2.13127
2.15088
2.17229
2.18205
2.21455
2.23283
2.23439
2.24065
2.23399
2.24065
2.23048
2.23048
2.23048
2.23868
2.24181
2.22227
2.21095
2.21407
2.23048
2.22227
2.22072
2.24025
2.26971
2.29964
2.32893
2.3336
2.34337
2.34337
2.35158
2.34648
2.32539
2.3336
2.3336
2.32539
2.32539
2.32384
2.34026
2.35509
2.35353
2.35313
2.36134
2.37111
2.37267
2.36453
2.37151
2.38283
2.37462
2.38127
2.39104
2.39415
2.41368
2.40547
2.38594
2.40392
2.40392
2.39415
2.39104
2.38907
2.39064
2.3922
2.40041
2.40196
2.41994
2.42305
2.4297
2.44774
2.47267
2.46602
2.48244
2.48399
2.50352
2.49532
2.48088
2.48909
2.50041
2.51346
2.53987
2.55275
2.60197
2.61485
2.61485
2.61134
2.62111
2.63243
2.63087
2.63438
2.62462
2.63438
2.64571
2.63283
2.64415
2.62773
2.64415
2.63594
2.63438
2.64922
2.6461
2.65579
2.65392
2.64415
2.64423
2.66252
2.6754
2.70157
2.71291
2.72578
2.73399
2.75197
2.74376
2.73555
2.71602
2.71602
2.71446
2.72267
2.72578
2.73399
2.74376
2.74727
2.75548
2.77345
2.76836
2.77501
2.80119
2.81252
2.81407
2.81407
2.82072
2.82033
2.83009
2.83165
2.84962
2.86095
2.86446
2.87267
2.90041
2.89375
2.92157
2.92345
2.94142
2.94298
2.95119
2.94453
2.95314
2.94649
2.96291
2.95625
2.94493
2.9547
2.95625
2.97267
2.96446
2.95625
2.96291
2.97267
2.98235
2.98204
3.00987
3.02306
3.01485
3.01485
3.03282
3.02306
3.02461
3.04289
3.04259
3.0508
3.06056
3.06212
3.06367
3.08174
3.10158
3.10304
3.10469
3.09492
3.08516
3.0836
3.07228
3.07391
3.07735
3.07384
3.0836
3.0836
3.10977
3.10469
3.11134
3.11485
3.12306
3.13446
3.14601
3.11446
3.11633
3.11446
3.12267
3.10469
3.12267
3.13243
3.13438
3.13243
3.12267
3.12267
3.13243
3.12267
3.13087
3.13243
3.15196
3.13399
3.13399
3.11601
3.1129
3.11298
3.11476
3.12267
3.13438
3.14259
3.15392
3.16524
3.18166
3.19453
3.20274
3.20274
3.22267
3.21251
3.23244
3.14081
3.20383
3.01892
3.11938
3.11072
3.11494
3.16963
3.18221
3.2119
3.22491
3.24164
3.24313
3.27414
3.29211
3.29718
3.30374
3.30196
3.28267
3.29407
3.29407
3.30235
3.29094
3.29259
3.30385
3.32338
3.32813
3.33032
3.34299
3.35814
3.36604
3.33986
3.34486
3.34143
3.35158
3.3515
3.34804
3.3761
3.39882
3.39877
3.41017
3.40041
3.39407
3.37422
3.36783
3.37892
3.39882
3.39096
3.38905
3.40041
3.40703
3.39915
3.40703
3.42648
3.44141
3.43822
3.43945
3.42969
3.42999
3.41673
3.39687
3.37891
3.37773
3.40898
3.39095
3.40703
3.41057
3.41713
3.39885
3.39922
3.39766
3.39415
3.40382
3.40508
3.40703
3.41711
3.41524
3.40353
3.36447
3.33986
3.31729
3.32718
3.3625
3.41484
3.45117
3.43315
3.43788
3.4265
3.46407
3.49344
3.66093
3.56819
3.58665
3.49025
3.53235
3.52827
3.53282
3.53087
3.51782
3.52406
3.51735
3.51039
3.50252
3.49593
3.49463
3.48923
3.48923
3.52362
3.55476
3.56773
3.57776
3.57704
3.58533
3.58055
3.58875
3.58408
3.61993
3.63603
3.63603
3.64618
3.67705
3.67735
3.65907
3.66562
3.67509
3.66878
3.67696
3.70282
3.74382
3.74727
3.76532
3.77469
3.78633
3.79109
3.77971
3.76018
3.75862
3.76839
3.75665
3.76151
3.75041
3.74065
3.74886
3.74884
3.76018
3.77977
3.78792
3.80908
3.81094
3.83049
3.84851
3.84181
3.85002
3.85158
3.84337
3.84344
3.84221
3.84377
3.84221
3.85002
3.85979
3.86955
3.87737
3.89032
3.91057
3.92198
3.93361
3.94337
3.92189
3.92033
3.92345
3.92345
3.93172
3.93205
3.95158
3.9547
3.95314
3.95314
3.94649
3.96291
3.96291
3.99886
4.01173
4.0215
4.04932
4.07384
4.09181
4.11142
4.1297
4.13283
4.1422
4.15862
4.16173
4.1375
4.14726
4.16368
4.16212
4.16368
4.16212
4.15236
4.16876
4.1622
4.16556
4.18173
4.21956
4.25197
4.26993
4.28127
4.28291
4.30275
4.28313
4.27461
4.24336
4.23048
4.22227
4.21095
4.20088
4.19298
4.20119
4.21916
4.23869
4.25986
4.29768
4.32042
4.34377
4.33711
4.3633
4.39259
4.38438
4.39415
4.40236
4.41055
4.42033
4.42157
4.42033
4.4301
4.43166
4.41212
4.40392
4.39259
4.40392
4.40236
4.43175
4.4547
4.45625
4.46446
4.48244
4.49727
4.50548
4.52345
4.52501
4.54454
4.55431
4.57228
4.564
4.56212
4.60126
4.60979
4.60158
4.60158
4.60158
4.62111
4.60948
4.62102
4.65392
4.66017
4.67345
4.67149
4.68477
4.68477
4.70274
4.7043
4.71446
4.71251
4.72072
4.75362
4.75548
4.77501
4.78322
4.79454
4.80431
4.81563
4.82228
4.83049
4.84181
4.8336
4.83165
4.82854
4.83009
4.81367
4.82384
4.81407
4.82228
4.82384
4.81563
4.82033
4.83009
4.84337
4.8336
4.82188
4.82539
4.84181
4.82851
4.84181
4.86134
4.89227
4.89415
4.90236
4.92384
4.93517
4.94493
4.93517
4.95314
4.94493
4.94337
4.94493
4.95119
4.96446
4.97423
4.98048
4.9836
4.9836
4.97383
4.98048
4.97227
4.9836
4.99181
4.99181
5.00822
5.03127
5.04259
5.05901
5.06221
5.07072
5.07384
5.06252
5.05431
5.06407
5.06407
5.06407
5.08049
5.09337
5.10313
5.1243
5.12617
5.12611
5.14571
5.13586
5.15359
5.1261
5.12111
5.13095
5.13283
5.12151
5.13947
5.15862
5.16017
5.17148
5.18289
5.19493
5.21446
5.20625
5.21446
5.24065
5.23399
5.23244
5.23909
5.25041
5.27971
5.29112
5.29454
5.30243
5.3257
5.31367
5.29407
5.2793
5.27461
5.26836
5.28477
5.30275
5.30431
5.31252
5.33049
5.33049
5.31375
5.31563
5.31096
5.32071
5.35979
5.36955
5.40041
5.42195
5.18619
5.31783
5.24986
5.29298
5.3362
5.36166
5.35829
5.36026
5.37486
5.39861
5.4064
5.4097
5.39705
5.39836
5.38235
5.37096
5.38391
5.40189
5.41664
5.41791
5.40033
5.40697
5.37103
5.38712
5.40384
5.39369
5.39876
5.42462
5.43469
5.44603
5.43938
5.43625
5.425
5.41203
5.4101
5.38899
5.38869
5.38899
5.38048
5.38899
5.39845
5.40196
5.39212
5.39417
5.39096
5.37924
5.38554
5.39064
5.3972
5.41484
5.41017
5.40862
5.41713
5.41524
5.41835
5.42656
5.42844
5.43666
5.42307
5.42805
5.43788
5.43791
5.42961
5.41994
5.43007
5.40697
5.39726
5.39571
5.3875
5.38594
5.39409
5.39064
5.39064
5.38736
5.38905
5.38594
5.36641
5.32384
5.31407
5.29414
5.30899
5.3578
5.41867
5.44954
5.46562
5.48714
5.50351
5.53487
5.63478
5.87158
5.85167
5.48601
5.53554
5.56775
5.62431
5.6093
5.6058
5.62843
5.66461
5.66273
5.64815
5.65096
5.63142
5.62323
5.64307
5.64462
5.66891
5.66728
5.69502
5.69969
5.73758
5.74072
5.7751
5.80275
5.8158
5.82579
5.83565
5.84492
5.84657
5.86328
5.88602
5.89735
5.91878
5.94492
5.94969
5.95627
5.96761
5.979
5.98914
5.9922
6.01682
6.01994
6.02971
6.04767
6.06229
6.06096
6.07228
6.10001
6.11955
6.12775
6.11298
6.1297
6.13753
6.13908
6.15869
6.18166
6.19142
6.21259
6.20305
6.22081
6.22267
6.23088
6.23244
6.2422
6.25862
6.27939
6.27971
6.30899
6.3008
6.31877
6.34024
6.34189
6.35509
6.36134
6.38907
6.3922
6.38554
6.40039
6.40392
6.41524
6.40392
6.42197
6.42384
6.45314
6.47267
6.48909
6.48399
6.48244
6.47227
6.48869
6.47227
6.47893
6.49188
6.52814
6.54922
6.56056
6.57228
6.60158
6.59337
6.62119
6.62462
6.62111
6.61299
6.6133
6.60353
6.60509
6.61485
6.63438
6.65236
6.6636
6.6797
6.68282
6.70126
6.7047
6.71291
6.71446
6.72578
6.72578
6.72578
6.7422
6.74376
6.78127
6.78477
6.81096
6.81563
6.81407
6.85977
6.85313
6.82539
6.82384
6.84181
6.83517
6.82539
6.82695
6.84377
6.83711
6.834
6.85158
6.87921
6.88055
6.88087
6.90205
6.90392
6.90236
6.91878
6.93321
6.95314
6.9547
6.97423
6.99376
6.99532
6.9922
7.00352
7.01329
7.01329
7.01329
7.03127
7.04103
7.0508
7.06212
7.05391
7.06212
7.06367
7.05391
7.07384
7.0753
7.08321
7.09962
7.12267
7.13399
7.15041
7.15205
7.14415
7.14064
7.16368
7.16212
7.16368
7.19493
7.2047
7.21446
7.21446
7.22072
7.22383
7.23048
7.24384
7.2375
7.23578
7.25157
7.2711
7.2908
7.30275
7.30617
7.32393
7.32423
7.33556
7.34367
7.35625
7.34492
7.35158
7.3629
7.3582
7.34688
7.35509
7.34836
7.34648
7.32695
7.32384
7.33205
7.34492
7.35313
7.36134
7.37267
7.38438
7.36797
7.38283
7.39415
7.41368
7.43166
7.44305
7.47112
7.46446
7.47112
7.47423
7.45461
7.46251
7.4922
7.49532
7.49532
7.50508
7.50508
7.51485
7.51485
7.51329
7.51994
7.52306
7.54103
7.53282
7.53282
7.5211
7.53282
7.5211
7.52931
7.52931
7.53094
7.54103
7.51329
7.50352
7.51329
7.53127
7.53282
7.55431
7.57228
7.57384
7.58205
7.59337
7.5836
7.5836
7.58516
7.59532
7.60353
7.62306
7.62267
7.62274
7.61485
7.60187
7.60313
7.62109
7.61095
7.62422
7.63594
7.65547
7.65392
7.65547
7.675
7.68321
7.6832
7.69337
7.71446
7.72423
7.71602
7.73399
7.74376
7.75352
7.78136
7.79298
7.80275
7.80275
7.80431
7.79448
7.80078
7.7957
7.80399
7.82384
7.80586
7.79289
7.80391
7.79103
7.78282
7.76173
7.78133
7.72267
7.78233
7.71165
7.59016
7.73354
7.73697
7.72112
7.70476
7.72478
7.72829
7.73306
7.76126
7.75485
7.75461
7.77103
7.77484
7.77924
7.7726
7.77962
7.76633
7.74835
7.74681
7.75345
7.75157
7.7468
7.70891
7.69798
7.66508
7.65353
7.64214
7.64212
7.64064
7.65039
7.64876
7.67026
7.66994
7.66869
7.66017
7.66524
7.65852
7.66017
7.66008
7.68791
7.68947
7.67805
7.68166
7.66211
7.67696
7.65884
7.63905
7.62109
7.6082
7.59993
7.57851
7.59807
7.6082
7.62955
7.6371
7.6375
7.63907
7.63588
7.63554
7.62733
7.60976
7.59999
7.60658
7.59648
7.57695
7.56712
7.56563
7.56555
7.56523
7.57031
7.57533
7.57695
7.57695
7.56563
7.5555
7.58156
7.84447
7.87422
7.90494
7.81117
7.4393
7.40335
7.37914
7.30345
7.12587
6.91603
6.86705
7.04837
7.28368
7.44463
7.47025
7.45227
7.45235
7.47578
7.51173
7.6458
7.86494
7.46977
7.31125
7.52571
7.54994
7.58556
7.61726
7.61752
7.60883
7.60727
7.62016
7.65141
7.66922
7.68384
7.67909
7.67235
7.69196
7.69502
7.69656
7.72595
7.75713
7.77821
7.82088
7.83087
7.83244
7.84195
7.83369
7.84502
7.87151
7.89424
7.90556
7.93517
7.9579
7.94493
7.92821
7.95314
7.95946
7.96602
7.97743
7.98909
8.00546
8.02461
8.02782
8.04773
8.06766
8.07422
8.0887
8.09813
8.10664
8.1376
8.15236
8.17853
8.20946
8.22932
8.2422
8.24846
8.23869
8.24031
8.23088
8.22267
8.23088
8.24065
8.26994
8.29266
8.32237
8.3504
8.38127
8.4008
8.4008
8.40088
8.39415
8.38087
8.4008
8.40047
8.41057
8.42033
8.42181
8.4411
8.44963
8.45128
8.48907
8.50041
8.51018
8.52815
8.52931
8.53087
8.53917
8.54924
8.55087
8.56252
8.57384
8.58205
8.59181
8.58353
8.61768
8.61127
8.62088
8.61174
8.60353
8.59375
8.58205
8.59026
8.59337
8.60001
8.61963
8.62306
8.62306
8.61955
8.62111
8.64424
8.66252
8.67033
8.69963
8.72737
8.73213
8.74065
8.76018
8.7715
8.79103
8.78438
8.77461
8.77306
8.76485
8.75508
8.75862
8.76329
8.7715
8.78127
8.78291
8.79143
8.79298
8.77306
8.76994
8.77971
8.78282
8.7715
8.77461
8.77971
8.79112
8.79454
8.80745
8.80586
8.81252
8.81407
8.81563
8.82384
8.8336
8.84026
8.84181
8.85985
8.87306
8.8629
8.84492
8.86134
8.85158
8.85313
8.85158
8.85313
8.87111
8.88087
8.89064
8.89375
8.91017
8.91994
8.92149
8.9297
8.93282
8.93947
8.92149
8.93282
8.95126
8.96291
8.94337
8.9547
8.97578
8.97423
8.98392
8.99336
9.01329
9.00157
9.00165
9.01524
8.98555
8.9922
8.99376
9.00197
9.00352
9.02345
9.03322
9.03477
9.03633
9.03633
9.03477
9.05119
9.0544
9.07268
9.09221
9.09377
9.10353
9.1133
9.11485
9.11485
9.11641
9.1246
9.10625
9.09337
9.08516
9.09337
9.08516
9.09181
9.10345
9.11134
9.11296
9.11641
9.13283
9.11436
9.08321
9.10118
9.13243
9.12422
9.1129
9.12932
9.14227
9.14415
9.12462
9.12462
9.14259
9.16212
9.16368
9.17345
9.19307
9.19493
9.21291
9.22267
9.2422
9.25197
9.25352
9.25343
9.23515
9.22383
9.18788
9.175
9.18321
9.18321
9.18321
9.20274
9.21088
9.23016
9.23204
9.23204
9.24846
9.2336
9.23555
9.22578
9.23399
9.23555
9.22578
9.2226
9.23056
9.23869
9.23869
9.23048
9.22736
9.23048
9.23204
9.22383
9.23048
9.21407
9.23204
9.23204
9.22032
9.21877
9.23016
9.22227
9.23048
9.23204
9.23204
9.22383
9.22227
9.21407
9.21095
9.22072
9.20274
9.19453
9.20274
9.19453
9.18166
9.19963
9.2043
9.20274
9.22267
9.23399
9.24376
9.24376
9.25352
9.26016
9.27118
9.25352
9.2422
9.24532
9.29298
9.0654
9.3486
9.02368
9.19971
9.18729
9.21947
9.21985
9.24236
9.24617
9.23268
9.24478
9.2533
9.24478
9.235
9.21858
9.20726
9.19563
9.20259
9.19093
9.20735
9.20728
9.20384
9.22377
9.21556
9.21556
9.20737
9.19569
9.18471
9.17491
9.14525
9.1339
9.12578
9.12257
9.11281
9.12267
9.11281
9.11946
9.12102
9.09453
9.08354
9.08351
9.07024
9.04063
9.03117
9.03908
9.04094
9.03752
9.03282
9.02962
9.01134
9.00032
8.99025
9.00032
8.98869
8.9886
8.97893
8.98714
8.99525
8.98869
8.9937
8.99806
8.98714
8.98549
8.97697
8.96758
8.96751
8.97542
8.96721
8.95775
8.94768
8.93791
8.94455
8.93828
8.92696
8.91719
8.91875
8.9269
8.92189
8.91875
8.91869
8.92656
8.91049
8.91518
8.89531
8.89531
8.86757
8.85658
8.84648
8.82695
8.83838
8.84682
8.82854
8.81908
8.81718
8.81563
8.78282
8.78313
8.78593
8.77776
8.77812
8.7765
8.77657
8.76836
8.739
8.73711
8.72734
8.71758
8.72578
8.72609
8.7422
8.75197
8.75352
8.75508
8.73711
8.71758
8.71758
8.71758
8.71596
8.71562
8.71407
8.71758
8.70618
8.69453
8.69453
8.68321
8.69453
8.67656
8.65541
8.63399
8.63594
8.62617
8.63438
8.62617
8.5965
8.58672
8.5836
8.58516
8.58205
8.61134
8.60313
8.61134
8.59485
8.59142
8.59337
8.56876
8.55586
8.56563
8.55586
8.55431
8.53595
8.53438
8.53438
8.49524
8.47383
8.45625
8.47267
8.43829
8.43321
8.45274
8.47893
8.49181
8.47539
8.47227
8.48204
8.47383
8.45586
8.44446
8.45625
8.46291
8.46602
8.45274
8.45274
8.44298
8.44453
8.44609
8.44804
8.45461
8.47072
8.47383
8.47227
8.46407
8.46095
8.4543
8.44453
8.425
8.41524
8.42189
8.42352
8.41719
8.40227
8.40041
8.40039
8.38554
8.37267
8.37422
8.35625
8.35307
8.34648
8.35469
8.3743
8.34837
8.33711
8.33867
8.34532
8.33867
8.31908
8.34492
8.34688
8.34688
8.33549
8.33321
8.33163
8.32352
8.32735
8.30618
8.28947
8.28439
8.28432
8.28593
8.28282
8.29414
8.29257
8.27461
8.26329
8.23711
8.21407
8.20619
8.20274
8.19453
8.21407
8.2043
8.21252
8.2043
8.22423
8.21758
8.20625
8.21291
8.21446
8.21094
8.20268
8.21094
8.18633
8.18477
8.18484
8.17851
8.17696
8.17531
8.18477
8.16838
8.16679
8.13939
8.14415
8.13594
8.10979
8.08705
8.0836
8.08009
8.06523
8.06367
8.05742
8.05586
8.05431
8.05586
8.05424
8.07188
8.08321
8.08165
8.08827
8.09337
8.10509
8.11485
8.09679
8.10158
8.09962
8.07188
8.05547
8.03438
8.04259
8.03438
8.02617
8.03276
8.03087
8.02422
8.00468
8.00468
8.01485
8.0215
8.00313
8.00157
7.99181
7.97383
7.96407
7.96718
7.96437
7.95781
7.95781
7.95781
7.94493
7.92696
7.92189
7.90547
7.91212
7.91719
7.90742
7.90742
7.9254
7.90736
7.89571
7.89415
7.89415
7.88594
7.87462
7.87462
7.88283
7.89259
7.89415
7.87422
7.8629
7.85304
7.83321
7.83321
7.82344
7.82344
7.86142
7.83704
7.83516
7.83516
7.8336
7.82539
7.80743
7.80266
7.80391
7.78282
7.79073
7.79259
7.77296
7.76134
7.75157
7.75157
7.75002
7.74181
7.76962
7.79259
7.81407
7.80742
7.79765
7.78781
7.76797
7.73705
7.71407
7.72227
7.74376
7.74532
7.7422
7.76329
7.78127
7.77304
7.77306
7.78127
7.77306
7.75508
7.7336
7.72383
7.72227
7.70586
7.69298
7.68312
7.66173
7.65196
7.63399
7.63243
7.64064
7.64383
7.66368
7.69142
7.70119
7.69453
7.68007
7.66875
7.65742
7.66563
7.65733
7.63586
7.64064
7.64227
7.62454
7.61446
7.60477
7.6133
7.61485
7.59688
7.58711
7.58711
7.58392
7.57539
7.56563
7.56563
7.56563
7.55586
7.53468
7.54103
7.54414
7.55235
7.55391
7.55235
7.56212
7.5457
7.53752
7.51674
7.52306
7.52617
7.52461
7.5329
7.53166
7.53633
7.52501
7.52345
7.505
7.49336
7.47539
7.47391
7.48244
7.49727
7.50548
7.50539
7.50352
7.49532
7.48392
7.46056
7.46065
7.45274
7.44289
7.44258
7.43282
7.43126
7.43321
7.44305
7.46133
7.44493
7.45314
7.46291
7.43477
7.43477
7.425
7.425
7.42696
7.40898
7.40587
7.40578
7.40547
7.39571
7.37422
7.38438
7.38438
7.40236
7.40392
7.42033
7.41182
7.42345
7.40547
7.39563
7.3922
7.38234
7.38203
7.37422
7.36446
7.34492
7.35313
7.34648
7.33516
7.32695
7.32384
7.33205
7.31563
7.30586
7.30431
7.29289
7.27306
7.25664
7.26329
7.24376
7.26994
7.27461
7.26485
7.26329
7.25352
7.25352
7.24532
7.2422
7.26173
7.24687
7.25197
7.2715
7.27306
7.28282
7.2711
7.26955
7.26134
7.27469
7.25703
7.25548
7.25859
7.24571
7.25548
7.25703
7.27345
7.27336
7.28127
7.26485
7.25508
7.24376
7.21602
7.21446
7.19649
7.21446
7.21602
7.20781
7.19649
7.17532
7.18329
7.14914
7.14415
7.13438
7.12617
7.14415
7.13594
7.13438
7.14259
7.15236
7.17033
7.18321
7.20119
7.21095
7.23204
7.24181
7.24492
7.23204
7.21407
7.18477
7.17345
7.17345
7.16173
7.17815
7.18126
7.18282
7.17149
7.1797
7.16173
7.13554
7.13087
7.13087
7.1422
7.15041
7.15196
7.16017
7.16328
7.14375
7.13243
7.13243
7.10626
7.10313
7.11134
7.09492
7.07851
7.07539
7.07384
7.08205
7.06407
7.07384
7.05586
7.05431
7.04767
7.0347
7.0508
7.06407
7.07228
7.07539
7.07033
7.08173
7.06718
7.0675
7.06407
7.0508
7.04414
7.05586
7.04259
7.05243
7.03627
7.0461
7.03282
7.02461
7.02306
7.01329
7.02306
7.0215
7.02306
7.02971
7.01329
7.01329
7.00197
7.0118
7.01369
7.00703
7.01524
7.01369
7.0168
7.0168
6.99883
6.98586
6.97423
6.97571
6.97391
6.97423
6.97423
6.98399
6.99376
6.99376
6.99368
6.9836
6.96407
6.96407
6.97227
6.96562
6.98399
6.98555
6.98546
6.9836
6.98399
6.97578
6.97227
6.9543
6.96095
6.94453
6.925
6.9301
6.91328
6.91173
6.8922
6.90196
6.91173
6.93126
6.94453
6.94298
6.95274
6.94804
6.92851
6.91719
6.9254
6.92532
6.90703
6.90547
6.91212
6.89571
6.90392
6.90236
6.9122
6.91212
6.90392
6.91368
6.91368
6.91711
6.90703
6.91368
6.92189
6.93321
6.9415
6.94493
6.9254
6.91719
6.9254
6.91399
6.91524
6.89375
6.8922
6.88399
6.87111
6.87111
6.88087
6.89064
6.88594
6.8629
6.87111
6.87111
6.83321
6.82198
6.81096
6.82072
6.83205
6.83516
6.85321
6.87462
6.85657
6.85469
6.82539
6.82384
6.79759
6.78282
6.78282
6.77306
6.78947
6.79103
6.79103
6.79259
6.78438
6.7664
6.74687
6.75508
6.76485
6.75508
6.76173
6.78127
6.79103
6.78127
6.77461
6.78127
6.78282
6.79103
6.79259
6.80235
6.78438
6.77617
6.77461
6.75664
6.75859
6.75703
6.75548
6.75548
6.74416
6.7719
6.75352
6.75197
6.73555
6.73244
6.73399
6.74532
6.73555
6.72929
6.74416
6.7375
6.72774
6.71446
6.7047
6.72462
6.72609
6.73399
6.74541
6.75548
6.76524
6.75197
6.75197
6.76173
6.75197
6.75508
6.75352
6.76485
6.74687
6.74376
6.72571
6.71251
6.71446
6.7047
6.70625
6.7047
6.70461
6.70274
6.71251
6.72079
6.71251
6.69298
6.69298
6.68321
6.675
6.66516
6.6371
6.62578
6.63243
6.62267
6.61446
6.61134
6.6129
6.62932
6.63243
6.63399
6.64885
6.64571
6.65862
6.66994
6.65196
6.65196
6.6422
6.64229
6.64415
6.61632
6.62267
6.62267
6.61601
6.60469
6.60313
6.6129
6.62111
6.6129
6.60313
6.58986
6.58986
6.56212
6.55235
6.56212
6.56212
6.55391
6.55235
6.57188
6.56212
6.52617
6.51329
6.5215
6.52306
6.50508
6.51485
6.54454
6.54463
6.56447
6.55618
6.55431
6.55431
6.57228
6.56718
6.5461
6.53313
6.54414
6.52461
6.51338
6.51369
6.51524
6.54143
6.53282
6.5329
6.53477
6.53477
6.54298
6.53633
6.54298
6.54454
6.54454
6.53477
6.51515
6.51329