0.00514675
0.00537865
-0.00785835
-0.0240891
-0.0283585
-0.03229835
-0.0440964
-0.0433274
-0.0471146
-0.0553985
-0.061804
-0.055748
-0.0523865
-0.0459122
-0.0396042
-0.045932
-0.0465073
-0.058429
-0.0637345
-0.0638215
-0.0635605
-0.0644305
-0.06864
-0.0711395
-0.06794
-0.065033
-0.0657715
-0.075371
-0.0692765
-0.062105
-0.054245
-0.04449155
-0.02952575
-0.0187164
-0.00940395
-0.00812685
-0.01622925
-0.0226425
-0.02851105
-0.03130495
-0.0284714
-0.03468475
-0.03881685
-0.035318
-0.0381851
-0.03697665
-0.0524535
-0.0544465
-0.0591035
-0.0689025
-0.0651185
-0.073395
-0.083647
-0.3830475
0.033569
-0.207241
-0.3055345
0.0689165
-0.69337
0.255857
-0.144194
-0.03961235
-0.00616115
0.02250375
0.00965725
0.0162369
0.0282974
0.0414703
0.03297425
0.0370605
0.0366516
0.03711855
0.0343139
0.0384674
0.0427017
0.03942715
0.0369339
0.04443655
0.04399405
0.0447891
0.0520095
0.058464
0.067021
0.0762315
0.0820905
0.0841215
0.0819855
0.0763155
0.076561
0.0850845
0.088849
0.1122835
0.1219955
0.1283875
0.1318605
0.1289675
0.1242035
0.122641
0.116745
0.1155
0.118509
0.1206865
0.1233385
0.1347185
0.139908
0.151471
0.165573
0.1657655
0.169882
0.1801605
0.192833
0.195021
0.203073
0.210141
0.2138155
0.222409
0.23127
0.238379
0.2403335
0.2385405
0.245453
0.2486175
0.2662355
0.280464
0.296608
0.303778
0.3171705
0.3222105
0.3187485
0.3234025
0.327675
0.3365555
0.3376525
0.3463455
0.3489655
0.3511885
0.360083
0.365167
0.3793565
0.3918685
0.4010755
0.4063265
0.405989
0.41089
0.408345
0.4053495
0.402902
0.4087815
0.419655
0.430237
0.4365905
0.438562
0.443878
0.4459075
0.451459
0.454361
0.461409
0.4755585
0.487526
0.489064
0.493289
0.4990125
0.500735
0.496251
0.497705
0.506545
0.507425
0.522965
0.53138
0.542665
0.558605
0.575825
0.58982
0.60602
0.62224
0.630235
0.641575
0.65418
0.66575
0.67649
0.6819
0.68598
0.69576
0.69499
0.69731
0.704605
0.709345
0.71395
0.713335
0.71168
0.709595
0.70989
0.71328
0.718965
0.728865
0.73975
0.755985
0.77219
0.78665
0.802815
0.820175
0.840905
0.840975
0.84055
0.837105
0.84106
0.836555
0.827585
0.828605
0.821815
0.817925
0.82704
0.826125
0.841455
0.855305
0.870705
0.88437
0.904565
0.91597
0.9277
0.943635
0.953885
0.96553
0.971605
0.98211
0.981415
0.972935
0.96895
0.96582
0.97169
0.98293
0.999815
1.018315
1.027755
1.035055
1.042075
1.03865
1.052195
1.05747
1.0621
1.07928
1.09056
1.095665
1.108665
1.11606
1.121405
1.122795
1.13212
1.13824
1.140525
1.14176
1.153145
1.152865
1.155125
1.166465
1.17214
1.175695
1.18783
1.199575
1.200775
1.191925
1.189965
1.190835
1.193325
1.194555
1.20292
1.213785
1.21771
1.22976
1.242175
1.25482
1.260435
1.2603
1.259445
1.268325
1.27282
1.277795
1.282295
1.284745
1.29887
1.304675
1.31472
1.324485
1.338525
1.34644
1.356815
1.367285
1.368215
1.372235
1.381005
1.391005
1.39068
1.40086
1.4062
1.417725
1.42361
1.425945
1.435135
1.44017
1.447815
1.450265
1.45155
1.45333
1.457655
1.460535
1.47244
1.476625
1.47975
1.491455
1.497155
1.49694
1.49943
1.50489
1.51882
1.522215
1.52991
1.54843
1.56249
1.581855
1.59386
1.6038
1.609185
1.604405
1.613115
1.61322
1.618325
1.622025
1.629165
1.634825
1.63971
1.648385
1.658985
1.6652
1.66257
1.66757
1.67197
1.67938
1.67858
1.6871
1.69506
1.69655
1.714365
1.727475
1.738015
1.74511
1.747175
1.75807
1.767525
1.773895
1.77088
1.773815
1.773645
1.776725
1.77252
1.77479
1.7864
1.795265
1.81504
1.827
1.801405
1.831695
1.720545
1.808565
1.819935
1.82459
1.82865
1.824665
1.825985
1.836255
1.857285
1.86849
1.867795
1.884905
1.88189
1.880845
1.89362
1.893365
1.89859
1.92579
1.928125
1.917605
1.92595
1.934165
1.927915
1.93883
1.962875
1.97303
1.98171
1.98366
1.987045
1.98922
1.99933
2.00736
2.00438
1.993675
1.993355
1.989965
1.991755
2.001925
2.01793
2.027315
2.035035
2.041375
2.03205
2.033075
2.029845
2.018795
2.01269
2.02587
2.03351
2.05069
2.066565
2.073085
2.076965
2.085845
2.085665
2.084185
2.0786
2.07461
2.073235
2.07899
2.0738
2.07447
2.078305
2.078065
2.076255
2.07381
2.076125
2.08231
2.081685
2.076505
2.079925
2.09454
2.10228
2.103485
2.108675
2.105655
2.109605
2.111985
2.09871
2.07436
2.065045
2.06733
2.078485
2.082515
2.07741
2.08828
2.099105
2.12667
1.85431
1.91769
2.422295
2.054235
2.18195
2.24279
2.25638
2.271985
2.27977
2.277425
2.26921
2.2749
2.284825
2.28284
2.29236
2.291525
2.302935
2.315145
2.315225
2.325375
2.334755
2.330155
2.335595
2.34416
2.346075
2.349865
2.35942
2.3713
2.385725
2.3927
2.40893
2.423915
2.442175
2.451545
2.456935
2.46214
2.46451
2.46343
2.46933
2.477425
2.48886
2.497015
2.51139
2.522815
2.526145
2.532765
2.538675
2.53814
2.55119
2.56731
2.568835
2.587505
2.602725
2.610085
2.61088
2.61971
2.624275
2.63153
2.639265
2.64315
2.64864
2.66344
2.66975
2.67008
2.674265
2.68492
2.691255
2.711845
2.714775
2.730135
2.754305
2.7606
2.77059
2.785795
2.80652
2.82637
2.831605
2.841655
2.85684
2.864695
2.873305
2.87371
2.88375
2.898505
2.89711
2.903365
2.90941
2.92211
2.942465
2.954305
2.963905
2.98142
2.989885
2.99717
2.998965
3.011225
3.021445
3.03466
3.048865
3.05907
3.079915
3.096465
3.11052
3.11472
3.11548
3.12355
3.13559
3.14344
3.15799
3.16678
3.182865
3.195905
3.20942
3.215475
3.216035
3.22766
3.234145
3.253485
3.273005
3.29197
3.304915
3.317325
3.33642
3.34301
3.357565
3.36403
3.375075
3.391315
3.39968
3.41021
3.424175
3.42528
3.4305
3.431045
3.44185
3.45121
3.45783
3.45919
3.460945
3.472405
3.47892
3.48324
3.4814
3.48887
3.502455
3.51197
3.526685
3.525355
3.537475
3.556885
3.57038
3.584565
3.59779
3.608365
3.617285
3.62443
3.62547
3.63276
3.64038
3.65184
3.658675
3.66999
3.68735
3.695005
3.708075
3.7172
3.73086
3.738235
3.75361
3.75997
3.774885
3.79042
3.7994
3.809115
3.82614
3.835885
3.842315
3.84977
3.85507
3.86741
3.881615
3.895395
3.909445
3.92214
3.934325
3.942825
3.94317
3.93386
3.941525
3.95184
3.954635
3.96951
3.981395
3.999205
4.01263
4.023015
4.03151
4.03553
4.04502
4.048895
4.05509
4.05973
4.071475
4.084715
4.097255
4.107375
4.11497
4.12863
4.141355
4.16275
4.16823
4.171865
4.177985
4.18297
4.18776
4.19049
4.197525
4.20956
4.21862
4.22579
4.23125
4.23608
4.245965
4.25411
4.25946
4.270885
4.27788
4.284385
4.28758
4.295185
4.3121
4.320375
4.33456
4.347595
4.353165
4.35917
4.36206
4.362365
4.379555
4.39233
4.408645
4.409805
4.4169
4.42143
4.432215
4.433465
4.437135
4.455565
4.475265
4.493605
4.50575
4.5103
4.523695
4.539665
4.543815
4.555105
4.56685
4.577705
4.5903
4.59843
4.60858
4.623195
4.63358
4.640375
4.64479
4.646745
4.655335
4.66745
4.67604
4.69757
4.70657
4.707655
4.721665
4.72983
4.73326
4.74358
4.763695
4.77452
4.78448
4.797175
4.804945
4.814385
4.817855
4.82475
4.83143
4.840375
4.84608
4.85079
4.853475
4.857485
4.862365
4.86268
4.875265
4.878925
4.8923
4.901435
4.901235
4.9017
4.903055
4.88532
4.88124
4.884535
4.868
4.839845
4.914105
4.890055
4.926805
4.94261
4.94285
4.95382
4.949525
4.969455
4.98609
4.976975
4.98881
4.992595
5.0153
5.04625
5.04585
5.0469
5.0611
5.0653
5.05215
5.06725
5.0765
5.08035
5.07405
5.07575
5.08095
5.08055
5.0883
5.08235
5.07865
5.0713
5.07755
5.07555
5.0789
5.0737
5.0756
5.076
5.08125
5.08495
5.0769
5.07505
5.07425
5.0792
5.0798
5.08115
5.085
5.08285
5.08105
5.0795
5.07995
5.08325
5.0833
5.0844
5.082
5.0741
5.0815
5.09475
5.0933
5.0939
5.09375
5.0855
5.0852
5.0905
5.0909
5.09785
5.1155
5.1233
5.12135
5.12435
5.12965
5.13625
5.14435
5.1505
5.15675
5.15565
5.15445
5.1495
5.15805
5.1315
5.0919
5.10355
5.13875
5.15535
5.15115
5.1413
5.1458
5.1519
5.17135
4.96168
5.21675
5.43585
5.1722
5.25045
5.30955
5.31775
5.3268
5.33875
5.3544
5.35835
5.37055
5.3876
5.38605
5.3905
5.4076
5.41945
5.4328
5.44445
5.46235
5.47575
5.48765
5.49345
5.5013
5.5181
5.53495
5.55175
5.56265
5.57115
5.57015
5.57955
5.58865
5.5999
5.61785
5.6271
5.64965
5.6625
5.66665
5.6791
5.6869
5.7031
5.7148
5.7264
5.7379
5.74745
5.7607
5.77455
5.79595
5.8153
5.8251
5.8294
5.83685
5.85355
5.8795
5.8978
5.9222
5.9362
5.956
5.9787
5.99455
6.0109
6.0317
6.0448
6.0664
6.09015
6.1119
6.1384
6.15475
6.16855
6.17645
6.17965
6.17835
6.1817
6.19595
6.21505
6.2355
6.2538
6.2751
6.2863
6.298
6.31575
6.31955
6.3385
6.3612
6.3809
6.38185
6.3816
6.38725
6.3979
6.4108
6.4178
6.43495
6.4517
6.4622
6.46965
6.4778
6.48875
6.51345
6.5357
6.54885
6.56935
6.58105
6.59545
6.6064
6.6243
6.64175
6.6586
6.6694
6.67835
6.68865
6.6988
6.7049
6.7245
6.73705
6.7485
6.7661
6.7833
6.7999
6.80755
6.83265
6.85145
6.8529
6.8601
6.8619
6.86805
6.87765
6.8902
6.9115
6.9223
6.9374
6.95085
6.96625
6.97565
6.9805
6.99525
7.01835
7.02545
7.0306
7.05075
7.06625
7.08035
7.09215
7.1026
7.1103
7.12155
7.12815
7.1333
7.1315
7.1437
7.1535
7.1604
7.17485
7.1891
7.21115
7.2195
7.2398
7.25905
7.27005
7.2864
7.2966
7.30495
7.3147
7.3262
7.3457
7.3543
7.3598
7.36725
7.3764
7.38235
7.3851
7.38515
7.39295
7.4018
7.4065
7.4171
7.42095
7.4257
7.4328
7.44085
7.4529
7.4684
7.4827
7.4884
7.49505
7.51325
7.527
7.54195
7.5479
7.5583
7.5715
7.5839
7.6
7.61245
7.627
7.64855
7.65895
7.67165
7.6682
7.679
7.6909
7.7039
7.71705
7.7397
7.74985
7.7649
7.77515
7.7877
7.8004
7.8062
7.8137
7.82495
7.8364
7.84415
7.85835
7.87285
7.88045
7.8948
7.90375
7.911
7.92555
7.93425
7.94265
7.94535
7.9486
7.9581
7.961
7.96255
7.97355
7.98875
7.9987
8.0095
8.02465
8.02625
8.03325
8.04585
8.0598
8.0671
8.0809
8.0927
8.10045
8.11665
8.1243
8.136
8.1567
8.18245
8.19665
8.20975
8.2267
8.2354
8.2528
8.2616
8.2742
8.2918
8.2987
8.30085
8.30225
8.3029
8.31585
8.3199
8.3245
8.33785
8.35125
8.3569
8.3577
8.367
8.3718
8.37615
8.38335
8.3934
8.39955
8.40715
8.40695
8.4058
8.4143
8.4293
8.44215
8.44995
8.462
8.4726
8.47975
8.49245
8.50175
8.51
8.5189
8.5245
8.532
8.53855
8.5568
8.5747
8.5821
8.59325
8.5912
8.6031
8.60725
8.61355
8.62535
8.64305
8.6538
8.6604
8.6715
8.6657
8.6774
8.67
8.55825
8.66535
8.6329
8.64325
8.6352
8.6276
8.6334
8.631
8.6572
8.67305
8.6607
8.6653
8.64505
8.66125
8.7011
8.7096
8.71395
8.7324
8.7329
8.72255
8.75365
8.7602
8.7585
8.7558
8.7732
8.78755
8.7803
8.77445
8.7699
8.7739
8.7735
8.7719
8.75855
8.75605
8.7677
8.77665
8.77695
8.77565
8.77075
8.7654
8.76215
8.76145
8.7621
8.7574
8.75935
8.7577
8.7553
8.7539
8.75725
8.7667
8.7659
8.7689
8.7604
8.757
8.7549
8.75175
8.7476
8.75155
8.74355
8.74015
8.7344
8.7443
8.753
8.75985
8.76855
8.7852
8.78425
8.77905
8.76625
8.76635
8.7702
8.77895
8.7889
8.7978
8.80555
8.8084
8.8091
8.822
8.78315
8.73125
8.7517
8.7819
8.78835
8.7822
8.7815
8.78285
8.78635
8.801
8.57465
8.7458
9.09725
8.8845
8.9762
9.01415
9.02375
9.0263
9.03205
9.03195
9.0412
9.05405
9.0643
9.07745
9.0824
9.0995
9.1161
9.13085
9.14925
9.16625
9.1861
9.2141
9.2264
9.2382
9.24495
9.2482
9.26755
9.3044
9.31515
9.3225
9.33115
9.33975
9.35885
9.3746
9.39185
9.4072
9.4321
9.4453
9.4555
9.48185
9.4988
9.51595
9.5349
9.5383
9.5429
9.5466
9.5538
9.5708
9.58735
9.6096
9.62375
9.6344
9.64495
9.65415
9.6695
9.6801
9.6856
9.70205
9.71805
9.732
9.75195
9.7647
9.77925
9.80205
9.8178
9.8283
9.83985
9.84835
9.8611
9.87495
9.8913
9.9057
9.9161
9.92535
9.9331
9.9464
9.971
9.9835
9.99415
10.01235
10.02365
10.02975
10.0401
10.0536
10.06875
10.0864
10.0976
10.1112
10.1271
10.14365
10.15745
10.1648
10.17395
10.18445
10.1848
10.1979
10.21135
10.22315
10.2306
10.24535
10.2514
10.26115
10.2687
10.27925
10.28575
10.29075
10.29605
10.30085
10.31095
10.3219
10.3422
10.35035
10.35705
10.37265
10.387
10.39285
10.39195
10.40545
10.419
10.4244
10.4341
10.4444
10.45675
10.47205
10.47515
10.4882
10.50285
10.5115
10.52275
10.5341
10.549
10.56155
10.573
10.5858
10.60455
10.61155
10.6207
10.6371
10.6361
10.63255
10.63605
10.63945
10.6551
10.66785
10.6837
10.70135
10.7185
10.7203
10.72005
10.7184
10.72885
10.7444
10.75825
10.7686
10.77915
10.78785
10.79255
10.7966
10.79995
10.80995
10.81655
10.82765
10.8358
10.8432
10.8434
10.8412
10.84885
10.85355
10.8641
10.87085
10.8876
10.90315
10.9081
10.9128
10.915
10.92395
10.93065
10.92405
10.9238
10.9319
10.9356
10.94095
10.95485
10.96715
10.9742
10.9897
11.00005
11.0128
11.0314
11.03835
11.03775
11.03125
11.0433
11.049
11.04595
11.04985
11.0572
11.0626
11.07045
11.0772
11.085
11.1023
11.1197
11.13485
11.1451
11.14785
11.15485
11.16345
11.1661
11.1653
11.1685
11.1768
11.1863
11.19215
11.20435
11.21215
11.21735
11.2291
11.2407
11.25395
11.2604
11.265
11.27215
11.2813
11.2719
11.27945
11.2864
11.29735
11.2995
11.2983
11.3028
11.3101
11.32155
11.32575
11.3303
11.3363
11.3419
11.34315
11.34755
11.3565
11.36285
11.3795
11.3941
11.4016
11.4025
11.40405
11.4109
11.4154
11.4142
11.42485
11.43365
11.445
11.45075
11.44585
11.465
11.4706
11.46995
11.4742
11.47935
11.4802
11.4857
11.48785
11.50125
11.50785
11.511
11.5152
11.52175
11.5294
11.5352
11.5439
11.5533
11.56305
11.57125
11.57885
11.5875
11.58795
11.59155
11.59235
11.59315
11.5944
11.5944
11.5887
11.58395
11.5961
11.60915
11.61645
11.636
11.64
11.6475
11.64145
11.6407
11.6387
11.6427
11.6526
11.6553
11.6647
11.6769
11.69
11.69215
11.7024
11.70625
11.7159
11.6364
11.5382
11.6886
11.67895
11.68335
11.66515
11.66
11.6691
11.65875
11.6857
11.7041
11.6973
11.7056
11.70435
11.6893
11.699
11.70775
11.73375
11.74445
11.72475
11.75045
11.79525
11.76535
11.74195
11.7505
11.75995
11.7718
11.7732
11.77225
11.7698
11.7611
11.75455
11.75905
11.7621
11.7659
11.7655
11.7587
11.74195
11.7488
11.7449
11.7463
11.7526
11.76265
11.7647
11.7626
11.7622
11.76625
11.76255
11.74565
11.7344
11.73405
11.7299
11.7331
11.7385
11.74485
11.7475
11.74615
11.7436
11.74765
11.7486
11.74955
11.74585
11.7466
11.7436
11.73805
11.7363
11.7334
11.7122
11.7042
11.69655
11.69035
11.68995
11.69795
11.70085
11.69915
11.6967
11.69095
11.68645
11.7
12.5753
12.7697
12.18625
11.77955
11.6504
11.6067
11.55655
11.5454
11.30135
10.221
10.63525
11.49045
11.63465
11.65535
11.6652
11.66425
11.67075
11.6813
11.5895
11.84885
11.59695
11.87145
11.7562
11.8218
11.83215
11.83485
11.8392
11.83765
11.84005
11.84065
11.8438
11.85155
11.85895
11.8725
11.87895
11.89085
11.8975
11.90345
11.90935
11.9129
11.91885
11.92915
11.9332
11.94205
11.94785
11.95505
11.95805
11.96655
11.9778
11.9892
11.99575
12.0077
12.01305
12.0203
12.03205
12.0397
12.05025
12.064
12.0683
12.08375
12.08295
12.09675
12.1107
12.12305
12.12905
12.1401
12.13585
12.12865
12.1281
12.13685
12.13415
12.14295
12.169
12.19175
12.2023
12.2084
12.21535
12.22845
12.24295
12.2501
12.25355
12.2592
12.25845
12.2532
12.26065
12.26355
12.27205
12.28125
12.29375
12.29895
12.31475
12.3207
12.33635
12.3482
12.35575
12.36695
12.3669
12.37465
12.3793
12.3812
12.3896
12.39985
12.40875
12.4147
12.41815
12.427
12.4283
12.42795
12.4352
12.4398
12.4376
12.43815
12.44625
12.4573
12.4651
12.4713
12.4719
12.47605
12.48455
12.48815
12.48415
12.48265
12.49
12.5029
12.50825
12.51975
12.53035
12.53965
12.53865
12.5389
12.5497
12.5489
12.5519
12.55165
12.56555
12.56505
12.5626
12.5582
12.5606
12.57495
12.57655
12.57925
12.58275
12.5893
12.5847
12.57845
12.58265
12.5965
12.59355
12.60275
12.61075
12.62465
12.62405
12.62515
12.6177
12.6128
12.61125
12.6151
12.61695
12.6235
12.631
12.63525
12.64225
12.65195
12.6569
12.66105
12.6664
12.6773
12.68235
12.68385
12.6907
12.7019
12.71445
12.71785
12.7171
12.7283
12.73405
12.74605
12.74735
12.7524
12.7562
12.75005
12.75455
12.75555
12.75465
12.7656
12.77815
12.7847
12.7921
12.79835
12.79505
12.79645
12.7947
12.79435
12.80285
12.80045
12.80235
12.8064
12.8111
12.8187
12.82645
12.8339
12.8464
12.85425
12.86385
12.87585
12.87635
12.8787
12.88465
12.8868
12.88745
12.88855
12.89185
12.89965
12.89085
12.89195
12.8936
12.89645
12.90865
12.9168
12.92085
12.9285
12.9322
12.93925
12.94545
12.94795
12.9457
12.95365
12.95775
12.95955
12.96785
12.961
12.9605
12.96655
12.96765
12.97155
12.9655
12.9747
12.9705
12.9645
12.97595
12.9895
12.99705
12.99985
13.00435
13.01035
13.0058
13.00215
13.0015
13.0056
13.001
13.00845
13.016
13.02095
13.0253
13.02755
13.04335
13.0465
13.05805
13.0711
13.0854
13.0947
13.0959
13.0916
13.08595
13.0789
13.0718
13.07515
13.0762
13.0867
13.09325
13.09205
13.0992
13.10795
13.11045
13.1104
13.10635
13.1028
13.1015
13.0913
13.0933
13.0924
13.094
13.1028
13.11315
13.12015
13.12825
13.1405
13.15625
13.1611
13.1692
13.1733
13.17655
13.186
13.1843
13.18545
13.18565
13.1814
13.1828
13.17915
13.17735
13.1737
13.17165
13.177
13.18235
13.18985
13.20075
13.2071
13.21575
13.2246
13.2187
13.21755
13.22115
13.22195
13.22215
13.22815
13.2334
13.2412
13.2392
13.2038
13.36235
13.0859
13.08285
13.1987
13.2238
13.23185
13.22885
13.22545
13.2299
13.2247
13.22755
13.22955
13.2219
13.22515
13.22455
13.2271
13.2223
13.22265
13.2256
13.2406
13.2368
13.24645
13.2436
13.2347
13.2353
13.2287
13.22165
13.21535
13.2094
13.21315
13.2077
13.20195
13.1986
13.19775
13.2007
13.20365
13.2052
13.2105
13.2064
13.20925
13.21215
13.2073
13.19985
13.20125
13.19775
13.1903
13.17445
13.16825
13.14925
13.14025
13.14
13.1356
13.13875
13.1423
13.1446
13.1446
13.14545
13.1441
13.14735
13.14095
13.13805
13.13645
13.13215
13.13205
13.1317
13.1306
13.133
13.1324
13.1251
13.1273
13.12075
13.1209
13.11795
13.1152
13.10505
13.1013
13.0956
13.10185
13.0933
13.09125
13.0906
13.08715
13.07675
13.0743
13.0718
13.0738
13.0615
13.0601
13.0577
13.0531
13.0435
13.0398
13.0393
13.0352
13.0361
13.04345
13.0413
13.0421
13.0401
13.03895
13.0353
13.03565
13.02965
13.02545
13.02055
13.01735
13.0204
13.0165
13.01535
13.0157
13.01705
13.0104
13.00905
13.0073
13.0047
12.99895
12.99675
12.9947
12.98925
12.9839
12.9741
12.98155
12.98345
12.97885
12.9783
12.977
12.97325
12.9659
12.96415
12.97035
12.97865
12.9778
12.9749
12.9646
12.9567
12.95095
12.9405
12.9214
12.916
12.9196
12.92205
12.92015
12.91735
12.93125
12.93675
12.93495
12.9291
12.92455
12.92215
12.9208
12.918
12.91805
12.91225
12.91205
12.91565
12.9069
12.89085
12.88275
12.88515
12.87665
12.87625
12.87645
12.88
12.87495
12.87505
12.8789
12.88275
12.88925
12.88535
12.88045
12.878
12.86825
12.8565
12.85025
12.85425
12.8479
12.8575
12.85845
12.85325
12.84655
12.844
12.8403
12.8354
12.8331
12.83855
12.84325
12.8538
12.85075
12.85035
12.84625
12.8388
12.8323
12.82155
12.82515
12.83495
12.8359
12.84475
12.8481
12.8385
12.8282
12.8225
12.811
12.79235
12.7844
12.7786
12.78605
12.78195
12.78575
12.7909
12.78575
12.78905
12.78275
12.78475
12.77835
12.77645
12.7777
12.77475
12.76805
12.75575
12.7561
12.75985
12.759
12.75515
12.75525
12.76405
12.75985
12.75985
12.75875
12.7649
12.76775
12.76295
12.75525
12.74865
12.74445
12.7307
12.72695
12.7231
12.7198
12.72545
12.72595
12.72485
12.7237
12.72075
12.7159
12.7116
12.69535
12.68865
12.6823
12.67005
12.66085
12.6641
12.66265
12.6655
12.67285
12.6786
12.67715
12.6677
12.666
12.66235
12.65945
12.6504
12.64915
12.64965
12.64965
12.6452
12.644
12.64215
12.65025
12.65505
12.66715
12.6699
12.6745
12.6782
12.67165
12.66815
12.66785
12.6722
12.66985
12.671
12.6638
12.66335
12.6568
12.64995
12.6487
12.63875
12.63745
12.62915
12.6323
12.6366
12.632
12.63965
12.63845
12.637
12.63165
12.6226
12.6158
12.6077
12.60415
12.60515
12.5961
12.5898
12.59255
12.5845
12.57575
12.5784
12.5859
12.5847
12.5818
12.5906
12.59315
12.57975
12.57165
12.5779
12.582
12.5803
12.5807
12.58545
12.58425
12.5823
12.57235
12.57645
12.57935
12.58055
12.5862
12.5886
12.5919
12.5852
12.5728
12.57445
12.56745
12.55935
12.5574
12.55875
12.5627
12.56395
12.561
12.5685
12.5672
12.5613
12.55035
12.5525
12.5615
12.55935
12.56345
12.5605
12.5575
12.5472
12.5326
12.52825
12.5196
12.51875
12.51625
12.5111
12.5149
12.51165
12.50415
12.5009
12.4963
12.4973
12.4968
12.49665
12.48945
12.4892
12.4941
12.48875
12.48905
12.4864
12.49185
12.49345
12.4982
12.5029
12.4916
12.4848
12.48385
12.4814
12.4876
12.4899
12.49245
12.4854
12.4784
12.4814
12.4752
12.4691
12.45755
12.45955
12.4556
12.4525
12.4513
12.456
12.4491
12.45095
12.4444
12.4391
12.4355
12.43145
12.4342
12.4304
12.42995
12.4319
12.4319
12.4352
12.435
12.43425
12.43645
12.4321
12.4248
12.42005
12.42165
12.4143
12.4078
12.4021
12.40455
12.40165
12.40455
12.40215
12.3972
12.3948
12.39675
12.40215
12.4021
12.411
12.4071
12.41005
12.41235
12.4049
12.39635
12.3909
12.3871
12.3819
12.37455
12.3733
12.38275
12.38845
12.39055
12.3875
12.386
12.38035
12.3746
12.3648
12.35945
12.35425
12.3492
12.35085
12.35415
12.3538
12.3489
12.34475
12.34195
12.33405
12.32915
12.3284
12.33055
12.33875
12.3408
12.34685
12.3455
12.34715
12.34715
12.33895
12.3287
12.3155
12.3061
12.30235
12.30075
12.2983
12.2909
12.2885
12.28965
12.28715
12.28375
12.29
12.29325
12.29375
12.28685
12.28315
12.2827
12.2825
12.2883
12.28445
12.2861
12.28155
12.28415
12.2869
12.27755
12.2791
12.27105
12.2701
12.2608
12.26035
12.2654
12.2698
12.2654
12.2605
12.26415
12.26005
12.25515
12.25395
12.2452
12.2442
12.2497
12.24245
12.23735
12.2258
12.2237
12.21545
12.21295
12.2071
12.21335
12.21415
12.2202
12.2255
12.227
12.2228
12.2198
12.2153
12.2159
12.21495
12.20645
12.2036
12.199
12.19655
12.2013
12.2031
12.20635
12.2113
12.21235
12.20535
12.20005
12.19415
12.1946
12.1912
12.1892
12.18865
12.18485
12.18235
12.17585
12.1746
12.1755
12.17465
12.1741
12.1741
12.1692
12.1733
12.1692
12.1737
12.17095
12.1637
12.16845
12.16435
12.1664
12.1694
12.16765
12.16385
12.1522
12.14215
12.1304
12.11845
12.11055
12.10715
12.1108
12.11745
12.13085
12.1399
12.1492
12.1485
12.1538
12.1462
12.1317
12.13405
12.1241
12.1198
12.11
12.11645
12.1197
12.11645
12.1152
12.12045
12.12615
12.11985
12.1145
12.10875
12.09925
12.08465
12.08875
12.0906
12.0875
12.09245
12.09075
12.09385
12.09035
12.0829
12.0893
12.0821
12.0761
12.0596
12.05415
12.05125
12.04255
12.0349
12.03035
12.03365
12.0364
12.0312
12.03515
12.0402
12.0498
12.05475
12.0482
12.04545
12.03815
12.0284
12.02465
12.0239
12.0198
12.0239
12.0203
12.01245
12.0151
12.01275
12.00865
12.00435
12.0063
12.00905
12.00495
12.00495
12.00415
12.00615
12.01435
12.01195
12.02135
12.0229
12.02205
12.01355
12.0095
12.01555
12.01805
12.0115
12.0151
12.00945
12.00515
11.99755
11.9864
11.9765
11.9703
11.97
11.9693
11.96855
11.96735
11.9686
11.9685
11.95985
11.95055
11.947
11.95065
11.9538
11.95975
11.969
11.96705
11.9666
11.9687
11.969
11.9651
11.9615
11.9604
11.95385
11.9583
11.9524
11.94455
11.9433
11.93935
11.9431
11.94275
11.9423
11.95145
11.9573
11.95435
11.95825
11.957
11.9575
11.95455
11.95215
11.9461
11.9368
11.9334
11.92735
11.91805
11.9001
11.8946
11.89165
11.89255
11.8941
11.8979
11.8987
11.8975
11.89185
11.88925
11.89265
11.8894
11.8873
11.88255
11.87625
11.8784
11.87915
11.877
11.88765
11.8909
11.8991
11.899
11.9018
11.9029
11.90105
11.8943
11.8873
11.88375
11.882
11.8683
11.86295
11.85825
11.85945
11.8538
11.8528
11.8571
11.85555
11.8632
11.86375
11.85845
11.8528
11.8401
11.83325
11.82625
11.81745
11.82565
11.831
11.82965
11.82525
11.82155
11.82255
11.816
11.80755
11.8155
11.82605
11.82655
11.82125
11.81375
11.8116
11.80095
11.79545
11.786
11.78635
11.77935
11.77565
11.78435
11.7879
11.78445
11.7869
11.78705
11.7789
11.7695
11.77145
11.7701
11.7657
11.7693
11.7722
11.77825
11.7772
11.76635
11.7564
11.75755
11.75925
11.75905
11.76315
11.76605
11.7645
11.77245
11.7595
11.7599
11.75665
11.74735
11.7444
11.7387
11.7503
11.75495
11.75415
11.7618
11.759
11.7618
11.75805
11.75365
11.7486
11.74145
11.73735
11.72985
11.7232
11.71735
11.71655
11.71415
11.70955
11.7146
11.71495
11.70365
11.69825
11.6993
11.6973
11.69805
11.70465
11.7063
11.70565
11.69995
11.6955
11.68315
11.6737
11.65815
11.657
11.6475
11.6487
11.6495
11.65865
11.6728
11.6788
11.68215
11.68045
11.6791
11.6763
11.6687
11.6653
11.6692
11.67625
11.67755
11.67575
11.6793
11.6761
11.6771
11.6688
11.6648
11.65565
11.6493
11.6436
11.6317
11.6277
11.63425
11.63665
11.64305
11.6487
11.65085
11.64965
11.6443
11.63925
11.63415
11.6236
11.61855
11.6213
11.6248
11.62215
11.6204
11.62125
11.62135
11.62055
11.62165
11.62135
11.6277
11.62605
11.62985
11.6282
11.62935
11.6237
11.6194
11.6129
11.60765
11.6033
11.60125
11.59825
11.59955
11.5943
11.5916
11.5902
11.59035
11.59565
11.5984
11.60125
11.60475
11.60235
11.6013
11.5901
11.5737
11.5638
11.55415
11.5535
11.55235
11.54445
11.5545
11.54815
11.5416
11.5385
11.533
11.54215
11.5445
11.5409
11.54615
11.554
11.5504
11.5631
