-0.059131
-0.0485719
-0.03608715
-0.0243104
-0.02194225
-0.0295869
-0.0421235
-0.0563965
-0.03946545
-0.0180848
-5.25E-04
2.29E-03
1.30E-03
0.01008905
0.01724235
0.0199615
0.0184539
0.0077514
0.0158416
0.0272034
0.0434997
0.0439605
0.0491241
0.0538515
0.04963375
0.052896
0.0585325
0.053607
0.04353025
0.04193415
0.0460388
0.052603
0.058444
0.074942
0.0780335
0.0779325
0.083374
0.084311
0.0828675
0.0733705
0.069485
0.0715515
0.0499269
0.03443635
0.0499513
0.0731295
0.0713775
0.0739015
0.071579
0.067331
0.0600615
0.060437
-0.1557475
0.02263855
0.156413
0.1781365
0.3289825
-0.0316994
0.1979395
0.0776985
0.85217
0.3757165
0.4168305
0.4623625
0.494229
0.513505
0.53964
0.57792
0.603945
0.630835
0.64437
0.664185
0.676145
0.68127
0.69037
0.705535
0.725545
0.73112
0.755635
0.769645
0.78025
0.793305
0.806825
0.82327
0.83905
0.84513
0.85768
0.87364
0.88908
0.9006
0.920685
0.93453
0.9545
0.964585
0.96323
0.96786
0.98037
0.994305
1.002595
1.030715
1.04291
1.055605
1.066585
1.072875
1.07307
1.093495
1.11151
1.12143
1.130645
1.13776
1.14471
1.14532
1.145225
1.155645
1.17419
1.19218
1.204635
1.20373
1.215845
1.220135
1.218855
1.226775
1.247565
1.26548
1.271275
1.283685
1.28444
1.30077
1.30923
1.320335
1.339875
1.35552
1.36616
1.376
1.38182
1.39647
1.406205
1.423965
1.431425
1.444185
1.45991
1.46643
1.46596
1.473065
1.477125
1.475015
1.47479
1.481545
1.49677
1.51595
1.52974
1.554365
1.554445
1.56133
1.566555
1.571665
1.57787
1.587895
1.59628
1.601385
1.60865
1.61244
1.62534
1.6431
1.662285
1.682925
1.697325
1.71855
1.72947
1.739265
1.743495
1.750475
1.754565
1.76307
1.770175
1.780845
1.785875
1.78986
1.79463
1.800245
1.799915
1.810605
1.81851
1.829085
1.827635
1.82952
1.83467
1.83737
1.84474
1.849825
1.86346
1.87174
1.87608
1.876575
1.883895
1.89189
1.895415
1.900175
1.90509
1.90272
1.90931
1.911085
1.91548
1.924755
1.92983
1.94182
1.95624
1.972655
1.97853
1.988435
2.003145
2.012685
2.02834
2.04234
2.057435
2.060965
2.06521
2.072835
2.07693
2.088845
2.11039
2.12045
2.130185
2.135405
2.14366
2.14615
2.141705
2.153185
2.16011
2.172245
2.19554
2.208935
2.21291
2.227575
2.24269
2.24052
2.248505
2.255175
2.26401
2.2721
2.274125
2.283845
2.28925
2.302215
2.309035
2.31549
2.324295
2.33052
2.34308
2.351775
2.368345
2.378145
2.38788
2.40662
2.41155
2.412705
2.42018
2.429195
2.42957
2.427015
2.43456
2.447725
2.459035
2.463695
2.48199
2.492445
2.49409
2.50377
2.509355
2.522285
2.53189
2.538655
2.55529
2.554795
2.555325
2.56015
2.5605
2.56852
2.57814
2.59041
2.60764
2.620845
2.627315
2.6385
2.643705
2.65001
2.65506
2.655845
2.665635
2.6839
2.691845
2.69815
2.713035
2.72692
2.73303
2.73986
2.740185
2.741625
2.74329
2.758605
2.765385
2.771995
2.773455
2.792785
2.808765
2.80953
2.81661
2.834435
2.83647
2.839815
2.845335
2.850505
2.863245
2.866465
2.8743
2.88361
2.89821
2.91248
2.92033
2.92819
2.943405
2.94803
2.95451
2.96111
2.96967
2.982725
2.996265
3.000055
3.01033
3.015245
3.01519
3.01853
3.012795
3.018985
3.02892
3.036555
3.04893
3.05625
3.068335
3.07463
3.079045
3.08397
3.091035
3.1028
3.10493
3.115645
3.133375
3.139395
3.14449
3.14533
3.154115
3.15213
3.149555
3.15917
3.164235
3.173615
3.175215
3.179275
3.177725
3.856245
2.222035
2.79653
2.857205
2.850295
2.825655
2.803375
2.78521
2.781295
2.739685
2.835145
2.764855
2.77314
2.941215
2.599805
2.833735
2.7636
2.772025
2.76498
2.621425
3.02316
2.73565
2.86643
2.795655
3.100325
3.15204
2.762265
2.791465
2.793205
2.78154
2.780525
2.787525
2.795305
2.797355
2.78908
2.779085
2.77423
2.765885
2.76886
2.76509
2.76842
2.772905
2.773185
2.764045
2.762645
2.76931
2.78026
2.78451
2.785325
2.774665
2.75827
2.747755
2.747255
2.75667
2.76843
2.771815
2.78139
2.78358
2.778915
2.760305
2.76353
2.756495
2.75811
2.754045
2.752715
2.73831
2.738195
2.74886
2.760265
2.7311
2.710835
2.736285
2.739695
2.743495
2.743275
2.74376
2.739235
2.73662
2.73752
2.75119
2.746435
2.74021
2.75461
2.76936
2.777565
2.779315
2.771095
2.76776
2.7635
2.494835
3.01335
2.99368
3.55357
3.153175
3.194695
3.238435
3.267835
3.290795
3.317845
3.337695
3.36533
3.384045
3.40581
3.430095
3.43849
3.44615
3.44994
3.46452
3.480255
3.498385
3.5242
3.539
3.54628
3.56033
3.574355
3.57798
3.58896
3.597795
3.60081
3.60753
3.62596
3.655325
3.67445
3.693695
3.70834
3.720885
3.740365
3.744585
3.7592
3.766935
3.7896
3.814855
3.828615
3.84474
3.856915
3.86074
3.8658
3.87303
3.8901
3.903655
3.921345
3.93061
3.94709
3.966425
3.982375
4.0013
4.01486
4.03113
4.05833
4.07288
4.079705
4.08206
4.08507
4.096355
4.110995
4.133145
4.15291
4.173625
4.181465
4.203485
4.212415
4.235765
4.248045
4.26533
4.272015
4.281075
4.2846
4.29524
4.30561
4.306465
4.31966
4.334185
4.342375
4.356935
4.370565
4.39699
4.4122
4.421005
4.43924
4.459975
4.469055
4.47947
4.48655
4.50466
4.506785
4.51509
4.522215
4.534975
4.540345
4.55455
4.57022
4.579235
4.58968
4.614085
4.63072
4.63831
4.649705
4.66287
4.676315
4.67755
4.68632
4.694625
4.709005
4.72131
4.738585
4.755125
4.77925
4.79982
4.80702
4.811495
4.83256
4.840415
4.849625
4.86671
4.884475
4.896235
4.90201
4.904955
4.915675
4.91612
4.92212
4.939395
4.950145
4.96837
4.99217
5.00875
5.01525
5.02455
5.0284
5.0354
5.03655
5.0418
5.0499
5.06835
5.0846
5.09115
5.11335
5.1201
5.12985
5.14255
5.1588
5.17445
5.1886
5.20615
5.2229
5.2309
5.2408
5.25055
5.2596
5.26275
5.2835
5.30295
5.3101
5.3211
5.33865
5.35055
5.3567
5.3583
5.36195
5.37825
5.38375
5.39435
5.4099
5.4204
5.43825
5.45325
5.46105
5.48085
5.48775
5.50375
5.511
5.5212
5.534
5.55205
5.55655
5.56455
5.57405
5.5846
5.59545
5.6053
5.6119
5.61755
5.62105
5.63
5.63945
5.65345
5.67325
5.68045
5.69035
5.70715
5.7178
5.7293
5.73845
5.7498
5.7581
5.7684
5.78475
5.79975
5.8136
5.8206
5.83235
5.85075
5.8608
5.87415
5.8806
5.88905
5.89985
5.9052
5.91875
5.93165
5.94915
5.96855
5.9856
5.99895
6.01
6.02905
6.0354
6.04465
6.05195
6.0618
6.077
6.1008
6.1221
6.12575
6.133
6.14395
6.1508
6.16105
6.1738
6.18455
6.1951
6.2033
6.2228
6.225
6.23395
6.2498
6.2644
6.26205
6.26505
6.2797
6.2849
6.28905
6.30055
6.30525
6.30875
6.32055
6.3388
6.3469
6.3528
6.3645
6.37375
6.3834
6.3893
6.3986
6.3959
6.41305
6.4166
6.42005
6.43785
6.44945
6.4555
6.4615
6.48175
6.4908
6.4955
6.5048
6.52065
6.5451
6.5582
6.57055
6.58255
6.59415
6.6043
6.60705
6.6144
6.6248
6.61835
6.63375
6.6347
6.6427
6.65315
6.67025
6.68715
6.6967
6.7058
6.70745
6.7097
6.7131
6.71495
6.71625
6.7037
7.41015
5.73615
6.3353
6.4106
6.32115
6.26495
6.2658
6.27235
6.25955
6.16115
6.3754
6.23875
6.23505
6.36495
6.04765
6.30525
6.25195
6.2446
6.19865
6.3291
6.0391
6.1111
6.1095
6.22165
5.9811
6.1508
6.11575
6.19775
6.19545
6.1704
6.1672
6.1658
6.1742
6.1834
6.1925
6.18825
6.19715
6.19805
6.20195
6.2095
6.22145
6.2192
6.20465
6.19205
6.1942
6.19065
6.18465
6.1906
6.19705
6.2011
6.19685
6.1928
6.19685
6.2013
6.2003
6.20495
6.2091
6.21565
6.2045
6.20255
6.1892
6.17875
6.1595
6.1519
6.1495
6.15755
6.1683
6.20295
6.24375
6.1546
6.09915
6.13895
6.17575
6.1824
6.18455
6.17985
6.17095
6.17125
6.1656
6.1571
6.13205
6.1527
6.16885
6.17875
6.177
6.1756
6.1795
6.1793
6.1834
5.90125
6.4309
6.458
6.81215
6.55725
6.60785
6.6568
6.68775
6.72025
6.7551
6.79155
6.82155
6.85355
6.87825
6.9016
6.93005
6.95755
6.9917
7.00865
7.0265
7.03905
7.0539
7.0728
7.0871
7.10745
7.12905
7.15155
7.18
7.2061
7.23045
7.23965
7.25695
7.26855
7.276
7.2917
7.29865
7.3213
7.3395
7.3519
7.3735
7.3966
7.42105
7.43425
7.44345
7.46905
7.48535
7.50225
7.50935
7.5316
7.5466
7.55965
7.56825
7.57705
7.59255
7.61175
7.62185
7.63525
7.6598
7.6847
7.69625
7.7149
7.741
7.7603
7.7837
7.80045
7.81555
7.8274
7.8383
7.8556
7.85875
7.87495
7.89775
7.91155
7.9241
7.9367
7.95695
7.95685
7.9595
7.97635
7.98065
7.9956
8.0107
8.0295
8.03985
8.05405
8.06835
8.0921
8.1091
8.12885
8.1442
8.1609
8.1715
8.1814
8.1894
8.2088
8.2139
8.22455
8.2433
8.26165
8.27545
8.28675
8.3048
8.3079
8.3157
8.333
8.3496
8.35935
8.36955
8.38485
8.3903
8.3995
8.4122
8.4204
8.4385
8.44885
8.46475
8.48325
8.5021
8.5144
8.51785
8.5253
8.53905
8.55355
8.5595
8.57095
8.5766
8.5967
8.6089
8.6215
8.64365
8.6582
8.6711
8.6933
8.69735
8.70025
8.71365
8.7268
8.74815
8.76445
8.78395
8.8082
8.82575
8.8357
8.83745
8.84615
8.85885
8.87405
8.88555
8.901
8.91765
8.9336
8.94905
8.9563
8.96865
8.9795
8.99005
8.9957
9.00385
9.0138
9.02895
9.0486
9.06705
9.0716
9.08315
9.0978
9.10915
9.11815
9.1295
9.14005
9.15895
9.17455
9.19025
9.2057
9.21415
9.2218
9.2345
9.23705
9.2439
9.2457
9.2551
9.2654
9.27045
9.284
9.28245
9.28625
9.2953
9.30795
9.31995
9.325
9.33495
9.34355
9.36405
9.3668
9.37935
9.39765
9.4129
9.42035
9.4215
9.42615
9.4314
9.43845
9.44
9.4498
9.45875
9.47655
9.48575
9.48755
9.50355
9.5233
9.5348
9.5359
9.5445
9.55385
9.561
9.5723
9.57605
9.58945
9.6041
9.6199
9.62535
9.63505
9.6489
9.65995
9.6601
9.66485
9.6689
9.6816
9.6858
9.69505
9.7086
9.71985
9.7293
9.74375
9.7416
9.75465
9.76415
9.778
9.79435
9.7955
9.80305
9.8125
9.8168
9.8243
9.82975
9.8431
9.8631
9.8732
9.89085
9.90645
9.91795
9.92835
9.94335
9.95425
9.9604
9.96055
9.9689
9.9783
9.98025
9.98105
9.97945
9.98905
9.99895
10.0012
10.01265
10.02335
10.0391
10.0551
10.0556
10.05605
10.0548
10.06095
10.0718
10.07955
10.09745
10.11555
10.13595
10.1475
10.167
10.17285
10.18665
10.19495
10.2006
10.21345
10.225
10.22955
10.2342
10.23475
10.2392
10.2425
10.24375
10.2472
10.24475
10.25585
10.2698
10.2661
10.2715
10.28825
10.2988
10.31265
10.3249
10.3311
10.2927
10.8712
9.5499
9.9663
9.9623
9.9291
9.90735
9.89135
9.8992
9.89455
9.93875
10.0176
9.86355
9.89795
9.99375
9.76965
9.95545
9.82455
9.81625
9.87045
10.0575
9.62805
9.86565
9.84165
10.0745
9.87285
9.6861
9.7078
9.77825
9.76405
9.74725
9.73825
9.7418
9.74655
9.74175
9.7375
9.73345
9.73465
9.73
9.72445
9.7281
9.7283
9.73585
9.728
9.72795
9.7312
9.7279
9.7234
9.72695
9.73075
9.73345
9.733
9.73075
9.7286
9.727
9.727
9.72715
9.716
9.71015
9.7006
9.694
9.68465
9.6858
9.68545
9.69315
9.70555
9.71245
9.7295
9.75335
9.77555
9.67645
9.63415
9.6911
9.715
9.71075
9.6998
9.69895
9.69875
9.6993
9.7284
9.7009
9.57785
9.6453
9.6709
9.67875
9.67515
9.68335
9.6816
9.68395
9.68985
9.47525
9.91725
9.70235
10.3567
10.0245
10.1076
10.18535
10.2383
10.27085
10.308
10.34585
10.364
10.38855
10.3951
10.4225
10.44575
10.4707
10.48745
10.50815
10.53265
10.53545
10.5612
10.5958
10.62535
10.65545
10.68385
10.7006
10.72535
10.7355
10.7602
10.7756
10.79935
10.8163
10.84265
10.8673
10.88045
10.8904
10.9116
10.9355
10.9534
10.97585
10.99605
11.0285
11.041
11.05365
11.0714
11.08735
11.0963
11.10695
11.1324
11.14135
11.1553
11.1707
11.1873
11.1987
11.2134
11.23855
11.2628
11.27625
11.2873
11.30235
11.3159
11.3278
11.3498
11.3737
11.3913
11.4048
11.423
11.4391
11.45195
11.4703
11.4755
11.48905
11.49995
11.5071
11.51145
11.51955
11.5261
11.54415
11.5716
11.59065
11.6041
11.62655
11.6373
11.6454
11.64725
11.6559
11.66595
11.6684
11.6718
11.68095
11.68925
11.69845
11.7009
11.7065
11.7231
11.73505
11.75405
11.7648
11.78025
11.78925
11.7952
11.8048
11.81035
11.81525
11.82355
11.825
11.8234
11.82615
11.83585
11.83655
11.8533
11.8611
11.8781
11.8895
11.8995
11.90815
11.91215
11.9207
11.92815
11.93565
11.93465
11.9393
11.94985
11.972
11.98485
11.9909
12.0041
12.0104
12.01705
12.02485
12.0311
12.0302
12.0323
12.0348
12.0405
12.04425
12.0496
12.0609
12.0721
12.0881
12.09225
12.0989
12.1164
12.1174
12.1201
12.13725
12.1517
12.16475
12.1707
12.1651
12.1663
12.1691
12.16985
12.1834
12.1811
12.19345
12.20045
12.2058
12.20255
12.2101
12.2148
12.22735
12.22065
12.2252
12.23355
12.2394
12.24335
12.25625
12.27225
12.2734
12.27825
12.2848
12.29155
12.29475
12.3037
12.3193
12.32715
12.33435
12.3431
12.3395
12.3362
12.33895
12.34315
12.34455
12.3486
12.34935
12.3578
12.3551
12.3682
12.36695
12.3781
12.3834
12.3855
12.38805
12.38845
12.38835
12.38775
12.38625
12.40025
12.40865
12.41985
12.4281
12.4352
12.43215
12.43425
12.4264
12.42395
12.4215
12.42385
12.4367
12.44395
12.4534
12.4629
12.46525
12.4597
12.4565
12.45665
12.45595
12.46305
12.47185
12.481
12.49125
12.49375
12.48595
12.47865
12.4791
12.48435
12.48425
12.49885
12.504
12.5104
12.5154
12.51575
12.5156
12.5195
12.5115
12.5127
12.51735
12.52715
12.5338
12.54215
12.54945
12.5578
12.55955
12.56835
12.57405
12.5773
12.5781
12.5789
12.5869
12.58555
12.58495
12.58885
12.5947
12.6011
12.60825
12.6139
12.61425
12.60915
12.6035
12.6131
12.61425
12.61265
12.61715
12.62855
12.62575
12.62005
12.62635
12.632
12.63425
12.62985
12.63065
12.63
12.63555
12.6355
12.63395
12.63455
12.63845
12.6342
12.63295
12.6367
12.6369
12.6514
12.6508
12.6541
12.66385
12.66905
12.6777
12.6873
12.7013
12.70375
12.7168
12.72305
12.7337
12.73175
12.73125
12.72395
12.71215
12.7052
12.6857
12.6731
13.38215
11.5883
12.3024
12.34445
12.3029
12.2537
12.2221
12.2024
12.19575
12.0736
12.29095
12.1942
12.20775
12.3575
11.97405
12.3204
12.1672
12.07545
11.4008
12.0225
11.9051
12.08745
12.38945
12.13685
12.1129
11.6735
12.0191
12.1602
12.142
12.1242
12.1263
12.1225
12.10945
12.10885
12.1074
12.08885
12.0727
12.0636
12.06425
12.0653
12.06735
12.0728
12.06945
12.06435
12.0639
12.0579
12.05335
12.0509
12.0522
12.05495
12.04325
12.05
12.04275
12.0418
12.0336
12.03055
12.0274
12.01895
12.0131
12.01265
12.0091
12.00895
12.0072
12.0129
12.0088
12.00695
12.0193
12.0357
12.0384
11.92775
11.8921
11.94845
11.9664
11.9614
11.96815
11.966
11.9613
11.9645
11.96055
12.52885
12.8242
12.413
12.1499
12.0905
12.0891
12.09145
12.07945
11.9384
10.6429
11.3512
11.8686
11.95715
11.96925
11.97455
11.9779
11.99225
11.9938
12.027
11.744
11.99985
12.8547
12.14595
12.20035
12.2403
12.2744
12.30295
12.32075
12.3385
12.3425
12.3363
12.34605
12.3633
12.39105
12.4163
12.448
12.46185
12.46375
12.4826
12.49925
12.51035
12.51645
12.53205
12.5415
12.5524
12.56345
12.58035
12.59015
12.5932
12.6014
12.61385
12.61505
12.61655
12.62535
12.6364
12.6552
12.6613
12.66615
12.67
12.67265
12.68095
12.67745
12.68555
12.6896
12.70335
12.7199
12.72495
12.7295
12.7209
12.7117
12.71085
12.7197
12.71395
12.7203
12.7265
12.7363
12.73315
12.72735
12.72655
12.7361
12.7356
12.7324
12.7353
12.74835
12.7537
12.753
12.75675
12.76155
12.7708
12.77595
12.78455
12.79395
12.8006
12.802
12.8025
12.80525
12.81255
12.8075
12.81065
12.81185
12.8198
12.82925
12.84015
12.84555
12.85355
12.86105
12.86255
12.8643
12.86665
12.85875
12.8554
12.8417
12.8346
12.8321
12.83755
12.8436
12.8477
12.85385
12.86315
12.8642
12.86725
12.8743
12.8811
12.8814
12.8798
12.87905
12.87685
12.8677
12.85785
12.85865
12.8569
12.85135
12.84385
12.8489
12.8549
12.8554
12.8606
12.86185
12.87585
12.8785
12.883
12.90015
12.89985
12.9064
12.90965
12.9154
12.91595
12.91795
12.9213
12.91575
12.90685
12.90505
12.9052
12.90745
12.90865
12.9092
12.91325
12.9106
12.9058
12.9012
12.89545
12.8912
12.89335
12.90165
12.9049
12.9106
12.9159
12.9246
12.92865
12.93355
12.9311
12.93495
12.93525
12.9352
12.9351
12.93205
12.92555
12.9221
12.92475
12.91515
12.918
12.9199
12.9189
12.9209
12.914
12.91405
12.91235
12.91515
12.91405
12.91285
12.92425
12.9257
12.9246
12.9277
12.9318
12.9358
12.9265
12.93785
12.9389
12.9272
12.92945
12.9298
12.9287
12.93005
12.94005
12.94195
12.94335
12.94575
12.94115
12.93475
12.92945
12.92965
12.9336
12.93435
12.9334
12.93125
12.93605
12.935
12.93615
12.94185
12.9473
12.95275
12.95485
12.95715
12.9651
12.96905
12.97395
12.96645
12.96395
12.95615
12.9588
12.95815
12.9641
12.9736
12.9697
12.9728
12.98225
12.97775
12.9691
12.96445
12.95625
12.95815
12.9669
12.9661
12.9662
12.96385
12.9693
12.97025
12.9658
12.96055
12.9591
12.9572
12.9603
12.9545
12.94985
12.9457
12.94855
12.9531
12.966
12.9651
12.973
12.9687
12.97265
12.97425
12.9631
12.96005
12.95465
12.95665
12.96305
12.96055
12.96055
12.955
12.95315
12.95735
12.94635
12.94035
12.9386
12.93925
12.95055
12.9531
12.96175
12.9676
12.97035
12.9793
12.9809
12.97945
12.9882
12.99725
13.00075
12.99125
12.98105
12.9746
12.9707
12.9623
12.96395
12.9738
12.9824
12.9791
12.9789
12.9791
12.98825
12.98555
12.9892
12.98965
13.0029
13.0045
13.00305
13.006
13.0026
13.00275
13.00815
13.00535
13.00575
12.99655
13.00405
13.0055
12.99685
12.9959
12.99935
12.99255
12.947
13.13845
12.49185
12.69015
12.6803
12.6575
12.65895
12.65995
12.65105
12.6379
12.62695
12.6222
12.6165
12.62035
12.609
12.6009
12.59325
12.58945
12.5876
12.5885
12.5933
12.60025
12.59955
12.59535
12.59465
12.5937
12.5879
12.5828
12.5773
12.57715
12.57715
12.568
12.56325
12.5662
12.57365
12.5685
12.57695
12.582
12.5756
12.565
12.55345
12.5525
12.53475
12.52515
12.52245
12.5191
12.51505
12.5086
12.51245
12.51165
12.5172
12.51735
12.5172
12.5218
12.5237
12.5191
12.50705
12.5081
12.4998
12.48985
12.48825
12.48125
12.46905
12.47345
12.4734
12.4734
12.4783
12.475
12.4745
12.4677
12.4673
12.4614
12.4601
12.45995
12.45425
12.4531
12.4539
12.4578
12.4588
12.45295
12.46455
12.45715
12.45965
12.45945
12.45095
12.44935
12.44905
12.4539
12.45955
12.46055
12.46055
12.4527
12.44195
12.43835
12.42535
12.40875
12.3992
12.39235
12.3893
12.3885
12.38375
12.38705
12.3924
12.3927
12.3893
12.377
12.3707
12.3604
12.3541
12.35145
12.34545
12.34875
12.3566
12.3494
12.35155
12.34845
12.3478
12.34045
12.33805
12.33835
12.3427
12.33715
12.32325
12.32165
12.31705
12.32065
12.32385
12.3271
12.32735
12.32895
12.3242
12.3234
12.3191
12.3103
12.3037
12.30745
12.3002
12.2978
12.28885
12.2969
12.2972
12.2985
12.30835
12.30965
12.31375
12.3141
12.31015
12.3175
12.30935
12.3004
12.29565
12.29705
12.2961
12.298
12.28965
12.27905
12.27895
12.2765
12.26645
12.2644
12.2677
12.27165
12.275
12.2791
12.28805
12.2833
12.2797
12.28295
12.2785
12.27735
12.27425
12.2855
12.27995
12.2783
12.2733
12.26895
12.2674
12.25545
12.25775
12.26235
12.25775
12.2639
12.2611
12.2636
12.26175
12.25985
12.26035
12.2643
12.25385
12.2449
12.23515
12.23415
12.2285
12.22705
12.22425
12.2291
12.2293
12.226
12.22205
12.2117
12.2122
12.20875
12.1957
12.1845
12.1877
12.18825
12.1866
12.1724
12.16905
12.1697
12.1656
12.16935
12.16825
12.17955
12.1783
12.1736
12.1736
12.16545
12.15835
12.1492
12.14805
12.14985
12.15385
12.1525
12.1572
12.15785
12.1582
12.15815
12.1508
12.14955
12.149
12.14905
12.15325
12.1477
12.1391
12.1385
12.13375
12.12545
12.11675
12.114
12.11715
12.11565
12.107
12.10835
12.1123
12.1141
12.10735
12.1033
12.09825
12.09125
12.0921
12.09255
12.09335
12.0935
12.10235
12.1033
12.10175
12.10015
12.10115
12.10165
12.1074
12.0984
12.10155
12.1072
12.09315
12.08885
12.0885
12.0888
12.0846
12.0879
12.08515
12.0872
12.0836
12.07805
12.0691
12.06815
12.0592
12.06165
12.06315
12.0603
12.06445
12.06505
12.07665
12.07875
12.06745
12.0661
12.0631
12.05585
12.0433
12.04275
12.04215
12.041
12.0416
12.05165
12.0574
12.0471
12.0318
12.02845
12.0281
12.0273
12.01765
12.01035
12.0089
12.0082
12.00445
12.0086
12.01735
12.0226
12.019
12.0185
12.017
12.0196
12.0187
12.01115
12.0009
11.99895
11.99045
11.9851
11.9793
11.9709
11.9687
11.9734
11.9734
11.9767
11.9791
11.9767
11.9782
11.9832
11.9738
11.9736
11.97345
11.9744
11.9824
11.98355
11.9879
11.98905
11.98025
11.9693
11.97265
11.96135
11.95815
11.96775
11.97085
11.97735
11.96625
11.9677
11.96445
11.96205
11.96755
11.9684
11.96055
11.95875
11.95
11.9475
11.93215
11.937
11.93825
11.9391
11.9386
11.9381
11.93845
11.93765
11.9365
11.9422
11.94155
11.9543
11.94575
11.9402
11.94005
11.93075
11.91685
11.9013
11.8968
11.89805
11.89255
11.8842
11.87725
11.8727
11.87595
11.87285
11.87285
11.8736
11.87285
11.86545
11.8626
11.8549
11.8605
11.8539
11.8519
11.8532
11.8492
11.8527
11.84925
11.8447
11.8494
11.8549
11.8681
11.865
11.86325
11.85485
11.85785
11.85485
11.85285
11.85065
11.85505
11.85035
11.8461
11.84795
11.84945
11.8568
11.8541
11.85855
11.8584
11.8502
11.8451
11.8435
11.82985
11.82305
11.82305
11.82305
11.8199
11.812
11.809
11.7996
11.7914
11.789
11.78395
11.78415
11.7877
11.79045
11.7884
11.7928
11.78245
11.7704
11.7677
11.76505
11.76035
11.7597
11.7674
11.77815
11.78415
11.78515
11.78395
11.7873
11.7789
11.76605
11.7636
11.75625
11.75075
11.7432
11.74075
11.73915
11.73945
11.7351
11.7332
11.735
11.73045
11.7304
11.7287
11.72435
11.7293
11.72845
11.72355
11.72305
11.71445
11.71595
11.7135
11.70715
11.7109
11.7111
11.70785
11.7047
11.7058
11.70405
11.7039
11.70385
11.7078
11.6996
11.70375
11.69525
11.69395
11.685
11.6882
11.68455
11.6834
11.6832
11.68435
11.68295
11.6793
11.67425
11.67065
11.6689
11.6591
11.6498
11.6425
11.63845
11.63295
11.63085
11.62915
11.6318
11.6334
11.62805
11.6316
11.6293
11.623
11.61795
11.6267
11.6277
11.6277
11.62445
11.6238
11.61815
11.6238
11.61565
11.60625
11.60675
11.60455
11.5962
11.5863
11.58865
11.5929
11.5936
11.5986
11.6035
11.6035
11.5945
11.58885
11.577
11.56595
11.56845
11.56175
11.56325
11.57325
11.5789
11.5791
11.574
11.57715
11.5699
11.565
11.55595
11.5564
11.55725
11.5607
11.56215
11.5584
11.5574
11.5623
11.5721
11.57775
11.58215
11.5805
11.58215
11.5959
11.59435
11.58475
11.5791
11.5871
11.58865
11.57715
11.5693
11.566
11.55445
11.5439
11.5387
11.53495
11.5371
11.5405
11.5425
11.5364
11.5497
11.5516
11.54785
11.5471
11.5397
11.53765
11.534
11.5219
11.51455
11.51815
11.5193
11.51255
11.50985
11.51345
11.5177
11.51915
11.52145
11.5265
11.51915
11.52225
11.52015
11.5193
11.5152
11.5183
11.5209
11.51925
11.50935
11.50445
11.49395
11.48905
11.49315
11.49395
11.4986
11.4988
11.5037
11.50285
11.49065
11.48825
11.48575
11.48105
11.47125
11.4662
11.4648
11.4638
11.45955
11.45875
11.45875
11.45855
11.45875
11.4506
11.45305
11.45715
11.45535
11.45655
11.46585
11.46445
11.4539
11.44805
11.44085
11.4435
11.4402
11.42635
11.42355
11.4244
11.4228
11.42325
11.4234
11.4363
11.43845
11.44565
11.44885
11.44005
11.42965
11.4285
11.42785
11.4235
11.4246
11.423
11.4277
11.42445
11.4148
11.4059
11.3968
11.3981
11.408
11.40995
11.4047
11.40425
11.4008
11.3887
11.38155
11.37085
11.3707
11.373
11.3738
11.37145
11.36435
11.3614
11.35605
11.35275
11.3425
11.33495
11.33805
11.34095
11.3483
11.34255
11.35055
11.3476
11.34905
11.34515
11.3404
11.3429
11.34765
11.3401
11.3429
11.33475
11.33145
11.3195
11.31855
11.31265
11.31075
11.3084
11.3115
11.30645
11.3154
11.3193
11.32235
11.31585
11.3095
11.2973
11.2828
11.27435
11.2664
11.25625
11.2708
11.28375
11.29245
11.29395
11.29275
11.28885
11.2809
11.28085
11.27925
11.2791
11.27985
11.27825
11.2797
11.27905
11.28725
11.28675
11.29115
11.29655
11.3025
11.3027
11.3041
11.30775
11.3016
11.29175
11.2898
11.2807
11.27535
11.26615
11.2646
11.26115
11.25445
11.25015
11.24875
11.2447
11.2445
11.2447
11.2441
11.24495
11.249
11.2484
11.24375
11.2398
11.23185
11.22455
11.21065
11.19165
11.1886
11.18435
11.18765
11.1891
11.1974
11.20375
11.21675
11.22095
11.21965
11.2152
11.2193
11.21945
11.22245
11.2283
11.2207
11.2306
11.2299
11.2316
11.22735
11.2324
11.23165
11.2287
11.2275
11.2285
11.2301
11.22515
11.21945
11.22635
11.22155
11.21925
11.2187
11.22165
11.22015
11.2187
11.21385
11.2075
11.2045
11.2009
11.19085
11.19395
11.1982
11.20065
11.19685
11.20325
11.19355
11.1985
11.19495
11.1972
11.19145
11.1886
11.18435
11.18165
11.1762
11.17945
11.17475
11.1658
11.14865
11.13665
11.1248
11.1152
11.11305
11.1142
11.11505
11.11155
11.1101
11.09785
11.0859
11.0921
11.0836
11.08565
11.09085
11.09215
11.09185
11.08455
11.08375
11.07485
11.0734
11.08125
11.08285
11.08315
11.08385
11.08865
11.1025
11.11145
11.1137
11.1225
11.12865
11.11675
11.10195
11.0914
11.07815
11.0727
11.07055
11.07255
11.07225
11.07775
11.08215
11.0756
11.07465
11.0707
11.07555
11.07905
11.07985
11.08065
11.0913
11.0887
11.07985
11.0789
11.07325
11.0779
11.08375
11.08455
11.08865
11.08945
11.08945
11.08515
11.08065
11.07985
11.07325
11.0773
11.0783
11.07895
11.07245
11.06995
11.0732
11.0715
11.06025
11.0551
11.05445
11.0502
11.04855
11.0511
11.04925
11.0455
11.03
11.0289
11.0242
11.0361
11.04255
11.04665
11.03945
11.0323
11.03365
11.02415
11.02225
11.01665
11.0177
11.01585
11.0142
11.01035
11.005
11.00595
11.09385
