-1.60071
-1.19711
-1.02829
-0.996033
-0.991333
-0.851868
-1.06635
-1.0058
-0.458588
-0.987732
-0.200165
-0.94281
4.06E-03
-0.981567
-0.424622
-0.622803
-0.409149
0.272095
0.0119629
0
-0.714691
-0.430176
-0.807587
-0.962646
-1.14688
-1.14484
-1.22305
-2.08624
-2.44882
-5.74173
47.2731
66.7247
75.9126
81.1609
83.7602
85.0708
85.7802
86.2177
86.5774
86.8684
87.138
87.4059
87.6559
87.8748
88.0825
88.2755
88.4833
88.6705
88.8607
89.0466
89.2376
89.4306
89.5791
89.7376
89.9079
90.0674
90.2279
90.3802
90.5271
90.7037
90.8506
90.9995
91.1466
91.2635
91.3047
91.3012
91.3623
91.6704
91.9378
92.0548
92.1299
92.2005
92.2623
92.3291
92.3817
92.424
92.4926
91.988
90.6402
90.0893
89.8783
90.3496
91.6095
91.3438
93.3712
94.1631
94.1525
94.1513
94.1447
94.151
94.1794
94.1712
94.1638
94.1591
94.143
94.1247
94.0856
94.066
94.038
94.0074
93.9759
93.9336
93.8958
93.8551
93.8259
93.795
93.795
93.775
93.754
93.7344
93.7344
93.7341
93.7227
93.7016
93.677
93.6852
93.6738
93.6641
93.6442
93.6426
93.6263
93.6148
93.577
93.5543
93.5411
93.5333
93.5121
93.5083
93.4938
93.4922
93.4922
93.502
93.5056
93.5235
93.5332
93.5349
93.5234
93.5169
93.5352
93.5527
93.5544
93.5657
93.584
93.5837
93.5953
93.6247
93.6755
93.7524
93.8633
90.7731
9.30273
4.75711
4.39423
4.23438
4.20477
4.18524
4.15079
4.15866
4.15045
4.16257
4.17389
4.19376
4.20633
4.21484
4.21454
4.23602
4.25436
4.25235
4.25046
4.25201
4.25201
4.25201
4.25391
4.27509
4.26367
4.27155
4.2735
4.27509
4.29337
4.26532
4.29147
4.29462
4.29337
4.30475
4.30475
4.30469
4.31256
4.30438
4.33209
4.32462
4.31256
4.31256
4.30438
4.29959
4.2829
4.26178
4.2442
4.25076
4.26022
4.26218
4.28992
4.28952
4.30905
4.33093
4.30475
4.31296
4.30313
4.29303
4.32272
4.37976
4.45163
4.51218
4.60202
4.67233
4.64453
4.62311
4.44501
1.80945
-9.00E-03
-0.507751
-1.57767
1.45007
5.98093
4.78015
0.811005
0.871552
0.564514
0.244141
0.69342
-0.385071
-0.25119
-0.251495
-0.308136
-1.54837
-4.66751
-7.05463
-7.47806
-0.299927
3.32117
7.32108
1.78796
-7.08118
-5.96204
-4.01752
1.3028
2.93015
2.99265
3.00241
3.01022
3.14148
3.36023
3.62186
3.23093
4.45944
4.07077
3.97116
3.99109
4.03796
5.80789
4.07742
5.0903
4.52039
4.9696
5.17038
5.31256
5.41101
5.40906
5.31921
5.1821
5.03006
4.90085
4.76843
4.62936
4.4942
4.32117
4.1282
4.03992
4.23914
4.26883
3.48798
3.28992
-27.0812
-173.642
-154.939
-143.238
-140.357
-142.078
-144.346
-145.908
-147.349
-148.56
-149.372
-149.908
-150.078
-149.9
-149.571
-149.042
-148.331
-147.529
-146.62
-145.563
-144.521
-143.462
-142.299
-141.08
-139.83
-138.562
-137.22
-135.898
-134.54
-133.15
-131.751
-130.39
-128.899
-127.439
-125.999
-124.569
-123.079
-121.599
-120.163
-118.671
-117.2
-115.761
-114.253
-112.808
-111.349
-109.878
-108.431
-106.888
-105.349
-103.893
-102.473
-100.989
-99.5468
-98.1085
-96.6789
-95.2495
-93.7788
-92.3378
-90.8882
-89.4601
-87.9913
-86.4995
-85.1007
-83.6628
-82.2527
-80.8507
-79.4323
-78.0222
-76.5827
-75.1648
-73.7823
-72.3917
-71.0421
-69.6827
-68.3179
-66.9601
-65.5632
-64.1906
-62.8722
-61.5519
-60.212
-58.8702
-57.5616
-56.2706
-54.9502
-53.6331
-52.282
-51.0027
-49.7101
-48.4402
-47.1218
-45.8195
-44.5288
-43.3097
-42.0679
-40.8179
-39.5874
-38.357
-37.1222
-35.9128
-34.6691
-33.4796
-32.3528
-31.06
-29.9262
-28.4126
-26.6216
-25.3795
-24.3091
-23.2537
-22.2291
-21.1095
-20.7728
-19.5894
-18.1217
-16.8714
-15.5056
-14.5854
-13.4154
-11.9147
-10.5868
-9.24384
-9.39047
-7.13931
-6.1254
-4.62579
-4.79077
-2.51468
-1.68399
-0.175385
0.920776
1.99936
3.10056
4.215
5.28531
6.4061
7.46024
8.52203
9.55319
10.6544
11.6626
12.7017
13.7232
14.8016
15.8291
16.911
17.9107
18.9142
19.9243
20.9516
21.9517
22.9732
23.9994
25.0192
26.0205
26.983
27.911
28.883
29.8833
30.8619
31.8212
32.7818
33.7838
34.7688
35.6611
36.6478
37.6462
38.6252
39.5748
40.5302
41.4075
42.2719
43.1426
44.2941
45.3999
46.2701
47.2051
48.0662
49.0419
49.922
50.8259
51.6856
52.5169
53.4213
54.5134
55.4541
56.2802
57.1415
58.0271
58.8653
59.6677
60.5853
60.301
60.5056
63.7785
65.257
65.9942
66.7834
67.5959
68.4177
69.2396
70.0368
70.8192
71.6036
72.4094
73.1934
73.9414
74.7031
75.4316
76.2031
76.9613
77.6704
78.3945
79.1461
79.8484
80.595
81.3488
82.12
82.8387
83.5656
84.2993
85.0476
85.716
86.4579
87.118
87.868
88.6117
89.2997
90.0398
90.7293
91.4532
92.1199
92.85
93.5578
94.2454
94.8844
95.5755
96.2962
96.9977
97.6606
98.3778
99.0558
99.7571
100.425
101.105
101.806
102.495
103.157
103.855
104.487
105.205
105.868
106.546
107.218
107.88
108.535
109.118
109.765
110.427
111.076
111.724
112.375
113.041
113.685
114.393
115.033
115.665
116.287
116.919
117.496
118.107
118.746
119.388
120.005
120.605
121.223
121.836
122.494
123.056
123.695
124.304
124.888
125.504
126.116
126.715
127.285
127.875
128.507
129.119
129.689
130.237
130.772
131.394
132.035
132.605
133.165
133.748
134.308
134.895
135.474
136.094
136.705
137.243
137.854
138.424
138.965
139.561
140.131
140.703
141.295
141.861
142.422
142.995
143.532
144.086
144.617
145.153
145.715
146.223
146.782
147.371
147.903
148.453
148.965
149.493
150.045
150.623
151.084
151.664
152.184
152.713
153.233
153.751
154.272
154.801
155.37
155.886
156.386
156.888
157.404
157.924
158.404
158.893
159.45
159.971
160.443
160.912
161.442
161.984
162.473
162.981
163.473
163.975
164.442
164.963
165.422
165.934
166.444
166.916
167.393
167.863
168.305
168.752
169.232
169.723
170.195
170.713
171.185
171.652
172.112
172.594
173.084
173.54
174
174.5
174.93
175.432
175.913
176.332
176.793
177.25
177.723
178.192
178.61
179.108
179.581
179.981
180.393
180.85
181.309
181.791
182.259
182.729
183.14
183.561
184.01
184.442
184.89
185.352
185.764
186.221
186.651
187.051
187.443
187.914
188.35
188.75
189.182
189.636
190.048
190.468
190.922
191.362
191.769
192.192
192.645
193.073
193.472
193.87
194.281
194.711
195.113
195.491
195.904
196.341
196.757
197.151
197.51
197.97
198.381
198.76
199.141
199.532
199.947
200.331
200.739
201.161
201.54
201.909
202.309
202.7
203.09
203.512
203.881
204.264
204.651
205.05
205.44
205.82
206.206
206.625
207.017
207.397
207.768
208.14
208.54
208.901
209.262
209.628
210.01
210.379
210.752
211.14
211.493
211.86
212.229
212.579
212.948
213.331
213.72
214.081
214.46
214.841
215.202
215.522
215.86
216.229
216.589
216.947
217.316
217.697
218.066
218.437
218.821
219.171
219.491
219.823
220.151
220.528
220.899
221.241
221.594
221.944
222.185
222.615
222.922
223.478
224.488
224.815
225.003
225.152
225.377
225.69
225.353
225.703
226.291
226.74
227.454
227.322
227.853
228.472
228.897
229.395
228.367
229.835
230.141
230.924
229.995
231.465
231.453
232.343
232.764
233.048
233.397
233.744
234.097
234.409
234.708
235.02
235.334
235.641
235.96
236.269
236.589
236.96
237.293
237.643
237.985
238.284
238.614
238.92
239.222
239.558
239.892
240.222
240.54
240.867
241.203
241.541
241.901
242.212
242.491
242.81
243.14
243.468
243.782
244.107
244.439
244.756
245.122
245.437
245.72
245.932
246.159
246.713
247.228
247.561
247.85
248.156
248.467
248.774
249.058
249.364
249.627
249.965
250.486
250.817
251.117
251.372
251.622
251.875
252.136
252.47
251.538
251.177
254.514
255.151
255.378
255.607
255.872
256.14
256.434
256.697
256.958
257.203
257.438
257.672
257.905
258.125
258.352
258.572
258.793
258.981
259.221
259.489
259.729
259.95
260.219
260.458
260.71
260.928
261.138
261.38
261.628
261.838
262.031
262.208
262.456
262.689
262.906
263.128
263.388
263.647
263.87
264.097
264.327
264.595
264.85
265.05
265.275
265.518
265.757
266.005
266.244
266.488
266.728
266.968
267.21
267.45
267.649
267.876
268.079
268.318
268.528
268.759
268.981
269.206
269.427
269.659
269.858
270.095
270.365
270.607
270.814
271.025
271.256
271.474
271.696
271.898
272.136
272.375
272.616
272.847
273.085
273.309
273.535
273.777
274.012
274.25
274.451
274.685
274.924
275.146
275.357
275.587
275.837
276.086
276.316
276.537
276.755
276.976
277.205
277.424
277.654
277.847
278.058
278.305
278.538
278.774
278.992
279.221
279.452
279.674
279.903
280.125
280.318
280.543
280.762
280.991
281.241
281.463
281.67
281.876
282.094
282.295
282.494
282.705
282.924
283.127
283.354
283.594
283.806
284.035
284.262
284.482
284.693
284.904
285.112
285.302
285.504
285.703
285.912
286.143
286.383
286.582
286.799
286.999
287.209
287.441
287.672
287.857
288.064
288.291
288.514
288.711
288.911
289.122
289.355
289.591
289.793
290
290.21
290.442
290.674
290.875
291.091
291.283
291.474
291.686
291.871
292.064
292.234
292.443
292.643
292.87
293.081
293.303
293.54
293.731
293.912
294.09
294.301
294.5
294.713
294.922
295.133
295.342
295.533
295.752
295.97
296.17
296.372
296.555
296.75
296.961
297.172
297.34
297.51
297.674
297.901
298.113
298.331
298.53
298.725
298.913
299.082
299.252
299.463
299.681
299.891
300.071
300.232
300.422
300.615
300.811
300.981
301.182
301.374
301.571
301.791
301.999
302.211
302.401
302.61
302.78
302.991
303.21
303.381
303.563
303.759
303.953
304.131
304.291
304.479
304.659
304.831
305.011
305.192
305.393
305.573
305.77
305.955
306.132
306.331
306.502
306.671
306.88
307.051
307.241
307.447
307.628
307.788
307.963
308.123
308.3
308.451
308.612
308.79
308.961
309.171
309.349
309.52
309.709
309.903
310.073
310.28
310.46
310.659
310.841
311.018
311.2
311.386
311.559
311.731
311.911
312.108
312.262
312.44
312.602
312.798
312.978
313.159
313.341
313.52
313.69
313.85
314.029
314.21
314.368
314.53
314.709
314.899
315.079
315.239
315.401
315.599
315.788
315.977
316.151
316.339
316.518
316.661
316.793
316.961
316.928
317.228
317.47
317.94
318.64
318.823
318.874
318.887
318.92
319.026
318.202
318.678
319.085
319.221
319.854
319.523
319.904
320.409
320.74
321.044
319.913
321.157
321.259
321.936
320.902
322.074
321.942
322.701
322.937
323.092
323.244
323.424
323.586
323.761
323.932
324.102
324.274
324.452
324.631
324.808
324.96
325.14
325.313
325.484
325.676
325.854
326.035
326.212
326.372
326.552
326.71
326.872
327.042
327.211
327.401
327.579
327.747
327.898
328.079
328.251
328.429
328.62
328.808
329.006
329.215
329.396
329.61
329.762
329.86
329.951
330.036
330.461
330.836
331.029
331.182
331.326
331.503
331.668
331.813
331.982
332.097
332.263
332.767
332.96
333.09
333.231
333.336
333.465
333.613
333.814
332.839
332.402
335.121
335.838
335.893
336.045
336.189
336.365
336.522
336.668
336.811
336.927
337.032
337.115
337.213
337.287
337.383
337.497
337.597
337.688
337.795
337.906
338.025
338.146
338.254
338.365
338.476
338.587
338.69
338.808
338.911
339.015
339.123
339.223
339.322
339.441
339.54
339.662
339.724
339.824
339.904
340.012
340.148
340.277
340.416
340.558
340.68
340.771
340.843
340.948
341.059
341.175
341.325
341.457
341.589
341.708
341.825
341.937
342.036
342.118
342.245
342.36
342.47
342.605
342.728
342.845
342.976
343.075
343.203
343.325
343.437
343.552
343.666
343.804
343.935
344.084
344.207
344.316
344.427
344.532
344.658
344.757
344.885
345.013
345.133
345.252
345.375
345.514
345.613
345.726
345.855
345.993
346.125
346.254
346.395
346.504
346.607
346.716
346.847
346.943
347.072
347.214
347.353
347.476
347.586
347.697
347.822
347.925
348.035
348.156
348.273
348.396
348.506
348.633
348.764
348.905
349.061
349.175
349.285
349.39
349.497
349.599
349.726
349.847
349.965
350.084
350.184
350.293
350.414
350.525
350.645
350.793
350.914
351.025
351.123
351.223
351.342
351.465
351.594
351.693
351.813
351.916
352.033
352.18
352.283
352.404
352.525
352.633
352.756
352.891
353.014
353.152
353.275
353.386
353.495
353.625
353.743
353.862
353.994
354.113
354.234
354.352
354.473
354.582
354.702
354.814
354.945
355.064
355.185
355.303
355.414
355.532
355.659
355.759
355.881
355.999
356.113
356.225
356.353
356.484
356.62
356.734
356.822
356.938
357.049
357.152
357.251
357.372
357.499
357.604
357.711
357.834
357.932
358.041
358.161
358.273
358.403
358.524
358.651
358.774
358.901
359.012
359.092
359.2
359.329
359.458
359.551
359.669
359.77
359.863
359.965
360.081
360.172
360.282
360.401
360.53
360.672
360.79
360.891
361.001
361.102
361.204
361.292
361.432
361.563
361.782
362.061
439.17
536.321
542.192
545.057
547.193
548.862
550.21
551.321
552.25
553.089
553.801
554.437
555.071
555.643
556.091
556.501
556.936
557.36
557.693
558.04
558.399
558.729
559.022
559.28
559.55
559.792
560.059
560.319
560.54
560.743
560.942
561.161
561.34
561.54
561.731
561.938
562.118
562.261
562.429
562.568
562.731
562.868
563.011
563.159
563.282
563.401
563.528
563.688
563.839
563.969
564.107
564.208
564.311
564.411
564.491
564.587
564.69
564.79
564.927
565.079
565.427
565.728
565.819
565.899
565.918
565.97
565.85
563.572
561.774
561.95
560.128
560.72
566.536
568.675
565.176
563.527
563.458
563.221
563.638
563.616
562.889
562.812
562.751
562.539
559.027
556.127
554.609
557.644
564.294
569.59
571.86
557.236
556.794
559.036
560.952
566.574
567.123
567.747
563.979
566.527
561.107
560.428
560.636
560.356
561.48
561.325
561.429
561.495
563.228
563.072
562.887
562.617
562.375
562.443
562.595
562.782
562.931
563.055
563.161
563.294
563.433
563.567
563.668
563.797
563.928
564.06
564.169
564.29
564.412
564.494
564.611
564.732
564.825
564.921
565.009
565.101
565.18
565.266
565.357
565.47
565.581
565.668
565.653
565.521
565.473
565.829
566.077
566.165
566.245
566.315
566.369
566.418
566.473
566.479
566.514
565.917
564.034
563.488
563.491
562.932
564.866
562.8
559.8
558.475
561.201
562.62
562.835
562.881
562.925
562.945
563.004
563.138
563.214
560.749
563.302
564.586
564.854
564.925
565.065
565.184
565.305
565.408
565.525
565.587
565.618
565.675
565.751
565.868
566.016
566.124
566.213
566.251
566.305
566.363
566.429
566.48
566.535
566.597
566.656
566.749
566.797
566.854
566.898
566.944
567.012
567.06
567.109
567.154
567.233
567.295
567.349
567.383
567.396
567.406
567.426
567.515
567.576
567.64
567.682
567.713
567.741
567.755
567.79
567.813
567.852
567.891
567.942
567.986
568.014
568.053
568.073
568.112
568.135
568.163
568.22
568.264
568.319
568.362
568.388
568.407
568.419
568.44
568.455
568.486
568.516
568.551
568.581
568.595
568.622
568.636
568.661
568.695
568.726
568.739
568.756
568.791
568.839
568.888
568.939
568.975
568.988
568.997
569.007
569.011
569.033
569.062
569.089
569.14
569.174
569.177
569.205
569.234
569.265
569.285
569.297
569.306
569.319
569.316
569.326
569.38
569.414
569.441
569.45
569.458
569.458
569.493
569.531
569.566
569.611
569.623
569.629
569.622
569.63
569.63
569.654
569.669
569.707
569.734
569.734
569.746
569.744
569.754
569.755
569.747
569.747
569.767
569.797
569.834
569.863
569.893
569.926
569.945
569.956
569.968
569.996
570.025
570.02
570.017
570.02
569.993
569.998
569.997
570.014
570.047
570.076
570.094
570.133
570.156
570.184
570.177
570.203
570.218
570.22
570.225
570.228
570.248
570.287
570.313
570.347
570.367
570.39
570.416
570.416
570.433
570.447
570.452
570.468
570.488
570.497
570.532
570.548
570.556
570.568
570.589
570.579
570.604
570.608
570.615
570.638
570.658
570.666
570.685
570.685
570.708
570.71
570.704
570.72
570.726
570.739
570.746
570.762
570.785
570.797
570.806
570.826
570.829
570.849
570.867
570.886
570.908
570.917
570.929
570.927
570.919
570.916
570.945
570.953
570.956
570.963
570.978
570.98
570.978
570.964
570.974
571.006
570.999
571.018
571.037
571.055
571.076
571.084
571.097
571.115
571.136
571.122
571.12
571.138
571.154
571.185
571.205
571.227
571.228
571.229
571.238
571.239
571.247
571.241
571.261
571.269
571.279
571.295
571.318
571.344
571.347
571.355
571.368
571.388
571.388
571.399
571.411
571.418
571.438
571.448
571.45
571.448
571.448
571.467
571.458
571.456
571.453
571.465
571.476
571.495
571.499
571.517
571.528
571.52
571.53
571.538
571.54
571.566
571.57
571.588
571.587
571.604
571.61
571.6
571.591
571.588
571.599
571.599
571.589
571.587
571.617
571.63
571.649
571.659
571.671
571.689
571.698
571.708
571.71
571.758
571.806
571.524
571.692
571.86
571.877
571.86
571.86
571.863
571.89
571.922
571.952
571.981
572
572.029
572.04
572.051
572.071
572.077
572.072
572.061
572.081
572.1
572.113
572.112
572.126
572.167
572.208
572.226
572.227
572.247
572.27
572.278
572.27
572.285
572.324
572.355
572.375
572.38
572.386
572.372
572.372
572.378
572.39
572.411
572.437
572.458
572.476
572.463
573.039
572.197
572.323
572.378
572.418
572.425
572.43
572.421
572.401
572.409
572.421
572.414
572.424
572.436
572.436
572.445
572.465
572.475
572.475
572.447
572.465
572.46
572.44
572.432
572.427
572.421
572.418
572.407
572.407
572.406
572.409
572.427
572.448
572.447
572.465
572.478
572.488
572.486
572.481
572.488
572.489
572.488
572.484
572.475
572.501
572.469
572.458
572.442
572.452
572.46
572.483
572.483
572.509
572.55
572.571
572.589
572.617
572.638
572.657
572.675
572.669
572.651
572.641
572.648
572.623
572.623
572.646
572.641
572.616
572.646
572.657
572.667
572.669
572.687
572.72
572.711
572.698
572.718
572.729
572.747
572.752
572.761
572.784
572.793
572.762
572.764
572.769
572.79
572.8
572.803
572.81
572.811
572.811
572.79
572.77
572.764
572.792
572.785
572.793
572.793
572.802
572.793
572.779
572.774
572.8
572.801
572.811
572.819
572.849
572.84
572.831
572.841
572.823
572.811
572.801
572.809
572.822
572.824
572.813
572.829
572.849
572.86
572.87
572.88
572.87
572.88
572.878
572.89
572.888
572.88
572.907
572.909
572.904
572.911
572.911
572.921
572.929
572.93
572.948
572.968
572.961
572.97
572.97
572.966
572.961
572.948
572.966
572.976
572.978
572.997
573.008
573.009
572.997
573.006
573.006
573.015
573.015
573.017
573.035
573.048
573.058
573.066
573.087
573.107
573.125
573.133
573.134
573.128
573.126
573.12
573.102
573.077
573.077
573.095
573.087
573.089
573.104
573.115
573.125
573.128
573.11
572.713
572.72
573.24
572.168
572.105
572.195
572.267
572.304
573.064
574.469
575.829
579.056
579.354
576.641
575.139
575.144
575.159
575.223
575.185
571.553
569.599
570.009
570.354
569.862
565.177
558.448
553.35
552.608
556.85
568.513
579.793
564.478
555.093
555.061
558.032
560.088
561.012
561.009
561.178
569.579
572.739
573.491
573.742
573.901
574.054
574.15
569.879
564.17
