-1.9225
-1.55492
-1.3271
-1.25258
-1.21703
-1.1675
-1.21391
-1.2218
-1.10735
-1.04054
-1.01938
-1.02882
-1.04337
-1.04562
-0.950317
-0.75618
-0.377182
-0.0400848
-4.76E-03
-3.73E-14
3.59E-03
-0.0729675
-0.232742
-0.381958
-0.451797
-0.515549
-0.586166
-0.890076
-1.06125
-17.6088
-26.9291
-19.3948
-0.741257
9.89781
14.5595
16.4291
17.3064
17.8373
18.2064
18.5236
18.7951
19.0252
19.233
19.4127
19.6002
19.7884
19.9596
20.1299
20.2853
20.4682
20.6366
20.7885
20.9373
21.0861
21.2202
21.367
21.519
21.6565
21.7952
21.9327
22.0831
22.228
22.421
22.5846
22.7381
22.8853
23.014
23.1643
23.2838
23.426
23.5486
23.6284
23.7377
23.8279
23.9291
24.0073
24.1185
23.5024
22.1881
21.8306
21.73
22.7837
23.0245
23.6291
25.5359
26.5206
26.9056
27.1161
27.2437
27.3593
27.4651
27.558
27.6902
27.7787
27.8768
27.9455
28.0173
28.0873
28.1365
28.1689
28.2099
28.2525
28.3216
28.3779
28.4205
28.4615
28.522
28.5419
28.5838
28.6036
28.6525
28.6756
28.7231
28.7443
28.772
28.8306
28.8517
28.8833
28.9322
28.983
29.0533
29.0942
29.1525
29.2033
29.2524
29.283
29.3126
29.3451
29.3634
29.4127
29.4435
29.5024
29.5791
29.6509
29.7213
29.7997
29.9025
29.9923
30.1314
30.2704
30.3943
30.5239
30.6935
30.8517
31.002
31.172
31.3521
31.5399
31.7638
30.3814
7.3618
7.10172
7.44196
7.69188
7.90913
8.09039
8.22086
8.30476
8.41266
8.5025
8.57281
8.62976
8.69977
8.74078
8.77351
8.79469
8.83218
8.85046
8.88765
8.91071
8.94977
8.95796
8.98132
9.01187
9.02985
9.03999
9.06921
9.09235
9.11188
9.1236
9.13179
9.15125
9.15094
9.16071
9.16071
9.16063
9.15913
9.15913
9.17085
9.17085
9.16109
9.15945
9.15913
9.16071
9.16071
9.1689
9.17867
9.18687
9.19038
9.21805
9.1982
9.21617
9.22789
9.22945
9.24078
9.22125
9.2196
9.2193
9.2525
9.2818
9.34898
9.40132
9.41922
9.42711
9.37788
9.32906
9.26227
7.03844
5.16734
4.41266
4.17085
7.01843
11.2685
9.63765
6.1068
6.21968
6.07945
5.82906
5.78023
5.53023
5.5107
5.44852
5.35484
4.16547
1.79813
-0.0791473
-0.393204
5.37164
8.92047
11.3681
4.9696
-0.213516
0.979065
2.33687
6.76851
8.11031
8.2314
8.27203
8.26883
8.42867
8.6396
8.81773
8.98961
9.11696
9.19508
9.26695
9.30797
9.3275
9.36656
9.39937
9.46617
9.71617
9.96812
10.1201
10.2099
10.2392
10.1724
10.0712
9.97
9.85016
9.73102
9.60054
9.48921
9.37
9.22906
9.1068
9.03023
8.95992
8.85054
8.71812
8.71812
-136.21
-202.72
-179.78
-174.288
-181.55
-190.009
-196.633
-202.132
-206.98
-210.839
-213.14
-214.54
-215.272
-215.344
-215.034
-214.544
-213.792
-212.875
-211.921
-210.852
-209.624
-208.344
-207.005
-205.604
-204.192
-202.733
-201.192
-199.684
-198.161
-196.579
-194.981
-193.38
-191.77
-190.14
-188.581
-186.934
-185.233
-183.624
-181.964
-180.284
-178.547
-176.923
-175.233
-173.61
-171.942
-170.331
-168.71
-167.042
-165.331
-163.622
-162.009
-160.331
-158.649
-157.069
-155.429
-153.8
-152.128
-150.509
-148.87
-147.218
-145.559
-143.991
-142.36
-140.751
-139.102
-137.571
-136.004
-134.423
-132.764
-131.194
-129.624
-128.122
-126.602
-125.021
-123.481
-121.934
-120.391
-118.815
-117.27
-115.726
-114.164
-112.653
-111.212
-109.692
-108.192
-106.749
-105.239
-103.783
-102.301
-100.801
-99.3229
-97.885
-96.367
-94.9049
-93.4538
-92.0944
-90.712
-89.2233
-87.7623
-86.362
-84.9635
-83.5827
-82.4281
-81.4823
-79.8202
-78.5013
-77.1524
-75.8321
-74.5868
-73.3316
-72.0324
-70.7988
-69.5807
-68.0981
-66.6043
-65.1191
-63.7469
-62.3645
-60.9481
-59.582
-58.1914
-56.773
-55.3383
-53.9122
-52.601
-51.3869
-50.0807
-48.772
-47.4677
-46.1673
-44.8666
-43.6541
-42.4138
-41.2115
-39.942
-38.7229
-37.5009
-36.3111
-35.0627
-33.8916
-32.7198
-31.4798
-30.2506
-29.04
-27.8978
-26.7194
-25.5005
-24.36
-23.1853
-22.0827
-20.9029
-19.7392
-18.6002
-17.4908
-16.3716
-15.2295
-14.0888
-12.9893
-11.8603
-10.767
-9.57945
-8.47758
-7.39156
-6.27992
-5.13141
-4.02516
-2.88609
-1.74937
-0.60524
0.389694
1.46812
2.57758
3.64789
4.72789
5.80804
6.87328
7.92242
9.04312
10.0841
11.1346
12.1334
13.1642
14.1541
15.1941
16.2954
17.3038
18.2803
19.2998
20.2815
21.2834
22.2345
23.1638
22.3127
23.9312
26.4362
28.5642
29.8791
30.9711
32.0344
33.0766
34.0652
34.9978
35.8944
36.8177
37.7701
38.6951
39.5528
40.4974
41.3618
42.2572
43.1477
43.968
44.847
45.6884
46.5251
47.3763
48.2177
49.0774
49.9208
50.7474
51.5841
52.4435
53.2458
54.0872
54.9169
55.7411
56.5594
57.3567
58.1869
58.9891
59.7977
60.6087
61.4482
62.2376
63.0118
63.8123
64.6427
65.4072
66.2278
67.0579
67.8388
68.6446
69.4451
70.2032
71.0134
71.822
72.6051
73.3548
74.1247
74.8861
75.6544
76.3958
77.1669
77.9501
78.7063
79.4681
80.1969
80.9337
81.7716
82.5154
83.254
84.0462
84.7345
85.4646
86.2345
86.9939
87.6759
88.3963
89.0938
89.806
90.5528
91.2927
91.9841
92.7048
93.4028
94.1033
94.8306
95.5252
96.1919
96.9103
97.6228
98.3243
99.0627
99.8095
100.509
101.17
101.829
102.512
103.272
103.947
104.584
105.236
105.924
106.585
107.274
108.004
108.643
109.272
109.971
110.605
111.301
111.96
112.613
113.303
114.084
114.983
115.751
116.262
116.833
117.473
118.09
118.63
119.233
119.901
120.491
121.152
121.733
122.344
122.983
123.602
124.202
124.84
125.422
126.1
126.702
127.272
127.89
128.499
129.11
129.782
130.374
131.012
131.61
132.203
132.794
133.321
133.989
134.6
135.13
135.751
136.399
136.97
137.581
138.211
138.743
139.3
139.863
140.489
141.081
141.63
142.21
142.786
143.38
143.93
144.471
145.077
145.682
146.241
146.801
147.333
147.872
148.439
148.977
149.519
150.117
150.638
151.198
151.753
152.32
152.851
153.409
153.919
154.438
154.94
155.522
156.051
156.571
157.09
157.612
158.151
158.64
159.178
159.731
160.239
160.741
161.24
161.78
162.306
162.778
163.308
163.817
164.359
164.899
165.41
165.958
166.47
166.961
167.458
167.988
168.491
168.952
169.442
169.921
170.438
170.94
171.391
171.949
172.591
173.05
173.54
174.027
174.54
175.01
175.501
175.997
176.468
176.968
177.478
177.968
178.413
178.87
179.358
179.811
180.26
180.711
181.208
181.749
182.2
182.688
183.151
183.569
184.001
184.46
184.909
185.329
185.739
186.2
186.658
187.117
187.576
188.009
188.43
188.88
189.29
189.71
190.169
190.64
191.091
191.55
191.978
192.408
192.867
193.359
193.798
194.256
194.717
195.148
195.558
196.001
196.449
196.851
197.253
197.661
198.101
198.589
198.999
199.419
199.855
200.265
200.695
201.138
201.569
201.989
202.401
202.811
203.228
203.636
204.087
204.537
204.937
205.316
205.708
206.128
206.558
207.01
207.39
207.747
208.185
208.597
209.03
209.45
209.818
210.185
210.251
210.406
211.009
211.44
211.775
212.096
212.444
212.748
212.997
213.241
213.592
214.111
214.667
215.157
215.619
216.144
216.645
217.123
217.653
218.212
218.694
219.15
219.534
219.891
220.288
220.741
221.173
221.615
222.017
222.393
222.794
223.215
223.596
223.962
224.329
224.669
225.031
225.408
225.754
226.146
226.537
226.921
227.31
227.661
228.047
228.398
228.753
229.129
229.491
229.859
230.189
230.537
230.949
231.32
231.697
232.071
232.48
232.821
233.169
233.558
233.96
234.318
234.666
235.068
235.447
235.806
236.197
236.595
236.957
237.346
237.757
238.129
238.488
238.824
239.173
239.522
239.846
240.194
240.522
240.864
241.179
241.607
242.054
242.421
242.787
243.104
243.444
243.765
244.058
244.395
242.884
244.044
245.906
247.254
248.027
248.5
248.903
249.26
249.609
249.993
250.323
250.648
250.948
251.26
251.555
251.844
252.144
252.478
252.751
253.009
253.268
253.559
253.839
254.128
254.427
254.696
254.965
255.216
255.464
255.733
256.007
256.324
256.605
256.868
257.136
257.409
257.7
257.978
258.247
258.495
258.759
259.029
259.308
259.567
259.837
260.125
260.406
260.656
260.945
261.285
261.582
261.845
262.115
262.394
262.684
262.956
263.236
263.494
263.783
264.029
264.306
264.547
264.769
265.035
265.342
265.664
265.957
266.225
266.486
266.729
267.035
267.357
267.654
267.894
268.131
268.414
268.682
268.965
269.262
269.543
269.804
270.055
270.316
270.578
270.826
271.055
271.324
271.596
271.863
272.112
272.373
272.68
272.971
273.28
273.515
273.77
274.013
274.264
274.493
274.774
275.041
275.303
275.553
275.861
276.123
276.376
276.631
276.891
277.17
277.419
277.702
277.971
278.252
278.51
278.743
279.002
279.274
279.55
279.813
280.074
280.341
280.612
280.862
281.104
281.371
281.62
281.86
282.131
282.401
282.661
282.911
283.161
283.42
283.674
283.931
284.17
284.411
284.682
284.942
285.2
285.432
285.674
285.909
286.151
286.434
286.712
286.953
287.203
287.45
287.702
287.973
288.211
288.46
288.727
288.969
289.192
289.462
289.722
289.979
290.221
290.474
290.731
290.96
291.18
291.411
291.63
291.86
292.091
292.321
292.579
292.81
293.06
293.298
293.57
293.806
294.069
294.296
294.538
294.778
295.02
295.259
295.481
295.702
295.911
296.143
296.382
296.611
296.85
297.081
297.3
297.542
297.79
298.033
298.244
298.462
298.71
298.942
299.199
299.447
299.676
299.909
300.163
300.385
300.591
300.799
301.022
301.261
301.471
301.718
301.932
302.169
302.421
302.669
302.908
303.14
303.359
303.599
303.829
304.06
304.308
304.55
304.743
304.93
305.14
305.368
305.589
305.81
306.03
306.251
306.472
306.672
306.87
307.109
307.36
307.589
307.788
307.997
308.228
308.458
308.699
308.921
309.142
309.359
309.571
309.79
309.991
310.229
310.44
310.654
310.87
311.099
311.311
311.51
311.72
311.931
312.167
312.399
312.607
312.808
313.027
313.238
313.433
313.647
313.849
314.066
314.277
314.509
314.737
314.956
315.167
315.331
315.532
315.7
315.89
316.09
316.3
316.538
316.741
316.969
317.179
317.377
317.579
317.761
317.97
318.189
318.378
318.561
318.728
318.937
319.148
319.347
319.568
319.757
319.966
320.151
320.349
320.542
320.749
320.939
321.179
321.37
321.343
320.977
321.594
321.749
321.936
322.031
322.165
322.238
322.361
322.428
322.659
322.978
323.299
323.586
323.872
324.168
324.461
324.781
325.08
325.381
325.714
325.997
326.239
326.462
326.682
326.9
327.144
327.356
327.625
328.085
328.415
328.596
328.813
329.029
329.229
329.431
329.618
329.81
330.04
330.228
330.435
330.608
330.808
330.997
331.19
331.388
331.589
331.798
332.001
332.231
332.449
332.661
332.888
333.119
333.279
333.341
333.407
333.521
333.728
333.939
334.178
334.379
334.628
335.088
335.588
335.951
336.189
336.292
336.261
336.231
336.297
336.455
336.707
336.874
337.092
337.285
337.467
337.666
337.872
338.066
338.209
338.466
338.768
339.003
339.179
339.333
339.485
339.666
339.808
339.973
338.314
339.252
340.949
342.194
342.717
343.043
343.304
343.542
343.758
343.976
344.143
344.308
344.473
344.634
344.765
344.915
345.038
345.185
345.326
345.44
345.589
345.706
345.87
345.988
346.118
346.248
346.367
346.479
346.599
346.728
346.827
346.927
347.058
347.187
347.345
347.482
347.636
347.787
347.945
348.107
348.249
348.376
348.479
348.589
348.728
348.868
349.015
349.136
349.295
349.443
349.625
349.775
349.935
350.058
350.179
350.318
350.465
350.625
350.793
350.937
351.077
351.226
351.357
351.515
351.644
351.814
351.966
352.118
352.256
352.404
352.533
352.695
352.835
352.984
353.136
353.285
353.425
353.554
353.694
353.863
353.986
354.107
354.246
354.376
354.507
354.633
354.792
354.944
355.112
355.313
355.483
355.651
355.801
355.973
356.133
356.282
356.412
356.537
356.705
356.834
356.974
357.115
357.266
357.396
357.535
357.662
357.799
357.95
358.102
358.26
358.431
358.6
358.751
358.911
359.042
359.182
359.313
359.453
359.582
359.723
359.883
360.018
360.172
360.313
360.463
360.623
360.762
360.912
361.053
361.202
361.34
361.491
361.631
361.757
361.907
362.038
362.162
362.319
362.461
362.6
362.762
362.902
363.058
363.185
363.315
363.442
363.604
363.744
363.893
364.024
364.172
364.303
364.452
364.612
364.752
364.94
365.094
365.231
365.349
365.491
365.648
365.782
365.919
366.06
366.21
366.36
366.491
366.612
366.733
366.878
367.028
367.161
367.282
367.401
367.55
367.692
367.831
367.993
368.114
368.211
368.36
368.501
368.651
368.801
368.97
369.13
369.272
369.409
369.502
369.652
369.77
369.901
370.05
370.18
370.331
370.462
370.611
370.767
370.911
371.051
371.182
371.323
371.483
371.641
371.829
372.011
372.208
372.421
372.618
372.821
373.038
373.269
373.481
373.73
373.97
374.247
374.509
374.821
375.112
375.38
375.649
375.979
376.311
376.651
377.002
377.378
421.118
613.89
631.968
634.898
636.987
638.67
640.092
641.272
642.3
643.149
643.97
644.697
645.347
645.968
646.527
647.038
647.54
647.954
648.36
648.741
649.11
649.499
649.839
650.127
650.431
650.736
650.989
651.229
651.501
651.751
651.991
652.22
652.432
652.638
652.828
652.999
653.19
653.36
653.538
653.69
653.87
654.058
654.216
654.375
654.527
654.677
654.819
654.956
655.118
655.269
655.407
655.521
655.649
655.771
655.888
655.988
656.107
656.197
656.318
656.447
656.587
656.749
656.858
656.94
656.989
657.038
657.044
656.89
654.337
653.908
653.54
652.228
654.326
659.97
660.484
655.26
654.852
654.913
654.496
654.557
654.116
654.172
654.08
653.948
653.185
650.644
648.59
647.696
652.346
656.437
661.371
659.094
648.41
650.475
651.734
655.789
658.294
658.863
659.254
659.439
657.529
653.785
653.095
653.203
653.426
653.633
653.805
653.955
654.085
654.214
654.297
654.234
654.338
654.694
654.804
654.933
655.055
655.188
655.299
655.413
655.511
655.64
655.74
655.87
655.972
656.073
656.155
656.235
656.344
656.441
656.534
656.625
656.723
656.823
656.898
656.996
657.08
657.16
657.223
657.3
657.372
657.44
657.516
657.581
657.671
657.742
657.823
657.903
657.965
658.035
658.079
658.13
658.183
658.189
658.208
658.154
656.714
655.3
654.778
654.697
654.625
655.708
656.078
653.997
652.268
654.28
655.209
655.337
655.357
655.352
655.376
655.392
655.451
654.965
653.754
655.087
656.865
657.463
657.734
657.864
658.005
658.119
658.258
658.346
658.473
658.539
658.629
658.682
658.784
658.846
658.895
658.944
658.961
658.986
659.05
659.127
659.191
659.229
659.272
659.295
659.295
659.313
659.365
659.385
659.406
659.437
659.458
659.504
659.558
659.617
659.658
659.702
659.726
659.728
659.738
659.764
659.79
659.831
659.884
659.895
659.914
659.927
659.965
660.012
660.051
660.104
660.143
660.174
660.195
660.242
660.274
660.303
660.334
660.349
660.36
660.359
660.35
660.357
660.378
660.404
660.452
660.457
660.468
660.494
660.524
660.545
660.563
660.584
660.633
660.638
660.656
660.66
660.69
660.716
660.707
660.725
660.754
660.767
660.793
660.851
660.874
660.912
660.964
660.985
660.995
660.998
661.024
661.055
661.063
661.078
661.084
661.135
661.146
661.19
661.206
661.226
661.21
661.218
661.238
661.259
661.295
661.323
661.355
661.382
661.378
661.378
661.404
661.406
661.417
661.434
661.465
661.478
661.477
661.514
661.535
661.555
661.564
661.584
661.596
661.599
661.604
661.623
661.645
661.646
661.666
661.682
661.693
661.706
661.753
661.775
661.821
661.836
661.851
661.859
661.877
661.886
661.908
661.917
661.938
661.929
661.937
661.957
661.976
661.997
662.022
662.035
662.042
662.05
662.047
662.064
662.059
662.068
662.086
662.081
662.099
662.11
662.115
662.136
662.131
662.147
662.156
662.165
662.185
662.194
662.205
662.225
662.218
662.216
662.226
662.243
662.247
662.276
662.315
662.344
662.347
662.375
662.398
662.409
662.424
662.452
662.466
662.468
662.488
662.466
662.46
662.476
662.478
662.476
662.486
662.514
662.524
662.535
662.537
662.538
662.556
662.576
662.579
662.595
662.617
662.638
662.658
662.677
662.671
662.697
662.718
662.72
662.728
662.746
662.757
662.759
662.785
662.795
662.811
662.832
662.844
662.845
662.826
662.837
662.838
662.845
662.836
662.841
662.851
662.839
662.839
662.867
662.878
662.876
662.901
662.926
662.927
662.927
662.947
662.967
662.957
662.968
662.996
663.009
663.026
663.038
663.074
663.085
663.088
663.108
663.12
663.122
663.114
663.119
663.13
663.14
663.14
663.146
663.166
663.176
663.166
663.174
663.204
663.217
663.223
663.228
663.226
663.219
663.206
663.215
663.237
663.263
663.279
663.29
663.298
663.297
663.291
663.296
663.298
663.303
663.317
663.345
663.355
663.354
663.357
663.367
663.385
663.388
663.386
663.398
663.419
663.408
663.417
663.424
663.429
663.445
663.457
663.496
663.507
663.53
663.365
663.161
662.973
663.016
662.942
662.932
662.94
662.93
662.943
662.969
662.983
663.027
663.04
663.051
663.05
663.053
663.051
663.059
663.059
663.079
663.089
663.11
663.11
663.119
663.13
663.128
663.13
663.112
663.101
663.11
663.107
663.123
663.146
663.174
663.197
663.207
663.212
663.204
663.22
663.202
663.208
663.218
663.226
663.249
663.249
663.283
663.342
663.404
664.087
663.738
663.701
663.78
663.866
663.846
663.823
663.843
663.848
663.856
663.879
663.898
663.883
663.909
663.913
663.93
663.944
663.971
663.994
664.016
664.019
664.006
664.014
664.017
664.007
664.025
664.015
664.043
664.056
664.045
664.033
664.035
664.017
664.009
664.006
664.009
664.003
664.001
664.027
664.027
664.063
664.074
664.094
664.122
664.123
664.135
664.126
664.135
664.128
664.144
664.157
664.138
664.136
664.138
664.146
664.136
664.153
664.185
664.195
664.197
664.189
664.208
664.192
664.181
664.179
664.187
664.197
664.2
664.197
664.218
664.202
664.189
664.197
664.224
664.237
664.246
664.277
664.285
664.308
664.3
664.318
664.337
664.339
664.345
664.339
664.337
664.351
664.342
664.341
664.359
664.369
664.38
664.372
664.37
664.378
664.391
664.41
664.401
664.418
664.431
664.431
664.413
664.39
664.417
664.413
664.392
664.388
664.396
664.398
664.391
664.398
664.418
664.413
664.419
664.421
664.427
664.422
664.434
664.429
664.431
664.431
664.422
664.437
664.447
664.458
664.46
664.461
664.476
664.458
664.448
664.456
664.49
664.499
664.508
664.537
664.538
664.547
664.54
664.525
664.535
664.528
664.537
664.555
664.547
664.555
664.566
664.558
664.566
664.548
664.556
664.57
664.558
664.576
664.569
664.578
664.581
664.586
664.589
664.594
664.586
664.602
664.614
664.615
664.625
664.625
664.633
664.617
664.597
664.613
664.607
664.608
664.619
664.625
664.646
664.638
664.645
664.645
664.664
664.667
664.651
664.648
664.658
664.676
664.646
663.952
663.932
664.032
664.116
664.172
664.881
665.822
666.851
669.593
668.841
665.877
665.413
665.544
665.627
665.703
665.731
662.552
662.061
662.449
662.576
661.803
657.496
652.25
648.527
648.784
650.578
664.801
670.83
652.077
649.548
650.459
653.205
654.59
654.958
654.982
655.439
662.034
664.481
664.948
665.126
665.23
665.275
665.437
661.29
657.368
