-0.399448
-0.398328
-0.374072
-0.347824
-0.29848
-0.272437
-0.242523
-0.257974
-0.264243
-0.259787
-0.252915
-0.208548
-0.175259
-0.166852
-0.151563
-0.155939
-0.146442
-0.164948
-0.160779
-0.142294
-0.123624
-0.108716
-0.0814453
-0.0631225
-0.0463104
-0.0524628
-0.0382843
-0.023114
-0.0306427
-0.0510529
-0.0275146
-0.0251465
-0.0262421
3.27E-03
0.0427582
0.0723023
0.0684418
0.0831971
0.0711609
0.0672028
-9.46E-03
-0.130616
-0.0580537
0.0546115
0.0613589
-0.0347137
-0.0498902
-0.0419006
-0.0335968
-0.030246
-4.18E-03
9.79E-03
0.0287567
-0.509679
0.512859
0.659431
0.719875
1.1114
-0.110215
-0.335372
1.57065
-0.116473
0.0285029
0.0750549
0.153818
0.236356
0.356653
0.413101
0.469748
0.531644
0.602588
0.671426
0.732031
0.787668
0.830987
0.883368
0.926062
0.94993
0.970099
0.998697
1.02663
1.06409
1.09452
1.13285
1.16483
1.16907
1.16577
1.16164
1.15839
1.19504
1.20632
1.25988
1.2873
1.30677
1.34705
1.34969
1.36772
1.40378
1.43519
1.4662
1.49579
1.52464
1.53668
1.54921
1.54277
1.54068
1.55693
1.55164
1.57484
1.5902
1.61707
1.63684
1.66241
1.68929
1.69424
1.71761
1.72058
1.73139
1.75284
1.76999
1.80146
1.82014
1.85267
1.85879
1.86896
1.87339
1.89026
1.91065
1.93513
1.95015
1.96921
1.97012
1.95365
1.96115
1.961
1.95739
1.97003
1.97922
1.98932
2.00782
2.02041
2.03776
2.05953
2.06032
2.07709
2.08807
2.1004
2.12544
2.15996
2.19005
2.21091
2.20407
2.21299
2.22281
2.25744
2.26179
2.27719
2.30893
2.32944
2.33174
2.35073
2.36952
2.39084
2.40936
2.41049
2.43433
2.4403
2.45604
2.45976
2.47496
2.48867
2.51613
2.52014
2.53695
2.53312
2.53874
2.54193
2.55041
2.56801
2.57036
2.57875
2.58963
2.60742
2.6217
2.64664
2.6499
2.658
2.68448
2.70788
2.73609
2.75011
2.77879
2.79604
2.79158
2.77787
2.78745
2.79004
2.80933
2.83865
2.8671
2.88876
2.91706
2.92079
2.94781
2.94066
2.94717
2.95999
2.9918
2.99166
3.00732
3.02346
3.04874
3.06123
3.06122
3.07731
3.09717
3.11108
3.12671
3.1387
3.15718
3.16326
3.18647
3.20639
3.2122
3.21205
3.23026
3.24213
3.24313
3.24196
3.25826
3.2702
3.27116
3.28072
3.30003
3.31009
3.31146
3.33142
3.34067
3.34001
3.33394
3.34023
3.35129
3.35126
3.34436
3.36044
3.36912
3.37477
3.38169
3.39659
3.39175
3.40823
3.41859
3.42664
3.43166
3.45758
3.47129
3.47883
3.50064
3.50915
3.51963
3.52041
3.53773
3.54966
3.56826
3.56459
3.58201
3.60126
3.6189
3.656
3.67762
3.69784
3.72444
3.73825
3.74172
3.73802
3.74996
3.76898
3.77838
3.80818
3.81024
3.82322
3.85081
3.85313
3.87082
3.8977
3.91043
3.92866
3.94117
3.94614
3.96625
3.9528
3.96002
3.97797
3.98786
3.98999
3.99924
4.00908
4.01877
4.04596
4.08626
4.09761
4.10857
4.1204
4.12933
4.12946
4.13795
4.14892
4.15988
4.19707
4.2183
4.23828
4.23209
4.26605
4.27936
4.29724
4.29379
4.30243
4.32722
4.31444
4.30271
4.30807
4.31216
4.29355
4.30811
4.31866
4.33893
4.35986
4.38477
4.40057
4.41052
4.39481
4.39127
4.39224
4.40686
4.41752
4.41806
4.42108
4.44127
4.4596
4.46979
4.48628
4.50924
4.52714
4.53897
4.55051
4.55851
4.56943
4.57916
4.58655
4.5808
4.6077
4.621
4.62849
4.63619
4.64306
4.64096
4.632
4.64615
4.63955
4.52139
5.713
2.86902
4.09541
4.1151
4.08791
4.08305
4.08882
4.17783
4.22338
4.20534
4.08736
4.07882
4.08407
3.83192
3.7758
4.05928
3.88821
3.81074
5.75144
2.88296
3.91636
3.15416
5.51975
3.46742
4.15059
3.14608
3.66085
3.77356
3.71417
3.6871
3.68292
3.70162
3.70749
3.71701
3.7234
3.72987
3.7232
3.71399
3.6929
3.70013
3.68192
3.67151
3.66608
3.69162
3.68306
3.68523
3.67928
3.68623
3.68761
3.67996
3.6544
3.65833
3.65432
3.64279
3.62024
3.61893
3.61916
3.61394
3.60319
3.6122
3.60619
3.59339
3.57701
3.57697
3.55975
3.5931
3.68886
3.80268
3.60916
3.26075
3.39139
3.6108
3.64586
3.63575
3.62193
3.6433
3.65505
3.69693
3.82673
3.27603
3.29963
3.51897
3.63686
3.67733
3.66525
3.65913
3.66006
3.64197
3.65922
3.39354
2.40305
6.1931
3.56776
3.77748
3.88563
3.95963
4.04449
4.11418
4.18276
4.21761
4.26525
4.31603
4.39187
4.45964
4.53848
4.60148
4.65631
4.6774
4.68616
4.68425
4.6958
4.72689
4.77269
4.83058
4.85666
4.89217
4.90075
4.92875
4.92682
4.94848
5.00294
5.02954
5.06061
5.06196
5.07833
5.08297
5.08405
5.10762
5.13879
5.17625
5.20856
5.22947
5.26622
5.28994
5.27658
5.28297
5.28084
5.29926
5.30035
5.31755
5.32928
5.35861
5.37895
5.38916
5.39245
5.40022
5.41748
5.43808
5.45101
5.45958
5.4809
5.50794
5.5275
5.54908
5.55893
5.59528
5.63516
5.66779
5.70602
5.72077
5.73978
5.75372
5.77848
5.79135
5.80586
5.80987
5.80072
5.79879
5.80315
5.81873
5.85645
5.89703
5.93829
5.96646
6.00255
6.05209
6.06973
6.08589
6.12244
6.13934
6.1513
6.16545
6.17737
6.19781
6.21782
6.22491
6.22891
6.24128
6.25201
6.2526
6.25114
6.2535
6.28819
6.31699
6.33697
6.34998
6.37504
6.39022
6.40578
6.41392
6.40525
6.4087
6.41843
6.4404
6.4494
6.46617
6.49667
6.5277
6.54041
6.53052
6.53256
6.5308
6.54827
6.5451
6.55741
6.5687
6.59002
6.62586
6.64691
6.66912
6.69773
6.70873
6.73438
6.74108
6.75843
6.78665
6.80746
6.81873
6.84461
6.84916
6.8596
6.85804
6.88604
6.90869
6.91971
6.95819
6.98628
7.00695
7.01943
7.02838
7.04163
7.04053
7.04066
7.04892
7.04889
7.04863
7.05808
7.07897
7.09891
7.09411
7.11671
7.13541
7.15564
7.17699
7.19773
7.21786
7.2288
7.23885
7.25009
7.2494
7.2695
7.2851
7.30752
7.3117
7.35407
7.37644
7.38877
7.41643
7.41766
7.43137
7.41367
7.39328
7.38348
7.37688
7.3804
7.38791
7.40672
7.42883
7.47255
7.4964
7.53248
7.55438
7.56924
7.58579
7.6003
7.60099
7.61527
7.62824
7.63897
7.65768
7.68442
7.70575
7.72045
7.73131
7.72086
7.73951
7.74123
7.74201
7.77586
7.78982
7.78451
7.77806
7.78814
7.79873
7.8048
7.81874
7.84875
7.85893
7.86923
7.87799
7.8848
7.88864
7.92739
7.9487
7.96963
8.00349
8.04698
8.07037
8.07199
8.06422
8.08017
8.07462
8.08893
8.0899
8.12406
8.13766
8.14948
8.16586
8.14897
8.14853
8.15905
8.16327
8.17948
8.19131
8.19244
8.21823
8.22971
8.24811
8.24597
8.25181
8.24426
8.24055
8.25812
8.2778
8.30234
8.35727
8.39445
8.4352
8.45889
8.48679
8.50104
8.50983
8.50394
8.51783
8.52275
8.52368
8.53205
8.52392
8.54764
8.55741
8.57749
8.59624
8.61902
8.63815
8.65768
8.65103
8.6406
8.64771
8.67632
8.68143
8.69012
8.70807
8.73499
8.75534
8.75772
8.76764
8.7692
8.78009
8.79131
8.80865
8.81068
8.82651
8.84698
8.86606
8.85892
8.87699
8.88897
8.90768
8.91125
8.93009
8.85542
9.85668
7.18392
8.3665
8.24374
8.29465
8.30136
8.32508
8.37476
8.35673
8.41193
8.28776
8.26453
7.96905
8.04082
8.10185
8.18019
8.0112
8.34232
9.54388
6.39714
7.92519
7.67902
9.25604
7.13044
7.26137
7.19402
7.82517
7.87339
7.81603
7.82245
7.82166
7.81876
7.80923
7.79238
7.80339
7.80396
7.80477
7.81849
7.82296
7.81389
7.79315
7.78073
7.78371
7.7734
7.7711
7.78619
7.77986
7.77764
7.775
7.76842
7.76907
7.77675
7.77144
7.77802
7.78795
7.77732
7.76173
7.74912
7.75931
7.75119
7.73584
7.6963
7.67875
7.66192
7.62888
7.68722
7.78745
7.8464
7.57183
7.2878
7.47596
7.65257
7.6823
7.64886
7.64013
7.63617
7.64162
7.6945
7.65377
7.34785
7.40352
7.63467
7.68832
7.67852
7.66137
7.67521
7.688
7.68781
7.72734
7.44273
6.1722
10.4057
7.53287
7.72756
7.8093
7.88846
7.95537
8.0335
8.09468
8.16436
8.212
8.24019
8.27262
8.31952
8.37531
8.39883
8.43012
8.45649
8.48061
8.48225
8.48273
8.51872
8.53408
8.55963
8.57954
8.62602
8.65291
8.65403
8.66951
8.7008
8.72537
8.74582
8.78977
8.81472
8.83245
8.87553
8.91893
8.93031
8.95151
8.9816
9.01169
9.02308
9.03971
9.06311
9.08787
9.13107
9.16953
9.1988
9.21951
9.23138
9.24994
9.25202
9.27014
9.27225
9.28886
9.311
9.31103
9.32249
9.34143
9.3689
9.39668
9.43047
9.46953
9.4888
9.50076
9.50574
9.50439
9.4951
9.48909
9.49762
9.51856
9.54327
9.55984
9.57975
9.60611
9.64438
9.6586
9.68738
9.71679
9.75485
9.7758
9.7995
9.82831
9.86616
9.91632
9.93632
9.95897
9.98011
9.9804
9.97929
9.95364
9.9494
9.95184
9.99336
10.0185
10.0557
10.0972
10.1362
10.1295
10.1489
10.1641
10.1625
10.1773
10.1863
10.216
10.2442
10.2514
10.2587
10.2687
10.272
10.2807
10.2735
10.306
10.3279
10.338
10.3534
10.3949
10.4266
10.4373
10.4371
10.458
10.4877
10.5015
10.5167
10.5373
10.5653
10.5795
10.587
10.6079
10.6234
10.6274
10.6542
10.6568
10.6658
10.679
10.7051
10.7187
10.7205
10.7472
10.7697
10.777
10.7951
10.8076
10.8258
10.8488
10.8574
10.8827
10.9066
10.9362
10.9492
10.9854
10.9999
11.0211
11.0304
11.0503
11.0622
11.0549
11.0697
11.0892
11.0828
11.0885
11.0969
11.0983
11.1085
11.0995
11.1104
11.1231
11.1276
11.1475
11.1798
11.19
11.2091
11.2334
11.2424
11.2487
11.2597
11.2805
11.294
11.2986
11.3249
11.3454
11.3695
11.3914
11.4231
11.454
11.4676
11.4878
11.4936
11.5048
11.4961
11.4784
11.4948
11.5209
11.5315
11.5639
11.5783
11.6219
11.6273
11.6378
11.6558
11.6586
11.6599
11.6592
11.6534
11.6506
11.6594
11.6529
11.6408
11.6308
11.6479
11.6375
11.6438
11.6751
11.68
11.6905
11.7002
11.7022
11.726
11.7528
11.748
11.7643
11.7864
11.7971
11.8087
11.8183
11.8448
11.8503
11.8772
11.878
11.8636
11.8698
11.8784
11.8863
11.8968
11.935
11.9483
11.9597
11.979
11.9723
11.9817
11.9905
12.0176
12.0282
12.0639
12.0872
12.0938
12.0968
12.0883
12.0815
12.0889
12.0987
12.1085
12.1103
12.1361
12.1372
12.1641
12.1835
12.1882
12.231
12.2537
12.2685
12.2873
12.2895
12.2801
12.2628
12.2723
12.2724
12.2781
12.2868
12.3035
12.3201
12.3344
12.3374
12.3665
12.367
12.3812
12.3904
12.3903
12.4092
12.4019
12.4092
12.402
12.3995
12.4115
12.4096
12.4212
12.4137
12.4285
12.4365
12.4569
12.4628
12.4811
12.4903
12.502
12.5124
12.519
12.5434
12.5561
12.5717
12.5569
12.4137
13.5941
10.6604
12.096
11.9777
11.9778
11.9626
11.9538
11.9734
11.9114
11.946
11.9845
11.9521
11.748
11.9369
11.9975
11.9741
11.7747
12.6509
13.2353
10.581
12.1003
12.1267
13.193
11.2515
11.1252
11.0627
11.4837
11.505
11.483
11.4858
11.496
11.517
11.529
11.5405
11.5421
11.5238
11.4999
11.4752
11.4433
11.4409
11.4254
11.4301
11.4227
11.4065
11.3943
11.3725
11.3609
11.3567
11.3721
11.3781
11.3911
11.3816
11.4005
11.3812
11.3712
11.3591
11.3322
11.3262
11.313
11.3189
11.3013
11.3076
11.3071
11.2894
11.277
11.3472
11.514
11.604
11.1691
10.937
11.1642
11.3251
11.3375
11.3229
11.3211
11.3241
11.3479
11.4308
11.2898
10.9955
11.0629
11.3083
11.3496
11.3596
11.3584
11.367
11.3691
11.3587
11.3567
11.0492
9.50734
14.1997
11.2318
11.5012
11.607
11.7281
11.8042
11.8652
11.9252
11.949
11.9875
12.0578
12.121
12.1689
12.2033
12.2439
12.2649
12.2964
12.3365
12.3754
12.4212
12.4474
12.4846
12.533
12.5496
12.5887
12.6182
12.6653
12.6795
12.6734
12.6958
12.7019
12.7007
12.7105
12.7296
12.7835
12.7985
12.8373
12.8864
12.9023
12.9271
12.934
12.9599
12.9801
13.0166
13.04
13.0794
13.0978
13.1054
13.1117
13.1139
13.1238
13.1304
13.1393
13.1514
13.1803
13.1875
13.2189
13.2458
13.2514
13.2875
13.3086
13.3236
13.3473
13.3777
13.3923
13.4002
13.402
13.4129
13.4117
13.4438
13.4641
13.4809
13.4884
13.5
13.5083
13.504
13.5216
13.5312
13.5429
13.5689
13.5994
13.6277
13.6503
13.6537
13.6785
13.6884
13.6987
13.7101
13.7461
13.7569
13.777
13.8147
13.8211
13.8025
13.8003
13.8102
13.8085
13.8006
13.8195
13.8398
13.8573
13.8712
13.8799
13.8904
13.8991
13.92
13.9225
13.9318
13.9478
13.9574
13.9517
13.9584
13.978
13.9971
14.0136
14.0267
14.0491
14.0592
14.0655
14.0611
14.0591
14.0652
14.0619
14.067
14.0768
14.0971
14.1251
14.1536
14.1571
14.1778
14.1894
14.1911
14.1985
14.2116
14.2124
14.2023
14.2181
14.2337
14.23
14.2386
14.2411
14.2574
14.2754
14.2804
14.2908
14.2904
14.3103
14.32
14.3204
14.3292
14.3375
14.3379
14.3628
14.3777
14.3887
14.4166
14.4389
14.438
14.4461
14.4673
14.4678
14.4649
14.4685
14.4762
14.4708
14.4786
14.48
14.4811
14.5042
14.5175
14.5112
14.4987
14.5112
14.5002
14.517
14.5202
14.5281
14.5294
14.5285
14.5551
14.5601
14.5508
14.5567
14.5691
14.5679
14.5672
14.5957
14.5946
14.6134
14.6317
14.6278
14.6452
14.6593
14.6797
14.6811
14.6975
14.7017
14.6993
14.6985
14.6977
14.6986
14.7064
14.6919
14.6807
14.6743
14.6877
14.6914
14.7098
14.7061
14.7163
14.7278
14.7377
14.7351
14.7283
14.7376
14.7743
14.7862
14.7809
14.7885
14.7983
14.8007
14.8098
14.8161
14.8376
14.8317
14.8293
14.8112
14.8014
14.7931
14.7874
14.805
14.8169
14.8289
14.8463
14.8604
14.8604
14.8399
14.8462
14.8471
14.847
14.8506
14.859
14.8767
14.877
14.887
14.8837
14.8981
14.8913
14.9062
14.9283
14.9569
14.9599
14.9586
14.9687
14.9434
14.9202
14.9078
14.9197
14.9218
14.925
14.9499
14.9846
14.9974
14.9975
15.0005
14.9966
14.9957
14.9864
14.9875
14.9909
14.9907
14.9905
14.9921
14.9996
15.0016
15.0089
15.0016
15.0074
15.0103
15.0115
15.0197
15.0204
15.0298
15.0351
15.046
15.0446
15.0461
15.0405
15.0415
15.0382
15.0396
15.0319
15.0401
15.0329
15.0468
15.04
15.0319
15.0367
15.0298
14.9383
15.8598
13.2332
14.539
14.4401
14.434
14.4053
14.3905
14.3735
14.3465
14.4802
14.2172
14.3175
14.4713
14.1049
14.3497
14.2467
14.1903
15.6667
15.1595
13.224
13.8324
15.0833
14.748
13.5022
13.6566
13.4457
13.8291
13.8823
13.8884
13.9144
13.9542
13.9583
13.9683
13.9479
13.9395
13.9391
13.9263
13.9362
13.9382
13.9308
13.901
13.8677
13.8485
13.8357
13.8146
13.8288
13.8202
13.8174
13.8155
13.8108
13.7997
13.7783
13.7679
13.7515
13.7561
13.7325
13.7184
13.7271
13.7119
13.6939
13.6745
13.6446
13.6327
13.6224
13.6234
13.7247
13.863
13.7946
13.434
13.3102
13.5081
13.673
13.676
13.6678
13.6621
13.631
13.6228
13.6781
16.0812
17.1753
16.8755
15.3228
14.6327
14.4276
14.3531
14.334
12.4966
10.0577
9.61545
12.0217
13.4264
13.707
13.7271
13.7319
13.7389
13.7524
13.7513
13.3971
14.1795
13.6474
14.9795
13.8327
13.977
14.1091
14.1957
14.2815
14.3421
14.3751
14.4077
14.4439
14.4811
14.5209
14.5568
14.605
14.6336
14.6814
14.7044
14.7165
14.7278
14.7449
14.7697
14.7842
14.7794
14.8089
14.7874
14.7733
14.7733
14.7818
14.7831
14.8029
14.8394
14.8448
14.8715
14.8917
14.9114
14.9195
14.9354
14.9541
14.9643
14.9645
14.9627
14.9701
14.9804
14.9923
15.002
15.0182
15.0684
15.0673
15.0733
15.0729
15.0763
15.1003
15.1101
15.139
15.1409
15.1594
15.1812
15.1851
15.1894
15.2009
15.2046
15.2191
15.2304
15.239
15.2325
15.2209
15.2507
15.2441
15.2469
15.2772
15.2903
15.3017
15.3034
15.2938
15.2999
15.3016
15.2847
15.2716
15.2629
15.2618
15.2624
15.2688
15.2779
15.2968
15.316
15.3268
15.3223
15.3312
15.3204
15.3114
15.3086
15.3357
15.3388
15.3481
15.3555
15.3602
15.3609
15.3595
15.3593
15.3618
15.378
15.3902
15.3999
15.3993
15.4083
15.4096
15.4173
15.4282
15.4198
15.4194
15.4112
15.399
15.3986
15.3911
15.3819
15.3999
15.3957
15.4099
15.392
15.3872
15.3986
15.3876
15.3914
15.3889
15.3883
15.4087
15.415
15.4117
15.4008
15.3883
15.3799
15.3847
15.3824
15.3855
15.3961
15.3892
15.4022
15.3894
15.406
15.4086
15.4039
15.405
15.4197
15.4082
15.4142
15.4362
15.428
15.4445
15.4747
15.4793
15.4857
15.4982
15.509
15.5027
15.5131
15.5085
15.4999
15.5002
15.5148
15.5254
15.5081
15.5137
15.5169
15.5198
15.5185
15.4992
15.5125
15.5255
15.5333
15.5219
15.5089
15.5137
15.5267
15.5467
15.5573
15.5735
15.5665
15.5859
15.574
15.5742
15.576
15.5741
15.5855
15.6127
15.6281
15.6284
15.6375
15.627
15.6108
15.6069
15.5907
15.5973
15.5566
15.5356
15.5198
15.5108
15.5001
15.4793
15.4878
15.5111
15.5427
15.5552
15.5759
15.5786
15.5884
15.5784
15.5765
15.5769
15.5784
15.5742
15.5837
15.5972
15.5957
15.5996
15.5903
15.5977
15.6073
15.6098
15.609
15.6171
15.6196
15.6184
15.6103
15.616
15.6205
15.6181
15.6143
15.6181
15.6342
15.6552
15.6561
15.6648
15.6769
15.6684
15.6764
15.678
15.6788
15.686
15.6961
15.7068
15.7091
15.7099
15.7184
15.7017
15.6883
15.6797
15.6777
15.684
15.6858
15.7032
15.713
15.6993
15.7141
15.7155
15.6991
15.6819
15.6788
15.67
15.6594
15.6495
15.6577
15.6497
15.6454
15.6322
15.6373
15.6411
15.6586
15.6766
15.6903
15.6983
15.6925
15.6817
15.6772
15.672
15.6604
15.6438
15.6301
15.621
15.6236
15.6096
15.6085
15.6093
15.6208
15.6383
15.6309
15.5997
15.5904
15.5961
15.5917
15.5717
15.5684
15.588
15.5962
15.5829
15.5778
15.597
15.6085
15.5991
15.5587
18.0652
12.5671
15.0499
15.1486
15.0874
15.0186
14.9822
14.9711
14.9544
14.934
14.9177
14.8945
14.8825
14.8899
14.8795
14.8722
14.8791
14.8878
14.8912
14.8722
14.8685
14.8682
14.854
14.8549
14.8433
14.8321
14.8136
14.8048
14.8006
14.7914
14.7889
14.7921
14.7801
14.7969
14.7897
14.7785
14.7886
14.7706
14.7678
14.7612
14.7589
14.7682
14.7602
14.7418
14.7376
14.7374
14.7358
14.7388
14.7389
14.7283
14.7379
14.7038
14.699
14.6812
14.6776
14.6884
14.7065
14.7169
14.7187
14.7156
14.7044
14.7047
14.7073
14.7096
14.7065
14.7091
14.6895
14.6739
14.653
14.6433
14.6242
14.6399
14.6347
14.6318
14.6397
14.6292
14.6295
14.611
14.6071
14.5899
14.5987
14.5821
14.5881
14.5971
14.587
14.5868
14.5709
14.5787
14.5707
14.5615
14.5516
14.544
14.55
14.5391
14.5567
14.5783
14.5797
14.589
14.5831
14.5864
14.5718
14.568
14.5661
14.5592
14.5546
14.56
14.5598
14.5581
14.5517
14.5588
14.5358
14.532
14.5122
14.5186
14.5178
14.5208
14.5385
14.531
14.5288
14.5221
14.5109
14.5089
14.5153
14.5188
14.5274
14.529
14.5372
14.5376
14.5391
14.5409
14.55
14.5404
14.5125
14.5005
14.4924
14.4829
14.4699
14.4674
14.4755
14.4764
14.4676
14.4575
14.4589
14.4705
14.4522
14.4598
14.4518
14.45
14.4572
14.4636
14.4677
14.4614
14.4698
14.4753
14.4858
14.472
14.4606
14.4485
14.4522
14.4347
14.4144
14.4017
14.3936
14.4192
14.4177
14.4185
14.4456
14.4686
14.4713
14.4626
14.442
14.4406
14.4389
14.4298
14.4108
14.3917
14.3821
14.389
14.3799
14.3632
14.3631
14.3664
14.3778
14.3684
14.3583
14.3576
14.3495
14.3391
14.3463
14.3501
14.3576
14.3866
14.424
14.431
14.4289
14.4393
14.4337
14.4104
14.3741
14.3606
14.3342
14.33
14.3204
14.3307
14.3212
14.3292
14.3479
14.3423
14.3398
14.3476
14.3535
14.3384
14.3461
14.347
14.3497
14.3303
14.3306
14.3137
14.3106
14.2998
14.3143
14.3278
14.3365
14.347
14.3548
14.3508
14.3448
14.3296
14.3212
14.308
14.3173
14.319
14.2917
14.2809
14.3049
14.2997
14.2999
14.2917
14.2973
14.3012
14.2989
14.2899
14.2813
14.2867
14.2996
14.2897
14.3013
14.2922
14.2965
14.2907
14.2891
14.2815
14.2794
14.2706
14.2808
14.2795
14.2875
14.2983
14.3174
14.3018
14.2908
14.294
14.2844
14.265
14.2576
14.2579
14.2572
14.2456
14.2646
14.2703
14.2607
14.2524
14.2478
14.2505
14.2335
14.2209
14.2198
14.2198
14.2092
14.1975
14.2064
14.2072
14.2007
14.2049
14.2167
14.19
14.1801
14.1779
14.1689
14.169
14.1438
14.1421
14.1317
14.1299
14.1212
14.1025
14.0901
14.0889
14.0712
14.0768
14.062
14.067
14.0733
14.0679
14.0587
14.0651
14.0947
14.1176
14.1112
14.1192
14.1284
14.11
14.0997
14.0743
14.0531
14.0403
14.0391
14.0394
14.0606
14.0743
14.0798
14.0875
14.0912
14.0965
14.0962
14.0718
14.0667
14.0844
14.0779
14.0613
14.0594
14.066
14.0692
14.0678
14.0605
14.0667
14.0763
14.0698
14.0577
14.0709
14.0745
14.0673
14.0787
14.0631
14.0508
14.0588
14.0508
14.0338
14.0215
14.0094
14.0069
14.0105
14.0122
14.0182
14.0288
14.0147
14.0115
13.9936
13.9978
13.9923
13.9811
13.9883
13.9917
13.9807
13.9713
13.9753
13.9705
13.9671
13.9696
13.9697
13.95
13.9499
13.9494
13.9598
13.9503
13.96
13.9786
13.9796
13.9883
13.981
13.9793
13.9678
13.9477
13.9409
13.9128
13.9028
13.8744
13.8629
13.8695
13.8861
13.9034
13.9163
13.9077
13.918
13.911
13.8935
13.8987
13.8897
13.8897
13.8869
13.8889
13.8698
13.8417
13.828
13.8178
13.8208
13.8292
13.8291
13.8394
13.8406
13.8325
13.8196
13.8112
13.8014
13.7829
13.7803
13.7692
13.776
13.7768
13.7626
13.7662
13.7678
13.7441
13.741
13.7295
13.7276
13.709
13.7082
13.7256
13.7093
13.6997
13.7188
13.7282
13.7481
13.7335
13.7369
13.7582
13.7317
13.7032
13.6917
13.7074
13.6944
13.6979
13.6894
13.6871
13.687
13.6724
13.6661
13.6794
13.6733
13.6971
13.6916
13.7147
13.7283
13.7202
13.7099
13.6997
13.6895
13.6912
13.6815
13.6809
13.6642
13.6652
13.6689
13.6592
13.6663
13.6569
13.6542
13.6557
13.6382
13.6452
13.6419
13.6374
13.64
13.6311
13.6287
13.6124
13.6086
13.6069
13.6055
13.624
13.6239
13.6263
13.6338
13.6204
13.6088
13.609
13.6009
13.5842
13.5788
13.57
13.5846
13.608
13.6265
13.638
13.6283
13.6322
13.6202
13.6108
13.6097
13.6104
13.6069
13.6085
13.5997
13.6075
13.5929
13.5627
13.5596
13.5399
13.545
13.5292
13.5172
13.5098
13.5166
13.5175
13.5112
13.5196
13.5235
13.528
13.5298
13.5202
13.5366
13.5367
13.5366
13.5452
13.5367
13.5394
13.5285
13.5285
13.5079
13.5073
13.5185
13.5097
13.5155
13.5171
13.5201
13.5278
13.5115
13.5103
13.5178
13.5112
13.5086
13.5021
13.5074
13.5162
13.5015
13.4895
13.4708
13.469
13.4483
13.4399
13.4361
13.4467
13.4505
13.4313
13.4303
13.4388
13.4404
13.44
13.4103
13.4264
13.4258
13.4344
13.4438
13.4476
13.4484
13.4403
13.4121
13.3947
13.3744
13.3605
13.3487
13.3869
13.3979
13.4069
13.4165
13.4115
13.3938
13.3702
13.3512
13.3741
13.389
13.3865
13.4136
13.4271
13.436
13.4399
13.4215
13.4211
13.4044
13.4072
13.3911
13.3984
13.3879
13.3862
13.4042
13.4003
13.3987
13.4034
13.39
13.3737
13.3588
13.3579
13.3678
13.3612
13.3648
13.3855
13.3969
13.4021
13.3914
13.4069
13.4198
13.4108
13.3996
13.3995
13.3825
13.3696
13.36
13.3317
13.3211
13.3106
13.3082
13.3096
13.3178
13.3356
13.3489
13.3519
13.3377
13.329
13.3022
13.2642
13.2776
13.259
13.2431
13.2377
13.2489
13.2589
13.2433
13.2424
13.258
13.2544
13.2455
13.234
13.2411
13.2329
13.2383
13.2392
13.2271
13.2373
13.2207
13.2178
13.2022
13.1815
13.1876
13.2041
13.2153
13.2156
13.2064
13.2139
13.1985
13.1797
13.169
13.1691
13.1522
13.1602
13.1583
13.168
13.1881
13.1874
13.1967
13.2071
13.2007
13.1896
13.177
13.18
13.1887
13.1803
13.169
13.169
13.1772
13.1668
13.184
13.2034
13.1983
13.2057
13.1966
13.1714
13.152
13.151
13.1577
13.1503
13.1592
13.1592
13.151
13.1315
13.112
13.0895
13.0789
13.0422
13.0537
13.0575
13.0669
13.0606
13.0587
13.066
13.0806
13.0725
13.0408
13.0284
13.0358
13.0282
13.027
13.0282
13.0454
13.0567
13.0739
13.0882
13.0977
13.0817
13.071
13.0522
13.0408
13.0226
12.9918
12.9874
12.9844
12.993
12.997
13.02
13.0369
13.0385
13.0506
13.0518
13.0577
13.0596
13.0502
13.0223
13.0098
12.9999
12.9992
12.9887
13.0063
13.0141
13.0269
13.0428
13.022
13.0323
13.0247
13.0051
13.0018
12.9927
12.9914
12.9782
12.9614
12.961
12.9526
12.9586
12.9526
12.9583
12.9692
12.9686
12.9711
12.9699
12.9688
12.9698
12.9688
12.9624
12.96
12.9592
12.9503
12.9405
12.919
12.9152
12.9157
12.9448
12.9628
12.9677
12.9766
12.979
12.9778
13.002
13.0067
12.9907
13.0048
13.0101
13.0002
12.9805
12.9708
12.9698
12.9682
12.9772
12.9763
12.976
12.976
12.9678
12.967
12.9589
12.9595
12.9588
12.9692
12.9776
12.9792
12.9778
12.9979
12.9991
12.9991
13.0124
13.0034
12.9856
12.9801
12.9814
12.968
12.9565
12.9569
12.9493
12.9655
12.959
12.9491
12.9411
12.9133
12.907
12.9023
12.9055
12.9243
12.9171
12.9446
12.9582
12.9503
12.9497
12.9606
12.9414
12.9132
12.902
12.8987
12.8921
12.8727
12.8684
12.861
12.887
12.8985
12.8897
12.8897
12.8995
12.8882
12.878
12.8579
12.8574
12.8491
12.8423
12.8374
12.8315
12.821
12.7859
12.7705
12.7589
12.752
12.7313
12.7368
12.7393
12.7539
12.7653
12.8012
12.8075
12.8249
12.8192
12.8105
12.7942
12.7599
12.7374
12.7114
12.7022
12.6913
12.6905
12.6818
12.6827
12.6961
12.7139
12.7079
12.7145
12.7185
12.709
12.7092
12.7104
12.71
12.7124
12.7109
12.7035
12.7018
12.7145
12.7011
12.6979
12.6943
12.6955
12.6884
12.6803
12.6625
12.6623
12.6452
12.6371
12.5998
12.6752
12.5831
