-1.84047
-1.5432
-1.31734
-1.24281
-1.20726
-1.15773
-1.10258
-1.07922
-1.00774
-0.960464
-0.917816
-0.909683
-0.943756
-0.944061
-0.870239
-0.685867
-0.355698
-0.0596161
-0.0145264
-3.73E-14
0.0446014
-0.0124207
-0.172195
-0.381958
-0.572891
-0.835861
-1.06664
-1.47797
-1.66086
-11.9877
-11.7182
-2.48265
16.5791
27.2982
31.9091
33.8275
34.697
35.308
35.7689
36.0959
36.3634
36.6053
36.8345
37.022
37.192
37.3802
37.5416
37.7315
37.9181
38.0971
38.2479
38.4077
38.5682
38.7345
38.8588
38.9881
39.1186
39.2561
39.4162
39.5733
39.7315
39.8998
40.0714
40.2252
40.3788
40.5338
40.6761
40.8166
40.944
41.0666
41.1599
41.2377
41.3178
41.3767
41.4487
41.517
41.6205
40.9536
39.6295
39.2602
39.1304
40.1548
40.376
40.9513
42.8152
43.7921
44.1576
44.3368
44.4331
44.5175
44.6038
44.6596
44.7429
44.8216
44.8866
44.9337
44.9763
45.0091
45.0486
45.0595
45.0791
45.1021
45.1302
45.1494
45.1627
45.1822
45.2134
45.2137
45.2341
45.254
45.2716
45.2849
45.313
45.3224
45.352
45.3912
45.4142
45.4341
45.483
45.522
45.5611
45.563
45.6037
45.6232
45.6723
45.7048
45.7442
45.7748
45.8028
45.8521
45.8752
45.9341
45.9892
46.0298
46.1021
46.1512
46.2228
46.3029
46.3931
46.5302
46.6756
46.8247
46.9337
47.0724
47.254
47.4318
47.5728
47.7216
47.8927
45.5826
6.88133
6.22086
6.57281
6.84227
7.07906
7.25055
7.41226
7.50203
7.61383
7.71344
7.79352
7.87195
7.94
8.00055
8.03523
8.07594
8.12515
8.14148
8.17867
8.19196
8.22125
8.24117
8.27234
8.29312
8.32086
8.35054
8.37976
8.40094
8.43219
8.45172
8.4521
8.46179
8.44196
8.46149
8.47125
8.47313
8.48921
8.49898
8.5107
8.52046
8.52046
8.52859
8.53023
8.5318
8.54156
8.53999
8.53023
8.53844
8.56929
8.57742
8.57906
8.5775
8.6068
8.60835
8.61188
8.59235
8.5907
8.58063
8.59235
8.6236
8.69859
8.77046
8.77859
8.78648
8.73726
8.70015
8.61188
6.63805
4.52867
3.84235
3.28023
5.68054
10.538
9.57906
5.30797
5.45992
5.40953
5.05952
5.03023
4.72163
4.73921
4.66922
4.59703
3.58539
1.09695
-1.03032
-1.90297
2.79156
6.2525
10.8798
8.69031
-2.20375
-0.419373
0.598587
5.02827
7.20992
7.45992
7.49274
7.51102
7.64937
7.87984
8.07945
8.24937
8.37672
8.4861
8.56773
8.62828
8.65758
8.68687
8.71968
8.76891
8.95836
9.22789
9.38765
9.47945
9.54195
9.48297
9.39156
9.29031
9.19
9.08258
8.94038
8.84077
8.73132
8.60016
8.47789
8.39937
8.31929
8.25093
8.10875
8.02867
-4.24907
-212.189
-182.481
-165.788
-165.559
-172.808
-178.042
-182.86
-187.329
-190.62
-193.2
-194.689
-195.241
-195.243
-194.954
-194.194
-193.37
-192.344
-191.183
-189.854
-188.473
-187.014
-185.573
-184.094
-182.542
-180.942
-179.331
-177.673
-175.989
-174.329
-172.71
-170.94
-169.219
-167.538
-165.8
-164.044
-162.303
-160.573
-158.842
-157.102
-155.356
-153.682
-151.942
-150.189
-148.471
-146.759
-145.058
-143.271
-141.61
-139.86
-138.108
-136.37
-134.64
-132.999
-131.32
-129.64
-127.919
-126.269
-124.639
-122.97
-121.331
-119.68
-118.062
-116.472
-114.842
-113.233
-111.645
-110.051
-108.424
-106.801
-105.221
-103.601
-102.053
-100.511
-98.9323
-97.4319
-95.9205
-94.3927
-92.8991
-91.3534
-89.842
-88.3405
-86.9205
-85.4401
-83.9303
-82.5596
-81.1592
-79.6721
-78.2213
-76.8733
-75.4635
-74.0647
-72.6971
-71.2526
-69.8932
-68.5026
-67.1514
-65.7916
-64.442
-63.1334
-61.8229
-60.5026
-59.387
-58.5604
-56.9588
-55.7513
-54.502
-53.2618
-52.0458
-50.8707
-49.6926
-48.5566
-47.3502
-46.0277
-44.5945
-43.1602
-41.8368
-40.5345
-39.2372
-37.9199
-36.5918
-35.2906
-33.9867
-32.6407
-31.4604
-30.3557
-29.2291
-27.9614
-26.7392
-25.5775
-24.4056
-23.2439
-22.0447
-20.942
-19.8209
-18.7014
-17.5693
-16.4693
-15.3811
-14.3193
-13.2901
-12.2181
-11.1217
-10.04
-8.99937
-7.8893
-6.80133
-5.72133
-4.69704
-3.69008
-2.68219
-1.61812
-0.539688
0.499451
1.53851
2.62007
3.62016
4.62984
5.64946
6.5943
7.56117
8.55171
9.53032
10.5306
11.4487
12.4143
13.4245
14.4225
15.3557
16.3331
17.3412
18.269
19.2495
20.14
21.0502
21.8928
22.7818
23.6837
24.5939
25.4666
26.3638
27.2541
28.1151
29.0046
30.0161
30.9034
31.71
32.5908
33.4123
34.2541
35.1252
35.9959
34.9435
36.4234
38.8268
40.7869
41.9416
42.932
43.8352
44.768
45.6257
46.4392
47.2557
48.0598
48.8306
49.6951
50.4845
51.2474
52.0141
52.7962
53.5188
54.2278
54.9661
55.6787
56.4255
57.1477
57.9072
58.6087
59.37
60.0775
60.8165
61.5744
62.2966
62.9876
63.6572
64.37
65.0692
65.7552
66.4759
67.1805
67.8387
68.5091
69.2177
69.8372
70.5235
71.2146
71.9141
72.5693
73.1868
73.888
74.54
75.2052
75.8963
76.545
77.2067
77.8748
78.5368
79.1654
79.8356
80.4154
81.0548
81.7278
82.3876
82.9794
83.6165
84.2474
84.8766
85.5235
86.1525
86.7771
87.4259
88.0462
88.6759
89.3064
89.9356
90.5349
91.1055
91.7048
92.3048
92.9466
93.5255
94.1345
94.7262
95.3064
95.8638
96.4451
97.063
97.6072
98.2134
98.8127
99.3357
99.9161
100.502
101.091
101.671
102.262
102.809
103.342
103.954
104.685
105.283
105.834
106.383
106.896
107.493
108.074
108.654
109.172
109.731
110.267
110.801
111.34
111.885
112.334
112.883
113.463
114.001
114.501
114.991
115.551
116.092
116.571
117.074
117.593
118.141
118.652
119.143
119.663
120.133
120.641
121.153
121.602
122.074
122.593
123.122
123.583
124.069
124.61
125.14
125.592
126.061
126.583
127.059
127.512
128.012
128.463
128.911
129.403
129.89
130.381
130.78
131.2
131.741
132.231
132.643
133.1
133.574
134.04
134.461
134.94
135.37
135.857
136.3
136.702
137.151
137.589
138.042
138.503
138.942
139.362
139.803
140.22
140.64
141.06
141.507
141.94
142.329
142.782
143.208
143.591
144.06
144.509
144.929
145.35
145.743
146.124
146.522
146.981
147.391
147.77
148.132
148.561
148.993
149.401
149.792
150.21
150.589
151.029
151.421
151.751
152.12
152.558
153.001
153.359
153.738
154.11
154.483
154.88
155.267
155.631
156.01
156.372
156.739
157.118
157.469
157.811
158.187
158.591
158.931
159.29
159.658
160.04
160.393
160.739
161.097
161.45
161.839
162.199
162.56
162.893
163.241
163.608
163.981
164.34
164.692
165.068
165.429
165.79
166.169
166.52
166.87
167.21
167.579
167.919
168.249
168.589
168.919
169.257
169.638
169.968
170.28
170.592
170.89
171.2
171.53
171.849
172.239
172.56
172.87
173.199
173.519
173.838
174.16
174.509
174.886
175.228
175.57
175.878
176.181
176.509
176.872
177.172
177.46
177.759
178.069
178.39
178.72
179.056
179.355
179.666
179.989
180.288
180.599
180.911
181.231
181.546
181.855
182.148
182.428
182.707
183.017
183.339
183.64
183.919
184.204
184.52
184.829
185.138
185.429
185.729
186.02
186.286
186.556
186.484
186.535
187.038
187.35
187.646
187.846
188.017
188.198
188.366
188.53
188.784
189.171
189.618
190.006
190.4
190.794
191.186
191.593
191.995
192.372
192.765
193.11
193.364
193.631
193.929
194.321
194.634
194.916
195.168
195.483
195.784
196.033
196.305
196.591
196.87
197.149
197.439
197.728
198.006
198.287
198.558
198.991
199.271
199.392
199.578
199.849
200.102
200.386
200.649
200.927
201.21
201.488
201.789
202.05
202.337
202.61
202.869
203.13
203.388
203.638
203.89
204.178
204.484
204.789
205.078
205.348
205.639
205.937
206.236
206.517
206.798
207.078
207.338
207.584
207.874
208.163
208.416
208.626
208.854
209.094
209.299
209.607
209.954
210.212
210.467
210.664
210.883
211.076
211.288
211.565
209.955
210.974
212.766
214.064
214.726
215.141
215.605
215.969
216.16
216.305
216.422
216.587
216.8
217.02
217.244
217.465
217.683
217.896
218.069
218.21
218.368
218.549
218.739
218.929
219.097
219.269
219.457
219.616
219.757
219.934
220.097
220.324
220.504
220.687
220.857
221.018
221.17
221.347
221.517
221.687
221.878
222.058
222.216
222.388
222.558
222.746
222.927
223.076
223.246
223.425
223.613
223.806
224.017
224.206
224.397
224.568
224.736
224.925
225.113
225.267
225.456
225.666
225.866
226.054
226.221
226.404
226.547
226.705
226.886
227.069
227.277
227.456
227.623
227.804
227.971
228.152
228.323
228.484
228.694
228.883
229.064
229.252
229.406
229.586
229.756
229.904
230.095
230.285
230.494
230.684
230.854
231.042
231.213
231.401
231.566
231.751
231.916
232.094
232.255
232.426
232.592
232.762
232.934
233.133
233.293
233.456
233.643
233.813
233.991
234.161
234.364
234.541
234.713
234.92
235.102
235.274
235.434
235.571
235.723
235.885
236.093
236.262
236.422
236.584
236.742
236.932
237.083
237.243
237.413
237.581
237.78
237.95
238.09
238.244
238.391
238.561
238.702
238.852
239.032
239.181
239.342
239.516
239.682
239.863
240.043
240.231
240.424
240.604
240.751
240.911
241.102
241.262
241.421
241.608
241.79
241.983
242.151
242.321
242.489
242.641
242.775
242.911
243.012
243.139
243.27
243.399
243.591
243.77
243.952
244.099
244.229
244.392
244.55
244.72
244.878
245.05
245.228
245.399
245.579
245.733
245.909
246.071
246.192
246.331
246.493
246.642
246.769
246.95
247.122
247.29
247.432
247.55
247.725
247.854
247.981
248.13
248.262
248.427
248.617
248.804
248.958
249.112
249.254
249.391
249.542
249.694
249.841
249.992
250.159
250.294
250.441
250.581
250.738
250.908
251.069
251.228
251.388
251.519
251.679
251.847
251.979
252.112
252.252
252.401
252.538
252.669
252.819
252.981
253.112
253.251
253.391
253.54
253.679
253.831
253.968
254.111
254.269
254.398
254.519
254.66
254.8
254.95
255.07
255.21
255.35
255.471
255.618
255.741
255.875
256.013
256.14
256.272
256.413
256.518
256.671
256.808
256.938
257.089
257.228
257.398
257.536
257.687
257.819
257.929
258.046
258.189
258.329
258.489
258.618
258.759
258.89
259.042
259.151
259.268
259.401
259.56
259.749
259.892
260.047
260.189
260.338
260.47
260.581
260.689
260.838
260.958
261.063
261.169
261.288
261.408
261.507
261.638
261.759
261.867
261.95
262.099
262.231
262.37
262.497
262.66
262.792
262.712
262.268
262.802
262.88
263.026
263.06
263.114
263.141
263.201
263.2
263.31
263.539
263.809
264.037
264.241
264.478
264.68
264.932
265.17
265.4
265.653
265.856
266.03
266.181
266.323
266.458
266.593
266.727
266.875
267.005
267.135
267.266
267.403
267.519
267.63
267.761
267.898
268.03
268.14
268.269
268.435
268.56
268.691
268.818
268.962
269.101
269.212
269.347
269.493
269.651
269.8
269.95
270.07
270.179
270.288
270.399
270.538
270.69
270.829
270.958
271.105
271.24
271.378
271.537
271.697
271.849
271.99
272.11
272.24
272.37
272.547
272.715
272.887
273.002
273.153
273.265
273.347
273.457
273.573
273.668
273.76
273.968
274.2
274.356
274.449
274.522
274.604
274.685
274.779
274.893
273.185
274.053
275.691
276.883
277.355
277.621
277.814
277.96
278.107
278.217
278.323
278.41
278.514
278.605
278.675
278.755
278.779
278.836
278.898
278.958
279.018
279.056
279.128
279.187
279.247
279.308
279.377
279.419
279.468
279.558
279.597
279.677
279.747
279.808
279.867
279.943
280.046
280.127
280.215
280.306
280.378
280.439
280.489
280.538
280.618
280.688
280.745
280.826
280.884
280.914
280.985
281.016
281.076
281.138
281.218
281.269
281.334
281.414
281.483
281.556
281.628
281.687
281.767
281.855
281.945
282.025
282.105
282.187
282.265
282.345
282.424
282.506
282.587
282.656
282.718
282.787
282.876
282.947
283.045
283.125
283.197
283.277
283.377
283.458
283.558
283.645
283.743
283.854
283.942
284.043
284.143
284.251
284.34
284.422
284.524
284.602
284.694
284.777
284.865
284.934
285.013
285.094
285.184
285.246
285.315
285.383
285.471
285.552
285.652
285.772
285.892
286.003
286.092
286.182
286.272
286.362
286.412
286.492
286.563
286.662
286.742
286.819
286.912
286.992
287.023
287.113
287.192
287.262
287.332
287.423
287.501
287.571
287.641
287.747
287.839
287.929
287.992
288.069
288.163
288.231
288.315
288.395
288.499
288.566
288.645
288.743
288.834
288.904
288.983
289.041
289.122
289.182
289.252
289.352
289.452
289.561
289.654
289.733
289.819
289.891
289.968
290.032
290.109
290.181
290.261
290.36
290.452
290.542
290.631
290.72
290.8
290.872
290.952
291.022
291.1
291.162
291.231
291.325
291.395
291.461
291.55
291.622
291.69
291.76
291.851
291.94
292.014
292.101
292.135
292.203
292.28
292.379
292.47
292.542
292.642
292.712
292.81
292.908
293.001
293.12
293.204
293.284
293.364
293.452
293.56
293.659
293.779
293.909
294.048
294.19
294.359
294.529
294.71
294.878
295.042
295.269
295.47
295.7
295.932
296.2
296.491
296.761
297.012
297.272
297.524
297.859
298.308
432.009
529.439
533.798
536.019
537.891
539.373
540.62
541.669
542.53
543.329
544.097
544.798
545.38
545.937
546.429
546.909
547.303
547.69
548.079
548.479
548.837
549.148
549.476
549.771
550.056
550.29
550.56
550.819
551.05
551.251
551.442
551.631
551.839
552.038
552.21
552.351
552.491
552.679
552.831
553.001
553.159
553.318
553.486
553.638
553.777
553.938
554.048
554.169
554.269
554.37
554.491
554.601
554.702
554.81
554.927
555.027
555.119
555.247
555.337
555.458
555.688
555.88
555.979
556.011
556.04
556.073
556.07
555.126
552.679
552.819
551.437
551.646
555.741
559.545
557.022
553.801
553.972
553.545
553.346
553.176
552.963
552.9
552.819
552.585
550.765
548.25
546.368
547.026
553.838
557.382
560.565
551.66
547.987
549.495
551.4
556.112
557.264
557.715
555.133
558.005
553.625
551.663
551.401
551.476
551.712
551.936
552.13
552.284
552.416
552.516
552.499
552.439
552.874
553.013
553.104
553.229
553.356
553.459
553.572
553.663
553.787
553.925
554.049
554.178
554.289
554.374
554.454
554.534
554.634
554.725
554.815
554.933
555.032
555.098
555.16
555.23
555.31
555.362
555.437
555.511
555.573
555.652
555.694
555.761
555.831
555.913
555.993
556.047
556.099
556.151
556.212
556.243
556.258
556.287
556.253
554.794
553.379
552.839
552.749
552.725
552.479
555.002
553.306
550.84
552.375
553.233
553.208
553.197
553.208
553.22
553.205
553.211
552.71
551.504
552.809
554.591
555.198
555.509
555.634
555.774
555.907
556.029
556.119
556.24
556.335
556.429
556.519
556.617
556.686
556.753
556.823
556.859
556.86
556.896
556.959
557.039
557.097
557.107
557.12
557.12
557.11
557.158
557.196
557.22
557.246
557.277
557.308
557.359
557.408
557.447
557.498
557.514
557.532
557.544
557.566
557.593
557.614
557.67
557.727
557.777
557.803
557.824
557.851
557.87
557.921
557.971
558.013
558.024
558.052
558.074
558.083
558.094
558.114
558.105
558.142
558.155
558.181
558.212
558.261
558.294
558.307
558.317
558.342
558.381
558.396
558.397
558.385
558.413
558.399
558.433
558.47
558.524
558.578
558.589
558.603
558.597
558.614
558.63
558.663
558.672
558.72
558.761
558.774
558.776
558.792
558.812
558.823
558.829
558.853
558.861
558.882
558.891
558.918
558.932
558.963
558.955
558.954
558.965
558.983
558.995
559.011
559.034
559.062
559.056
559.058
559.094
559.102
559.122
559.14
559.171
559.176
559.155
559.174
559.192
559.192
559.194
559.22
559.243
559.267
559.274
559.295
559.297
559.313
559.331
559.334
559.344
559.364
559.383
559.395
559.421
559.442
559.44
559.438
559.455
559.455
559.473
559.503
559.543
559.547
559.565
559.588
559.605
559.606
559.614
559.622
559.638
559.666
559.677
559.702
559.706
559.715
559.735
559.738
559.754
559.769
559.774
559.796
559.781
559.793
559.803
559.805
559.823
559.851
559.873
559.885
559.908
559.91
559.916
559.916
559.932
559.944
559.96
559.967
559.947
559.968
559.976
559.98
559.996
560.004
560.007
559.988
559.997
559.986
559.958
559.984
559.997
560.024
560.026
560.035
560.037
560.047
560.037
560.035
560.045
560.055
560.056
560.066
560.083
560.078
560.096
560.107
560.089
560.107
560.12
560.12
560.128
560.143
560.156
560.184
560.203
560.223
560.244
560.264
560.275
560.267
560.249
560.247
560.238
560.266
560.246
560.257
560.284
560.279
560.279
560.289
560.298
560.278
560.295
560.336
560.349
560.349
560.387
560.424
560.426
560.427
560.445
560.449
560.447
560.449
560.471
560.474
560.476
560.496
560.509
560.501
560.481
560.489
560.497
560.517
560.517
560.517
560.515
560.516
560.498
560.496
560.516
560.527
560.547
560.55
560.556
560.542
560.519
560.545
560.566
560.586
560.611
560.64
560.658
560.65
560.63
560.643
560.638
560.627
560.638
560.656
560.648
560.646
560.654
560.659
560.658
560.66
560.676
560.686
560.7
560.717
560.738
560.756
560.761
560.777
560.78
560.798
560.782
560.788
560.615
560.411
560.23
560.278
560.208
560.219
560.229
560.238
560.233
560.251
560.272
560.306
560.319
560.341
560.35
560.354
560.342
560.342
560.339
560.342
560.341
560.349
560.359
560.351
560.359
560.357
560.358
560.358
560.349
560.351
560.347
560.367
560.369
560.377
560.37
560.359
560.359
560.359
560.387
560.388
560.408
560.421
560.427
560.442
560.439
560.455
560.503
560.535
560.694
561.442
560.727
560.786
560.838
560.886
560.913
560.951
560.939
560.929
560.923
560.931
560.921
560.922
560.933
560.95
560.97
561.001
561.021
561.017
561.025
561.017
561.008
560.999
560.999
561.022
561.027
561.043
561.071
561.076
561.056
561.056
561.036
561.028
561.017
561.017
561.011
560.991
560.996
561.006
561.033
561.046
561.037
561.073
561.066
561.076
561.048
561.047
561.056
561.066
561.069
561.056
561.056
561.084
561.095
561.095
561.114
561.115
561.124
561.119
561.128
561.128
561.113
561.101
561.089
561.089
561.087
561.073
561.068
561.079
561.079
561.078
561.086
561.105
561.105
561.117
561.128
561.135
561.14
561.138
561.149
561.168
561.169
561.205
561.19
561.205
561.228
561.241
561.251
561.267
561.277
561.308
561.294
561.29
561.279
561.272
561.272
561.251
561.277
561.288
561.28
561.297
561.286
561.316
561.301
561.272
561.269
561.259
561.261
561.233
561.24
561.249
561.241
561.241
561.241
561.249
561.267
561.29
561.288
561.282
561.28
561.272
561.279
561.271
561.287
561.3
561.31
561.326
561.317
561.308
561.318
561.339
561.328
561.356
561.367
561.37
561.367
561.367
561.385
561.388
561.388
561.408
561.426
561.419
561.426
561.421
561.411
561.41
561.409
561.416
561.433
561.429
561.429
561.401
561.378
561.38
561.377
561.377
561.391
561.386
561.401
561.395
561.387
561.369
561.357
561.363
561.365
561.357
561.377
561.386
561.406
561.419
561.426
561.445
561.435
561.435
561.424
561.416
561.416
561.391
561.39
561.408
561.409
561.488
560.852
560.726
560.704
560.792
560.887
561.341
562.169
563.211
565.42
566.042
564.121
562.165
562.253
562.363
562.438
562.474
560.59
558.689
558.829
559.183
558.971
555.936
550.208
545.083
542.601
546.26
552.039
564.302
558.774
546.414
545.177
546.994
549.661
550.772
550.748
550.83
555.038
560.051
561.343
561.564
561.693
561.802
561.921
560.961
554.986
