-0.201236
-0.18249200000000002
-0.17963899999999997
-0.18789999999999998
-0.188169
-0.207431
-0.23926699999999998
-0.247403
-0.26639100000000004
-0.27319399999999994
-0.266779
-0.259061
-0.235889
-0.22178099999999998
-0.19775099999999998
-0.19371399999999997
-0.19532199999999997
-0.18465
-0.175424
-0.16613799999999998
-0.155606
-0.15920700000000002
-0.175775
-0.17070299999999997
-0.17412999999999998
-0.17838799999999996
-0.179773
-0.171231
-0.163498
-0.17253099999999996
-0.16462399999999996
-0.12088599999999997
-0.076123
-0.04153499999999999
-0.009695999999999982
0.015899999999999997
-0.0022579999999999822
-0.013528999999999985
-0.03503099999999998
-0.04724099999999998
-0.044778999999999985
-0.047318
-0.03766799999999998
-0.03888
-0.01647699999999999
-0.016043
-0.02581799999999998
-0.029467999999999994
-0.03057299999999999
-0.027434999999999987
-0.04113799999999998
-0.06611299999999998
-0.107401
-0.53927
0.510607
0.0632892
-0.15939099999999998
0.541781
-1.2550089999999998
0.520216
-0.43805800000000006
-0.13599999999999998
-0.2255
-0.185748
-0.239548
-0.25412899999999994
-0.24133000000000002
-0.23335599999999998
-0.22727699999999998
-0.20616500000000001
-0.20002499999999998
-0.18963
-0.178546
-0.185376
-0.15853599999999998
-0.14720199999999997
-0.13107
-0.11289099999999999
-0.12164899999999998
-0.12350799999999998
-0.10720499999999997
-0.10592399999999999
-0.08185099999999998
-0.05091899999999999
-0.029433999999999988
-0.022167999999999993
-0.008496000000000004
0.0
0.030275999999999997
0.056936000000000014
0.07557350000000002
0.09146710000000001
0.1027128
0.1057004
0.09125340000000001
0.10063460000000002
0.11384250000000001
0.1286924
0.13984960000000002
0.156581
0.1760924
0.1798674
0.1953337
0.2065886
0.2167235
0.2417418
0.2488279
0.2520506
0.2426146
0.2517576
0.27374600000000004
0.278061
0.294165
0.332989
0.354712
0.36533800000000005
0.391574
0.425323
0.442508
0.46470900000000004
0.506335
0.524322
0.551349
0.559878
0.565982
0.570618
0.58602
0.586731
0.599338
0.608645
0.613681
0.649386
0.65628
0.68038
0.680859
0.70328
0.727691
0.748877
0.769382
0.7928189999999999
0.804611
0.815112
0.824264
0.832754
0.8519559999999999
0.868701
0.885199
0.885238
0.892215
0.897327
0.923218
0.94013
0.948901
0.964587
0.992413
1.008899
1.013565
1.038324
1.075625
1.116513
1.126153
1.1574980000000001
1.1738510000000002
1.184411
1.187321
1.1968910000000001
1.2117710000000002
1.2198710000000001
1.262941
1.2853610000000002
1.310681
1.337001
1.3441210000000001
1.3485610000000001
1.355061
1.364181
1.366001
1.385831
1.4317110000000002
1.435821
1.4444810000000001
1.4791910000000001
1.4892310000000002
1.5066110000000001
1.522871
1.521041
1.530531
1.5397310000000002
1.5400610000000001
1.5172210000000002
1.518151
1.5383310000000001
1.5551210000000002
1.585771
1.597301
1.6206310000000002
1.643331
1.675751
1.6784810000000001
1.693241
1.7213310000000002
1.7432610000000002
1.7433910000000001
1.7524110000000002
1.7586410000000001
1.7710110000000001
1.775271
1.7837310000000002
1.8066110000000002
1.803101
1.808321
1.8119310000000002
1.8411410000000001
1.8618510000000001
1.8713710000000001
1.9025610000000002
1.9480810000000002
1.9666510000000001
1.991101
2.016451
2.048331
2.058671
2.085471
2.1155909999999998
2.136601
2.135211
2.134641
2.159591
2.153151
2.148201
2.159331
2.175131
2.191071
2.208301
2.230831
2.245181
2.248131
2.267001
2.267791
2.2950909999999998
2.308211
2.328871
2.348941
2.367041
2.404591
2.430361
2.429381
2.444731
2.466531
2.481141
2.493411
2.517731
2.5335609999999997
2.5494109999999996
2.5768809999999998
2.5772109999999997
2.599061
2.6066309999999997
2.612221
2.614941
2.613641
2.621061
2.630991
2.6375509999999998
2.651401
2.6797809999999997
2.696351
2.723401
2.731201
2.754691
2.779741
2.7830909999999998
2.7894509999999997
2.8104109999999998
2.8266109999999998
2.827391
2.849061
2.877661
2.899181
2.916981
2.940001
2.970161
2.979921
2.999821
3.007471
3.0364009999999997
3.0459609999999997
3.055761
3.065651
3.084791
3.113051
3.112641
3.120991
3.1430409999999998
3.1582209999999997
3.160221
3.145371
3.152361
3.160201
3.166071
3.162751
3.1735409999999997
3.177101
3.187391
3.1915009999999997
3.197281
3.220541
3.231551
3.2353709999999998
3.2647109999999997
3.2775909999999997
3.2790209999999997
3.291541
3.313141
3.336351
3.351741
3.3805709999999998
3.402131
3.409861
3.412441
3.440531
3.451301
3.453061
3.465721
3.478561
3.477781
3.4949209999999997
3.5092309999999998
3.520621
3.5420409999999998
3.5511809999999997
3.578951
3.579351
3.5987709999999997
3.618851
3.6178809999999997
3.6292009999999997
3.647191
3.6562609999999998
3.670321
3.683061
3.7007209999999997
3.717181
3.720281
3.706721
3.715871
3.727281
3.738291
3.7397009999999997
3.750091
3.785621
3.8146709999999997
3.842221
3.869461
3.908671
3.936591
3.955931
3.966071
3.979891
3.960431
4.1941109999999995
3.6661409999999997
4.386011
4.3708409999999995
4.400091
4.429291
4.442811
4.456771
4.455731
4.512411
4.528811
4.522351
4.574701
4.5931809999999995
4.594171
4.636251
4.612621
4.603441
4.575941
4.5763609999999995
4.7225909999999995
4.7989109999999995
4.7609509999999995
4.697741
4.716671
4.761031
4.783301
4.782591
4.774861
4.790601
4.821051
4.824541
4.821071
4.8217609999999995
4.811711
4.800911
4.797641
4.807841
4.812091
4.822681
4.818351
4.815971
4.817541
4.795081
4.792421
4.782451
4.791601
4.798961
4.815831
4.8387009999999995
4.867031
4.9035709999999995
4.911601
4.916461
4.907731
4.905811
4.911061
4.909661
4.9231609999999995
4.928231
4.953041
4.960601
4.975251
4.9726609999999996
4.978901
4.950661
4.899711
4.869071
4.858021
4.837311
4.880961
4.938591
4.980911
5.025751
5.030991
5.030291
5.050471
5.052901
4.9367209999999995
4.773091
4.809931
4.930461
5.018431
5.044981
5.054581
5.056171
5.051671
5.088191
5.147981
4.786001
3.6725309999999998
6.566561
4.664701
4.748621
4.784861
4.7781009999999995
4.779621
4.758101
4.719050999999999
4.6830609999999995
4.663591
4.675231
4.684221
4.695361
4.719571
4.7278009999999995
4.738981
4.725951
4.7286209999999995
4.725861
4.742541
4.758821
4.777271
4.780181
4.779161
4.798241
4.802491
4.836011
4.874251
4.908691
4.937411
4.9458009999999994
4.941501
4.952341
4.953321
4.966241
4.971891
5.002921
5.034371
5.055491
5.0632909999999995
5.090551
5.1055909999999995
5.1301309999999996
5.151581
5.164651
5.181861
5.202891
5.2316009999999995
5.2464509999999995
5.273941
5.307581
5.319121
5.322661
5.3383709999999995
5.339301
5.340501
5.361131
5.377421
5.405971
5.437161
5.458051
5.465211
5.468641
5.476980999999999
5.4912909999999995
5.524561
5.5465409999999995
5.572501
5.5911409999999995
5.611851
5.626921
5.634511
5.649491
5.6844909999999995
5.687151
5.692391
5.7161409999999995
5.731941
5.727891
5.748011
5.753971
5.766971
5.763961
5.775221
5.798631
5.822181
5.858091
5.899661
5.921761
5.953891
5.992081
6.015171
6.044551
6.072181
6.086061
6.1029409999999995
6.131131
6.168571
6.201351
6.240801
6.270771
6.297241
6.322011
6.339491
6.355671
6.369721
6.400161
6.406641
6.431941
6.466441
6.493171
6.521761
6.524711
6.529681
6.5411209999999995
6.547241
6.558321
6.580051
6.6107309999999995
6.627031
6.645911
6.678401
6.6866509999999995
6.6992709999999995
6.723011
6.744371
6.768981
6.8030409999999994
6.833231
6.843561
6.855341
6.873131
6.894361
6.903321
6.926331
6.945441
6.961821
6.9797709999999995
6.993101
7.0165109999999995
7.0356309999999995
7.036071
7.066661
7.095161
7.118021
7.140271
7.167621
7.196311
7.223301
7.2419009999999995
7.268351
7.271621
7.289711
7.3118609999999995
7.330341
7.328531
7.350081
7.366621
7.376841
7.392891
7.4067609999999995
7.429951
7.4397009999999995
7.4564509999999995
7.474251
7.487111
7.511331
7.530981
7.560441
7.609461
7.629001
7.6581909999999995
7.682481
7.713361
7.733171
7.723481
7.734081
7.737281
7.7656909999999995
7.799901
7.821351
7.854921
7.8793809999999995
7.909591
7.9184909999999995
7.9291409999999996
7.9492009999999995
7.960431
7.974231
8.011731000000001
8.043371
8.061021
8.089821
8.102381000000001
8.117821000000001
8.122351
8.149481
8.178441000000001
8.191161000000001
8.200441000000001
8.223901000000001
8.252031
8.277441000000001
8.298841000000001
8.320681
8.339741
8.365251
8.391651000000001
8.391341
8.408681000000001
8.411071000000002
8.417231000000001
8.417041000000001
8.430711
8.458061
8.482121000000001
8.498691
8.520851
8.533321
8.554791000000002
8.574861
8.598971
8.629201
8.643841
8.639851
8.651701000000001
8.675671000000001
8.692431000000001
8.734451
8.760791000000001
8.791111
8.807021
8.826431000000001
8.823921
8.836351
8.848281
8.852971
8.885171000000001
8.913101000000001
8.940051
8.949141000000001
8.966411
8.997751000000001
9.008461
9.017351000000001
9.045951
9.083451
9.108811000000001
9.128491
9.152361
9.180711
9.202821
9.207671000000001
9.223601
9.229111000000001
9.241051
9.246721
9.267981
9.281721000000001
9.301181000000001
9.302431
9.330481
9.349081
9.374071
9.401411000000001
9.428761000000002
9.463911000000001
9.500321000000001
9.503491
9.497851
9.507991
9.524621000000002
9.526411000000001
9.529081000000001
9.551271000000002
9.589011000000001
9.618691
9.647291000000001
9.663131
9.675361
9.679181000000002
9.703141
9.698121
9.685071
9.704381000000001
9.711851000000001
9.727381000000001
9.738511
9.746721
9.786871000000001
9.805331
9.822411
9.828021000000001
9.834631
9.840881000000001
9.841811000000002
9.865671
9.886041
9.891011
10.003651000000001
10.052761
9.056601
9.750751000000001
9.864751
10.018181
10.100171000000001
10.159341000000001
10.205821
10.210221
10.253521000000001
10.365221
10.515521000000001
10.594621
10.679221
10.685021
10.728921000000001
10.736321
10.738421
10.699621
10.770721
10.854121000000001
10.908121000000001
10.905121000000001
10.898321000000001
10.907221000000002
10.915621000000002
10.915921
10.898721
10.873121000000001
10.859721
10.846021
10.846121
10.856721
10.872321000000001
10.880921
10.904921000000002
10.913421000000001
10.907521000000001
10.905121000000001
10.912221
10.892921000000001
10.896021000000001
10.882921000000001
10.894121
10.902321
10.916621000000001
10.922421
10.917821
10.905221000000001
10.891921
10.901021
10.910821
10.910921
10.924321
10.945821
10.941721000000001
10.936621
10.953721000000002
10.965221000000001
10.941821000000001
10.930121000000002
10.941021000000001
10.937721000000002
10.934921000000001
10.944021000000001
10.945021
10.918121000000001
10.912421
10.906921
10.895321000000001
10.917221000000001
10.953221000000001
10.997021
11.024221
11.043221
11.054021
11.092321
11.072421
10.973021000000001
10.902621
10.927121000000001
11.013921000000002
11.102221
11.123721000000002
11.115321000000002
11.110421
11.112721
11.154021
11.185421000000002
10.977621000000001
9.773041000000001
12.617321
10.685621000000001
10.813421
10.901221000000001
10.855121
10.832521000000002
10.813921
10.807321
10.803921
10.808821
10.838521
10.843321000000001
10.851921
10.855121
10.869121000000002
10.868021
10.891821
10.915821000000001
10.940821000000001
10.963221
10.974621
10.990021
11.008121000000001
11.037921
11.063421
11.083621
11.092921
11.107221000000001
11.125721
11.152021000000001
11.167521
11.200621
11.222321
11.249821
11.272021
11.309621
11.336121
11.379821000000002
11.407521000000001
11.428921
11.468621
11.483021
11.504021000000002
11.518821
11.528521000000001
11.555021
11.589321
11.602321
11.617121000000001
11.643721000000001
11.675221
11.743421000000001
11.793021000000001
11.832021000000001
11.861921
11.909921
11.946921000000001
11.986821
12.031021
12.062721000000002
12.097121000000001
12.122321000000001
12.153221
12.187221000000001
12.227221
12.271321
12.287221
12.303021000000001
12.327421000000001
12.316921
12.352621000000001
12.391221000000002
12.430921000000001
12.465421000000001
12.505321
12.567121
12.600921000000001
12.618021
12.643721000000001
12.668121000000001
12.682621000000001
12.713921000000001
12.741621
12.761121000000001
12.773921000000001
12.794921
12.790021000000001
12.812721000000002
12.828221000000001
12.862721
12.894421000000001
12.915221
12.956521
12.975721
12.991621
13.011021000000001
13.046121000000001
13.067621
13.101821000000001
13.132121000000001
13.170721
13.205521000000001
13.249521000000001
13.294121
13.329421
13.349421000000001
13.367421
13.388321000000001
13.410221
13.402521
13.410321000000001
13.435221
13.458421000000001
13.483921
13.507021
13.548421000000001
13.565221000000001
13.615521000000001
13.663221
13.685621000000001
13.711321000000002
13.727821
13.766621
13.785521000000001
13.817321000000002
13.837121000000002
13.866621
13.868921
13.897221
13.917021
13.931021000000001
13.951821
13.984821
14.009821
14.012721
14.024621000000002
14.054821
14.084221000000001
14.101021000000001
14.107921000000001
14.137721
14.162921
14.186721
14.208321000000002
14.228421
14.254221000000001
14.278421000000002
14.294521000000001
14.311621
14.333121
14.369221000000001
14.375921
14.400521000000001
14.442921
14.470121
14.504821000000002
14.536221000000001
14.556521
14.581121000000001
14.621721
14.648621
14.659821
14.689921
14.708721
14.744921000000001
14.757121000000001
14.757421
14.772621000000001
14.782521000000001
14.809421
14.809121000000001
14.818921000000001
14.856121
14.881821
14.892921000000001
14.917221000000001
14.961121
14.988421
15.019421000000001
15.038121
15.065921000000001
15.101921
15.121921
15.149421
15.185921
15.209621
15.222221000000001
15.229021000000001
15.248721000000002
15.280721000000002
15.307421000000001
15.338021000000001
15.381621
15.402321
15.424221000000001
15.447921000000001
15.451821
15.492021000000001
15.511421
15.536121000000001
15.537021000000001
15.549721
15.581121000000001
15.609821
15.636421
15.666921
15.695021
15.721221
15.744121000000002
15.747121
15.754421
15.779721
15.818821000000002
15.843421000000001
15.852521000000001
15.879921000000001
15.912721000000001
15.935321
15.942821
15.967821
15.991221000000001
16.007521
16.029921
16.037321
16.048621
16.058821
16.069721
16.081421
16.101621
16.129921
16.172621
16.188521
16.215221
16.249421
16.267121
16.293521000000002
16.307321
16.322921
16.346621000000003
16.388221
16.413521
16.446721
16.506721000000002
16.544221
16.572321000000002
16.589821
16.605721
16.629221
16.638821
16.660221
16.677421000000002
16.670121
16.684221
16.693321
16.699621
16.725521
16.732121
16.736521
16.732421000000002
16.737321
16.737321
16.737321
16.757521
16.782021
16.812221
16.844121
16.883921
16.909421000000002
16.944521
16.945621
16.944921
16.971721000000002
16.983721
16.987921
17.001921
17.026021
17.030821
17.042021000000002
17.051021000000002
17.059821
17.081421000000002
17.110621000000002
17.139721
17.164021
17.178821
17.215621000000002
17.246821
17.256921000000002
17.254521
17.253621
17.267521000000002
17.275621
17.278321000000002
17.301921
17.309621
17.331221
17.328321000000003
17.326221
17.340521000000003
17.431321
17.487821
16.487021000000002
17.346921000000002
17.445321
17.546021
17.590021
17.612421
17.635221
17.666521
17.715521000000003
17.807821
17.868821
17.905021
17.886021
17.921821
18.053521
18.096221
18.075621
18.022721
18.101221000000002
18.207821
18.242921
18.195721000000002
18.164721
18.193721
18.230121
18.242321
18.238021
18.234221
18.240221000000002
18.251021
18.266721
18.248921
18.238421000000002
18.233721
18.230421
18.219021
18.216521
18.213921
18.212321
18.229321000000002
18.234221
18.237921
18.245721
18.229721
18.233621
18.222121
18.204021
18.203221
18.208321
18.210421
18.207221
18.232521000000002
18.224421
18.210921
18.214621
18.215321
18.198521
18.196921
18.188821
18.162421000000002
18.149421
18.143421
18.157321
18.167921
18.181821
18.185721
18.180321
18.186321
18.183521000000002
18.210121
18.248721
18.280721
18.302821
18.315321
18.315921
18.338021
18.306521
18.185221000000002
18.117721
18.130721
18.263021000000002
18.350621
18.357021
18.336721
18.323621
18.326421
18.325221
18.351421000000002
18.152921
16.837821
19.929921
18.055421
18.141121000000002
18.202321
18.192521
18.175821
18.157921
18.130021
18.127421000000002
18.177721000000002
18.234121000000002
18.263721
18.288421
18.287821
18.298321
18.313421
18.345421
18.360821
18.392921
18.420921
18.416321
18.423821
18.448321
18.473121
18.493421
18.516621
18.521821
18.532721000000002
18.585121
18.626521
18.656921
18.684821
18.720621
18.753121
18.781921
18.804821
18.828421000000002
18.883021
18.931721
18.962621000000002
19.007421
19.022021000000002
19.030921
19.038621
19.051021000000002
19.070321
19.100621
19.138421
19.164921
19.184921
19.222121
19.251821
19.295421
19.315321
19.337721000000002
19.365621
19.402621
19.450021
19.483421
19.517121
19.556321
19.592021
19.615021000000002
19.616521000000002
19.613521000000002
19.625621000000002
19.659021
19.680121
19.721321
19.743621
19.771021
19.787521
19.812921
19.842921
19.880821
19.920221
19.943221
19.974821000000002
19.985721
19.990421
20.010921
20.028121000000002
20.068421
20.103021000000002
20.132421
20.175721
20.204621
20.224221
20.255721
20.271921000000003
20.291821000000002
20.309221
20.321421
20.357521000000002
20.385721
20.404921
20.432521
20.442721000000002
20.474121
20.492221
20.508721
20.520221
20.552521000000002
20.562821
20.573121
20.583021000000002
20.595121000000002
20.625321
20.646121
20.672021
20.679021000000002
20.698821000000002
20.719121
20.719721
20.744121
20.756021
20.759121
20.779321
20.802021
20.831121
20.867021
20.915321000000002
20.953121
20.998821
21.026021
21.054421
21.059221
21.082421
21.092621
21.099721000000002
21.119121
21.147921
21.182321
21.193021
21.211121000000002
21.228921
21.245421
21.249621
21.274921
21.294321
21.317321
21.359621
21.381521
21.408321
21.421121
21.433321
21.441321000000002
21.439221
21.434021
21.452221
21.471721000000002
21.505321000000002
21.521321
21.546921
21.568021
21.594021
21.603921
21.614121
21.637121
21.679221000000002
21.693921
21.710121
21.728721
21.735621000000002
21.729421000000002
21.738921
21.761921
21.786721
21.806921
21.839621
21.869421
21.872221
21.891421
21.920521
21.945421
21.933721000000002
21.939921000000002
21.957721
21.958821
21.956221
21.964421
21.985621000000002
21.999721
22.024421
22.053421
22.073821000000002
22.096121
22.121721
22.136921
22.145021
22.156321000000002
22.161021
22.176021000000002
22.177621000000002
22.190521
22.207421
22.226621
22.248321
22.263921
22.276921
22.310621
22.322921
22.343421
22.347021
22.361021
22.368421
22.378721000000002
22.385421
22.394921
22.408821
22.409321000000002
22.417621
22.420521
22.436221
22.457021
22.482121
22.513121
22.531721
22.552521000000002
22.563321000000002
22.572521000000002
22.586121000000002
22.575621
22.572621
22.606121
22.628421
22.633821
22.647921
22.678421
22.694521
22.709221
22.707921000000002
22.713821
22.719221
22.709221
22.716521
22.738721
22.758421000000002
22.785521
22.812221
22.841421
22.860021
22.868021000000002
22.880821
22.887921000000002
22.885621
22.902721
22.912721
22.930321
22.933421
22.936421
22.959421000000003
22.974621
22.992521
22.994721000000002
23.021221
23.028021000000003
23.032821000000002
23.035921000000002
23.058221
23.076721
23.094821
23.124121000000002
23.144221
23.149021
23.153021000000003
23.153021000000003
23.171921
23.179321
23.195321
23.193721
23.228721
23.238021
23.248721
23.257821
23.259421
23.251121
23.250221
23.250221
23.235321
23.237121000000002
23.243521
23.269621
23.285821000000002
23.313521
23.338021
23.336521
23.324421
23.311221
23.315521
23.307221000000002
23.317121
23.322821
23.343421
23.364021
23.391921
23.406221000000002
23.408821
23.393921000000002
23.432921
23.390221
22.438821
23.298121000000002
23.449221
23.543021
23.582821
23.616721000000002
23.666121
23.682921
23.723121
23.771621
23.870921
23.951621
23.988121
23.983721
24.023221
24.064821000000002
24.070821000000002
24.015821000000003
24.090021
24.237421
24.293621
24.186621000000002
24.116821
24.171721
24.232921
24.245521
24.254621
24.241121
24.224821000000002
24.205921
24.197821
24.183821000000002
24.178521
24.186221
24.193621
24.198121
24.192221
24.179721
24.182121000000002
24.158221
24.161221
24.171521000000002
24.185421
24.199221
24.206821
24.199821
24.199121
24.186721000000002
24.174321
24.161521
24.165021
24.160021
24.144321
24.147221000000002
24.133221000000002
24.126921
24.142021
24.146421
24.141821
24.140221
24.131321
24.121821
24.118921
24.117221
24.109021000000002
24.107921
24.093721000000002
24.069021
24.063921
24.067621
24.073721
24.076521
24.090421
24.088621
24.085421
24.088921
25.241321
26.813421
27.368721
26.717321000000002
25.194421000000002
24.304821
23.995921
23.920521
23.726321000000002
21.481421
19.914721
20.050621
21.564521
23.341021
23.698321
23.787021
23.816821
23.809521
23.815121
23.817821000000002
23.603321
24.466721
22.690021
24.845021
23.898221
24.031721
24.052821
24.022021000000002
24.023921
24.013021000000002
24.022421
24.029921
24.059721
24.076621
24.079821
24.081121
24.077921
24.088421
24.103021000000002
24.133121
24.126621
24.132221
24.144121000000002
24.146721
24.159521
24.161221
24.175921000000002
24.195821000000002
24.211621
24.213421
24.252521
24.264921
24.273621000000002
24.328421000000002
24.350221
24.378321
24.419621
24.434621
24.460921
24.475321
24.502021
24.508321000000002
24.505121
24.511221
24.516421
24.528221000000002
24.540321000000002
24.552521000000002
24.560121000000002
24.584821
24.587121
24.594921
24.576621
24.592321000000002
24.611921000000002
24.631221
24.644221
24.654421
24.653921
24.685121000000002
24.707421
24.719921
24.736921000000002
24.757921
24.774121
24.781921
24.790221000000003
24.802321
24.822721
24.828321000000003
24.848521
24.869921
24.894921
24.925421
24.944621
24.968421
24.981921
24.987621
24.993121000000002
25.001921
24.999721
25.001921
25.020021
25.031121000000002
25.040721
25.057921
25.093521
25.095121000000002
25.114121
25.137721
25.152521
25.182921
25.194921
25.199121
25.205421
25.216221
25.221421
25.226321000000002
25.237221
25.255321000000002
25.280521
25.293921
25.300821
25.304521
25.320721000000002
25.330221
25.347821
25.353821
25.381821000000002
25.401821
25.398421
25.410621
25.423821
25.429121000000002
25.424921
25.433921
25.452321
25.459521000000002
25.474421
25.497821000000002
25.522421
25.533221
25.554421
25.553121
25.548821
25.550121
25.534321000000002
25.528521
25.530221
25.556721
25.580221
25.600121
25.632521
25.660321
25.678721
25.684421
25.679321
25.679121000000002
25.675721
25.653821
25.639921
25.651421
25.656621
25.652221
25.647921
25.651021
25.659621
25.666221
25.666921000000002
25.678921
25.677721000000002
25.690521
25.712321
25.732921
25.776221
25.784621
25.792521
25.806821
25.829921000000002
25.829421
25.819021
25.819021
25.827021000000002
25.834221
25.822021
25.832021
25.832021
25.862121000000002
25.885721
25.892121
25.908521
25.909721
25.903121000000002
25.917321
25.921921
25.931021
25.948021
25.943121
25.942221
25.947321000000002
25.954821
25.963321
25.975621
26.010521
26.027221
26.039521
26.052021
26.067921000000002
26.067621
26.055921
26.056121
26.050621
26.051921
26.060821
26.069321000000002
26.073321
26.065421
26.057821
26.057621
26.066421000000002
26.089321
26.113721
26.123421
26.150121000000002
26.157521
26.171621000000002
26.200721
26.208921
26.223921
26.231621
26.228521
26.233621
26.232321000000002
26.236621
26.224221
26.234821
26.263121
26.280321
26.288121
26.273821
26.278621
26.279521
26.287521
26.310021
26.316921
26.342421
26.354521000000002
26.364821
26.373521
26.387621
26.387921000000002
26.376521
26.374021
26.378721000000002
26.374321000000002
26.386121
26.404621000000002
26.416921000000002
26.432121000000002
26.445121
26.448721
26.458321
26.465821000000002
26.463221
26.463821
26.463421
26.453721
26.467321000000002
26.464421
26.471121
26.492821
26.513721
26.528421
26.536221
26.550521
26.548421
26.545521
26.543521000000002
26.573121
26.577621
26.586221000000002
26.573821000000002
26.576121
26.584221
26.588921
26.596721000000002
26.620921
26.626721
26.639721
26.645921
26.667621
26.667621
26.692421
26.711921
26.726621
26.730721
26.742221
26.742921
26.735021
26.716421
26.721121
26.713821
26.716921
26.709621000000002
26.726521
26.735821
26.744521000000002
26.751321
26.771521
26.777621
26.785121
26.791421
26.797721
26.806621
26.819021
26.828821
26.820921000000002
26.831421000000002
26.859821
26.868821
26.853521
26.807221000000002
28.282521
25.113121
26.649421
26.937421
26.962821
27.018421
27.056621
27.103721
27.140421
27.164721
27.186121
27.208421
27.224321
27.230421
27.222721
27.218321
27.226421000000002
27.218821000000002
27.224721000000002
27.235521000000002
27.245621
27.248421
27.238121
27.223421000000002
27.224921000000002
27.219621
27.208721
27.206221
27.222421
27.231421
27.210421
27.195421
27.187221
27.196921
27.203021
27.217221000000002
27.226521
27.253621
27.247221
27.234921
27.229121
27.219321
27.214221000000002
27.205721
27.208521
27.188421
27.191221000000002
27.172521
27.170521
27.173621
27.163321
27.180421
27.178321
27.184021
27.198721
27.210021
27.216821
27.212621000000002
27.209221
27.186321
27.162621
27.144921
27.136321000000002
27.139321000000002
27.161621
27.162521
27.165721
27.167621
27.161321
27.149221
27.144321
27.146221
27.143821
27.139821
27.134421
27.136721
27.136621
27.136121
27.128621
27.126321
27.125121
27.118221000000002
27.117321
27.102221
27.113721
27.125421
27.132121
27.110921
27.106221
27.108721
27.097621
27.093321
27.061521
27.059621
27.064421
27.067821000000002
27.044021
27.044121
27.041621
27.037721
27.012521
27.013121
27.009421
27.002621
27.010821
27.015721
27.031921
27.033921
27.044421
27.051821
27.029921
27.023221
27.010821
27.004221
26.985721
26.988721
26.989721
26.985621000000002
26.976221000000002
26.948821000000002
26.924821
26.928321
26.908821
26.916021
26.929421
26.935021
26.938721
26.942021
26.951821000000002
26.946221
26.951521
26.931921
26.914721
26.894121000000002
26.868621
26.853921
26.845921
26.832021
26.829321
26.829921000000002
26.834921
26.825121
26.834021
26.838721
26.848221000000002
26.849621
26.850521
26.841821
26.838521
26.824521
26.817321
26.819021
26.809121
26.797321
26.796221
26.795221
26.791121
26.787621
26.790821
26.793221
26.805721000000002
26.796321000000002
26.795121
26.773021
26.765521
26.762221
26.769921
26.780921
26.779721000000002
26.790721
26.797921000000002
26.788121
26.776021
26.755321000000002
26.741821
26.735821
26.746721
26.740421
26.718721000000002
26.713521
26.718221
26.706121
26.694821
26.706521000000002
26.728921
26.733421
26.721721000000002
26.713721
26.709421000000003
26.694621
26.673421
26.678721
26.666921000000002
26.682021000000002
26.703221
26.723121
26.724621
26.726421000000002
26.708821
26.688121000000002
26.668621
26.645921
26.633221000000002
26.612221
26.618621
26.625321
26.617221
26.626021
26.613821
26.613021
26.601721
26.603921
26.609421
26.616221
26.597921
26.599221
26.571521
26.559821
26.543621
26.554021000000002
26.549821
26.558021
26.571721
26.573521
26.589121000000002
26.569421000000002
26.577621
26.576921000000002
26.584721000000002
26.587121
26.579121
26.565321
26.542321
26.530421
26.520821
26.514921
26.508821
26.508821
26.515521
26.513721
26.504521
26.489321
26.483421
26.488121
26.472921
26.461521
26.448521
26.426021000000002
26.398321
26.380821
26.368221000000002
26.371921
26.380721
26.387221
26.388921
26.377821
26.365621
26.355521
26.338521
26.324421
26.331121
26.330521
26.323221
26.303321
26.301021000000002
26.285421
26.293121
26.302921
26.338721
26.366021
26.373121
26.383821
26.399821
26.396621
26.381321
26.344721
26.339021000000002
26.314421
26.315121
26.290921
26.270121
26.283321
26.289121
26.290021
26.288121
26.283621
26.286621
26.286621
26.285421
26.268321
26.273921
26.281321000000002
26.278321000000002
26.259421
26.248021
26.235921
26.211121000000002
26.210721
26.202621
26.204421
26.193321
26.197321000000002
26.196121
26.183321
26.180321
26.184021
26.191421000000002
26.184021
26.193421
26.177421000000002
26.158821
26.154121
26.160221
26.156921
26.172921000000002
26.175521
26.175321
26.161221
26.155721
26.155321
26.147121000000002
26.141621
26.147121000000002
26.155321
26.158521
26.155021
26.143221
26.144621
26.141621
26.137721
26.142621000000002
26.120721
26.101921
26.101621
26.092821
26.095221000000002
26.092221000000002
26.088021
26.076221
26.064021
26.051921
26.029321
26.020021
26.014821
26.004321
26.006621
25.997321
25.986021
25.978921
25.987721
25.990821
25.994421
25.985521000000002
25.983421
25.986921000000002
25.981521
25.993021000000002
25.995021
25.990421
25.988321
25.987921
25.970021
25.962921
25.962921
25.958821
25.969221
25.985121
25.989721
25.991221
25.987121000000002
26.000121
25.993821
25.973621
25.961921
25.965221
25.977621
25.972121
25.977621
25.953721
25.957621
25.955521
25.943021
25.935621
25.935521
25.941021
25.924921
25.915721
25.905121
25.904721000000002
25.908821
25.902821
25.909221000000002
25.910021
25.924221
25.927421000000002
25.913321
25.921921
25.911221
25.923321
25.933021
25.947921
25.950721
25.941321000000002
25.955521
25.956521000000002
25.943421
25.935921
25.937621
25.922921000000002
25.898121
25.886721
25.862221
25.854521000000002
25.850621
25.839121000000002
25.845721
25.832621
25.836521
25.830921
25.817921000000002
25.827621
25.836621
25.845521
25.838921
25.832221
25.834621000000002
25.815521
25.806321
25.778021000000003
25.769921
25.760821
25.746521
25.766121000000002
25.762121
25.775921
25.774421
25.763121
25.743421
25.720721
25.719821
25.710921
25.700821
25.715521000000003
25.720621
25.711921
25.702221
25.708821
25.689921000000002
25.680721000000002
25.662321000000002
25.672521
25.676721
25.674821
25.684121
25.678121
25.693821
25.678721
25.669021
25.659221000000002
25.650121000000002
25.653021000000003
25.625921
25.623521
25.623421
25.618621
25.602321
25.587621000000002
25.599721000000002
25.596321
25.589521
25.593721000000002
25.610421000000002
25.603221
25.567921000000002
25.559021
25.541621
25.526721000000002
25.547921000000002
25.550221
25.555121
25.565521
25.569121
25.586021000000002
25.575521000000002
25.581721
25.582021
25.588421
25.582621
25.581721
25.582021
25.587721000000002
25.591921
25.572321000000002
25.569821
25.581121
25.581121
25.572021
25.559621
25.559221
25.570221
25.557621
25.542421
25.532321
25.536521
25.521721
25.496721
25.493221000000002
25.502621
25.492821
25.487021000000002
25.496021000000002
25.487321
25.477421
25.463121
25.472421
25.473321000000002
25.491221
25.483721
25.468221
25.477021
25.473721
25.476521
25.450821
25.436221
25.444621
25.436921
25.429521
25.420521
25.416521
25.417421
25.414121
25.400421
25.391121000000002
25.383421000000002
25.367221
25.380321000000002
25.384021
25.382821
25.374421
25.389721
25.389721
25.391221
25.391221
25.381521
25.380721
25.380321000000002
25.359221
25.350621
25.342421
25.335221
25.341221
25.331421000000002
25.340021
25.328321000000003
25.298421
25.282821000000002
25.271821
25.266221
25.259421
25.266621
25.272921
25.273521000000002
25.270621000000002
25.271621
25.268621
25.254521
25.254321
25.236521
25.249421
25.247521
25.232321000000002
25.211121000000002
25.205721
25.210621
25.207621
25.206621000000002
25.217221000000002
25.223721
25.210921
25.210021
25.196921
25.197921
25.179921
25.171821
25.180521000000002
25.185621
25.180721000000002
25.182421
25.180421
25.180121
25.169821000000002
25.163021
25.147121000000002
25.144821
25.121621
25.122121
25.110021
25.079721
25.072321000000002
25.063121000000002
25.061621000000002
25.065521
25.074621
25.102021
25.123521
25.144621
25.149821
25.146621
25.142621000000002
25.137721
25.108021
25.082621
25.081121
25.079521
25.079521
25.064121
25.048421
25.054121000000002
25.057621
25.042721
25.035821000000002
25.035021
25.050221
25.050221
25.051821
25.048321
25.062021
25.081921
25.086921
25.097421
25.100621
25.098921
25.070521
25.044521
25.035421
25.018621
25.005521
25.003021
25.009621
25.019021000000002
25.028321000000002
25.028821
25.042221
25.059121
25.051821
25.040621
25.019621
25.017321
25.008421000000002
24.991421
24.971121
24.962621000000002
24.974921000000002
24.973721
24.981921
24.993821
24.997521
24.985421000000002
24.974721000000002
24.952721
24.948721
24.962421
24.976621
24.975921
24.977021
24.979521000000002
24.959221
24.942021
24.933521000000002
24.914021
24.921521000000002
24.919221
24.907021
24.908821
24.892821
24.883821
24.881721000000002
24.877421000000002
24.870121
24.870921
24.888821
24.884821000000002
24.869421
24.851521
24.857121
24.848321000000002
24.832021
24.831121
24.825221
24.844921
24.857921
24.842421
24.840821000000002
24.845221000000002
24.835421
24.823521
24.801021000000002
24.801221
24.798521
24.780821
24.764721
24.790521000000002
24.793621
24.795921
24.791021
24.804121000000002
24.813921
24.821921
24.826021
24.829821
24.824421
24.802721000000002
24.798521
24.789421
24.769621
24.757021
24.747921
24.730621
24.731521
24.710021
24.717821
24.716621
24.706821
24.710721
24.705321
24.670121
24.649021
24.653321000000002
24.637721
24.640121
24.635821
24.662021
24.674221
24.670021000000002
24.653021000000003
24.655321
24.667021000000002
24.655521
24.638621
24.635021000000002
24.644821
24.637521
24.626921
24.618621
24.606121
24.611021
24.611321
24.611921000000002
24.614321
24.611921000000002
24.614321
24.623421
24.619221
24.620121
24.598921
24.587921
24.578221
24.562521
24.564821000000002
24.562221
24.571321
24.563721
24.556521
24.558521000000002
24.527221
24.495721
24.474221
24.466821
24.452221
24.458421
24.468221
24.493621
24.494221
24.491921
24.492221
24.494521000000002
24.488021
24.467821
24.479921
24.497821000000002
24.504621
24.510821
24.519021000000002
24.524421
24.510821
24.524821
24.510821
24.498421
24.480121
24.475621
24.447921
24.432921
24.427721000000002
24.417621
24.416021
24.420921
24.421521000000002
24.420321
24.414421
24.398421
24.395821
24.392921
24.397121000000002
24.420121
24.439921000000002
24.454521
24.456321
24.443321
24.426221
24.408221
24.389221
24.377721
24.345721
24.325221
24.309621
24.299821
24.299921
24.309021
24.321021000000002
24.326221
24.322621
24.319621
24.294121
24.277321
24.269021000000002
24.278321000000002
24.303821
24.298421
24.304721
24.311821000000002
24.318721
24.302721000000002
24.289721
24.284721
24.302421000000002
24.301021000000002
24.288121
24.283821
24.295321
24.282321
24.275821
24.267021
24.278321000000002
24.282721000000002
24.280321
24.269621
24.271221
24.251221
24.228521
24.210221
24.186021
24.161921
24.155321
24.153421
24.163321
24.165121
24.173321
24.183721000000002
24.194421000000002
24.195721000000002
24.183821000000002
24.189821000000002
24.186621000000002
24.171021
24.168221
24.151421
24.157921
24.155621
24.160221
24.174121
24.179421
24.182021000000002
24.181221
24.164521
24.170021000000002
24.171921
24.174221
24.179821
24.193621
24.200621
24.189121
24.177321
24.163121
24.131921000000002
24.100821
24.092721
24.081721
24.087621000000002
24.091421
24.101721
24.108521
24.105521
24.100921
24.089921
24.086721
24.078221
24.077621
24.065121
24.059721
24.054421
24.052021
