-1.8654609
-1.8587774
-1.8784521
-1.905759
-1.908436
-1.8815955
-1.8867499
-1.8855017
-1.8602208
-1.8424047
-1.8352118
-1.8209112
-1.8209325
-1.803278
-1.791935
-1.7754155
-1.7660375
-1.7668339
-1.7492619
-1.7194186
-1.7047703
-1.7039219
-1.6962436
-1.686548
-1.6912052
-1.6974246
-1.6916232
-1.679056
-1.688779
-1.690455
-1.685175
-1.670655
-1.63862
-1.613327
-1.611026
-1.6173250000000001
-1.637241
-1.635376
-1.647824
-1.6760410000000001
-1.651747
-1.597651
-1.66431
-1.7024346
-1.654501
-1.616126
-1.61865
-1.626688
-1.621296
-1.628791
-1.625162
-1.642469
-2.006109
-1.606557
-1.40253
-1.367083
-1.06988
-1.7425931000000001
-1.381954
-2.409532
0.37141
-1.502431
-1.444962
-1.358505
-1.2585730000000002
-1.200739
-1.1421999999999999
-1.079566
-0.990848
-0.918519
-0.8336250000000001
-0.7706500000000001
-0.6969000000000001
-0.6512800000000001
-0.58928
-0.4993399999999999
-0.4204000000000001
-0.35233000000000003
-0.29762
-0.25586
-0.23392999999999997
-0.19877999999999996
-0.16202000000000005
-0.11251999999999995
-0.0789200000000001
-0.03956000000000004
-0.019949999999999912
0.0
0.011009999999999964
0.03203
0.07458000000000009
0.11834999999999996
0.16022000000000003
0.19019000000000008
0.18761000000000005
0.2149899999999998
0.24024
0.2528999999999999
0.2735099999999999
0.27966999999999986
0.2715200000000002
0.30035999999999996
0.32711999999999986
0.3458999999999999
0.37216000000000005
0.4131299999999998
0.43942000000000014
0.4476399999999998
0.45497999999999994
0.45424
0.4517699999999998
0.4452099999999999
0.4446300000000001
0.44781000000000004
0.4813399999999999
0.5229599999999999
0.54243
0.5685600000000002
0.5771700000000002
0.58562
0.59503
0.5924499999999999
0.6263000000000001
0.6635399999999998
0.72139
0.7682699999999998
0.7750499999999998
0.78043
0.7780999999999998
0.7713199999999998
0.7585099999999998
0.77799
0.8146499999999999
0.8287300000000002
0.8598599999999998
0.8793899999999999
0.90388
0.9321299999999999
0.9676800000000001
0.9909699999999999
1.0236399999999999
1.0560800000000001
1.07518
1.0914199999999998
1.0920999999999998
1.0980500000000002
1.1091799999999998
1.11131
1.1416300000000001
1.18491
1.2115999999999998
1.25123
1.25752
1.2688700000000002
1.2662200000000001
1.27198
1.2856999999999998
1.3280599999999998
1.3582899999999998
1.37657
1.37663
1.3816000000000002
1.3814099999999998
1.39568
1.4210500000000001
1.4416000000000002
1.47039
1.49932
1.52401
1.5432100000000002
1.55838
1.5615
1.56481
1.5659399999999999
1.5768300000000002
1.604
1.6362
1.65183
1.68728
1.7131599999999998
1.73368
1.7599399999999998
1.7908
1.82306
1.8314400000000002
1.83522
1.85488
1.8731200000000001
1.8608600000000002
1.85874
1.8666299999999998
1.87234
1.8788200000000002
1.8769
1.9030399999999998
1.9265599999999998
1.93613
1.9519600000000001
1.96609
1.9620199999999999
1.9727899999999998
1.9945400000000002
2.00792
2.05371
2.07517
2.09237
2.12604
2.16106
2.18417
2.20507
2.22077
2.2437899999999997
2.2641299999999998
2.2726499999999996
2.2915900000000002
2.30061
2.3237699999999997
2.32494
2.3323099999999997
2.3653899999999997
2.3941999999999997
2.41761
2.4261799999999996
2.43377
2.45352
2.45819
2.46973
2.47342
2.4790900000000002
2.50162
2.52743
2.54756
2.5719399999999997
2.5938600000000003
2.62265
2.65245
2.67323
2.69569
2.7138400000000003
2.7301200000000003
2.71199
2.7094300000000002
2.72712
2.75605
2.77421
2.80138
2.8223399999999996
2.8379899999999996
2.85203
2.87225
2.87932
2.8968299999999996
2.9043900000000002
2.92964
2.94064
2.9417999999999997
2.9463
2.9559800000000003
2.9639300000000004
2.9772499999999997
2.9931400000000004
3.0100499999999997
3.0239900000000004
3.0461799999999997
3.0637800000000004
3.07599
3.07686
3.0857200000000002
3.11181
3.14729
3.1745200000000002
3.2099200000000003
3.22776
3.2455299999999996
3.2483700000000004
3.2572
3.25931
3.27546
3.2920800000000003
3.3058199999999998
3.3314000000000004
3.3398899999999996
3.35989
3.36768
3.39191
3.4038899999999996
3.4173600000000004
3.4355700000000002
3.4480500000000003
3.4727300000000003
3.4819500000000003
3.51021
3.53118
3.5488999999999997
3.57878
3.5783500000000004
3.56632
3.56862
3.59175
3.62057
3.62666
3.64935
3.67077
3.6848599999999996
3.7031
3.70552
3.72342
3.7273699999999996
3.7321299999999997
3.74833
3.7657100000000003
3.78409
3.8198600000000003
3.84532
3.8797699999999997
3.90156
3.9321200000000003
3.9624699999999997
3.99245
4.00233
4.00409
4.02743
4.03966
4.05126
4.07191
4.08194
4.10496
4.11244
4.13296
4.13485
4.14436
4.15358
4.14612
4.14657
4.16425
4.18147
4.19692
4.20708
4.23738
4.26854
4.29886
4.32116
4.32676
4.34907
4.37627
4.3782
4.39343
4.42477
4.43755
4.43201
4.43564
4.43991
4.44593
4.4637
4.4655
4.47998
4.48561
4.49481
4.5097
6.25884
2.08374
3.52747
3.71828
3.65991
3.62404
3.59297
3.5932700000000004
3.6369800000000003
3.6135099999999998
3.76563
3.4978800000000003
3.56637
3.8341399999999997
3.3392799999999996
3.7251200000000004
3.51042
3.5291699999999997
3.4908200000000003
3.2832800000000004
3.7892200000000003
3.3098
3.5706800000000003
3.5437000000000003
4.01344
4.10953
3.35977
3.52651
3.5409800000000002
3.51886
3.5293400000000004
3.5437899999999996
3.5526400000000002
3.56839
3.5646000000000004
3.5546300000000004
3.54315
3.52079
3.4925699999999997
3.46736
3.4679599999999997
3.47527
3.4969099999999997
3.5148
3.5348800000000002
3.56754
3.5864200000000004
3.59323
3.59326
3.5877
3.57109
3.55147
3.55194
3.5292000000000003
3.5377
3.5260999999999996
3.51365
3.5010899999999996
3.48184
3.4458900000000003
3.4485799999999998
3.4623
3.47389
3.4862900000000003
3.49658
3.4700499999999996
3.45045
3.4471
3.48309
3.4984
3.45998
3.4933899999999998
3.5063700000000004
3.5084299999999997
3.5018399999999996
3.49148
3.4930000000000003
3.47907
3.48874
3.5311399999999997
3.54003
3.43593
3.50512
3.54071
3.54272
3.5537799999999997
3.54983
3.5606400000000002
3.5527499999999996
3.1152499999999996
4.28593
3.3522600000000002
5.50096
4.15045
4.19057
4.28534
4.35799
4.39739
4.44097
4.48586
4.54361
4.59471
4.63804
4.68731
4.70741
4.71834
4.75651
4.7864
4.81787
4.86332
4.90518
4.94236
4.95556
4.98389
5.008
5.01438
5.03423
5.07127
5.09572
5.12223
5.16534
5.22565
5.26399
5.31001
5.32062
5.35675
5.38649
5.39573
5.4258
5.45369
5.49589
5.53511
5.57194
5.59453
5.63698
5.66301
5.69268
5.71298
5.74496
5.77144
5.80416
5.8175
5.83009
5.87339
5.90604
5.9357
5.96139
6.0111
6.0712
6.10071
6.11584
6.12853
6.12965
6.14622
6.16543
6.20886
6.23328
6.258500000000001
6.2943299999999995
6.339670000000001
6.38065
6.4329600000000005
6.4792
6.50664
6.51644
6.53926
6.52715
6.539180000000001
6.54797
6.55366
6.576709999999999
6.613409999999999
6.646780000000001
6.67048
6.69793
6.7375
6.75186
6.76805
6.80887
6.843749999999999
6.87916
6.90134
6.913709999999999
6.9408900000000004
6.94043
6.95479
6.95957
6.975639999999999
6.995310000000001
7.02371
7.043360000000001
7.05451
7.08532
7.1133
7.14608
7.18044
7.222270000000001
7.268059999999999
7.293360000000001
7.3026100000000005
7.326009999999999
7.341780000000001
7.36188
7.37755
7.381239999999999
7.41191
7.45108
7.4692
7.488700000000001
7.48139
7.51879
7.530880000000001
7.54597
7.57852
7.59639
7.622179999999999
7.63104
7.63765
7.64717
7.6664900000000005
7.686050000000001
7.710999999999999
7.753240000000001
7.798509999999999
7.84814
7.882420000000001
7.90584
7.93292
7.943460000000001
7.95741
7.966550000000001
7.9877899999999995
8.006440000000001
8.021529999999998
8.03418
8.04579
8.080580000000001
8.110790000000001
8.14143
8.17494
8.21802
8.25892
8.273019999999999
8.287420000000001
8.319420000000001
8.32892
8.337620000000001
8.35462
8.37492
8.39022
8.39452
8.41432
8.44932
8.46612
8.49952
8.50742
8.534320000000001
8.524619999999999
8.52842
8.566220000000001
8.600719999999999
8.614820000000002
8.642520000000001
8.665320000000001
8.69922
8.72102
8.738119999999999
8.764320000000001
8.791820000000001
8.811720000000001
8.827020000000001
8.84762
8.873819999999998
8.907720000000001
8.93592
8.961120000000001
8.99962
9.04272
9.06342
9.096319999999999
9.108519999999999
9.12172
9.14002
9.14012
9.145219999999998
9.16012
9.208120000000001
9.22662
9.22712
9.25552
9.290320000000001
9.297519999999999
9.31182
9.326720000000002
9.34432
9.363520000000001
9.37452
9.402819999999998
9.433219999999999
9.454820000000002
9.496020000000001
9.537420000000001
9.564419999999998
9.573820000000001
9.586020000000001
9.581320000000002
9.57892
9.56852
9.584620000000001
9.599720000000001
9.62482
9.655719999999999
9.68592
9.710819999999998
9.76032
9.797519999999999
9.834219999999998
9.86832
9.907319999999999
9.93602
9.947019999999998
9.983319999999999
10.015419999999999
10.03472
10.05182
10.06102
10.10352
10.11742
10.143619999999999
10.16612
10.192219999999999
10.209019999999999
10.21302
10.23562
10.25302
10.273019999999999
10.30892
10.32572
10.352419999999999
10.39012
10.419920000000001
10.43562
10.45522
10.465520000000001
10.46432
10.486719999999998
10.503520000000002
10.50862
10.52872
10.561219999999999
10.58962
10.619219999999999
10.651520000000001
10.681619999999999
10.722719999999999
10.735019999999999
10.75752
10.76612
10.764320000000001
10.77412
10.786819999999999
10.816120000000002
10.840420000000002
10.856919999999999
10.899920000000002
10.91462
10.93862
10.96482
10.987919999999999
11.006219999999999
11.023119999999999
11.03632
11.06352
11.083120000000001
11.096820000000001
11.11392
11.138919999999999
11.152519999999999
11.163620000000002
11.178719999999998
11.19042
11.21482
11.24232
11.248619999999999
11.29072
11.30742
11.333020000000001
11.340019999999999
11.360220000000002
11.364820000000002
11.36252
13.484919999999999
8.36872
10.363019999999999
10.565819999999999
10.648219999999998
10.561119999999999
10.54102
10.53302
10.49512
10.311119999999999
10.72342
10.42842
10.492519999999999
10.72372
10.049219999999998
10.689520000000002
10.42652
10.44792
10.37322
11.06702
10.43262
10.779520000000002
10.20112
10.793019999999999
10.860520000000001
11.463619999999999
10.29822
10.416720000000002
10.404119999999999
10.340319999999998
10.30492
10.31042
10.32882
10.340219999999999
10.356819999999999
10.358619999999998
10.369019999999999
10.35942
10.34912
10.36282
10.378219999999999
10.381519999999998
10.372520000000002
10.37492
10.35352
10.354019999999998
10.32712
10.316120000000002
10.30622
10.31102
10.32272
10.334320000000002
10.35202
10.35352
10.361719999999998
10.36432
10.37962
10.375620000000001
10.361619999999998
10.35792
10.340319999999998
10.32012
10.301120000000001
10.27852
10.288419999999999
10.286819999999999
10.308420000000002
10.34872
10.386119999999998
10.22392
10.14022
10.188220000000001
10.24392
10.280919999999998
10.306619999999999
10.309819999999998
10.314319999999999
10.334620000000001
10.337520000000001
10.384319999999999
10.13262
10.21922
10.293119999999998
10.31542
10.31532
10.319420000000001
10.320519999999998
10.314620000000001
10.30612
9.834119999999999
11.13502
10.41452
11.614419999999999
10.85342
10.94642
10.994319999999998
11.071919999999999
11.120719999999999
11.19812
11.270119999999999
11.32742
11.38242
11.43112
11.471720000000001
11.517019999999999
11.541820000000001
11.56672
11.607119999999998
11.66882
11.712219999999999
11.762920000000001
11.80152
11.83052
11.87022
11.896719999999998
11.93742
12.00152
12.05572
12.07592
12.096720000000001
12.12892
12.16302
12.195419999999999
12.209219999999998
12.241620000000001
12.28452
12.332519999999999
12.352519999999998
12.382719999999999
12.42772
12.476320000000001
12.51982
12.54982
12.60022
12.62792
12.660720000000001
12.68602
12.71032
12.756219999999999
12.799219999999998
12.837520000000001
12.860320000000002
12.879919999999998
12.92332
12.94972
12.96902
13.010819999999999
13.045020000000001
13.067419999999998
13.098320000000001
13.128820000000001
13.166419999999999
13.194320000000001
13.213920000000002
13.244520000000001
13.276420000000002
13.300820000000002
13.33492
13.35672
13.40032
13.438120000000001
13.483920000000001
13.519020000000001
13.529720000000001
13.55002
13.555219999999998
13.58072
13.61432
13.625219999999999
13.655619999999999
13.683420000000002
13.71342
13.745719999999999
13.766020000000001
13.788920000000001
13.818719999999999
13.844819999999999
13.881620000000002
13.913820000000001
13.966619999999999
13.994119999999999
14.02542
14.06062
14.099419999999999
14.131519999999998
14.162320000000001
14.20242
14.23762
14.26512
14.28502
14.305219999999998
14.329919999999998
14.33822
14.38042
14.424019999999999
14.445619999999998
14.471619999999998
14.49512
14.514219999999998
14.52402
14.54122
14.565819999999999
14.582619999999999
14.62022
14.634719999999998
14.651519999999998
14.688119999999998
14.71312
14.72042
14.743119999999998
14.77422
14.80322
14.82462
14.837519999999998
14.846319999999999
14.863219999999998
14.890719999999998
14.926919999999999
14.96942
15.003219999999999
15.044319999999999
15.088819999999998
15.10932
15.12282
15.14172
15.17352
15.20112
15.224719999999998
15.25142
15.29982
15.334119999999999
15.36532
15.387819999999998
15.41422
15.45262
15.46332
15.47712
15.494319999999998
15.51632
15.544519999999999
15.563019999999998
15.58652
15.61232
15.62812
15.637719999999998
15.62932
15.642419999999998
15.66452
15.690719999999999
15.73132
15.76222
15.80422
15.83992
15.869519999999998
15.89312
15.936219999999999
15.96452
15.994119999999999
16.026719999999997
16.05022
16.07282
16.06862
16.08352
16.10322
16.12372
16.122719999999997
16.13052
16.14752
16.16262
16.177419999999998
16.20412
16.21362
16.236919999999998
16.238319999999998
16.253819999999997
16.26992
16.28632
16.30312
16.314819999999997
16.34092
16.37292
16.38972
16.40732
16.43702
16.47132
16.49372
16.48892
16.51242
16.51862
16.53092
16.55832
16.56562
16.58172
16.598219999999998
16.62622
16.64022
16.66292
16.700419999999998
16.732419999999998
16.76512
16.80342
16.82512
16.84392
16.85762
16.87302
16.89302
16.903019999999998
16.91572
16.93562
16.954919999999998
16.97142
16.98612
16.986919999999998
16.996219999999997
17.00432
17.01822
17.035719999999998
17.05182
17.105819999999998
17.14352
17.15262
17.18892
17.19642
17.21352
17.23582
17.25262
17.25612
17.27702
17.285619999999998
17.310019999999998
17.30882
17.31262
17.33552
17.35152
17.37992
17.39062
17.418419999999998
17.439519999999998
17.46052
17.473219999999998
17.48352
17.49352
17.503619999999998
17.51532
17.514219999999998
17.54312
17.55672
17.55822
17.56222
17.56722
17.58352
17.58872
17.62792
17.651619999999998
17.670019999999997
17.70142
17.70762
17.726219999999998
17.733919999999998
17.74532
17.76702
17.78232
17.80652
17.84572
17.88722
17.91132
17.92982
17.96042
17.96772
17.97272
17.97582
17.986819999999998
18.005119999999998
18.01012
18.01192
18.03172
18.052419999999998
18.070919999999997
18.08362
18.101419999999997
18.106019999999997
18.127019999999998
18.14482
18.13842
18.13912
18.16022
18.18322
18.22592
18.27082
18.313319999999997
18.259719999999998
19.877119999999998
16.064719999999998
17.69002
17.75922
17.70832
17.712519999999998
17.70402
17.73182
17.68932
17.828519999999997
18.02992
17.59442
17.70622
17.93782
17.38672
17.83372
17.55892
17.50722
17.62802
18.288819999999998
17.085919999999998
17.851319999999998
17.60352
18.36142
18.03682
17.88862
17.36752
17.50092
17.485419999999998
17.43682
17.43452
17.444319999999998
17.45362
17.436519999999998
17.42842
17.429119999999998
17.41562
17.41302
17.40202
17.401519999999998
17.39042
17.40352
17.389419999999998
17.38832
17.39422
17.40042
17.39772
17.39722
17.397119999999997
17.406019999999998
17.400119999999998
17.40482
17.40872
17.39982
17.40282
17.416819999999998
17.384819999999998
17.37912
17.37182
17.36702
17.360319999999998
17.352919999999997
17.35652
17.35032
17.36082
17.369519999999998
17.39882
17.45612
17.477619999999998
17.28502
17.21502
17.36012
17.41482
17.41322
17.41022
17.41262
17.410819999999998
17.41202
17.44672
17.39282
17.19752
17.34152
17.39142
17.37842
17.36862
17.37972
17.37982
17.381919999999997
17.41162
16.98672
18.01232
16.71172
19.247419999999998
18.03932
18.114819999999998
18.20252
18.30962
18.406319999999997
18.480819999999998
18.55212
18.59792
18.63902
18.651619999999998
18.69232
18.74722
18.787119999999998
18.81432
18.832819999999998
18.86462
18.887819999999998
18.94552
19.02412
19.08582
19.156119999999998
19.20462
19.243119999999998
19.282719999999998
19.305619999999998
19.34302
19.36672
19.42242
19.47662
19.531219999999998
19.58022
19.60792
19.62792
19.66112
19.68642
19.73782
19.79372
19.861819999999998
19.90662
19.951719999999998
19.97882
20.005319999999998
20.037119999999998
20.066319999999997
20.11462
20.17652
20.224819999999998
20.265719999999998
20.30302
20.31882
20.334319999999998
20.35052
20.37432
20.40502
20.442619999999998
20.49122
20.51762
20.56112
20.59762
20.631819999999998
20.66272
20.67792
20.70432
20.71992
20.75012
20.78612
20.822319999999998
20.843619999999998
20.87012
20.883219999999998
20.88982
20.904619999999998
20.935219999999997
20.96492
20.99332
21.02622
21.046419999999998
21.07962
21.122519999999998
21.14462
21.16742
21.198719999999998
21.21222
21.20842
21.211119999999998
21.22082
21.22892
21.25102
21.262719999999998
21.27692
21.28612
21.319219999999998
21.34332
21.37342
21.41172
21.44522
21.462419999999998
21.48352
21.511419999999998
21.526619999999998
21.52762
21.54272
21.54612
21.55222
21.55642
21.57202
21.575419999999998
21.590719999999997
21.61672
21.64222
21.654519999999998
21.66432
21.67922
21.69762
21.71492
21.720319999999997
21.74532
21.75612
21.76692
21.78612
21.820619999999998
21.84342
21.87342
21.88382
21.89472
21.89632
21.90342
21.89922
21.89942
21.90192
21.89932
21.91402
21.92792
21.94552
21.97062
21.98782
22.01522
22.01832
22.01762
22.02682
22.021819999999998
22.02702
22.02272
22.046319999999998
22.05492
22.07442
22.09292
22.08932
22.10172
22.11532
22.14942
22.17552
22.17492
22.17802
22.18762
22.17352
22.16122
22.14812
22.17792
22.195619999999998
22.19492
22.211019999999998
22.24192
22.25262
22.26792
22.28972
22.31292
22.32312
22.325519999999997
22.31082
22.30652
22.31872
22.33192
22.34262
22.363419999999998
22.38292
22.39582
22.39042
22.40372
22.40652
22.41612
22.424519999999998
22.42872
22.45012
22.46452
22.491619999999998
22.48742
22.49032
22.50242
22.515719999999998
22.508119999999998
22.512819999999998
22.53472
22.55122
22.55902
22.56542
22.598119999999998
22.613619999999997
22.63062
22.65232
22.659019999999998
22.663719999999998
22.66002
22.65392
22.65052
22.64672
22.65962
22.682219999999997
22.69482
22.70232
22.706319999999998
22.71432
22.72072
22.703419999999998
22.68902
22.71152
22.73002
22.74182
22.75012
22.76232
22.76972
22.76622
22.78212
22.79532
22.816219999999998
22.819119999999998
22.842219999999998
22.848019999999998
22.84152
22.82712
22.82492
22.80832
22.79992
22.79562
22.802419999999998
22.81222
22.816119999999998
22.83882
22.85512
22.86922
22.88992
22.90962
22.92102
22.94662
22.95072
22.95462
22.968819999999997
22.95922
22.95562
22.96202
22.96682
22.97812
22.973319999999998
22.97952
22.98442
22.98442
23.00402
23.01092
23.02552
23.032819999999997
23.04072
23.04452
23.038719999999998
23.02942
23.02992
23.04872
23.06512
23.06852
23.07052
23.06692
23.06652
23.06952
23.06262
23.061619999999998
23.078219999999998
23.08222
23.098019999999998
23.107519999999997
23.11862
23.13112
23.12912
23.13242
23.134819999999998
23.144019999999998
23.15882
23.17632
23.18942
23.19202
23.211019999999998
23.24802
23.25482
23.24172
23.229219999999998
23.22562
23.21322
23.16282
23.13862
23.131919999999997
25.34112
19.83862
22.20062
22.387819999999998
22.42872
22.35252
22.35452
22.34322
22.33082
22.09602
22.50282
22.40102
22.40892
22.61412
21.89592
22.56732
22.23032
22.10532
20.94982
21.92622
21.88422
22.25892
22.899919999999998
22.843519999999998
22.62002
21.68032
21.96352
22.29282
22.25862
22.23752
22.21792
22.21532
22.20592
22.19352
22.189519999999998
22.17962
22.16092
22.14952
22.14042
22.14752
22.15592
22.16492
22.17072
22.17182
22.16452
22.14052
22.13822
22.12812
22.127219999999998
22.12922
22.14762
22.148419999999998
22.14522
22.14372
22.13092
22.10682
22.107219999999998
22.10002
22.081319999999998
22.06132
22.05902
22.03372
22.014319999999998
22.02682
22.003719999999998
22.01542
22.07102
22.145619999999997
22.177519999999998
21.86442
21.78182
21.92192
21.97742
21.99512
21.985519999999998
21.97552
21.973319999999998
21.957919999999998
21.93602
23.52752
24.04672
23.13732
22.525219999999997
22.41352
22.448719999999998
22.46732
22.46592
21.77942
19.07872
20.456319999999998
21.71122
21.92982
21.94702
21.94812
21.951819999999998
21.97732
21.98882
22.04402
21.73592
21.23512
24.334619999999997
22.23012
22.406319999999997
22.450519999999997
22.496219999999997
22.54232
22.56142
22.58472
22.61422
22.59702
22.62492
22.64442
22.688019999999998
22.704819999999998
22.74262
22.78082
22.80012
22.81442
22.85522
22.87312
22.88212
22.90082
22.90952
22.926019999999998
22.94972
22.971819999999997
22.97852
22.99122
23.017319999999998
23.03062
23.035719999999998
23.058419999999998
23.08582
23.12352
23.13652
23.14792
23.157719999999998
23.16552
23.17202
23.195919999999997
23.206319999999998
23.21502
23.21522
23.221619999999998
23.23472
23.23462
23.252319999999997
23.244519999999998
23.25282
23.26402
23.293219999999998
23.30672
23.320819999999998
23.319319999999998
23.313319999999997
23.30942
23.29102
23.294819999999998
23.31712
23.314619999999998
23.31832
23.333019999999998
23.35862
23.363319999999998
23.357519999999997
23.36552
23.366519999999998
23.36612
23.36462
23.36432
23.36542
23.35532
23.35762
23.36722
23.37352
23.38702
23.38962
23.40262
23.41912
23.424619999999997
23.42532
23.436519999999998
23.44612
23.45912
23.46522
23.47572
23.47672
23.48632
23.47272
23.479419999999998
23.46672
23.46312
23.46682
23.47692
23.48062
23.49092
23.50802
23.51352
23.52412
23.52882
23.540319999999998
23.54862
23.56502
23.58852
23.60842
23.61532
23.59862
23.589019999999998
23.58052
23.58562
23.56882
23.55932
23.57052
23.58932
23.586119999999998
23.58662
23.57662
23.584519999999998
23.58342
23.59022
23.60332
23.61122
23.62442
23.64482
23.66302
23.68292
23.69802
23.69922
23.68602
23.67042
23.66612
23.67312
23.66112
23.65562
23.672919999999998
23.68532
23.69492
23.695619999999998
23.67862
23.66502
23.66452
23.65972
23.67542
23.68172
23.69312
23.68852
23.70122
23.70902
23.70512
23.70622
23.703319999999998
23.71082
23.704919999999998
23.71352
23.72342
23.71352
23.717119999999998
23.73182
23.72652
23.72292
23.708119999999997
23.71032
23.71502
23.69512
23.69232
23.69952
23.70402
23.70912
23.72992
23.76062
23.76622
23.764219999999998
23.76812
23.769019999999998
23.76492
23.74642
23.74032
23.750619999999998
23.741519999999998
23.74372
23.763019999999997
23.76382
23.76382
23.764319999999998
23.75592
23.761419999999998
23.74992
23.73952
23.74562
23.75772
23.773619999999998
23.77102
23.77412
23.79212
23.76972
23.76872
23.77602
23.78532
23.79862
23.79842
23.82882
23.833019999999998
23.83692
23.837619999999998
23.82012
23.79732
23.76982
23.75422
23.74022
23.74352
23.75002
23.77692
23.791919999999998
23.795019999999997
23.78962
23.81562
23.810219999999997
23.78632
23.78232
23.78482
23.79102
23.807019999999998
23.823919999999998
23.84092
23.82582
23.82452
23.80762
23.791819999999998
23.76722
23.76482
23.79112
23.797819999999998
23.820719999999998
23.822419999999997
23.825419999999998
23.83052
23.82802
23.84622
23.85562
23.87842
23.89202
23.90972
23.915219999999998
23.89342
23.85962
23.854219999999998
23.83222
23.83172
23.828319999999998
23.82582
23.82452
23.82202
23.83042
23.81672
23.82322
23.82182
23.81982
23.83392
23.83782
23.85552
23.86772
23.87302
23.87212
23.87622
23.86442
23.871019999999998
23.87952
23.88742
23.89822
23.889319999999998
23.877219999999998
23.87022
23.849819999999998
23.85062
23.835919999999998
23.82882
23.83112
23.83222
23.83272
23.83412
23.825419999999998
23.81502
23.82122
23.83882
23.851119999999998
23.849619999999998
23.85352
23.86692
23.87692
23.88752
23.874219999999998
23.88092
23.88242
23.87752
23.888019999999997
23.883119999999998
23.883319999999998
23.88062
23.88572
23.84022
24.19252
22.47212
23.211119999999998
23.21692
23.20082
23.19192
23.175819999999998
23.16462
23.14982
23.13422
23.124219999999998
23.12312
23.14202
23.13282
23.13152
23.13262
23.14362
23.12972
23.13142
23.130319999999998
23.11862
23.09332
23.05942
23.04452
23.041619999999998
23.014319999999998
23.009819999999998
23.01852
23.01802
23.02632
23.022119999999997
23.011219999999998
23.02292
23.01172
23.00192
22.985419999999998
22.99812
22.97732
22.96352
22.97752
22.988319999999998
22.98972
22.98292
23.003719999999998
23.00932
22.99182
22.97432
22.96052
22.94842
22.93242
22.91182
22.92102
22.91902
22.91182
22.91122
22.91002
22.90082
22.89302
22.86782
22.869519999999998
22.85942
22.83252
22.820919999999997
22.81692
22.828219999999998
22.82002
22.80452
22.80222
22.78992
22.80282
22.80922
22.805619999999998
22.80522
22.80272
22.810119999999998
22.803819999999998
22.80912
22.80222
22.81702
22.82462
22.802619999999997
22.796319999999998
22.78842
22.76822
22.75602
22.74562
22.74972
22.76962
22.78072
22.77252
22.756919999999997
22.744519999999998
22.755219999999998
22.74422
22.73002
22.724719999999998
22.72702
22.732419999999998
22.73152
22.73612
22.72892
22.731019999999997
22.73622
22.734019999999997
22.71032
22.68872
22.66702
22.66132
22.66092
22.65352
22.67182
22.677319999999998
22.65582
22.66022
22.649919999999998
22.64742
22.64422
22.64922
22.662219999999998
22.668519999999997
22.65832
22.64882
22.64652
22.636319999999998
22.64512
22.64262
22.64882
22.64832
22.62462
22.62382
22.61732
22.61082
22.586019999999998
22.58012
22.57142
22.553919999999998
22.55042
22.54402
22.54112
22.546219999999998
22.55932
22.55292
22.561719999999998
22.57272
22.58062
22.58272
22.58062
22.57622
22.56652
22.55672
22.55572
22.54552
22.532819999999997
22.52452
22.511219999999998
22.50112
22.506819999999998
22.50562
22.502119999999998
22.51322
22.509819999999998
22.49572
22.48312
22.47242
22.47062
22.451919999999998
22.44922
22.45392
22.45222
22.45452
22.44472
22.43612
22.42102
22.38122
22.381719999999998
22.378719999999998
22.37472
22.37752
22.37812
22.37752
22.389319999999998
22.375619999999998
22.37982
22.38592
22.389519999999997
22.39832
22.40262
22.40232
22.38682
22.377019999999998
22.36592
22.36422
22.36702
22.37992
22.38302
22.381919999999997
22.37772
22.35862
22.33092
22.31122
22.30182
22.30622
22.29282
22.29212
22.29732
22.29562
22.27992
22.26372
22.246219999999997
22.24032
22.23422
22.229319999999998
22.24482
22.24272
22.24322
22.25142
22.23582
22.24172
22.25162
22.26762
22.28152
22.28902
22.297819999999998
22.307119999999998
22.31832
22.311619999999998
22.30072
22.29762
22.278119999999998
22.28232
22.26672
22.26812
22.252219999999998
22.25132
22.25922
22.24812
22.24192
22.235319999999998
22.229119999999998
22.236819999999998
22.23752
22.21162
22.203319999999998
22.212619999999998
22.20532
22.188319999999997
22.18892
22.19002
22.17792
22.17722
22.18602
22.19172
22.19082
22.20612
22.20752
22.20622
22.20222
22.18722
22.19682
22.19092
22.18272
22.170019999999997
22.15972
22.13392
22.11372
22.10022
22.080019999999998
22.072319999999998
22.07142
22.07282
22.06982
22.064619999999998
22.069319999999998
22.080019999999998
22.07032
22.05582
22.05912
22.05302
22.02152
22.005119999999998
21.99732
22.00922
22.01232
22.01922
22.02772
22.03182
22.03482
22.01322
21.99282
21.99022
21.99662
21.999219999999998
22.00952
22.02622
22.03782
22.01232
21.98612
21.98352
21.997419999999998
21.98042
21.95832
21.95162
21.96842
21.96352
21.96192
21.94202
21.94982
21.95862
21.959419999999998
21.961019999999998
21.962419999999998
21.980819999999998
21.98762
21.96602
21.96332
21.96302
21.960919999999998
21.95222
21.93382
21.93162
21.93112
21.93112
21.94312
21.93332
21.94662
21.951719999999998
21.95912
21.95272
21.94082
21.93182
21.91282
21.91802
21.91012
21.907819999999997
21.90962
21.89462
21.901419999999998
21.901419999999998
21.898619999999998
21.88392
21.901419999999998
21.90742
21.909219999999998
21.897119999999997
21.889219999999998
21.899919999999998
21.889219999999998
21.88722
21.88302
21.86692
21.84442
21.82432
21.80302
21.787219999999998
21.78032
21.79112
21.78372
21.781219999999998
21.78052
21.77412
21.77832
21.78762
21.791619999999998
21.797819999999998
21.823719999999998
21.82662
21.81652
21.80622
21.78912
21.787419999999997
21.75952
21.74562
21.75882
21.75932
21.753519999999998
21.75042
21.74242
21.739919999999998
21.73312
21.721719999999998
21.71202
21.71202
21.70472
21.71802
21.72272
21.73432
21.74082
21.75002
21.74242
21.74422
21.73262
21.73302
21.70702
21.71202
21.704919999999998
21.708019999999998
21.69532
21.691119999999998
21.68232
21.678919999999998
21.683719999999997
21.69052
21.70132
21.70222
21.70082
21.69652
21.70692
21.69492
21.68022
21.67252
21.65222
21.63872
21.625719999999998
21.61242
21.608919999999998
21.596719999999998
21.59912
21.59242
21.59782
21.58402
21.59752
21.60172
21.59582
21.56032
21.552319999999998
21.54362
21.537419999999997
21.53232
21.53692
21.54052
21.53242
21.546519999999997
21.54452
21.55802
21.55492
21.553819999999998
21.56092
21.56842
21.56272
21.56052
21.55482
21.558719999999997
21.563119999999998
21.58012
21.57732
21.590419999999998
21.58552
21.584619999999997
21.55682
21.55202
21.54252
21.51672
21.51322
21.52122
21.51682
21.486919999999998
21.48482
21.48902
21.47992
21.47432
21.45982
21.46042
21.456619999999997
21.46012
21.46472
21.46932
21.468719999999998
21.47512
21.47802
21.47232
21.45462
21.43562
21.43132
21.42252
21.41122
21.403019999999998
21.401419999999998
21.398619999999998
21.41002
21.40102
21.40552
21.40232
21.397019999999998
21.381919999999997
21.38352
21.38542
21.37472
21.366419999999998
21.363519999999998
21.369719999999997
21.34752
21.334519999999998
21.325419999999998
21.32872
21.34092
21.330019999999998
21.33642
21.33622
21.346619999999998
21.34342
21.32322
21.31842
21.30582
21.29102
21.28032
21.27632
21.29582
21.307119999999998
21.30142
21.30032
21.30032
21.30032
21.278119999999998
21.24932
21.23582
21.23312
21.23202
21.223319999999998
21.236819999999998
21.255219999999998
21.272119999999997
21.27252
21.26082
21.27252
21.25752
21.224919999999997
21.20012
21.18572
21.17872
21.17342
21.18602
21.19052
21.18892
21.183719999999997
21.17922
21.18762
21.18072
21.17102
21.17422
21.16762
21.162319999999998
21.168519999999997
21.162319999999998
21.16412
21.16942
21.17102
21.17792
21.17922
21.18842
21.17692
21.16892
21.188019999999998
21.182119999999998
21.17392
21.16412
21.153019999999998
21.14322
21.13592
21.122619999999998
21.10712
21.08622
21.08202
21.07442
21.05672
21.06062
21.048019999999998
21.058419999999998
21.05582
21.08082
21.09772
21.101119999999998
21.09762
21.09472
21.072419999999997
21.05432
21.03922
21.02292
21.026419999999998
21.03072
21.035819999999998
21.03172
21.03922
21.046319999999998
21.041619999999998
21.04732
21.06732
21.05582
21.05052
21.03922
21.02702
21.00742
21.009919999999997
21.01332
21.01812
21.03232
21.03392
21.03232
21.04052
21.03232
21.01242
21.00942
21.00102
21.01082
21.006819999999998
20.99372
20.99952
20.99372
20.995919999999998
20.96842
20.963919999999998
20.94292
20.93842
20.950219999999998
20.94252
20.93272
20.94772
20.96202
20.984019999999997
20.98732
20.99702
20.98662
20.98772
20.985419999999998
20.97282
20.973119999999998
20.98002
20.984019999999997
20.99022
20.98442
20.974719999999998
20.97042
20.96352
20.959519999999998
20.96012
20.96062
20.985219999999998
21.00142
21.01562
21.020519999999998
21.025019999999998
21.00642
20.99172
20.982419999999998
20.974819999999998
20.97372
20.97122
20.96732
20.96312
20.97372
20.939819999999997
20.92722
20.93032
20.93072
20.93112
20.93382
20.94142
20.935119999999998
20.91192
20.897019999999998
20.88542
20.87662
20.87792
20.881919999999997
20.872619999999998
20.88132
20.875719999999998
20.85512
20.84952
20.82142
20.806919999999998
20.782819999999997
20.80312
20.80292
20.78912
20.79592
20.796319999999998
20.80662
20.80292
20.79212
20.797819999999998
20.807119999999998
20.79722
20.79252
20.795019999999997
20.76972
20.75482
20.73312
20.73672
20.73482
20.72232
20.72512
20.73642
20.76312
20.77272
20.79532
20.79612
20.79252
20.779519999999998
20.73272
20.72422
20.70852
20.69842
20.71432
20.73182
20.75732
20.73602
20.738319999999998
20.723319999999998
20.69942
20.677419999999998
20.663619999999998
20.65182
20.65182
20.659119999999998
20.654519999999998
20.66322
20.662219999999998
20.66942
20.686519999999998
20.68712
20.70722
20.69252
20.69202
20.68942
20.68722
20.67632
20.67202
20.67402
20.665219999999998
20.66312
20.66332
20.645619999999997
20.64132
20.63262
20.62382
20.613319999999998
20.613319999999998
20.61392
20.60312
20.60562
20.61122
20.611919999999998
20.610319999999998
20.61082
20.61622
20.60312
20.59572
20.57642
20.56062
20.55962
20.56542
20.56072
20.56542
20.570619999999998
20.575219999999998
20.56512
20.553819999999998
20.56112
20.561619999999998
20.552319999999998
20.56692
20.56982
20.57252
20.59412
20.58712
20.58882
20.599719999999998
20.59442
20.590419999999998
20.56642
20.56842
20.561619999999998
20.54612
20.54362
20.53232
20.54602
20.54722
20.549419999999998
20.54882
20.57052
20.58072
20.569319999999998
20.55912
20.55472
20.54152
20.51562
20.50412
20.49422
20.50872
20.48902
20.48642
20.499019999999998
20.486919999999998
20.495919999999998
20.503619999999998
20.53202
20.552319999999998
20.55072
20.54052
20.53912
20.51832
20.49632
20.485519999999998
20.46842
20.44312
20.42832
20.42492
20.418219999999998
20.421419999999998
20.42482
20.427519999999998
20.40072
20.38552
20.36112
20.34942
20.33792
20.33262
20.34592
20.34772
20.323819999999998
20.30672
20.29292
20.28072
20.273419999999998
20.26832
20.27632
20.273619999999998
20.27142
20.26522
20.27122
20.27942
20.296419999999998
20.30982
20.334619999999997
20.349619999999998
20.34842
20.32882
20.31752
20.29902
20.28902
20.27612
20.27722
20.28762
20.27852
20.27632
20.27302
20.27322
20.272119999999997
20.27702
20.28182
20.285719999999998
20.27872
20.270519999999998
20.24732
20.22652
20.221719999999998
20.221719999999998
20.218819999999997
20.21992
20.23002
20.23972
20.23152
20.241319999999998
20.23152
20.24322
20.23502
20.21932
20.22692
20.221719999999998
20.22132
20.221719999999998
20.20622
20.21932
20.20622
20.20262
20.203519999999997
20.194119999999998
20.19652
20.19152
20.18182
20.200219999999998
20.19542
20.18412
20.17102
20.16412
20.16652
20.151619999999998
20.15832
20.15552
20.156119999999998
20.14522
20.14212
20.15672
20.14822
20.13972
20.13592
20.14882
20.15342
20.15542
20.15432
20.22862
