-1.52454
-1.11118
-0.913055
-0.927673
-0.934692
-0.816711
-1.13861
-1.02924
-0.482025
-1.07172
-0.24118
-0.893982
-0.0975037
-0.983521
-0.496887
-0.636475
-0.420868
0.25061
-1.71E-03
0
-0.656097
-0.281738
-0.600555
-0.755615
-0.928131
-0.926086
-0.99649
-1.84796
-2.18124
-11.6929
20.0309
29.961
36.5786
40.5672
42.4985
43.5278
44.1864
44.5458
44.8548
45.1341
45.3939
45.6442
45.904
46.1423
46.3403
46.5509
46.7684
46.9693
47.1556
47.3532
47.5345
47.7177
47.8779
48.0443
48.236
48.3974
48.5755
48.7279
48.8552
49.0103
49.1572
49.3159
49.4826
49.6209
49.6622
49.6782
49.7685
50.0981
50.3577
50.4533
50.499
50.5481
50.5806
50.6259
50.6786
50.6896
50.7505
50.2145
48.8668
48.2885
48.0755
48.5273
49.7677
49.504
51.4883
52.249
52.1994
52.1787
52.1525
52.1373
52.1462
52.138
52.113
52.0692
52.0102
51.9724
51.8923
51.8316
51.7645
51.7125
51.6731
51.6016
51.554
51.4937
51.4411
51.3907
51.3321
51.275
51.2227
51.1817
51.1406
51.1013
51.0606
51.0004
50.9641
50.9431
50.9121
50.8809
50.8708
50.8594
50.8333
50.8121
50.7841
50.7516
50.7188
50.6993
50.6684
50.6665
50.6423
50.6407
50.6484
50.6797
50.6911
50.6993
50.7207
50.7399
50.7402
50.7415
50.7403
50.752
50.7614
50.763
50.7813
50.8024
50.8219
50.861
50.9235
51.0005
51.1211
50.6306
9.2207
4.71414
4.43134
4.32227
4.29071
4.26141
4.24844
4.23679
4.2403
4.26022
4.28131
4.29922
4.31375
4.32031
4.32196
4.34344
4.3696
4.38126
4.38718
4.41803
4.42975
4.4317
4.44336
4.46259
4.4707
4.44928
4.47076
4.47235
4.47891
4.4411
4.43796
4.4411
4.4418
4.4317
4.4317
4.42188
4.41998
4.41962
4.43951
4.44962
4.43951
4.45123
4.43329
4.4285
4.40009
4.37897
4.38092
4.37772
4.37741
4.39694
4.42468
4.42819
4.42819
4.42859
4.41217
4.42038
4.39883
4.37897
4.43015
4.49695
4.58054
4.65866
4.76804
4.82858
4.79102
4.75787
4.62079
2.95789
0.0398254
0.291077
-1.89017
0.237183
5.66647
5.92664
0.787567
0.867645
0.781311
0.470703
0.939514
-0.248352
-0.122284
-0.192902
-0.200714
-0.931183
-3.95071
-6.45892
-7.439
-2.09094
2.59851
7.3699
3.95789
-7.0343
-6.17493
-4.3515
0.361389
2.7778
3.20749
3.18015
3.17819
3.26843
3.46765
3.69022
3.46725
4.06882
4.56882
4.03757
4.09851
4.64734
5.41531
4.35477
5.16843
4.60632
5.03601
5.26999
5.41022
5.43835
5.36804
5.2489
5.10983
4.96756
4.82663
4.73523
4.59811
4.50201
4.31726
4.13602
4.12781
4.36804
4.08524
3.39423
3.3075
-176.634
-214.085
-198.734
-194.242
-196.381
-199.599
-202.287
-204.421
-206.152
-207.513
-208.292
-208.621
-208.691
-208.571
-208.224
-207.724
-207.085
-206.332
-205.403
-204.534
-203.515
-202.415
-201.393
-200.283
-199.091
-197.843
-196.642
-195.412
-194.093
-192.792
-191.403
-190.023
-188.644
-187.253
-185.892
-184.491
-183.071
-181.671
-180.284
-178.895
-177.505
-176.083
-174.655
-173.232
-171.793
-170.38
-168.974
-167.532
-166.081
-164.645
-163.235
-161.804
-160.391
-158.972
-157.581
-156.181
-154.812
-153.41
-151.951
-150.554
-149.193
-147.822
-146.403
-144.975
-143.616
-142.304
-140.917
-139.475
-138.096
-136.747
-135.386
-134.025
-132.675
-131.306
-129.953
-128.651
-127.315
-125.984
-124.694
-123.415
-122.095
-120.782
-119.493
-118.204
-116.884
-115.606
-114.344
-113.104
-111.821
-110.575
-109.264
-108.023
-106.742
-105.513
-104.3
-103.072
-101.839
-100.599
-99.4132
-98.1862
-96.962
-95.7531
-94.6848
-93.4233
-92.2387
-90.7661
-88.9439
-87.692
-86.6509
-85.5955
-84.5787
-83.4904
-83.1654
-81.9937
-80.5963
-79.3558
-78.0095
-77.0776
-75.9486
-74.446
-73.161
-71.8278
-71.9627
-69.692
-68.6977
-67.2586
-67.4119
-65.1065
-64.3168
-62.7574
-61.63
-60.5553
-59.4522
-58.328
-57.2577
-56.1681
-55.0925
-54.0307
-53.021
-52.0389
-50.9917
-49.9506
-48.9096
-47.8702
-46.8018
-45.7999
-44.7807
-43.7791
-42.8081
-41.7476
-40.7202
-39.7319
-38.7253
-37.7132
-36.7119
-35.7299
-34.7609
-33.8104
-32.771
-31.7709
-30.8527
-29.8315
-28.8803
-27.9636
-26.9424
-25.9538
-25.0159
-24.037
-23.058
-22.1123
-21.1745
-20.3413
-19.4296
-18.2781
-17.2212
-16.2709
-15.3281
-14.4475
-13.4933
-12.5897
-11.7171
-10.8085
-10.0066
-9.10406
-8.02954
-7.05759
-6.18265
-5.3136
-4.49829
-3.63861
-2.75812
-1.80728
-2.13062
-1.89679
1.40546
2.86249
3.62115
4.37329
5.20523
6.07593
6.93686
7.7243
8.5575
9.32037
10.134
10.8789
11.5879
12.3887
13.1797
13.9199
14.6781
15.3579
16.0801
16.8336
17.5847
18.3528
19.1262
19.8466
20.5965
21.3449
22.0962
22.8055
23.5832
24.286
24.9558
25.7058
26.3871
27.0555
27.8465
28.5437
29.2286
29.9656
30.6469
31.3351
32.0735
32.7926
33.4524
34.1731
34.8941
35.6078
36.3251
37.0226
37.7044
38.4527
39.1634
39.8336
40.5422
41.2137
41.9234
42.5946
43.3121
43.9657
44.6144
45.2645
45.9461
46.6324
47.245
47.9117
48.5243
49.2437
49.9216
50.5426
51.1993
51.8727
52.5492
53.2204
53.8841
54.5035
55.1571
55.7633
56.3742
57.0134
57.6669
58.2945
58.9036
59.5605
60.1931
60.7813
61.4332
62.072
62.6519
63.2923
63.9199
64.4817
65.1231
65.7422
66.3727
67.0032
67.5953
68.1555
68.745
69.3399
69.982
70.613
71.2144
71.7825
72.4332
72.9739
73.5703
74.1501
74.7501
75.3516
75.9301
76.4922
77.0817
77.7208
78.3074
78.8985
79.4606
80.041
80.6505
81.2403
81.7434
82.3383
82.9235
83.5231
84.0297
84.5622
85.1212
85.6977
86.2676
86.8286
87.3712
87.9005
88.4691
88.9899
89.5684
90.0919
90.6426
91.1797
91.7403
92.2387
92.7664
93.3184
93.8774
94.4067
94.8923
95.443
96.0227
96.5195
97.0407
97.5801
98.1293
98.6552
99.1665
99.6895
100.199
100.688
101.211
101.76
102.249
102.691
103.211
103.76
104.318
104.77
105.27
105.799
106.281
106.74
107.24
107.752
108.25
108.799
109.249
109.721
110.2
110.691
111.199
111.717
112.209
112.68
113.159
113.639
114.118
114.559
115.01
115.549
116.059
116.5
116.977
117.42
117.899
118.387
118.876
119.327
119.778
120.289
120.758
121.186
121.668
122.145
122.616
123.087
123.508
123.979
124.428
124.886
125.368
125.809
126.239
126.668
127.141
127.582
128.031
128.487
128.916
129.359
129.835
130.266
130.706
131.209
131.639
132.075
132.508
132.9
133.34
133.798
134.208
134.602
135.049
135.42
135.829
136.242
136.649
137.116
137.508
137.909
138.354
138.809
139.219
139.608
140.02
140.447
140.838
141.257
141.668
142.056
142.466
142.917
143.305
143.686
144.108
144.53
144.902
145.309
145.718
146.097
146.495
146.904
147.312
147.724
148.136
148.505
148.895
149.347
149.737
150.1
150.456
150.819
151.198
151.588
152.007
152.409
152.788
153.155
153.556
153.946
154.298
154.716
155.089
155.448
155.839
156.229
156.588
156.927
157.286
157.667
158.056
158.466
158.825
159.195
159.607
159.997
160.388
160.737
161.1
161.379
161.718
162.106
162.457
162.831
163.2
163.482
163.951
164.229
164.763
165.787
166.153
166.38
166.577
166.813
167.147
166.81
167.162
167.738
168.167
168.872
168.79
169.351
169.97
170.424
170.985
170.035
171.513
171.799
172.58
171.641
173.121
173.121
174.002
174.451
174.765
175.133
175.524
175.875
176.206
176.507
176.796
177.152
177.51
177.827
178.179
178.538
178.888
179.221
179.551
179.901
180.241
180.571
180.93
181.28
181.585
181.899
182.247
182.597
182.974
183.291
183.6
183.95
184.309
184.629
184.956
185.307
185.665
186.008
186.386
186.728
187.064
187.411
187.726
187.977
188.199
188.466
189.059
189.625
189.968
190.288
190.584
190.902
191.231
191.545
191.842
192.103
192.454
192.991
193.334
193.625
193.93
194.231
194.533
194.832
195.177
194.274
193.905
197.231
197.887
198.126
198.384
198.678
198.958
199.209
199.464
199.755
200.041
200.305
200.539
200.782
201.031
201.297
201.488
201.68
201.897
202.158
202.446
202.727
202.957
203.196
203.436
203.677
203.917
204.155
204.386
204.636
204.846
205.049
205.286
205.566
205.816
206.064
206.325
206.566
206.796
207.009
207.226
207.495
207.785
208.057
208.286
208.562
208.796
209.046
209.314
209.604
209.865
210.105
210.335
210.607
210.846
211.075
211.323
211.556
211.775
212.014
212.235
212.449
212.685
212.945
213.194
213.417
213.662
213.922
214.163
214.402
214.623
214.843
215.103
215.366
215.587
215.825
216.103
216.365
216.575
216.804
217.038
217.293
217.552
217.789
218.049
218.289
218.562
218.83
219.052
219.293
219.533
219.783
220.012
220.283
220.513
220.743
220.955
221.172
221.451
221.699
221.923
222.124
222.381
222.604
222.862
223.08
223.338
223.62
223.881
224.11
224.351
224.575
224.782
225.01
225.249
225.499
225.719
225.957
226.202
226.439
226.66
226.881
227.121
227.35
227.572
227.811
228.021
228.242
228.451
228.67
228.92
229.15
229.4
229.61
229.812
230.031
230.26
230.498
230.748
230.981
231.2
231.438
231.667
231.868
232.109
232.35
232.593
232.802
233.008
233.23
233.449
233.659
233.899
234.103
234.348
234.59
234.846
235.087
235.299
235.49
235.701
235.958
236.18
236.4
236.621
236.84
237.041
237.24
237.47
237.68
237.897
238.088
238.29
238.518
238.749
238.959
239.159
239.368
239.608
239.82
240.049
240.25
240.459
240.662
240.879
241.106
241.317
241.526
241.711
241.94
242.139
242.34
242.549
242.749
242.93
243.139
243.361
243.587
243.807
244.002
244.239
244.45
244.639
244.84
245.057
245.268
245.457
245.66
245.868
246.072
246.27
246.457
246.67
246.87
247.09
247.288
247.516
247.737
247.979
248.208
248.378
248.577
248.757
248.957
249.15
249.327
249.529
249.739
249.94
250.137
250.338
250.54
250.749
250.959
251.161
251.37
251.579
251.781
252.009
252.207
252.41
252.587
252.776
252.94
253.165
253.435
253.628
253.788
253.961
254.16
254.368
254.529
254.688
254.888
255.069
255.298
255.497
255.709
255.928
256.112
256.3
256.475
256.655
256.845
257.016
257.225
257.428
257.615
257.815
257.979
258.149
258.327
258.528
258.737
258.948
259.156
259.355
259.536
259.718
259.886
260.056
260.225
260.394
260.587
260.745
260.926
261.127
261.337
261.526
261.716
261.917
262.124
262.324
262.485
262.657
262.835
263.024
263.188
263.369
263.538
263.535
263.816
264.058
264.547
265.288
265.511
265.601
265.625
265.678
265.784
264.94
265.406
265.835
266.001
266.672
266.339
266.711
267.256
267.588
267.921
266.81
268.073
268.186
268.873
267.829
269.009
268.877
269.647
269.902
270.079
270.272
270.461
270.652
270.847
271.059
271.249
271.42
271.608
271.788
271.986
272.146
272.337
272.499
272.672
272.873
273.051
273.264
273.438
273.608
273.767
273.936
274.139
274.329
274.518
274.708
274.925
275.115
275.275
275.436
275.628
275.845
276.067
276.286
276.504
276.762
276.974
277.198
277.338
277.436
277.52
277.624
278.049
278.434
278.636
278.819
278.982
279.17
279.336
279.482
279.641
279.763
279.94
280.445
280.607
280.739
280.899
281.045
281.172
281.34
281.562
280.577
280.13
282.859
283.576
283.67
283.84
284.004
284.192
284.358
284.494
284.657
284.763
284.87
284.961
285.088
285.171
285.297
285.423
285.534
285.645
285.783
285.894
286.021
286.154
286.281
286.412
286.513
286.644
286.796
286.915
287.038
287.142
287.279
287.398
287.5
287.609
287.718
287.838
287.931
288.041
288.141
288.288
288.435
288.593
288.744
288.894
289.038
289.119
289.201
289.315
289.446
289.574
289.714
289.855
289.985
290.114
290.234
290.365
290.486
290.595
290.724
290.838
290.958
291.093
291.224
291.363
291.484
291.593
291.732
291.865
291.995
292.123
292.254
292.402
292.543
292.679
292.812
292.933
293.054
293.188
293.353
293.505
293.631
293.761
293.869
293.998
294.133
294.281
294.412
294.554
294.691
294.84
294.982
295.131
295.27
295.4
295.513
295.634
295.765
295.883
296.039
296.162
296.281
296.423
296.533
296.695
296.822
296.943
297.103
297.242
297.379
297.494
297.601
297.74
297.881
298.032
298.188
298.341
298.482
298.597
298.726
298.847
298.972
299.105
299.223
299.341
299.459
299.59
299.75
299.881
299.99
300.131
300.261
300.392
300.511
300.639
300.789
300.922
301.061
301.172
301.299
301.414
301.553
301.708
301.85
302.002
302.123
302.281
302.422
302.547
302.689
302.83
302.941
303.043
303.132
303.252
303.389
303.528
303.67
303.811
303.93
304.07
304.199
304.34
304.459
304.572
304.713
304.832
304.943
305.07
305.203
305.329
305.468
305.589
305.7
305.829
305.951
306.082
306.242
306.391
306.526
306.631
306.74
306.866
307.008
307.111
307.239
307.35
307.497
307.631
307.749
307.861
307.991
308.098
308.227
308.361
308.489
308.62
308.737
308.85
308.977
309.118
309.24
309.368
309.507
309.616
309.717
309.847
309.997
310.102
310.211
310.358
310.469
310.588
310.709
310.837
310.959
311.099
311.2
311.339
311.459
311.59
311.718
311.858
312.01
312.227
327.319
529.518
548.608
552.209
554.745
556.641
558.139
559.427
560.479
561.35
562.106
562.809
563.435
564.036
564.549
565.038
565.497
565.91
566.317
566.688
567.036
567.374
567.716
568.018
568.276
568.548
568.829
569.065
569.296
569.516
569.729
569.948
570.167
570.389
570.597
570.788
570.956
571.124
571.276
571.454
571.634
571.797
571.925
572.057
572.208
572.35
572.468
572.606
572.737
572.886
573.018
573.144
573.245
573.358
573.468
573.579
573.694
573.797
573.917
574.056
574.307
574.763
575.015
575.026
575.007
575.006
574.934
574.688
570.691
570.87
570.195
569.097
572.206
577.124
576.601
572.545
572.523
572.165
572.119
573.103
572.063
572.016
571.988
571.929
570.516
566.346
564.084
563.678
570.734
575.9
579.886
574.917
565.433
566.641
568.932
572.661
576.081
576.398
577.075
575.639
573.479
569.765
569.714
569.75
570.254
570.826
570.782
570.901
571.298
573.445
572.066
572.559
571.81
571.838
571.99
572.135
572.322
572.494
572.615
572.716
572.861
573.006
573.143
573.252
573.396
573.506
573.62
573.728
573.857
573.97
574.061
574.179
574.28
574.373
574.479
574.566
574.666
574.738
574.844
574.954
575.05
575.149
575.244
575.26
575.122
575.079
575.449
575.7
575.783
575.844
575.897
575.937
575.976
576.002
576.008
576.004
575.409
573.562
573.053
572.947
572.57
575.724
570.482
568.189
568.128
570.726
572.053
572.248
572.333
572.373
572.407
572.503
572.67
572.783
570.309
572.838
574.089
574.316
574.401
574.533
574.649
574.772
574.883
574.977
575.033
575.09
575.159
575.254
575.35
575.478
575.575
575.65
575.696
575.762
575.84
575.901
575.984
576.02
576.079
576.124
576.193
576.285
576.393
576.435
576.479
576.51
576.53
576.576
576.623
576.708
576.774
576.809
576.858
576.891
576.922
576.969
577.017
577.049
577.099
577.113
577.151
577.196
577.221
577.286
577.337
577.376
577.42
577.441
577.482
577.52
577.552
577.59
577.621
577.649
577.67
577.708
577.729
577.759
577.788
577.826
577.857
577.883
577.906
577.915
577.943
577.971
578.008
578.049
578.102
578.131
578.17
578.2
578.233
578.262
578.276
578.284
578.304
578.332
578.344
578.371
578.399
578.425
578.453
578.474
578.476
578.513
578.522
578.531
578.587
578.613
578.623
578.633
578.661
578.673
578.682
578.71
578.732
578.745
578.77
578.801
578.83
578.87
578.9
578.913
578.915
578.925
578.943
578.982
579.005
579.032
579.051
579.075
579.093
579.097
579.104
579.133
579.146
579.165
579.182
579.195
579.224
579.244
579.268
579.283
579.284
579.306
579.314
579.334
579.364
579.374
579.401
579.425
579.417
579.433
579.453
579.464
579.502
579.505
579.509
579.507
579.497
579.515
579.543
579.562
579.61
579.624
579.643
579.672
579.667
579.674
579.673
579.711
579.724
579.724
579.723
579.752
579.773
579.803
579.845
579.893
579.915
579.945
579.974
579.992
579.984
579.975
579.976
580.002
580.007
579.997
580.033
580.036
580.056
580.068
580.094
580.115
580.151
580.163
580.172
580.185
580.222
580.227
580.225
580.224
580.247
580.247
580.247
580.273
580.293
580.306
580.321
580.33
580.351
580.363
580.371
580.384
580.366
580.384
580.406
580.424
580.425
580.434
580.458
580.459
580.446
580.454
580.483
580.499
580.495
580.511
580.536
580.545
580.559
580.553
580.544
580.57
580.567
580.575
580.593
580.613
580.644
580.646
580.656
580.664
580.675
580.675
580.663
580.674
580.667
580.693
580.713
580.717
580.724
580.753
580.783
580.804
580.796
580.796
580.807
580.816
580.825
580.834
580.856
580.894
580.915
580.942
580.956
580.974
580.977
581.004
581.009
581.015
581.044
581.074
581.075
581.077
581.057
581.074
581.077
581.059
581.054
581.054
581.064
581.082
581.085
581.093
581.115
581.116
581.136
581.144
581.157
581.183
581.196
581.218
581.218
581.218
581.219
581.208
581.208
581.208
581.208
581.198
581.214
581.224
581.243
581.247
581.256
581.247
581.26
581.25
581.249
581.267
581.277
581.325
581.371
581.092
581.278
581.436
581.453
581.444
581.472
581.496
581.515
581.541
581.551
581.57
581.562
581.577
581.598
581.6
581.609
581.626
581.636
581.626
581.638
581.668
581.678
581.678
581.686
581.719
581.755
581.785
581.796
581.807
581.834
581.865
581.866
581.866
581.896
581.906
581.925
581.938
581.947
581.968
581.969
581.995
582.007
582.01
582.015
582.015
582.007
581.956
582.673
581.811
581.968
581.971
581.968
581.965
581.949
581.968
581.956
581.976
581.992
581.981
581.983
581.973
581.965
581.964
581.971
581.991
582.004
582.002
582.01
582.026
582.01
582.009
581.989
581.97
581.958
581.958
581.966
581.964
581.959
581.974
581.985
581.976
581.958
581.966
581.956
581.965
581.959
581.977
581.979
581.977
581.987
581.991
582.014
582.007
582.025
582.016
582.036
582.051
582.074
582.077
582.093
582.115
582.134
582.164
582.193
582.204
582.216
582.234
582.236
582.239
582.217
582.216
582.224
582.229
582.242
582.244
582.242
582.253
582.255
582.245
582.24
582.257
582.286
582.288
582.278
582.306
582.327
582.329
582.329
582.339
582.339
582.348
582.325
582.327
582.356
582.388
582.386
582.409
582.427
582.412
582.409
582.389
582.371
582.371
582.379
582.371
582.378
582.381
582.388
582.378
582.356
582.357
582.386
582.397
582.427
582.446
582.468
582.463
582.461
582.468
582.45
582.44
582.438
582.434
582.446
582.459
582.461
582.466
582.475
582.484
582.477
582.495
582.487
582.507
582.525
582.546
582.554
582.544
582.565
582.554
582.567
582.569
582.575
582.577
582.579
582.562
582.548
582.54
582.54
582.548
582.558
582.572
582.567
582.575
582.584
582.585
582.603
582.626
582.644
582.646
582.656
582.656
582.646
582.647
582.638
582.636
582.654
582.674
582.686
582.685
582.696
582.705
582.714
582.722
582.734
582.735
582.714
582.716
582.696
582.693
582.694
582.713
582.732
582.727
582.744
582.744
582.754
582.777
582.759
582.05
582.636
582.382
581.779
581.626
581.717
581.816
581.678
582.86
584.335
585.726
589.047
588.872
585.733
584.779
584.845
584.902
584.896
584.848
580.671
579.052
579.602
579.865
579.216
574.19
567.624
562.749
562.786
565.971
580.851
590.511
572.103
564.344
564.813
567.809
569.761
570.884
570.88
571.23
579.447
582.65
583.207
583.44
583.638
583.751
583.929
579.725
573.949
