-1.865542
-1.8444238
-1.8194542999999999
-1.7959007999999999
-1.7911645
-1.8064537999999999
-1.831527
-1.8600729999999999
-1.8262109
-1.7834496
-1.74833
-1.7427
-1.74468
-1.7271018999999999
-1.7127953
-1.707357
-1.7103722
-1.7317772
-1.7155968
-1.6928732
-1.6602805999999999
-1.659359
-1.6490318
-1.639577
-1.6480124999999999
-1.6414879999999998
-1.630215
-1.640066
-1.6602195
-1.6634117
-1.6552023999999999
-1.642074
-1.6303919999999998
-1.597396
-1.591213
-1.591415
-1.5805319999999998
-1.578658
-1.581545
-1.600539
-1.60831
-1.604177
-1.6474262
-1.6784073
-1.6473773999999999
-1.601021
-1.604525
-1.599477
-1.6041219999999998
-1.6126179999999999
-1.627157
-1.626406
-2.058775
-1.7020028999999999
-1.434454
-1.3910069999999999
-1.089315
-1.8106788
-1.351401
-1.591883
-0.04293999999999998
-0.9958469999999999
-0.913619
-0.8225549999999999
-0.758822
-0.72027
-0.6679999999999999
-0.59144
-0.53939
-0.4856099999999999
-0.45853999999999995
-0.4189099999999999
-0.39498999999999995
-0.38473999999999986
-0.36653999999999987
-0.3362099999999999
-0.29618999999999995
-0.28503999999999996
-0.23601000000000005
-0.2079899999999999
-0.18677999999999995
-0.16066999999999987
-0.13362999999999992
-0.10074000000000005
-0.06918000000000002
-0.05701999999999985
-0.03191999999999995
0.0
0.03088000000000002
0.05391999999999997
0.09409000000000001
0.12178
0.16172000000000009
0.1818900000000001
0.17918000000000012
0.18844000000000016
0.21345999999999998
0.24133000000000004
0.25790999999999986
0.31415000000000015
0.33854000000000006
0.36392999999999986
0.38588999999999984
0.3984700000000001
0.39886
0.43971000000000027
0.47574000000000005
0.4955799999999999
0.5140099999999999
0.5282400000000003
0.5421399999999998
0.5433599999999998
0.5431699999999999
0.5640100000000001
0.6011000000000002
0.6370800000000001
0.6619899999999999
0.66018
0.6844100000000002
0.69299
0.6904300000000001
0.70627
0.7478500000000001
0.7836799999999999
0.7952699999999999
0.82009
0.8216000000000001
0.85426
0.8711799999999998
0.8933900000000001
0.9324699999999999
0.9637600000000002
0.9850400000000001
1.0047199999999998
1.0163600000000002
1.0456600000000003
1.06513
1.10065
1.11557
1.1410900000000002
1.1725400000000001
1.1855799999999999
1.18464
1.1988500000000002
1.20697
1.20275
1.2023000000000001
1.2158099999999998
1.24626
1.2846199999999999
1.3122000000000003
1.36145
1.3616100000000002
1.3753800000000003
1.38583
1.3960500000000002
1.4084600000000003
1.4285100000000002
1.44528
1.4554900000000002
1.4700199999999999
1.4776000000000002
1.5034
1.53892
1.57729
1.61857
1.64737
1.68982
1.7116600000000002
1.7312500000000002
1.73971
1.75367
1.76185
1.7788599999999999
1.7930700000000002
1.81441
1.8244700000000003
1.83244
1.84198
1.8532100000000002
1.85255
1.87393
1.8897400000000002
1.9108900000000002
1.9079899999999999
1.9117600000000001
1.92206
1.92746
1.9422000000000001
1.9523700000000002
1.9796399999999998
1.9962
2.00488
2.0058700000000003
2.0205100000000003
2.0365
2.04355
2.05307
2.0629
2.05816
2.07134
2.07489
2.08368
2.10223
2.11238
2.1363600000000003
2.1652
2.19803
2.20978
2.22959
2.25901
2.2780899999999997
2.3094
2.3373999999999997
2.36759
2.37465
2.38314
2.39839
2.40658
2.43041
2.4735000000000005
2.49362
2.51309
2.52353
2.5400400000000003
2.54502
2.53613
2.5590900000000003
2.57294
2.5972100000000005
2.6437999999999997
2.67059
2.67854
2.7078699999999998
2.7381
2.73376
2.7497300000000005
2.76307
2.7807399999999998
2.79692
2.8009700000000004
2.82041
2.83122
2.85715
2.8707900000000004
2.8837
2.9013100000000005
2.91376
2.93888
2.95627
2.9894100000000003
3.00901
3.02848
3.0659600000000005
3.07582
3.07813
3.0930800000000005
3.11111
3.11186
3.10675
3.1218399999999997
3.1481700000000004
3.17079
3.18011
3.2167000000000003
3.23761
3.2409
3.2602599999999997
3.2714299999999996
3.2972900000000003
3.3165000000000004
3.33003
3.3632999999999997
3.36231
3.3633699999999997
3.3730200000000004
3.3737200000000005
3.38976
3.409
3.43354
3.468
3.4944100000000002
3.5073499999999997
3.52972
3.5401300000000004
3.55274
3.5628400000000005
3.5644099999999996
3.58399
3.62052
3.6364099999999997
3.64902
3.6787900000000002
3.7065599999999996
3.7187799999999998
3.7324400000000004
3.73309
3.73597
3.7393
3.7699300000000004
3.7834900000000005
3.79671
3.7996299999999996
3.8382899999999998
3.8702500000000004
3.87178
3.8859399999999997
3.92159
3.9256599999999997
3.9323500000000005
3.94339
3.95373
3.97921
3.9856499999999997
4.00132
4.01994
4.04914
4.07768
4.09338
4.1091
4.13953
4.14878
4.16174
4.17494
4.19206
4.21817
4.24525
4.25283
4.27338
4.28321
4.2831
4.28978
4.27831
4.29069
4.31056
4.32583
4.35058
4.36522
4.38939
4.40198
4.41081
4.42066
4.4347900000000005
4.45832
4.46258
4.4840100000000005
4.51947
4.53151
4.5417
4.54338
4.56095
4.55698
4.55183
4.57106
4.58119
4.59995
4.60315
4.61127
4.60817
5.96521
2.69679
3.8457800000000004
3.96713
3.95331
3.9040299999999997
3.85947
3.8231400000000004
3.81531
3.7320900000000004
3.9230099999999997
3.7824299999999997
3.7990000000000004
4.13515
3.45233
3.92019
3.7799199999999997
3.7967700000000004
3.78268
3.49557
4.29904
3.7240200000000003
3.9855799999999997
3.84403
4.4533700000000005
4.5568
3.7772500000000004
3.8356500000000002
3.83913
3.8158000000000003
3.81377
3.82777
3.84333
3.84743
3.8308799999999996
3.8108899999999997
3.8011800000000004
3.78449
3.7904400000000003
3.7828999999999997
3.78956
3.7985300000000004
3.7990899999999996
3.78081
3.77801
3.79134
3.8132400000000004
3.82174
3.8233699999999997
3.8020500000000004
3.76926
3.7482300000000004
3.74723
3.7660600000000004
3.78958
3.7963500000000003
3.8155
3.8198800000000004
3.81055
3.7733299999999996
3.7797799999999997
3.7657100000000003
3.7689399999999997
3.76081
3.7581499999999997
3.7293399999999997
3.7291100000000004
3.75044
3.77325
3.71492
3.67439
3.72529
3.7321100000000005
3.7397099999999996
3.7392700000000003
3.74024
3.73119
3.7259599999999997
3.72776
3.7550999999999997
3.74559
3.7331399999999997
3.76194
3.7914399999999997
3.80785
3.81135
3.79491
3.78824
3.77972
3.2423900000000003
4.27942
4.24008
5.35986
4.55907
4.64211
4.72959
4.78839
4.83431
4.88841
4.92811
4.98338
5.02081
5.06434
5.11291
5.1297
5.14502
5.1526
5.18176
5.21323
5.24949
5.30112
5.33072
5.34528
5.37338
5.40143
5.40868
5.43064
5.44831
5.45434
5.46778
5.50464
5.56337
5.6016200000000005
5.64011
5.6694
5.69449
5.73345
5.74189
5.77112
5.78659
5.83192
5.88243
5.90995
5.9422
5.96655
5.9742
5.98432
5.99878
6.03292
6.06003
6.09541
6.11394
6.1469000000000005
6.18557
6.2174700000000005
6.255319999999999
6.282439999999999
6.31498
6.36938
6.398479999999999
6.412129999999999
6.4168400000000005
6.42286
6.44543
6.47471
6.51901
6.558540000000001
6.599970000000001
6.6156500000000005
6.659689999999999
6.67755
6.72425
6.748810000000001
6.783379999999999
6.796749999999999
6.814870000000001
6.82192
6.8431999999999995
6.8639399999999995
6.8656500000000005
6.89204
6.9210899999999995
6.937469999999999
6.96659
6.99385
7.0466999999999995
7.077120000000001
7.09473
7.1312
7.17267
7.19083
7.21166
7.225820000000001
7.262040000000001
7.26629
7.2829
7.29715
7.3226700000000005
7.333410000000001
7.36182
7.39316
7.4111899999999995
7.432080000000001
7.4808900000000005
7.51416
7.5293399999999995
7.55213
7.57846
7.60535
7.60782
7.625360000000001
7.641970000000001
7.670730000000001
7.69534
7.729889999999999
7.762969999999999
7.8112200000000005
7.852360000000001
7.866759999999999
7.87571
7.91784
7.93355
7.951969999999999
7.986140000000001
8.02167
8.04519
8.05674
8.06263
8.08407
8.08496
8.09696
8.13151
8.15301
8.18946
8.23706
8.27022
8.28322
8.30182
8.309520000000001
8.32352
8.32582
8.33632
8.35252
8.38942
8.42192
8.43502
8.47942
8.49292
8.51242
8.53782
8.57032
8.60162
8.62992
8.66502
8.69852
8.71452
8.73432
8.75382
8.77192
8.77822
8.81972
8.85862
8.87292
8.89492
8.93002
8.95382
8.96612
8.96932
8.97662
9.009220000000001
9.02022
9.04142
9.07252
9.09352
9.12922
9.15922
9.17482
9.21442
9.22822
9.26022
9.27472
9.29512
9.32072
9.35682
9.36582
9.38182
9.40082
9.42192
9.44362
9.46332
9.47652
9.48782
9.49482
9.51272
9.53162
9.55962
9.59922
9.613620000000001
9.63342
9.66702
9.688320000000001
9.71132
9.72962
9.75232
9.76892
9.78952
9.82222
9.85222
9.87992
9.89392
9.91742
9.95422
9.97432
10.00102
10.01392
10.03082
10.05242
10.06312
10.09022
10.11602
10.15102
10.18982
10.22392
10.25062
10.27272
10.31082
10.32352
10.34202
10.35662
10.37632
10.40672
10.45432
10.49692
10.50422
10.51872
10.54062
10.55432
10.57482
10.60032
10.62182
10.64292
10.65932
10.69832
10.70272
10.72062
10.75232
10.78152
10.77682
10.78282
10.81212
10.82252
10.83082
10.85382
10.86322
10.87022
10.89382
10.93032
10.94652
10.95832
10.98172
11.00022
11.01952
11.031320000000001
11.04992
11.04452
11.07882
11.08592
11.09282
11.12842
11.15162
11.16372
11.17572
11.21622
11.23432
11.24372
11.26232
11.29402
11.34292
11.36912
11.39382
11.41782
11.44102
11.46132
11.46682
11.48152
11.50232
11.48942
11.52022
11.52212
11.53812
11.55902
11.59322
11.62702
11.64612
11.66432
11.66762
11.67212
11.67892
11.68262
11.68522
11.660120000000001
13.07302
9.72502
10.92332
11.07392
10.89502
10.78262
10.78432
10.79742
10.77182
10.57502
11.00352
10.73022
10.72282
10.98262
10.34802
10.86322
10.75662
10.74192
10.65002
10.91092
10.33092
10.474920000000001
10.47172
10.69602
10.21492
10.55432
10.48422
10.64822
10.64362
10.59352
10.58712
10.58432
10.60112
10.61952
10.63772
10.62922
10.64702
10.64882
10.65662
10.67172
10.69562
10.69112
10.66202
10.63682
10.64112
10.63402
10.622020000000001
10.63392
10.64682
10.65492
10.64642
10.63832
10.64642
10.65532
10.65332
10.66262
10.67092
10.68402
10.66172
10.65782
10.63112
10.61022
10.571720000000001
10.55652
10.55172
10.56782
10.58932
10.65862
10.74022
10.56192
10.45102
10.53062
10.60422
10.61752
10.62182
10.61242
10.59462
10.59522
10.58392
10.56692
10.51682
10.55812
10.59042
10.61022
10.60672
10.60392
10.61172
10.61132
10.61952
10.05522
11.11452
11.16872
11.87702
11.36722
11.46842
11.56632
11.62822
11.69322
11.76292
11.83582
11.89582
11.95982
12.009220000000001
12.05592
12.11282
12.16782
12.23612
12.27002
12.30572
12.33082
12.36052
12.39832
12.42692
12.46762
12.51082
12.55582
12.61272
12.66492
12.71362
12.73202
12.76662
12.78982
12.80472
12.83612
12.85002
12.89532
12.93172
12.95652
12.99972
13.04592
13.09482
13.12122
13.13962
13.19082
13.22342
13.25722
13.27142
13.31592
13.34592
13.372020000000001
13.38922
13.40682
13.43782
13.47622
13.49642
13.52322
13.57232
13.62212
13.64522
13.68252
13.73472
13.77332
13.82012
13.85362
13.88382
13.90752
13.92932
13.96392
13.97022
14.00262
14.04822
14.07582
14.10092
14.12612
14.16662
14.16642
14.17172
14.20542
14.21402
14.24392
14.27412
14.311720000000001
14.332419999999999
14.36082
14.389420000000001
14.43692
14.47092
14.51042
14.54112
14.57452
14.59572
14.61552
14.631519999999998
14.67032
14.680520000000001
14.701820000000001
14.73932
14.776019999999999
14.803619999999999
14.82622
14.86232
14.86852
14.88412
14.91872
14.951920000000001
14.971419999999998
14.99182
15.02242
15.03332
15.05172
15.07712
15.093520000000002
15.129719999999999
15.15042
15.182220000000001
15.21922
15.256920000000001
15.28152
15.288419999999999
15.30332
15.33082
15.35982
15.37172
15.39462
15.405919999999998
15.44612
15.47052
15.495719999999999
15.540019999999998
15.569120000000002
15.594919999999998
15.639320000000001
15.64742
15.653220000000001
15.680019999999999
15.706320000000002
15.749020000000002
15.78162
15.820620000000002
15.869119999999999
15.904219999999999
15.924119999999998
15.927620000000001
15.94502
15.97042
16.00082
16.02382
16.05472
16.08802
16.11992
16.15082
16.16532
16.19002
16.21172
16.23282
16.24412
16.26042
16.28032
16.31062
16.34992
16.38682
16.39592
16.41902
16.44832
16.47102
16.48902
16.51172
16.53282
16.57062
16.60182
16.63322
16.66412
16.68102
16.69632
16.72172
16.72682
16.74052
16.74412
16.76292
16.78352
16.79362
16.82072
16.81762
16.82522
16.84332
16.86862
16.89262
16.90272
16.92262
16.93982
16.98082
16.98632
17.01142
17.04802
17.07852
17.09342
17.09572
17.10502
17.11552
17.12962
17.13272
17.15232
17.17022
17.20582
17.22422
17.22782
17.25982
17.29932
17.32232
17.32452
17.34172
17.36042
17.37472
17.39732
17.40482
17.43162
17.46092
17.49252
17.50342
17.52282
17.55052
17.57262
17.57292
17.58242
17.59052
17.61592
17.62432
17.64282
17.66992
17.69242
17.71132
17.74022
17.73592
17.76202
17.78102
17.80872
17.84142
17.84372
17.85882
17.87772
17.88632
17.90132
17.91222
17.93892
17.97892
17.99912
18.03442
18.06562
18.08862
18.10942
18.13942
18.16122
18.17352
18.17382
18.19052
18.20932
18.21322
18.21482
18.21162
18.23082
18.25062
18.25512
18.27802
18.29942
18.33092
18.36292
18.36392
18.36482
18.36232
18.37462
18.39632
18.41182
18.44762
18.48382
18.52462
18.54772
18.58672
18.59842
18.62602
18.64262
18.65392
18.67962
18.70272
18.71182
18.72112
18.72222
18.73112
18.73772
18.74022
18.74712
18.74222
18.76442
18.79232
18.78492
18.79572
18.82922
18.85032
18.87802
18.90252
18.91492
18.83812
19.99512
17.35252
18.18532
18.17732
18.11092
18.06742
18.03542
18.05112
18.04182
18.13022
18.28792
17.97982
18.04862
18.24022
17.79202
18.16362
17.90182
17.88522
17.99362
18.36772
17.50882
17.98402
17.93602
18.40172
17.99842
17.62492
17.66832
17.80922
17.78082
17.74722
17.72922
17.73632
17.74582
17.73622
17.72772
17.71962
17.72202
17.71272
17.70162
17.70892
17.70932
17.72442
17.70872
17.70862
17.71512
17.70852
17.69952
17.70662
17.71422
17.71962
17.71872
17.71422
17.70992
17.70672
17.70672
17.70702
17.68472
17.67302
17.65392
17.64072
17.62202
17.62432
17.62362
17.63902
17.66382
17.67762
17.71172
17.75942
17.80382
17.605620000000002
17.52102
17.63492
17.68272
17.674220000000002
17.65232
17.65062
17.65022
17.65132
17.70952
17.65452
17.40842
17.54332
17.59452
17.61022
17.60302
17.61942
17.61592
17.62062
17.63242
17.20322
18.08722
17.65742
18.96612
18.30172
18.46792
18.62342
18.72932
18.79442
18.86872
18.94442
18.98072
19.02982
19.04292
19.09772
19.14422
19.19412
19.22762
19.26902
19.31802
19.323620000000002
19.37512
19.44432
19.50342
19.56362
19.62042
19.65392
19.70342
19.72372
19.77312
19.80392
19.85142
19.88532
19.93802
19.98732
20.01362
20.03352
20.07592
20.12372
20.15952
20.20442
20.24482
20.30972
20.33472
20.36002
20.39552
20.42742
20.44532
20.46662
20.51752
20.53542
20.56332
20.59412
20.62732
20.65012
20.67952
20.72982
20.77832
20.80522
20.82732
20.85742
20.88452
20.90832
20.95232
21.00012
21.03532
21.06232
21.09872
21.13092
21.15662
21.19332
21.20372
21.23082
21.25262
21.26692
21.27562
21.29182
21.30492
21.34102
21.39592
21.43402
21.46092
21.50582
21.52732
21.54352
21.54722
21.56452
21.58462
21.58952
21.59632
21.61462
21.63122
21.64962
21.65452
21.66572
21.69892
21.72282
21.76082
21.78232
21.81322
21.83122
21.84312
21.86232
21.87342
21.88322
21.89982
21.90272
21.89952
21.90502
21.92442
21.92582
21.95932
21.97492
22.00892
22.03172
22.05172
22.06902
22.07702
22.09412
22.10902
22.12402
22.12202
22.13132
22.15242
22.19672
22.22242
22.23452
22.26092
22.27352
22.28682
22.30242
22.31492
22.31312
22.31732
22.32232
22.33372
22.34122
22.35192
22.37452
22.39692
22.42892
22.43722
22.45052
22.48552
22.48752
22.49292
22.52722
22.55612
22.58222
22.59412
22.58292
22.58532
22.59092
22.59242
22.61952
22.61492
22.63962
22.65362
22.66432
22.65782
22.67292
22.68232
22.70742
22.69402
22.70312
22.71982
22.73152
22.73942
22.76522
22.79722
22.79952
22.80922
22.82232
22.835820000000002
22.84222
22.86012
22.89132
22.90702
22.92142
22.93892
22.93172
22.92512
22.93062
22.93902
22.94182
22.94992
22.95142
22.96832
22.96292
22.98912
22.98662
23.00892
23.01952
23.02372
23.02882
23.02962
23.029420000000002
23.02822
23.02522
23.05322
23.07002
23.09242
23.10892
23.12312
23.11702
23.12122
23.10552
23.10062
23.09572
23.10042
23.12612
23.14062
23.15952
23.17852
23.18322
23.17212
23.16572
23.16602
23.16462
23.17882
23.19642
23.21472
23.23522
23.24022
23.22462
23.21002
23.21092
23.22142
23.22122
23.25042
23.26072
23.27352
23.28352
23.28422
23.28392
23.29172
23.27572
23.27812
23.28742
23.30702
23.32032
23.33702
23.35162
23.36832
23.37182
23.38942
23.40082
23.40732
23.40892
23.41052
23.42652
23.42382
23.42262
23.43042
23.44212
23.45492
23.46922
23.48052
23.48122
23.47102
23.45972
23.47892
23.48122
23.47802
23.48702
23.50982
23.50422
23.492820000000002
23.50542
23.51672
23.52122
23.51242
23.51402
23.51272
23.52382
23.52372
23.52062
23.52182
23.52962
23.52112
23.51862
23.52612
23.52652
23.55552
23.55432
23.56092
23.58042
23.59082
23.60812
23.62732
23.65532
23.66022
23.68632
23.69882
23.72012
23.71622
23.71522
23.70062
23.67702
23.66312
23.62412
23.59892
25.01702
21.42932
22.85752
22.94162
22.85852
22.76012
22.69692
22.65752
22.64422
22.39992
22.83462
22.64112
22.66822
22.96772
22.20082
22.89352
22.58712
22.40362
21.05432
22.29772
22.06292
22.42762
23.03162
22.52642
22.47852
21.59972
22.29092
22.57312
22.53672
22.50112
22.50532
22.49772
22.47162
22.47042
22.46752
22.43042
22.39812
22.37992
22.38122
22.38332
22.38742
22.398320000000002
22.39162
22.38142
22.38052
22.36852
22.35942
22.35452
22.35712
22.36262
22.33922
22.35272
22.33822
22.33632
22.31992
22.31382
22.30752
22.29062
22.27892
22.27802
22.27092
22.27062
22.26712
22.27852
22.27032
22.26662
22.29132
22.32412
22.32952
22.10822
22.03692
22.14962
22.18552
22.17552
22.18902
22.18472
22.17532
22.18172
22.17382
23.31042
23.90112
23.07872
22.55252
22.43372
22.43092
22.43562
22.41162
22.12952
19.53852
20.95512
21.98992
22.16702
22.19122
22.20182
22.20852
22.23722
22.24032
22.30672
21.74072
22.25242
23.96212
22.54462
22.65342
22.73332
22.80152
22.85862
22.89422
22.92972
22.93772
22.92532
22.94482
22.97932
23.03482
23.08532
23.14872
23.17642
23.18022
23.21792
23.25122
23.27342
23.28562
23.31682
23.33572
23.35752
23.37962
23.41342
23.43302
23.43912
23.45552
23.48042
23.48282
23.48582
23.50342
23.52552
23.56312
23.57532
23.58502
23.59272
23.59802
23.61462
23.60762
23.62382
23.63192
23.65942
23.692520000000002
23.70262
23.71172
23.69452
23.67612
23.67442
23.69212
23.68062
23.69332
23.70572
23.72532
23.71902
23.70742
23.70582
23.72492
23.72392
23.71752
23.72332
23.74942
23.76012
23.75872
23.76622
23.77582
23.79432
23.80462
23.82182
23.84062
23.85392
23.85672
23.85772
23.86322
23.87782
23.86772
23.87402
23.87642
23.89232
23.91122
23.93302
23.94382
23.95982
23.97482
23.97782
23.98132
23.98602
23.97022
23.96352
23.93612
23.92192
23.91692
23.92782
23.93992
23.94812
23.96042
23.97902
23.98112
23.98722
24.00132
24.01492
24.01552
24.01232
24.01082
24.00642
23.98812
23.96842
23.97002
23.96652
23.95542
23.94042
23.95052
23.96252
23.96352
23.97392
23.97642
24.00442
24.00972
24.01872
24.05302
24.05242
24.06552
24.07202
24.08352
24.08462
24.08862
24.09532
24.08422
24.06642
24.06282
24.06312
24.06762
24.07002
24.07112
24.07922
24.07392
24.06432
24.05512
24.04362
24.03512
24.03942
24.05602
24.06252
24.07392
24.08452
24.10192
24.11002
24.11982
24.11492
24.12262
24.12322
24.12312
24.12292
24.11682
24.10382
24.09692
24.10222
24.08302
24.08872
24.09252
24.09052
24.09452
24.08072
24.08082
24.07742
24.08302
24.08082
24.07842
24.10122
24.10412
24.10192
24.10812
24.11632
24.12432
24.10572
24.12842
24.13052
24.10712
24.11162
24.11232
24.11012
24.11282
24.13282
24.13662
24.13942
24.14422
24.13502
24.12222
24.11162
24.11202
24.11992
24.12142
24.11952
24.11522
24.12482
24.12272
24.12502
24.13642
24.14732
24.15822
24.16242
24.16702
24.18292
24.19082
24.20062
24.18562
24.18062
24.16502
24.17032
24.16902
24.18092
24.19992
24.19212
24.19832
24.21722
24.20822
24.19092
24.18162
24.16522
24.16902
24.18652
24.18492
24.18512
24.18042
24.19132
24.19322
24.18432
24.17382
24.17092
24.16712
24.17332
24.16172
24.15242
24.14412
24.14982
24.15892
24.18472
24.18292
24.19872
24.19012
24.19802
24.20122
24.17892
24.17282
24.162020000000002
24.16602
24.17882
24.17382
24.17382
24.16272
24.15902
24.16742
24.14542
24.13342
24.12992
24.13122
24.15382
24.15892
24.17622
24.18792
24.19342
24.21132
24.21452
24.21162
24.22912
24.24722
24.25422
24.23522
24.21482
24.20192
24.19412
24.17732
24.18062
24.20032
24.21752
24.21092
24.21052
24.21092
24.22922
24.22382
24.23112
24.23202
24.25852
24.26172
24.25882
24.26472
24.25792
24.25822
24.26902
24.26342
24.26422
24.24582
24.26082
24.26372
24.24642
24.24452
24.25142
24.23782
24.14672
24.52962
23.23642
23.63302
23.61332
23.56772
23.57062
23.57262
23.55482
23.52852
23.50662
23.49712
23.48572
23.49342
23.47072
23.45452
23.43922
23.43162
23.42792
23.42972
23.43932
23.45322
23.45182
23.44342
23.44202
23.44012
23.42852
23.41832
23.40732
23.40702
23.40702
23.38872
23.37922
23.38512
23.40002
23.38972
23.40662
23.41672
23.40392
23.38272
23.35962
23.35772
23.32222
23.30302
23.29762
23.29092
23.28282
23.26992
23.27762
23.27602
23.28712
23.28742
23.28712
23.29632
23.30012
23.29092
23.26682
23.26892
23.25232
23.23242
23.22922
23.21522
23.19082
23.19962
23.19952
23.19952
23.20932
23.20272
23.20172
23.18812
23.18732
23.17552
23.17292
23.17262
23.16122
23.15892
23.16052
23.16832
23.17032
23.15862
23.18182
23.16702
23.17202
23.17162
23.15462
23.15142
23.15082
23.16052
23.17182
23.17382
23.17382
23.15812
23.13662
23.12942
23.10342
23.07022
23.05112
23.03742
23.03132
23.02972
23.02022
23.02682
23.03752
23.03812
23.03132
23.00672
22.99412
22.97352
22.96092
22.95562
22.94362
22.95022
22.96592
22.95152
22.95582
22.94962
22.94832
22.93362
22.92882
22.92942
22.93812
22.92702
22.89922
22.89602
22.88682
22.89402
22.90042
22.90692
22.90742
22.91062
22.90112
22.89952
22.89092
22.87332
22.86012
22.86762
22.85312
22.84832
22.83042
22.84652
22.84712
22.84972
22.86942
22.87202
22.88022
22.88092
22.87302
22.88772
22.87142
22.85352
22.84402
22.84682
22.84492
22.84872
22.83202
22.81082
22.81062
22.80572
22.78562
22.78152
22.78812
22.79602
22.80272
22.81092
22.82882
22.81932
22.81212
22.81862
22.80972
22.80742
22.80122
22.82372
22.81262
22.80932
22.79932
22.79062
22.78752
22.76362
22.76822
22.77742
22.76822
22.78052
22.77492
22.77992
22.77622
22.77242
22.77342
22.78132
22.76042
22.74252
22.72302
22.72102
22.70972
22.70682
22.70122
22.71092
22.71132
22.704720000000002
22.69682
22.67612
22.67712
22.67022
22.64412
22.62172
22.62812
22.62922
22.62592
22.59752
22.59082
22.59212
22.58392
22.59142
22.58922
22.61182
22.60932
22.59992
22.59992
22.58362
22.56942
22.55112
22.54882
22.55242
22.56042
22.55772
22.56712
22.56842
22.56912
22.56902
22.55432
22.55182
22.55072
22.55082
22.55922
22.54812
22.53092
22.52972
22.52022
22.50362
22.48622
22.48072
22.48702
22.48402
22.46672
22.46942
22.47732
22.48092
22.46742
22.45932
22.44922
22.43522
22.43692
22.43782
22.43942
22.43972
22.45742
22.45932
22.45622
22.45302
22.45502
22.45602
22.46752
22.44952
22.45582
22.46712
22.43902
22.43042
22.42972
22.430320000000002
22.42192
22.42852
22.42302
22.42712
22.41992
22.40882
22.39092
22.38902
22.37112
22.37602
22.37902
22.37332
22.38162
22.38282
22.40602
22.41022
22.38762
22.38492
22.37892
22.36442
22.33932
22.33822
22.33702
22.33472
22.33592
22.35602
22.36752
22.34692
22.31632
22.30962
22.30892
22.30732
22.28802
22.27342
22.27052
22.26912
22.26162
22.26992
22.28742
22.29792
22.29072
22.28972
22.28672
22.29192
22.29012
22.27502
22.25452
22.25062
22.23362
22.22292
22.21132
22.19452
22.19012
22.19952
22.19952
22.20612
22.21092
22.20612
22.20912
22.21912
22.20032
22.19992
22.19962
22.20152
22.21752
22.21982
22.22852
22.23082
22.21322
22.19132
22.19802
22.17542
22.16902
22.18822
22.19442
22.20742
22.18522
22.18812
22.18162
22.17682
22.18782
22.18952
22.17382
22.17022
22.15272
22.14772
22.11702
22.12672
22.12922
22.13092
22.12992
22.12892
22.12962
22.12802
22.12572
22.13712
22.13582
22.16132
22.14422
22.13312
22.13282
22.11422
22.08642
22.055320000000002
22.04632
22.04882
22.03782
22.02112
22.00722
21.99812
22.00462
21.99842
21.99842
21.99992
21.99842
21.98362
21.97792
21.96252
21.97372
21.96052
21.95652
21.95912
21.95112
21.95812
21.95122
21.94212
21.95152
21.96252
21.98892
21.98272
21.97922
21.96242
21.96842
21.96242
21.95842
21.95402
21.96282
21.95342
21.94492
21.948620000000002
21.95162
21.96632
21.96092
21.96982
21.96952
21.95312
21.94292
21.93972
21.91242
21.89882
21.89882
21.89882
21.89252
21.87672
21.87072
21.85192
21.83552
21.83072
21.82062
21.82102
21.82812
21.83362
21.82952
21.83832
21.81762
21.79352
21.78812
21.78282
21.77342
21.77212
21.78752
21.80902
21.82102
21.82302
21.82062
21.82732
21.81052
21.78482
21.77992
21.76522
21.75422
21.73912
21.73422
21.73102
21.73162
21.72292
21.71912
21.72272
21.71362
21.71352
21.71012
21.70142
21.71132
21.70962
21.69982
21.69882
21.68162
21.68462
21.67972
21.66702
21.67452
21.67492
21.66842
21.66212
21.66432
21.66082
21.66052
21.66042
21.66832
21.65192
21.66022
21.64322
21.64062
21.62272
21.62912
21.62182
21.61952
21.61912
21.62142
21.61862
21.61132
21.60122
21.59402
21.59052
21.57092
21.55232
21.53772
21.52962
21.51862
21.51442
21.51102
21.51632
21.51952
21.50882
21.51592
21.51132
21.49872
21.48862
21.50612
21.50812
21.50812
21.50162
21.50032
21.48902
21.50032
21.48402
21.46522
21.46622
21.46182
21.44512
21.42532
21.43002
21.43852
21.43992
21.44992
21.45972
21.45972
21.44172
21.43042
21.40672
21.38462
21.38962
21.37622
21.37922
21.39922
21.41052
21.41092
21.40072
21.40702
21.39252
21.38272
21.36462
21.36552
21.36722
21.37412
21.37702
21.36952
21.36752
21.37732
21.39692
21.40822
21.41702
21.41372
21.41702
21.44452
21.44142
21.42222
21.41092
21.42692
21.43002
21.40702
21.39132
21.38472
21.36162
21.34052
21.33012
21.32262
21.32692
21.33372
21.33772
21.32552
21.35212
21.35592
21.34842
21.34692
21.33212
21.32802
21.32072
21.29652
21.28182
21.28902
21.29132
21.27782
21.27242
21.27962
21.28812
21.29102
21.29562
21.30572
21.29102
21.29722
21.29302
21.29132
21.28312
21.28932
21.29452
21.29122
21.27142
21.26162
21.24062
21.23082
21.23902
21.24062
21.24992
21.25032
21.26012
21.25842
21.23402
21.22922
21.22422
21.21482
21.19522
21.18512
21.18232
21.180320000000002
21.17182
21.17022
21.17022
21.16982
21.17022
21.15392
21.15882
21.16702
21.16342
21.16582
21.18442
21.18162
21.16052
21.14882
21.13442
21.13972
21.13312
21.10542
21.09982
21.10152
21.09832
21.09922
21.099520000000002
21.12532
21.12962
21.14402
21.15042
21.13282
21.11202
21.10972
21.10842
21.09972
21.10192
21.09872
21.10812
21.10162
21.08232
21.06452
21.04632
21.04892
21.06872
21.07262
21.06212
21.06122
21.05432
21.03012
21.01582
20.99442
20.99412
20.99872
21.00032
20.99562
20.98142
20.97552
20.96482
20.95822
20.93772
20.92262
20.92882
20.93462
20.94932
20.93782
20.95382
20.94792
20.95082
20.94302
20.93352
20.93852
20.94802
20.93292
20.93852
20.92222
20.91562
20.89172
20.88982
20.87802
20.87422
20.86952
20.87572
20.86562
20.88352
20.89132
20.89742
20.88442
20.87172
20.84732
20.81832
20.80142
20.78552
20.76522
20.79432
20.82022
20.83762
20.84062
20.83822
20.83042
20.81452
20.81442
20.81122
20.81092
20.81242
20.80922
20.81212
20.81082
20.82722
20.82622
20.83502
20.84582
20.85772
20.85812
20.86092
20.86822
20.85592
20.83622
20.83232
20.81412
20.80342
20.78502
20.78192
20.77502
20.76162
20.75302
20.75022
20.74212
20.74172
20.74212
20.74092
20.74262
20.75072
20.74952
20.74022
20.73232
20.71642
20.70182
20.67402
20.63602
20.62992
20.62142
20.62802
20.63092
20.64752
20.66022
20.68622
20.69462
20.69202
20.68312
20.69132
20.69162
20.69762
20.70932
20.69412
20.71392
20.71252
20.71592
20.70742
20.71752
20.71602
20.71012
20.70772
20.70972
20.71292
20.70302
20.69162
20.70542
20.69582
20.69122
20.69012
20.69602
20.69302
20.69012
20.68042
20.66772
20.66172
20.65452
20.63442
20.64062
20.64912
20.65402
20.64642
20.65922
20.63982
20.64972
20.64262
20.64712
20.63562
20.62992
20.62142
20.61602
20.60512
20.61162
20.60222
20.58432
20.55002
20.52602
20.50232
20.48312
20.47882
20.48112
20.48282
20.47582
20.47292
20.44842
20.42452
20.43692
20.41992
20.42402
20.43442
20.43702
20.436420000000002
20.42182
20.42022
20.40242
20.39952
20.41522
20.41842
20.41902
20.42042
20.43002
20.45772
20.47562
20.48012
20.49772
20.51002
20.48622
20.45662
20.43552
20.40902
20.39812
20.39382
20.39782
20.39722
20.40822
20.41702
20.40392
20.40202
20.39412
20.40382
20.41082
20.41242
20.41402
20.43532
20.43012
20.41242
20.41052
20.39922
20.40852
20.42022
20.42182
20.43002
20.43162
20.43162
20.42302
20.41402
20.41242
20.39922
20.40732
20.40932
20.41062
20.39762
20.39262
20.39912
20.39572
20.37322
20.36292
20.36162
20.35312
20.34982
20.35492
20.35122
20.34372
20.31272
20.31052
20.30112
20.32492
20.33782
20.34602
20.33162
20.31732
20.32002
20.30102
20.29722
20.28602
20.28812
20.28442
20.28112
20.27342
20.26272
20.26462
20.44042
