-2.7701070000000003
-2.696847
-2.636977
-2.596857
-2.530507
-2.4755670000000003
-2.4230270000000003
-2.355617
-2.301337
-2.242097
-2.211237
-2.182647
-2.158907
-2.135857
-2.101727
-2.059387
-2.007567
-1.959337
-1.890977
-1.840367
-1.8086069999999999
-1.7860770000000001
-1.747067
-1.7193770000000002
-1.6880769999999998
-1.651837
-1.619757
-1.5991270000000002
-1.572577
-1.5163069999999998
-1.4681669999999998
-1.420947
-1.381567
-1.3387470000000001
-1.303207
-1.266883
-1.2423220000000001
-1.220621
-1.164402
-1.1237
-1.0908660000000001
-1.066129
-1.016794
-0.977783
-0.921802
-0.874536
-0.852008
-0.827384
-0.814542
-0.807007
-0.792917
-0.7767310000000001
-0.726685
-0.815673
1.109333
1.525833
1.6202130000000001
2.069223
-0.00936300000000001
0.9594729999999999
0.47311100000000006
-0.490526
-0.469636
-0.427378
-0.42141799999999996
-0.399854
-0.397422
-0.409195
-0.3653536
-0.3203128
-0.30376919999999996
-0.29239699999999996
-0.2699283
-0.2374208
-0.2124026
-0.18852549999999998
-0.16141999999999998
-0.146469
-0.13644099999999998
-0.125415
-0.128128
-0.136869
-0.12505799999999997
-0.07691399999999998
-0.03243399999999996
-0.008081000000000005
-0.002908999999999995
0.0
-0.014568999999999999
-0.007834000000000008
0.014952999999999994
0.04241
0.05196200000000001
0.035187000000000024
0.05528900000000003
0.06586000000000003
0.093692
0.12596400000000002
0.16248400000000002
0.197177
0.21176100000000003
0.22513400000000006
0.22074000000000005
0.230993
0.23347799999999996
0.25053400000000003
0.288687
0.296509
0.29964599999999997
0.307358
0.31195300000000004
0.33449399999999996
0.35872499999999996
0.38696600000000003
0.41493199999999997
0.440268
0.47450500000000007
0.486603
0.503183
0.524447
0.5482360000000001
0.544729
0.550076
0.571127
0.591147
0.628219
0.652545
0.667154
0.673123
0.67052
0.688714
0.709366
0.714773
0.7134630000000001
0.748093
0.7803030000000001
0.803743
0.8340029999999999
0.8605029999999999
0.882203
0.893693
0.9023329999999999
0.918843
0.936133
0.9505929999999999
0.9605530000000001
0.9638430000000001
0.9743130000000001
0.996293
1.007463
1.0160930000000001
1.022653
1.0416029999999998
1.0663930000000001
1.0849929999999999
1.0966529999999999
1.1149330000000002
1.107913
1.1116929999999998
1.1232929999999999
1.155303
1.167313
1.178553
1.1924329999999999
1.212733
1.219283
1.2369530000000002
1.2460430000000002
1.270683
1.294933
1.3095430000000001
1.3071030000000001
1.3153830000000002
1.319613
1.3597730000000001
1.389023
1.4155829999999998
1.445773
1.4696829999999999
1.4761730000000002
1.470233
1.4627430000000001
1.4483830000000002
1.4554429999999998
1.4643130000000002
1.4630429999999999
1.474843
1.5175830000000001
1.534313
1.574043
1.595313
1.6130330000000002
1.6284329999999998
1.6386029999999998
1.6610930000000002
1.6560130000000002
1.680853
1.6911930000000002
1.695043
1.697403
1.703983
1.695223
1.6973530000000001
1.696873
1.7196829999999999
1.724843
1.7446729999999997
1.764783
1.7798829999999999
1.7990429999999997
1.8181029999999998
1.8433329999999999
1.8687429999999998
1.879063
1.880623
1.8839829999999997
1.8966729999999998
1.910513
1.9204729999999999
1.9245929999999998
1.9451429999999998
1.957973
1.9607129999999997
1.9600629999999999
1.960423
1.9830829999999997
1.9982829999999998
2.001553
2.013903
2.034763
2.051713
2.056253
2.079453
2.096333
2.121633
2.126473
2.127043
2.1251729999999998
2.142353
2.1554029999999997
2.163833
2.184603
2.2042129999999998
2.217263
2.243693
2.267233
2.2732829999999997
2.262483
2.263903
2.2696229999999997
2.280823
2.2768129999999998
2.288583
2.319763
2.327903
2.3367329999999997
2.354053
2.371863
2.382583
2.399593
2.419133
2.424943
2.438713
2.409293
2.389773
2.390403
2.398573
2.414293
2.438033
2.4539329999999997
2.477853
2.500533
2.503743
2.5089129999999997
2.519393
2.519613
2.514073
2.523273
2.509543
2.521263
2.519303
2.514773
2.534993
2.541153
2.575773
2.588663
2.596653
2.604673
2.607253
2.623213
2.602273
2.586293
2.587643
2.595933
2.6036829999999997
2.599383
2.615773
2.6454329999999997
2.664813
2.677513
2.684703
2.686293
2.701683
2.6974229999999997
2.695713
2.7006129999999997
2.712903
2.721803
2.728913
2.746803
2.761113
2.775273
2.795323
2.815403
2.831473
2.8367329999999997
2.8542229999999997
2.862123
2.876743
2.872553
2.852893
2.8660229999999998
2.870863
2.881653
2.878053
2.889463
2.913273
2.921653
2.926493
2.9285229999999998
2.938603
2.947353
2.954313
2.960093
2.971543
2.9866829999999998
2.993213
3.005093
3.016733
3.019703
3.029463
3.036883
3.0335129999999997
3.034933
3.034313
3.033913
3.026183
3.027673
3.0324429999999998
3.042593
3.054863
3.068533
3.0743929999999997
3.079233
3.1059229999999998
3.119313
3.129073
3.129073
3.124773
3.1349329999999997
2.951283
3.095853
3.197113
3.161953
3.187043
3.184233
3.193723
3.219383
3.196093
3.2527429999999997
3.270063
3.265383
3.3080629999999998
3.330983
3.309233
3.295623
3.309583
3.343123
3.389933
3.423043
3.4211229999999997
3.441253
3.402723
3.377963
3.404143
3.449473
3.465953
3.497103
3.508523
3.511003
3.514623
3.5165729999999997
3.5265329999999997
3.5172529999999997
3.508213
3.498383
3.482853
3.4591629999999998
3.459263
3.452133
3.464813
3.4608529999999997
3.468933
3.4814529999999997
3.495413
3.490423
3.4871529999999997
3.473243
3.487803
3.483953
3.479803
3.495543
3.517843
3.550213
3.560663
3.577553
3.563933
3.557623
3.5394129999999997
3.516933
3.512473
3.506773
3.5182029999999997
3.544993
3.566183
3.5975829999999998
3.617043
3.624183
3.612953
3.611083
3.596593
3.609893
3.625313
3.638243
3.635093
3.643833
3.638263
3.6506529999999997
3.680703
3.6659129999999998
3.602783
3.606273
3.674953
3.706503
3.7212129999999997
3.747383
3.756423
3.7911729999999997
3.777273
3.386643
3.9029429999999996
4.298353
3.7002129999999998
3.789823
3.8135329999999996
3.851243
3.905003
3.936133
3.9228129999999997
3.902623
3.910463
3.881373
3.8720429999999997
3.8812930000000003
3.878343
3.892703
3.914363
3.933013
3.9252529999999997
3.9353229999999995
3.9159829999999998
3.919783
3.9241330000000003
3.9140230000000003
3.9074530000000003
3.9218029999999997
3.939503
3.955343
3.9701129999999996
3.9882229999999996
4.010073
4.0054229999999995
4.012683
4.023973
4.019443
4.036913
4.033923
4.0415529999999995
4.059773
4.070273
4.066813
4.078743
4.085923
4.090593
4.101833
4.125813
4.132573
4.140193
4.150423
4.180453
4.197303
4.193593
4.211543
4.229863
4.244093
4.262513
4.257713
4.274113
4.274313
4.288633
4.285663
4.2941329999999995
4.296313
4.309393
4.315543
4.328723
4.358133
4.373083
4.387153
4.392453
4.384663
4.386753
4.384263
4.394943
4.405843
4.412943
4.426213
4.433473
4.4330929999999995
4.438863
4.436843
4.449113
4.462253
4.468553
4.466543
4.474413
4.470283
4.483523
4.475813
4.489183
4.513603
4.527833
4.5386429999999995
4.552893
4.570943
4.5899529999999995
4.601063
4.613083
4.621463
4.631203
4.622773
4.614083
4.628393
4.633423
4.6335429999999995
4.635273
4.670863
4.682603
4.697473
4.715103
4.736533
4.7356929999999995
4.726533
4.717003
4.730223
4.734133
4.727523
4.740363
4.758673
4.7598329999999995
4.769323
4.784333
4.807333
4.829313
4.833333
4.846843
4.861713
4.856833
4.862233
4.854213
4.885423
4.900273
4.911563
4.922643
4.959523
4.9685429999999995
4.969803
4.950933
4.974063
4.986683
4.993003
4.989133
4.9958029999999995
5.007953
5.013523
5.017983
5.028423
5.052803
5.066373
5.077013
5.087283
5.098663
5.0987729999999996
5.119263
5.1420129999999995
5.149523
5.160623
5.161833
5.1851329999999995
5.202643
5.205463
5.202513
5.216263
5.230623
5.237853
5.259643
5.269293
5.272493
5.2865329999999995
5.288173
5.274773
5.281643
5.281563
5.286483
5.300783
5.313923
5.3370429999999995
5.362073
5.360893
5.368513
5.373363
5.389233
5.3895729999999995
5.394273
5.393523
5.409213
5.433993
5.446593
5.440923
5.449443
5.457433
5.459123
5.475423
5.480373
5.499203
5.494853
5.4974229999999995
5.522813
5.537203
5.537813
5.5445329999999995
5.580613
5.616343
5.609393
5.618563
5.629033
5.626653
5.632203
5.626343
5.626973
5.637243
5.642903
5.6556429999999995
5.649063
5.654223
5.6732629999999995
5.670673
5.666543
5.666723
5.666333
5.666023
5.660933
5.658913
5.681313
5.713423
5.726333
5.730563
5.734793
5.754793
5.762043
5.768523
5.778293
5.783833
5.797383
5.817563
5.839223
5.838213
5.849613
5.843123
5.857193
5.849963
5.8394129999999995
5.829853
5.825943
5.844603
5.863053
5.876723
5.887423
5.895253
5.885173
5.894323
5.890143
5.898843
5.906803
5.917343
5.9404829999999995
5.961333
5.978293
5.992983
6.006963
5.999773
6.002353
6.0056329999999996
6.014773
6.019303
6.041783
6.049223
6.077273
6.085863
6.0780829999999995
6.078253
6.079063
6.0732029999999995
6.077503
6.085403
6.101333
6.120863
6.1485829999999995
6.167343
6.1853229999999995
6.204433
6.222053
6.227713
6.219353
6.211513
6.1976629999999995
6.191183
6.2036929999999995
6.210093
6.222433
6.237753
6.253603
6.267933
6.269263
6.2996229999999995
6.309303
6.307193
6.292343
6.270403
6.217973
6.139543
6.023143
6.1812629999999995
6.2485029999999995
6.267983
6.269293
6.270173
6.270223
6.272583
6.258823
6.286823
6.2946729999999995
6.296103
6.324533
6.299893
6.322743
6.373733
6.375233
6.391683
6.411523
6.378933
6.365463
6.405003
6.395453
6.397913
6.407233
6.441763
6.462003
6.468243
6.463063
6.459913
6.469853
6.494853
6.5040629999999995
6.487463
6.463183
6.449623
6.445323
6.457753
6.4694329999999995
6.482813
6.491343
6.478093
6.479183
6.473713
6.4823129999999995
6.473113
6.462223
6.466083
6.4543029999999995
6.439173
6.423173
6.429453
6.436033
6.4551929999999995
6.448043
6.453463
6.445583
6.440983
6.444343
6.445613
6.4650229999999995
6.484513
6.497253
6.508603
6.4907829999999995
6.4943029999999995
6.497393
6.4954529999999995
6.487273
6.499913
6.522673
6.516523
6.506673
6.4993929999999995
6.504913
6.498963
6.4982429999999995
6.509543
6.549203
6.500103
6.441873
6.484263
6.518113
6.537023
6.522243
6.514083
6.516883
6.514383
6.5291429999999995
6.116563
6.6334029999999995
7.084343
6.483283
6.649353
6.676883
6.656903
6.663283
6.677033
6.685333
6.681903
6.677983
6.678903
6.693043
6.711333
6.7349429999999995
6.765273
6.781833
6.777423
6.786493
6.778283
6.779273
6.785573
6.789843
6.798213
6.814513
6.826043
6.852273
6.864263
6.8695829999999996
6.890923
6.928393
6.9480129999999996
6.980033
6.998983
7.014763
7.018713
7.022923
7.032583
7.042353
7.049963
7.069563
7.066943
7.069513
7.079643
7.103113
7.124593
7.150803
7.181003
7.206993
7.214253
7.2286529999999996
7.236363
7.2455929999999995
7.246373
7.254733
7.258243
7.269693
7.273953
7.291353
7.322483
7.336733
7.348743
7.360923
7.3701929999999996
7.379963
7.385563
7.381203
7.395243
7.410683
7.421283
7.435913
7.442373
7.456223
7.452933
7.476153
7.491453
7.495063
7.522663
7.544963
7.569583
7.584423
7.574343
7.569873
7.577943
7.552683
7.550283
7.563313
7.595603
7.621373
7.654583
7.686023
7.686843
7.695513
7.705933
7.707053
7.717092999999999
7.727303
7.720833
7.730693
7.736363
7.741682999999999
7.743153
7.763402999999999
7.784873
7.803263
7.799313000000001
7.811903
7.828263000000001
7.846103
7.882813
7.911822999999999
7.931923
7.957102999999999
7.9813529999999995
7.993322999999999
8.014623
8.006843
8.014483
8.025783
8.046513000000001
8.060123
8.054443000000001
8.059243
8.077933000000002
8.068373000000001
8.077843000000001
8.083013000000001
8.089233
8.116943000000001
8.117593000000001
8.134553
8.146763
8.151953
8.157593
8.160033
8.175233
8.181403000000001
8.186893000000001
8.209403
8.215293
8.231003000000001
8.229103
8.250513000000002
8.261083000000001
8.281513
8.300043
8.320073
8.321353
8.323333000000002
8.326343000000001
8.323213
8.320673000000001
8.338083000000001
8.364363
8.370073000000001
8.378973
8.392303
8.406773000000001
8.430403
8.422753
8.421593000000001
8.423713000000001
8.415413000000001
8.417823
8.411273000000001
8.440443
8.471333000000001
8.500323000000002
8.520393
8.545063
8.556083000000001
8.582043
8.605593
8.623973000000001
8.615943000000001
8.611723000000001
8.633973000000001
8.638053000000001
8.633133
8.646883
8.656633000000001
8.675493000000001
8.684103
8.699443
8.719153
8.721453
8.719203
8.723603
8.715243000000001
8.713673
8.727683
8.759893
8.765383
8.772573000000001
8.787853
8.801623000000001
8.792043000000001
8.810323
8.838683000000001
8.866963
8.890163000000001
8.884693
8.893553
8.883883
8.887043
8.885043000000001
8.869193000000001
8.875633
8.892513000000001
8.897113000000001
8.908913
8.924223000000001
8.941243
8.956183000000001
8.975403
9.008353000000001
9.015413
9.036233000000001
9.039063
9.057353
9.048753000000001
9.052123
9.058603000000002
9.070723000000001
9.062003
9.085713
9.088213000000001
9.092743
9.101143
9.088653
9.088293
9.096493
9.108133
9.117583000000002
9.120863
9.134143
9.147813000000001
9.156023000000001
9.161483
9.158513000000001
9.168993
9.187893
9.192113
9.190343
9.194033000000001
9.212893000000001
9.230623000000001
9.238743000000001
9.246283
9.257943000000001
9.262043
9.262663000000002
9.264133000000001
9.275123
9.274983
9.295633
9.308993000000001
9.323993000000002
9.323203000000001
9.345473
9.351963000000001
9.370873000000001
9.362663000000001
9.377353000000001
9.388053000000001
9.401103
9.415793
9.408203
9.414613000000001
9.424143
9.420243000000001
9.433553000000002
9.437623
9.439473000000001
9.449223
9.486703
9.502663
9.518993
9.536263
9.572753
9.582113000000001
9.587263
9.592193
9.602353
9.602653
9.594223000000001
9.601413
9.587263
9.616963
9.604453000000001
9.620073000000001
9.637603
9.636053
9.632023
9.624213000000001
9.624923
9.638673
9.638763
9.655243
9.687413000000001
9.691903
9.368103000000001
9.537893
9.693333
9.668313000000001
9.691403000000001
9.690383
9.676223
9.683693000000002
9.658043000000001
9.716373
9.770873
9.784773000000001
9.766273
9.760373000000001
9.757673
9.755573
9.753273
9.800173000000001
9.820473000000002
9.789973000000002
9.780173000000001
9.847373000000001
9.862973
9.856573000000001
9.840873
9.849073
9.860573
9.859473000000001
9.848773000000001
9.830273
9.820573000000001
9.825373
9.838473
9.845273
9.848173000000001
9.856973
9.851473
9.838073000000001
9.837273000000001
9.841573
9.833273
9.832473
9.842273
9.853473000000001
9.865273
9.855773000000001
9.863573
9.867673
9.865673000000001
9.853073
9.861573
9.862673000000001
9.862873
9.858773000000001
9.857273000000001
9.859173
9.863873000000002
9.856973
9.858373
9.865573000000001
9.873173000000001
9.850673
9.848473
9.830273
9.820173
9.833173
9.845073000000001
9.852973
9.853473000000001
9.863973000000001
9.868373
9.879173000000002
9.885473000000001
9.881673000000001
9.891973
9.871273
9.854373
9.865873
9.890673000000001
9.790573
9.723073000000001
9.814973
9.910273
9.931073000000001
9.925473
9.915073000000001
9.912373
9.932773000000001
9.947873000000001
9.580903000000001
10.088073000000001
10.432173
9.918573
10.080273
10.112973
10.128173
10.126673
10.116573
10.103373000000001
10.104273000000001
10.097073
10.112373000000002
10.123373
10.140373
10.131173
10.120973000000001
10.114073000000001
10.134373
10.152673
10.179573000000001
10.187473
10.182373
10.195173
10.201573000000002
10.212573
10.229873000000001
10.252073000000001
10.254473
10.258273
10.260273000000002
10.250173
10.269673000000001
10.280273000000001
10.307973
10.332273
10.370073000000001
10.397273
10.422773000000001
10.446473000000001
10.462673
10.477473000000002
10.486873000000001
10.482973000000001
10.490373
10.505773000000001
10.528573000000002
10.555073
10.606773
10.637373
10.660173
10.657573000000001
10.669773000000001
10.688273
10.676773
10.664173
10.673073
10.693273000000001
10.694373
10.719073000000002
10.725573
10.737173
10.721673000000001
10.740673000000001
10.754373000000001
10.766973
10.784873000000001
10.803473
10.816473
10.844373000000001
10.858173
10.874173
10.895973000000001
10.914073
10.921873000000001
10.912073000000001
10.897473000000002
10.907873
10.916373
10.931073000000001
10.914673
10.913673000000001
10.935573000000002
10.954173
10.967773000000001
10.974073
11.003273
11.026273000000002
11.053873000000001
11.085373
11.113573
11.149273
11.158273000000001
11.178873000000001
11.199073
11.209673
11.208573000000001
11.216673
11.224373
11.216473
11.225673
11.227373
11.227573000000001
11.229973000000001
11.236373
11.254373000000001
11.267673
11.278873
11.289473000000001
11.301173
11.316073000000001
11.336073
11.356973
11.369273000000002
11.382173000000002
11.407873
11.402773000000002
11.401673
11.414473000000001
11.421373
11.413073
11.412773000000001
11.427773
11.442673000000001
11.438173
11.442273
11.451473
11.461973
11.481473000000001
11.492373
11.522973
11.540473
11.552173000000002
11.583773
11.585473
11.589173
11.589173
11.586973
11.591773000000002
11.592173
11.609473000000001
11.630573
11.626973000000001
11.626573
11.632773
11.631173
11.630773000000001
11.634173
11.638673
11.645673
11.642573
11.644273
11.641973
11.653373
11.663373
11.686073
11.688973
11.685173
11.685073000000001
11.688673000000001
11.700973000000001
11.719173000000001
11.724173
11.721373000000002
11.731773
11.731773
11.740873
11.745473
11.752973
11.781073000000001
11.804573000000001
11.820673000000001
11.799373000000001
11.784173000000001
11.783173000000001
11.775873
11.767173000000001
11.763873
11.774373
11.783373000000001
11.793373
11.789373000000001
11.796473
11.811673
11.818373000000001
11.831773
11.851273
11.872273000000002
11.886173000000001
11.889573
11.889273000000001
11.898273000000001
11.892273000000001
11.895273000000001
11.899573
11.903673000000001
11.908573
11.932173
11.938773000000001
11.945873
11.961473000000002
11.981873
11.991873
11.992373
11.998073000000002
11.999373
11.996473
11.982773000000002
11.976873000000001
11.986973
12.004773
12.015773000000001
12.031973
12.045673
12.061273
12.066773000000001
12.065573
12.076673000000001
12.083973
12.094773
12.093273
12.098973
12.103873
12.100973000000002
12.081073
12.092873
12.103273000000002
12.107173000000001
12.115373
12.120773000000002
12.110873000000002
12.103473000000001
12.108973
12.117073000000001
12.121073
12.120173000000001
12.128273
12.139873000000001
12.160373000000002
12.158873000000002
12.180173
12.190173000000001
12.186873
12.188573000000002
12.191773000000001
12.189273
12.204873000000001
12.218873
12.245873000000001
12.274673
12.299273000000001
12.311973
12.326273
12.333073
12.343573000000001
12.347073
12.356373000000001
12.358673000000001
12.348373
12.351073000000001
12.351073000000001
12.356173
12.338873000000001
12.325173000000001
12.334373000000001
12.344073000000002
12.340773
12.329773000000001
12.344573
12.350373000000001
12.356173
12.374773000000001
12.389373
12.406373
12.408473
12.423173
12.436873
12.438073000000001
12.438873000000001
12.434573
12.440273000000001
12.422073000000001
12.435273
12.440873000000002
12.447073000000001
12.444673000000002
12.432973
12.444073000000001
12.440373000000001
12.454473
12.451673000000001
12.464173
12.483873
12.481073
12.471273
12.484573000000001
12.481173
12.478973000000002
12.499273
12.492673
12.484073
12.524073000000001
12.284673000000002
12.403473
12.463273000000001
12.469273000000001
12.497173
12.515973
12.509673000000001
12.518873000000001
12.489673000000002
12.487073
12.512573000000001
12.540373
12.565373000000001
12.555073
12.548273
12.596173
12.605573000000001
12.619573
12.563873000000001
12.541673000000001
12.557473000000002
12.614973
12.628973
12.626373000000001
12.628273
12.642773
12.647373
12.636273000000001
12.643673000000001
12.642273000000001
12.661773
12.671073000000002
12.675973
12.669173
12.657373000000002
12.643273
12.634773000000001
12.618373
12.625473000000001
12.642573
12.651073
12.650773000000001
12.658573
12.659673000000002
12.641773
12.637273
12.618273
12.612873
12.607973000000001
12.604873000000001
12.613673
12.596473000000001
12.595673000000001
12.604873000000001
12.609273
12.608673000000001
12.614473
12.650173
12.656373
12.656173
12.681573
12.681673
12.668673
12.644373000000002
12.662173000000001
12.662673000000002
12.673173
12.691073000000001
12.690673
12.689473000000001
12.697973000000001
12.702673
12.713873000000001
12.705873
12.704273
12.711673000000001
12.717573000000002
12.709173000000002
12.714273
12.728173
12.745073000000001
12.746273
12.745073000000001
12.756973
12.764973000000001
12.756373
12.764073000000002
12.764173000000001
12.752173
12.739073000000001
12.739873000000001
12.745273000000001
12.770273000000001
12.791973
12.811973
12.813173
12.798373000000002
12.800773000000001
12.808673
12.839673000000001
12.838373
12.859073
12.884973
12.884773000000001
12.883573
12.864973
12.854673
12.841773000000002
12.823773000000001
12.817073
12.803673000000002
12.802273000000001
12.811573000000001
12.810173
12.801773
12.804973
12.800473
12.805373000000001
12.796873000000001
12.802673
12.821273000000001
12.843073
12.841473
12.856173
12.865773
12.894173
12.902173000000001
12.898773
12.920873
12.912173000000001
12.920473000000001
12.938173
12.954773000000001
12.957173000000001
12.966473
12.967273
12.957573
12.939973
12.938473
12.948373
12.961273
12.971373000000002
12.978373000000001
12.995473
13.002073000000001
12.995573
12.998473
13.016973
13.018373
13.031573000000002
13.030973000000001
13.042173
13.043173000000001
13.031373
13.024473
13.045673
13.030673
13.011173000000001
13.017573
13.008673
12.988873000000002
12.969773
12.986573
12.994173
12.980773000000001
12.992773000000001
13.000673
13.005873000000001
13.000173
12.988273000000001
12.990573000000001
12.997773
13.010173
13.009673000000001
13.001373000000001
12.992273
13.001673
13.000573000000001
12.985673
12.981973
12.989273
12.993473000000002
12.993373
12.997173
12.998173000000001
12.991573
12.996573000000001
12.993173
12.986673000000001
12.991873
13.003873
13.007773
13.008773000000001
13.019773
13.036873
13.053773000000001
13.049773
13.049673
13.042473000000001
13.057073
13.067173
13.062673
13.054373
13.052373000000001
13.058173
13.058873
13.036473
13.051473000000001
13.053373
13.058073
13.054573000000001
13.057673000000001
13.065373000000001
13.053073000000001
13.048573000000001
13.057373
13.049173000000001
13.053073000000001
13.062073000000002
13.058673
13.061873
13.066173000000001
13.071673
13.092573000000002
13.088573
13.107173000000001
13.093573000000001
13.097173000000002
13.098173000000001
13.101273
13.090473000000001
13.093973
13.092073000000001
13.091173000000001
13.097073
13.087473000000001
13.062173000000001
13.065973000000001
13.074573000000001
13.071873
13.072573
13.084873
13.085673000000002
13.103673
13.086373
13.079873000000001
13.087273000000001
13.087273000000001
13.090573000000001
13.089473
13.086673000000001
13.092273
13.088873000000001
13.098673000000002
13.096973
13.096173
13.106073
13.102573000000001
13.098073000000001
13.094873000000002
13.092173
13.090773
13.106673
13.111873000000001
13.113473
13.136173000000001
13.156073000000001
13.178873000000001
13.168673
13.166373
13.157273
13.161873
13.150673000000001
13.133773000000001
13.134773000000001
13.141973
13.132173000000002
13.144573000000001
13.147973
13.143473
13.157673
13.163973
13.170273000000002
13.174773
13.171873000000001
13.189773
13.182973
13.173173
13.175773000000001
13.174973000000001
13.178573
13.180373000000001
13.187673
13.207473
13.205373000000002
13.207073000000001
13.209173000000002
13.203473
13.190073
13.172273
13.169273
13.163473000000002
13.166373
13.157273
13.147773
13.142873000000002
13.123073000000002
13.111073000000001
13.122773
13.130573
13.136973000000001
13.142273000000001
13.156673000000001
13.156573000000002
13.120273000000001
13.105473
13.107573
13.107373
13.110973000000001
13.126373000000001
13.153173
13.163373
13.146973000000001
13.149873000000001
13.158873000000002
13.150373
13.137073000000001
13.132873
13.128273
13.120873000000001
13.103873
13.098973
13.116073
13.112073
13.135573
13.137973
13.135473000000001
13.137073000000001
13.145673
13.148473000000001
13.128173
13.132273000000001
13.147173
13.155273000000001
13.177773
13.189373000000002
13.104173000000001
13.062273000000001
13.276173
12.976673
13.139873000000001
13.127273
13.131073
13.121573000000001
13.129873
13.140873000000001
13.153273
13.171473
13.178073000000001
13.192073
13.189373000000002
13.195973
13.181573
13.177073
13.175873000000001
13.175373
13.173973
13.183773
13.182073
13.186073
13.182773000000001
13.184273000000001
13.176873
13.168073000000001
13.149573
13.149373
13.151473000000001
13.145873
13.152173000000001
13.143073000000001
13.152073000000001
13.133673
13.111073000000001
13.101673
13.098773000000001
13.096773
13.085673000000002
13.090873
13.103173
13.114873000000001
13.126873000000002
13.136873000000001
13.168573
13.172873000000001
13.168873000000001
13.157173
13.137773000000001
13.128573000000001
13.114173000000001
13.118473000000002
13.134173
13.155673
13.169273
13.179673000000001
13.188173
13.183873
13.163973
13.168873000000001
13.169873
13.165573
13.164973000000002
13.191373
13.223373
13.229973000000001
13.239573
13.245073000000001
13.235273000000001
13.223773000000001
13.225173000000002
13.236573
13.226073000000001
13.239273
13.257573
13.242773000000001
13.221673000000001
13.203973000000001
13.194873000000001
13.181973000000001
13.174673
13.168873000000001
13.180873
13.168373
13.171273000000001
13.167973
13.162473
13.156073000000001
13.156073000000001
13.174073
13.186373000000001
13.175173000000001
13.180973000000002
13.182073
13.195973
13.194873000000001
13.193673
13.209673
13.198773000000001
13.189073
13.171273000000001
13.163073
13.158173000000001
13.159173000000001
13.153373
13.152073000000001
13.159173000000001
13.149373
13.147773
13.132773
13.126273000000001
13.127073000000001
13.134573000000001
13.140573000000002
13.119773
13.135173
13.124373
13.125773
13.126473
13.131273
13.139373
13.144973
13.160973
13.158173000000001
13.149873000000001
13.143873000000001
13.138473000000001
13.134173
13.129873
13.123473
13.111973
13.097473
13.104073000000001
13.121773000000001
13.119173
13.123473
13.126773
13.126773
13.113573
13.096073
13.087273000000001
13.068773
13.081973000000001
13.097473
13.107873000000001
13.117873000000001
13.093173
13.081773
13.073973
13.053673000000002
13.040973000000001
13.028273
13.025073
13.024273
13.020673
12.995773000000002
12.977673000000001
12.982173000000001
12.990973
12.995873000000001
12.999773000000001
13.021873000000001
13.035873
13.056973000000001
13.052673
13.021973000000001
13.014073000000002
13.003573000000001
13.002973
13.015373
13.011473
13.035973
13.051473000000001
13.057573000000001
13.050273
13.041973
13.037073000000001
13.057573000000001
13.072573
13.069873000000001
13.065373000000001
13.061873
13.057973
13.034173000000001
13.013473000000001
13.038573000000001
13.031573000000002
13.018173
13.022873
13.013373000000001
12.998373
12.987073
12.986673000000001
12.972673
12.965973
12.973273
12.995673
13.005273
13.012073000000001
13.019473000000001
13.028673000000001
13.030773
13.032673
13.037773000000001
13.054573000000001
13.052373000000001
13.053673000000002
13.074973
13.056773000000002
13.056573
13.039873
13.043273000000001
13.030973000000001
13.032173
13.031673000000001
13.019473000000001
13.019473000000001
13.021973000000001
13.011873000000001
13.004873
12.995673
12.998073000000002
13.000673
13.004973000000001
13.005673000000002
13.020273000000001
13.018473
13.015273
13.024373
13.021373
13.010973000000002
13.013073
13.019673000000001
13.018873000000001
13.029473000000001
13.027073000000001
13.013573000000001
12.995573
12.980673000000001
12.972073
12.962573
12.966173000000001
12.962273000000001
12.969373000000001
12.970973
12.981373000000001
12.982973000000001
12.966673
12.962073
12.974973
12.965373000000001
12.964573000000001
12.978673
12.976373
12.980273
12.992973000000001
12.996673000000001
12.980173
12.982773000000002
12.978473000000001
12.964773000000001
12.956873000000002
12.961073
12.967973
12.963173000000001
12.960273
12.973373
12.964173
12.958973
12.950173000000001
12.972473
12.972973000000001
12.958973
12.964873
12.958373
12.962573
12.935973
12.932573000000001
12.932573000000001
12.916973
12.901973
12.907573000000001
12.907573000000001
12.922273
12.951573000000002
12.977673000000001
12.996773000000001
13.015973
13.029873
13.029973
13.017473
13.009373
13.009573000000001
13.009773000000001
13.012473
13.016973
13.007773
12.995773000000002
12.989873000000001
12.987673000000001
12.984373000000001
12.973873000000001
12.973573
12.966373
12.958273
12.961273
12.957073000000001
12.961373
12.941673000000002
12.930973000000002
12.927073
12.919973
12.910073
12.918873000000001
12.918273000000001
12.926173
12.932073
12.936273
12.945073
12.949973
12.950573
12.938473
12.946673
12.939073
12.941673000000002
12.929273
12.913073
12.908173000000001
12.887973
12.883873000000001
12.881573000000001
12.881673000000001
12.898173000000002
12.920073
12.908473
12.912473
12.919973
12.915573
12.918873000000001
12.917973
12.910873
12.904173
12.899873000000001
12.886873000000001
12.893673000000001
12.895873
12.895573
12.901973
12.890473
12.896073000000001
12.902673
12.881973
12.893873000000001
12.920673
12.928873000000001
12.917373000000001
12.932973
12.934273000000001
12.920273000000002
12.896773000000001
12.899973000000001
12.889573
12.884673000000001
12.870673
12.878273
12.862773
12.856073
12.847373000000001
12.838873000000001
12.822873000000001
12.813873000000001
12.816773000000001
12.806573
12.823573000000001
12.844173000000001
12.849573000000001
12.854873000000001
12.869573
12.882573
12.876673
12.878973
12.896573
12.892873000000002
12.877373
12.866973000000002
12.857773000000002
12.847473
12.835673000000002
12.827473000000001
12.822673
12.828173000000001
12.820473000000002
12.822373
12.817773
12.818373000000001
12.832773000000001
12.832973
12.848073000000001
12.852873
12.855273
12.853873
12.829073000000001
12.824173
12.816973
12.815773
12.815573
12.826573000000002
12.798773
12.767373000000001
12.746773000000001
12.735373000000001
12.735173000000001
12.737073
12.738573
12.764473
12.757173000000002
12.758273
12.753073
12.759773000000001
12.756973
12.746373
12.755273
12.749373
12.755273
12.748273000000001
12.747473000000001
12.761473
12.771873000000001
12.768873000000001
12.763273000000002
12.765973
12.782973
12.773773
12.772773
12.764073000000002
12.776473000000001
12.771873000000001
12.766373000000002
12.764573
12.757173000000002
12.750573000000001
12.757173000000002
12.744073
12.741773
12.724873
12.738373000000001
12.747773
12.761473
12.759173
12.773173000000002
12.799973000000001
12.815573
12.807973
12.813873000000001
12.814573000000001
12.819873000000001
12.814473000000001
12.811873
12.801873
12.777873000000001
12.755873000000001
12.725573
12.730873
12.746773000000001
12.747473000000001
12.753273
12.758773000000001
12.757173000000002
12.752273
12.751373000000001
12.750673
12.734773
12.719473
12.722073
12.727173
12.710573
12.705973
12.713573
12.715273000000002
12.720973
12.723373
12.731273000000002
12.738073
12.747773
12.747773
12.735573
12.720973
12.706373000000001
12.701573000000002
12.705773
12.735173000000001
12.749673000000001
12.764873000000001
12.773573
12.765373
12.733073000000001
12.705773
12.686473000000001
12.669573000000002
12.669973
12.667973
12.669673000000001
12.675573
12.668273000000001
12.663073
12.663173
12.660873
12.657573000000001
12.658473
12.666373
12.682973
12.684173000000001
12.694673000000002
12.685573000000002
12.679973
12.693773
12.682373
12.672673000000001
12.675573
12.682373
12.690773
12.682073
12.707773000000001
12.706373000000001
12.718273
12.709873
12.708973
12.698473000000002
12.674473
12.683373000000001
12.669273
12.672573000000002
12.679073
12.681173000000001
12.669673000000001
12.672173
12.688473
12.693673
12.701873
12.706273000000001
12.747373000000001
12.749173
12.741573
12.748573
12.726473
12.710973000000001
12.693273000000001
12.688073000000001
12.682973
12.685273
12.682373
12.683773
12.683673
12.686873
12.690173000000001
12.693373000000001
12.693373000000001
12.695973
12.684573
12.673773
12.658073
12.631173
12.618073
12.635373000000001
12.640973
12.659573
12.678473
12.689873
12.712673
12.702473000000001
12.687173000000001
12.684173000000001
12.679373
12.670873
12.675773000000001
12.680073
12.696273000000001
12.695173
12.699173
12.706373000000001
12.711673000000001
12.706373000000001
12.697573
12.706373000000001
12.706373000000001
12.693373000000001
12.693373000000001
12.696873
12.698573000000001
12.698573000000001
12.692773
12.678073000000001
12.666773000000001
12.652673
12.652473
12.652073000000001
12.625973
12.637473
12.639373
12.650373
12.653973
12.674173000000001
12.684573
12.689473000000001
12.699573000000001
12.701873
12.699173
12.680973000000002
12.671273000000001
12.673173
12.668373
12.684973000000001
12.688173
12.693673
12.698673000000001
12.707773000000001
12.703473
12.684873000000001
12.667973
12.662473
12.647073
12.641773
12.620673
12.618473000000002
12.612773
12.616273000000001
12.608873
12.615973
12.634573000000001
12.654873
12.660473000000001
12.645173000000002
12.661273000000001
12.649373
12.642873000000002
12.628873
12.620073000000001
12.613573
12.615273
12.626773
12.612673000000001
12.598073000000001
12.605673000000001
12.604473
12.596373000000002
12.593673
12.587873
12.587273000000001
12.594273000000001
12.591973000000001
12.582473
12.580773
12.571673
12.567773
12.559573
12.563873000000001
12.583973
12.586673000000001
12.588873000000001
12.601973000000001
12.615973
12.616573
12.610673
12.614973
12.616573
12.593673
12.596073
12.593673
12.588873000000001
12.573773000000001
12.595073000000001
12.597973000000001
12.588173000000001
12.586373
12.576873
12.565773
12.569173000000001
12.565173000000001
12.576873
12.563873000000001
12.564873
12.572973000000001
12.569573
12.568673
12.580673
12.578473
12.570273
12.558573
12.532573000000001
12.520073
12.500273
12.478473000000001
12.472073
12.465973
12.468173
12.489673000000002
12.501773
12.513573000000001
12.524973000000001
12.533173000000001
12.539973000000002
12.526473000000001
12.512773000000001
12.503173
12.498073000000002
12.505673000000002
12.510473000000001
12.532773
12.528173
12.531073000000001
12.527673
12.536473
12.522473000000002
12.526373000000001
12.537673000000002
12.551473000000001
12.549473
12.532573000000001
12.516673
12.517573
12.497073
12.473573
12.452473000000001
12.462673
12.445273
12.439473000000001
12.440373000000001
12.450273000000001
12.449573000000001
12.438873000000001
12.442173
12.454573000000002
12.426273
12.408173000000001
12.401073
12.408773
12.406273
12.414473000000001
12.432773000000001
12.452873
12.464173
12.468173
12.477873
12.497473000000001
12.503873
12.505573
12.489873000000001
12.481773
12.470573
12.460573
12.458373
12.454073000000001
12.457373
12.440273000000001
12.454273
12.444873000000001
12.451173
12.454473
12.460973000000001
12.466573
12.481173
12.489073000000001
12.494873
12.494573
12.481773
12.466173000000001
12.438473
12.442773
12.442073
12.447073000000001
12.458573000000001
12.450673
12.452073
12.466673
12.461273
12.464173
12.445273
12.451973
12.443673
12.456773
12.458373
12.461773
12.475673
12.476373
12.461673000000001
12.457473
12.447673
12.445673000000001
12.429573000000001
12.417773
12.413473000000002
12.413473000000002
12.428873000000001
12.424773
12.431673
12.438173
12.427073
12.428073000000001
12.421873000000001
12.416173
12.415373
12.404573000000001
12.408173000000001
12.404273000000002
12.410873
12.400973
12.409573
12.419473
12.414973000000002
12.410173
12.400673000000001
12.401173
12.409973
12.388673
12.406373
12.410873
12.414273000000001
12.422273
12.427673
12.429473000000002
12.430373000000001
12.438873000000001
12.437573
12.440473
12.418573
12.422573000000002
12.427773
12.415073000000001
12.412073000000001
12.414073
12.413973
12.409773000000001
12.394473000000001
12.408173000000001
12.414973000000002
12.411473
12.414073
12.421073000000002
12.442373
12.444673000000002
12.426473000000001
12.430673
12.428473
12.425173000000001
12.420273000000002
12.399973000000001
12.397773
12.372173
12.361673000000001
12.356373000000001
12.345673000000001
12.327073
12.308573
12.327473000000001
12.323073
12.322873000000001
12.331773
12.328473
12.345873000000001
12.363773
12.367673
12.343473000000001
12.338873000000001
12.327473000000001
12.328473
12.313473
12.313473
12.330273
12.338973000000001
12.352973
12.346273
12.344173000000001
12.346273
12.344873000000002
12.328073000000002
12.294573000000002
12.287473
12.290773000000002
12.284473
12.297273
12.288473000000002
12.296673
12.309973000000001
12.329473
12.351973000000001
12.353873
12.363873000000002
12.362073
12.339773000000001
12.342673000000001
12.335073000000001
12.339073
12.357873000000001
12.363773
12.353473000000001
12.358873
12.363673
12.371673000000001
12.396873000000001
12.410773
