-0.14233749999999998
-0.1418737
-0.1683477
-0.2008092
-0.20934799999999998
-0.2172277
-0.24082379999999998
-0.2392858
-0.24686019999999997
-0.263428
-0.276239
-0.264127
-0.25740399999999997
-0.2444554
-0.23183939999999997
-0.244495
-0.2456456
-0.269489
-0.2801
-0.280274
-0.279752
-0.28149199999999996
-0.28991100000000003
-0.29491
-0.28851099999999996
-0.282697
-0.284174
-0.303373
-0.291184
-0.276841
-0.261121
-0.2416141
-0.2116825
-0.1900638
-0.17143889999999998
-0.1688847
-0.1850895
-0.19791599999999998
-0.20965309999999998
-0.21524089999999999
-0.20957379999999998
-0.2220005
-0.2302647
-0.223267
-0.2290012
-0.2265843
-0.257538
-0.261524
-0.270838
-0.290436
-0.282868
-0.299421
-0.319925
-0.9187259999999999
-0.08549299999999999
-0.567113
-0.7636999999999999
-0.014797999999999978
-1.539371
0.35908300000000004
-0.44101899999999994
-0.2318557
-0.1649533
-0.10762349999999998
-0.1333165
-0.12015719999999999
-0.09603619999999999
-0.06969039999999999
-0.0866825
-0.07850999999999998
-0.07932779999999999
-0.07839389999999999
-0.08400319999999999
-0.07569619999999999
-0.06722759999999998
-0.07377669999999999
-0.07876319999999999
-0.06375789999999999
-0.06464289999999999
-0.06305279999999999
-0.04861199999999999
-0.035702999999999985
-0.018588999999999994
-0.00016800000000000148
0.011550000000000005
0.015612000000000015
0.011340000000000017
0.0
0.0004910000000000192
0.017537999999999998
0.025067000000000006
0.071936
0.09136000000000002
0.10414399999999999
0.11109
0.10530400000000004
0.095776
0.09265100000000001
0.08085900000000001
0.07836900000000002
0.08438700000000002
0.08874200000000002
0.09404600000000002
0.116806
0.12718500000000002
0.150311
0.178515
0.17890000000000003
0.18713300000000002
0.20769
0.23303500000000002
0.237411
0.25351500000000005
0.267651
0.275
0.292187
0.309909
0.32412700000000005
0.328036
0.32445
0.338275
0.344604
0.37984000000000007
0.408297
0.440585
0.454925
0.4817100000000001
0.49179000000000006
0.484866
0.494174
0.502719
0.52048
0.5226740000000001
0.54006
0.5453
0.5497460000000001
0.567535
0.5777030000000001
0.606082
0.6311060000000001
0.64952
0.660022
0.659347
0.669149
0.6640590000000001
0.658068
0.653173
0.6649320000000001
0.686679
0.707843
0.72055
0.724493
0.735125
0.7391840000000001
0.750287
0.7560910000000001
0.7701870000000001
0.798486
0.8224210000000001
0.825497
0.833947
0.8453940000000001
0.8488390000000001
0.839871
0.8427790000000001
0.8604590000000001
0.8622190000000001
0.8932990000000001
0.910129
0.932699
0.9645790000000001
0.9990190000000001
1.027009
1.059409
1.091849
1.107839
1.130519
1.155729
1.178869
1.200349
1.211169
1.219329
1.2388890000000001
1.237349
1.241989
1.2565790000000001
1.266059
1.275269
1.2740390000000001
1.270729
1.266559
1.267149
1.273929
1.285299
1.305099
1.326869
1.359339
1.3917490000000001
1.420669
1.452999
1.487719
1.529179
1.529319
1.528469
1.521579
1.529489
1.5204790000000001
1.502539
1.504579
1.490999
1.483219
1.501449
1.499619
1.530279
1.557979
1.588779
1.616109
1.656499
1.679309
1.702769
1.734639
1.755139
1.778429
1.7905790000000001
1.8115890000000001
1.8101990000000001
1.793239
1.785269
1.779009
1.7907490000000001
1.813229
1.846999
1.8839990000000002
1.902879
1.9174790000000002
1.9315190000000002
1.9246690000000002
1.951759
1.9623089999999999
1.9715690000000001
2.005929
2.028489
2.038699
2.064699
2.079489
2.090179
2.092959
2.111609
2.123849
2.128419
2.1308890000000003
2.153659
2.153099
2.157619
2.180299
2.191649
2.198759
2.223029
2.246519
2.248919
2.231219
2.227299
2.229039
2.234019
2.236479
2.253209
2.274939
2.282789
2.306889
2.331719
2.357009
2.368239
2.367969
2.366259
2.384019
2.393009
2.402959
2.411959
2.416859
2.445109
2.456719
2.4768090000000003
2.496339
2.524419
2.540249
2.5609990000000002
2.581939
2.583799
2.5918390000000002
2.609379
2.629379
2.628729
2.649089
2.659769
2.682819
2.694589
2.699259
2.717639
2.727709
2.742999
2.747899
2.750469
2.754029
2.762679
2.768439
2.792249
2.800619
2.806869
2.830279
2.841679
2.841249
2.846229
2.857149
2.885009
2.8917990000000002
2.9071890000000002
2.944229
2.972349
3.011079
3.035089
3.054969
3.065739
3.056179
3.073599
3.0738090000000002
3.084019
3.091419
3.105699
3.117019
3.126789
3.144139
3.165339
3.177769
3.1725090000000002
3.182509
3.191309
3.2061290000000002
3.204529
3.221569
3.237489
3.240469
3.276099
3.3023190000000002
3.323399
3.337589
3.341719
3.363509
3.382419
3.395159
3.389129
3.394999
3.394659
3.4008190000000003
3.3924090000000002
3.396949
3.420169
3.4378990000000003
3.477449
3.501369
3.450179
3.510759
3.288459
3.464499
3.487239
3.496549
3.5046690000000003
3.496699
3.499339
3.519879
3.561939
3.584349
3.5829590000000002
3.617179
3.611149
3.6090590000000002
3.634609
3.634099
3.644549
3.698949
3.703619
3.682579
3.699269
3.715699
3.703199
3.725029
3.773119
3.793429
3.810789
3.814689
3.821459
3.825809
3.846029
3.8620889999999997
3.8561289999999997
3.834719
3.834079
3.827299
3.830879
3.851219
3.8832289999999996
3.9019990000000004
3.9174390000000003
3.930119
3.911469
3.9135190000000004
3.907059
3.884959
3.872749
3.8991089999999997
3.9143890000000003
3.948749
3.9804990000000005
3.9935389999999997
4.0012989999999995
4.0190589999999995
4.018699
4.015739
4.004568999999999
3.9965889999999997
3.993839
4.005349
3.9949689999999998
3.9963089999999997
4.003978999999999
4.003499
3.9998790000000004
3.994989
3.9996190000000005
4.011989
4.010738999999999
4.000379
4.007218999999999
4.036448999999999
4.0519289999999994
4.054339
4.064718999999999
4.058679
4.066579
4.071338999999999
4.044789
3.996089
3.977459
3.9820290000000003
4.004339
4.012398999999999
4.0021889999999996
4.023929
4.045579
4.100708999999999
3.555989
3.682749
4.691959
3.9558389999999997
4.211269
4.332948999999999
4.360129
4.391338999999999
4.406909
4.402219
4.385789
4.397169
4.417019
4.413049
4.4320889999999995
4.430419
4.453239
4.477658999999999
4.477818999999999
4.498119
4.516878999999999
4.5076789999999995
4.518559
4.535689
4.539518999999999
4.547098999999999
4.566209
4.589969
4.618818999999999
4.632769
4.665228999999999
4.695199
4.731719
4.750458999999999
4.761239
4.771649
4.776389
4.774228999999999
4.786028999999999
4.802219
4.825088999999999
4.841399
4.870149
4.892999
4.899659
4.9128989999999995
4.924719
4.923648999999999
4.949749
4.981989
4.9850389999999996
5.022379
5.0528189999999995
5.067539
5.069128999999999
5.086789
5.095918999999999
5.110429
5.1258989999999995
5.133668999999999
5.144648999999999
5.174249
5.186869
5.187529
5.195899
5.2172089999999995
5.2298789999999995
5.271058999999999
5.2769189999999995
5.307639
5.355979
5.368569
5.388548999999999
5.418958999999999
5.460408999999999
5.500108999999999
5.510579
5.530678999999999
5.561049
5.576759
5.593979
5.594789
5.614869
5.644379
5.641589
5.6540989999999995
5.666188999999999
5.691589
5.732298999999999
5.755979
5.775179
5.8102089999999995
5.827139
5.841709
5.845299
5.869819
5.8902589999999995
5.916689
5.945099
5.965509
6.007199
6.040298999999999
6.068409
6.076809
6.078328999999999
6.094468999999999
6.118549
6.134249
6.163348999999999
6.180929
6.213099
6.239179
6.266209
6.278319
6.279439
6.302689
6.315658999999999
6.3543389999999995
6.3933789999999995
6.431309
6.457198999999999
6.482018999999999
6.5202089999999995
6.533389
6.562499
6.575429
6.597518999999999
6.629999
6.646729
6.667789
6.6957189999999995
6.697928999999999
6.708368999999999
6.709459
6.731069
6.749789
6.7630289999999995
6.765749
6.769259
6.792179
6.805209
6.813848999999999
6.810168999999999
6.825108999999999
6.852278999999999
6.871308999999999
6.900739
6.898078999999999
6.922319
6.961138999999999
6.988129
7.016499
7.042948999999999
7.064099
7.081938999999999
7.096228999999999
7.0983089999999995
7.112889
7.1281289999999995
7.1510489999999995
7.164719
7.187348999999999
7.222068999999999
7.237379
7.263519
7.281769
7.309088999999999
7.3238389999999995
7.354589
7.367309
7.397138999999999
7.428209
7.446168999999999
7.465598999999999
7.499649
7.519139
7.531999
7.546908999999999
7.557509
7.582189
7.610599
7.638159
7.666258999999999
7.691649
7.716018999999999
7.733019
7.733708999999999
7.715089
7.7304189999999995
7.751048999999999
7.756639
7.786389
7.810159
7.845778999999999
7.872628999999999
7.893399
7.9103889999999994
7.918428999999999
7.937409
7.945158999999999
7.957548999999999
7.966829
7.990319
8.016799
8.041879
8.062119000000001
8.077309
8.104629000000001
8.130079
8.172869
8.183829000000001
8.191099000000001
8.203339
8.213309
8.222889
8.228349
8.242419
8.266489
8.284609
8.298949
8.309869
8.319529000000001
8.339299
8.355589
8.366289
8.389139
8.403129
8.416139000000001
8.422529
8.437739
8.471569
8.488119000000001
8.516489
8.542559
8.553699
8.565709
8.571489
8.572099
8.606479
8.632029000000001
8.664659
8.666979000000001
8.681169
8.690229
8.711799000000001
8.714299
8.721639
8.758499
8.797899000000001
8.834579
8.858869
8.867969
8.894759
8.926699000000001
8.934999000000001
8.957579
8.981069
9.002779
9.027969
9.044229
9.064529
9.093759
9.114529000000001
9.128119
9.136949000000001
9.140859
9.158039
9.182269
9.199449000000001
9.242509
9.260509
9.262679
9.290699
9.307029
9.313889
9.334529
9.374759000000001
9.396409
9.416329000000001
9.441719
9.457259
9.476139
9.483079
9.496869
9.510229
9.528119
9.539529
9.548949
9.554319000000001
9.562339
9.572099
9.572729
9.597899
9.605219
9.631969
9.650239000000001
9.649839
9.650769
9.653479
9.618009
9.609849
9.616439
9.583369000000001
9.527059000000001
9.675579
9.627479000000001
9.700979
9.732589
9.733069
9.755009000000001
9.746419000000001
9.786279
9.819549
9.801319000000001
9.824989
9.832559
9.877969
9.939869
9.939069
9.941169
9.969569
9.977969
9.951669
9.981869
10.000369000000001
10.008069
9.995469
9.998869000000001
10.009269
10.008469
10.023969000000001
10.012069
10.004669
9.989969
10.002469
9.998469
10.005169
9.994769
9.998569
9.999369
10.009869
10.017269
10.001169
9.997469
9.995869
10.005769
10.006969
10.009669
10.017369
10.013069
10.009469000000001
10.006369000000001
10.007269
10.013869
10.013969000000001
10.016169
10.011369
9.995569
10.010369
10.036869000000001
10.033969
10.035169
10.034869
10.018369
10.017769000000001
10.028369
10.029169000000001
10.043069000000001
10.078369
10.093969000000001
10.090069
10.096069
10.106669
10.119869000000001
10.136069
10.148369
10.160869
10.158669
10.156269
10.146369
10.163469000000001
10.110369
10.031169
10.054469000000001
10.124869
10.158069000000001
10.149669000000001
10.129969000000001
10.138969000000001
10.151169000000001
10.190069000000001
9.770729000000001
10.280869000000001
10.719069000000001
10.191769
10.348269
10.466469
10.482869
10.500969000000001
10.524869
10.556169
10.564069
10.588469
10.622569
10.619469
10.628369000000001
10.662569000000001
10.686269000000001
10.712969000000001
10.736269
10.772069
10.798869
10.822669000000001
10.834269
10.849969
10.883569
10.917269000000001
10.950869
10.972669
10.989669000000001
10.987669
11.006469000000001
11.024669000000001
11.047169
11.083069
11.101569000000001
11.146669000000001
11.172369
11.180669
11.205569
11.221169
11.253569
11.276969000000001
11.300169
11.323169
11.342269
11.368769
11.396469
11.439269000000001
11.477969
11.497569
11.506169
11.521069
11.554469000000001
11.606369
11.642969
11.691769
11.719769000000001
11.759369000000001
11.804769
11.836469000000001
11.869169000000001
11.910769
11.936969000000001
11.980169
12.027669000000001
12.071169000000001
12.124169
12.156869
12.184469
12.200269
12.206669
12.204069
12.210769
12.239269
12.277469
12.318369
12.354969
12.397569
12.419969
12.443369
12.478869000000001
12.486469
12.524369
12.569769
12.609169
12.611069
12.610569
12.621869
12.643169
12.668969
12.682969
12.717269
12.750769
12.771769
12.786669
12.802969000000001
12.824869
12.874269
12.918769000000001
12.945069
12.986069
13.009469000000001
13.038269
13.060169
13.095969
13.130869
13.164569
13.186169000000001
13.204069
13.224669
13.244969000000001
13.257169000000001
13.296369
13.321469
13.344369
13.379569
13.413969
13.447169
13.462469
13.512669
13.550269
13.553169
13.567569
13.571169000000001
13.583469000000001
13.602669
13.627769
13.670369
13.691969
13.722169000000001
13.749069
13.779869
13.798669
13.808369
13.837869000000001
13.884069
13.898269
13.908569
13.948869
13.979869
14.008069
14.031669
14.052569
14.067969
14.090469
14.103669
14.113969
14.110369
14.134769
14.154369
14.168169
14.197069
14.225569
14.269669
14.286369
14.326969
14.365469000000001
14.387469000000001
14.420169000000001
14.440569
14.457269
14.476769
14.499769
14.538769
14.555969000000001
14.566969
14.581869000000001
14.600169000000001
14.612069
14.617569000000001
14.617669000000001
14.633269
14.650969
14.660369000000001
14.681569
14.689269000000001
14.698769
14.712969000000001
14.729069
14.753169
14.784169
14.812769000000001
14.824169000000001
14.837469
14.873869000000001
14.901369
14.931269
14.943169000000001
14.963969
14.990369000000001
15.015169
15.047369
15.072269
15.101369
15.144469
15.165269
15.190669
15.183769
15.205369000000001
15.229169
15.255169
15.281469000000001
15.326769
15.347069000000001
15.377169
15.397669
15.422769
15.448169
15.459769
15.474769
15.497269000000001
15.520169000000001
15.535669
15.564069
15.593069
15.608269
15.636969
15.654869
15.669369
15.698469000000001
15.715869
15.732669000000001
15.738069000000001
15.744569
15.763569
15.769369000000001
15.772469000000001
15.794469000000001
15.824869
15.844769000000001
15.866368999999999
15.896669
15.899868999999999
15.913869000000002
15.939069
15.966968999999999
15.981569
16.009169
16.032769000000002
16.048269
16.080669
16.095969
16.119369
16.160769000000002
16.212269
16.240669
16.266869
16.300769
16.318169
16.352969
16.370569
16.395769
16.430969
16.444769
16.449069
16.451869000000002
16.453169
16.479069
16.487169
16.496369
16.523069
16.549869
16.561169
16.562769
16.581369000000002
16.590969
16.599669000000002
16.614069
16.634169
16.646469
16.661669
16.661269
16.658969
16.675969000000002
16.705969
16.731669
16.747269
16.771369
16.792569
16.806869
16.832269
16.850869
16.867369
16.885169
16.896369
16.911369
16.924469000000002
16.960969000000002
16.996769
17.011569
17.033869
17.029769
17.053569
17.061869
17.074469
17.098069
17.133469
17.154969
17.168169
17.190369
17.178769
17.202169
17.187369
16.963869
17.178069
17.113169
17.133869
17.117769
17.102569
17.114169
17.109369
17.161769
17.193469
17.168769
17.177969
17.137469
17.169869000000002
17.249569
17.266569
17.275269
17.312169
17.313169000000002
17.292469
17.354669
17.367769
17.364369
17.358969000000002
17.393769
17.422469
17.407969
17.396269
17.387169
17.395169
17.394369
17.391169
17.364469
17.359469
17.382769
17.400669
17.401269
17.398669
17.388869
17.378169
17.371669
17.370269
17.371569
17.362169
17.366069
17.362769
17.357969
17.355169
17.361869000000002
17.380769
17.379169
17.385169
17.368169
17.361369
17.357169
17.350869
17.342569
17.350469
17.334469000000002
17.327669
17.316169000000002
17.335969000000002
17.353369
17.367069
17.384469
17.417769
17.415869
17.405469
17.379869
17.380069
17.387769000000002
17.405269
17.425169
17.442969
17.458469
17.464169000000002
17.465569000000002
17.491369
17.413669
17.309869
17.350769
17.411169
17.424069
17.411769
17.410369
17.413069
17.420069
17.449369
16.996669
17.338969
18.041869000000002
17.616369
17.799769
17.875669000000002
17.894869
17.899969000000002
17.911469
17.911269
17.929769
17.955469
17.975969
18.002269000000002
18.012169
18.046369000000002
18.079569
18.109069
18.145869
18.179869
18.219569
18.275569
18.300169
18.323769000000002
18.337269
18.343769
18.382469
18.456169
18.477669
18.492369
18.509669
18.526869
18.565069
18.596569
18.631069
18.661769
18.711569
18.737969
18.758369000000002
18.811069
18.844969
18.879269
18.917169
18.923969
18.933169
18.940569
18.954969000000002
18.988969
19.022069000000002
19.066569
19.094869
19.116169
19.137269
19.155669
19.186369
19.207569
19.218569000000002
19.251469
19.283469
19.311369
19.351269000000002
19.376769
19.405869
19.451469
19.482969
19.503969
19.527069
19.544069
19.569569
19.597269
19.629969
19.658769
19.679569
19.698069
19.713569
19.740169
19.789369
19.814369
19.835669
19.872069
19.894669
19.906869
19.927569000000002
19.954569
19.984869
20.020169
20.042569
20.069769
20.101569
20.134669
20.162269000000002
20.176969
20.195269
20.216269
20.216969
20.243169
20.270069
20.293669
20.308569000000002
20.338069
20.350169
20.369669000000002
20.384769000000002
20.405869
20.418869
20.428869
20.439469
20.449069
20.469269
20.491169
20.531769
20.548069
20.561469
20.592669
20.621369
20.633069
20.631269
20.658269
20.685369
20.696169
20.715569000000002
20.736169
20.760869
20.791469
20.797669
20.823769000000002
20.853069
20.870369
20.892869
20.915569
20.945369
20.970469
20.993369
21.018969000000002
21.056469
21.070469
21.088769
21.121569
21.119569000000002
21.112469
21.119469
21.126269
21.157569
21.183069
21.214769
21.250069
21.284369
21.287969
21.287469
21.284169000000002
21.305069
21.336169
21.363869
21.384569
21.405669
21.423069
21.432469
21.440569
21.447269000000002
21.467269
21.480469
21.502669
21.518969000000002
21.533769
21.534169000000002
21.529769
21.545069
21.554469
21.575569
21.589069000000002
21.622569000000002
21.653669
21.663569
21.672969000000002
21.677369
21.695269
21.708669
21.695469
21.694969
21.711169
21.718569000000002
21.729269000000002
21.757069
21.781669
21.795769
21.826769
21.847469
21.872969
21.910169
21.924069
21.922869000000002
21.909869
21.933969
21.945369
21.939269
21.947069
21.961769
21.972569
21.988269
22.001769
22.017369000000002
22.051969
22.086769
22.117069
22.137569
22.143069
22.157069
22.174269
22.179569
22.177969
22.184369
22.200969
22.219969
22.231669
22.256069
22.271669
22.282069
22.305569000000002
22.328769
22.355269
22.368169
22.377369
22.391669
22.409969
22.391169
22.406269
22.420169
22.442069
22.446369
22.443969
22.452969
22.467569
22.490469
22.498869
22.507969
22.519969
22.531169000000002
22.533669
22.542469
22.560369
22.573069
22.606369
22.635569
22.650569
22.652369
22.655469
22.669169
22.678169
22.675769
22.697069
22.714669
22.737369
22.748869
22.739069
22.777369
22.788569
22.787269000000002
22.795769
22.806069
22.807769
22.818769
22.823069
22.849869
22.863069
22.869369
22.877769
22.890869000000002
22.906169000000002
22.917769
22.935169000000002
22.953969
22.973469
22.989869
23.005069
23.022369
23.023269
23.030469
23.032069
23.033669
23.036169
23.036169
23.024769
23.015269
23.039569
23.065669
23.080269
23.119369
23.127369
23.142369000000002
23.130269000000002
23.128769000000002
23.124769
23.132769
23.152569
23.157969
23.176769
23.201169
23.227369
23.231669
23.252169000000002
23.259869000000002
23.279169
23.120169
22.923769
23.224569
23.205269
23.214069000000002
23.177669
23.167369
23.185569
23.164869
23.218769
23.255569
23.241969
23.258569
23.256069
23.225969
23.245369
23.262869000000002
23.314869
23.336269
23.296869
23.348269000000002
23.437869
23.378069
23.331269
23.348369
23.367269
23.390969000000002
23.393769
23.391869
23.386969
23.369569000000002
23.356469
23.365469
23.371569
23.379169
23.378369
23.364769
23.331269
23.344969
23.337169
23.339969
23.352569
23.372669000000002
23.376769
23.372569000000002
23.371769
23.379869
23.372469
23.338669
23.316169000000002
23.315469
23.307169000000002
23.313569
23.324369
23.337069
23.342369
23.339669
23.334569000000002
23.342669
23.344569
23.346469
23.339069000000002
23.340569000000002
23.334569000000002
23.323469
23.319969
23.314169
23.271769
23.255769
23.240469
23.228069
23.227269
23.243269
23.249069000000002
23.245669
23.240769
23.229269000000002
23.220269000000002
23.247369
24.997969
25.386769
24.219869
23.406469
23.148169
23.060769
22.960469
22.938169000000002
22.450069
20.289369
21.117869
22.828269
23.116669
23.158069
23.177769
23.175869
23.188869
23.209969
23.026369
23.545069
23.041269
23.590269
23.359769
23.490969
23.511669
23.517069
23.525769
23.522669
23.527469
23.528669
23.534969
23.550469
23.565269
23.592369
23.605269
23.629069
23.642369000000002
23.654269
23.666069
23.673169
23.685069000000002
23.705669
23.713769
23.731469
23.743069000000002
23.757469
23.763469
23.780469
23.802969
23.825769
23.838869
23.862769
23.873469
23.887969000000002
23.911469
23.926769
23.947869
23.975369
23.983969000000002
24.014869
24.013269
24.040869
24.068769
24.093469
24.105469
24.127569
24.119069
24.104669
24.103569
24.121069000000002
24.115669
24.133269000000002
24.185369
24.230869000000002
24.251969
24.264169
24.278069000000002
24.304269
24.333269
24.347569
24.354469
24.365769
24.364269
24.353769
24.368669
24.374469
24.391469
24.409869
24.434869
24.445269
24.476869
24.488769
24.520069
24.543769
24.558869
24.581269
24.581169
24.596669000000002
24.605969
24.609769
24.626569
24.647069000000002
24.664869
24.676769
24.683669000000002
24.701369
24.703969
24.703269
24.717769
24.726969
24.722569
24.723669
24.739869
24.761969
24.777569
24.789969
24.791169
24.799469000000002
24.816469
24.823669
24.815669
24.812669
24.827369
24.853169
24.863869
24.886869
24.908069
24.926669
24.924669
24.925169
24.946769
24.945169
24.951169
24.950669
24.978469
24.977469
24.972569
24.963769
24.968569000000002
24.997269
25.000469
25.005869
25.012869000000002
25.025969
25.016769
25.004269
25.012669
25.040369000000002
25.034469
25.052869
25.068869
25.096669000000002
25.095469
25.097669
25.082769
25.072969
25.069869
25.077569
25.081269
25.094369
25.109369
25.117869
25.131869000000002
25.151269
25.161169
25.169469
25.180169
25.201969000000002
25.212069
25.215069
25.228769
25.251169
25.276269
25.283069
25.281569
25.303969000000002
25.315469
25.339469
25.342069000000002
25.352169
25.359769
25.347469
25.356469
25.358469
25.356669
25.378569
25.403669
25.416769000000002
25.431569
25.444069
25.437469
25.440269
25.436769
25.436069
25.453069
25.448269
25.452069
25.460169
25.469569
25.484769
25.500269
25.515169
25.540169
25.555869
25.575069
25.599069
25.600069
25.604769
25.616669
25.620969
25.622269
25.624469
25.631069
25.646669
25.629069
25.631269
25.634569
25.640269
25.664669
25.680969
25.689069
25.704369
25.711769
25.725869
25.738269
25.743269
25.738769
25.754669
25.762869000000002
25.766469
25.783069
25.769369
25.768369
25.780469
25.782669000000002
25.790469
25.778369
25.796769
25.788369
25.776369
25.799269
25.826369
25.841469
25.847069
25.856069
25.868069000000002
25.858969000000002
25.851669
25.850369
25.858569
25.849369
25.864269
25.879369
25.889269
25.897969
25.902469
25.934069
25.940369
25.963469
25.989569
26.018169
26.036769
26.039169
26.030569
26.019269
26.005169000000002
25.990969
25.997669000000002
25.999769
26.020769
26.033869
26.031469
26.045769
26.063269000000002
26.068269
26.068169
26.060069000000002
26.052969
26.050369
26.029969
26.033969
26.032169
26.035369
26.052969
26.073669
26.087669
26.103869
26.128369
26.159869
26.169569
26.185769
26.193969
26.200469000000002
26.219369
26.215969
26.218269
26.218669000000002
26.210169
26.212969
26.205669
26.202069
26.194769
26.190669
26.201369
26.212069
26.227069
26.248869
26.261569
26.278869
26.296569
26.284769
26.282469
26.289669
26.291269
26.291669
26.303669
26.314169
26.329769
26.325769
26.254969
26.572069
26.019169
26.013069
26.244769
26.294969000000002
26.311069
26.305069
26.298269
26.307169000000002
26.296769
26.302469000000002
26.306469
26.291169
26.297669
26.296469000000002
26.301569
26.291969
26.292669
26.298569
26.328569
26.320969
26.340269
26.334569000000002
26.316769
26.317969
26.304769
26.290669
26.278069000000002
26.266169
26.273669
26.262769000000002
26.251269
26.244569000000002
26.242869
26.248769
26.254669
26.257769
26.268369
26.260169
26.265869000000002
26.271669
26.261969
26.247069
26.249869
26.242869
26.227969
26.196269
26.183869
26.145869
26.127869
26.127369
26.118569
26.124869
26.131969
26.136569
26.136569
26.138269
26.135569
26.142069
26.129269
26.123469
26.120269
26.111669
26.111469
26.110769
26.108569
26.113369
26.112169
26.097569
26.101969
26.088869
26.089169000000002
26.083269
26.077769
26.057469
26.049969
26.038569
26.051069000000002
26.033969
26.029869
26.028569
26.021669
26.000869
25.995969
25.990969
25.994969
25.970369
25.967569
25.962769
25.953569
25.934369
25.926969
25.925969000000002
25.917769
25.919569
25.934269
25.929969
25.931569
25.927569000000002
25.925269
25.917969
25.918669
25.906669
25.898269
25.888469
25.882069
25.888169
25.880369
25.878069
25.878769000000002
25.881469
25.868169
25.865469
25.861969000000002
25.856769
25.845269000000002
25.840869
25.836769
25.825869
25.815169
25.795569
25.810469
25.814269
25.805069
25.803969000000002
25.801369
25.793869
25.779169
25.775669
25.788069
25.804669
25.802969
25.797169
25.776569000000002
25.760769
25.749269
25.728369
25.690169
25.679369
25.686569000000002
25.691469
25.687669
25.682069000000002
25.709869
25.720869
25.717269
25.705569
25.696469
25.691669
25.688969
25.683369
25.683469
25.671869
25.671469000000002
25.678669
25.661169
25.629069
25.612869
25.617669
25.600669
25.599869
25.600269
25.607369000000002
25.597269
25.597469
25.605169
25.612869
25.625869
25.618069000000002
25.608269
25.603369
25.583869
25.560369
25.547869000000002
25.555869
25.543169
25.562369
25.564269
25.553869
25.540469
25.535369
25.527969
25.518169
25.513569
25.524469
25.533869
25.554969
25.548869
25.548069
25.539869
25.524969000000002
25.511969
25.490469
25.497669000000002
25.517269
25.519169
25.536869
25.543569
25.524369
25.503769000000002
25.492369
25.469369
25.432069000000002
25.416169
25.404569000000002
25.419469
25.411269
25.418869
25.429169
25.418869
25.425469
25.412869
25.416869000000002
25.404069
25.400269
25.402769
25.396869
25.383469
25.358869000000002
25.359569
25.367069
25.365369
25.357669
25.357869
25.375469
25.367069
25.367069
25.364869
25.377169000000002
25.382869
25.373269
25.357869
25.344669
25.336269
25.308769
25.301269
25.293569
25.286969
25.298269
25.299269
25.297069
25.294769
25.288869000000002
25.279169
25.270569000000002
25.238069
25.224669000000002
25.211969
25.187469
25.169069
25.175569
25.172669
25.178369
25.193069
25.204569
25.201669
25.182769
25.179369
25.172069
25.166269
25.148169
25.145669
25.146669
25.146669
25.137769000000002
25.135369
25.131669000000002
25.147869
25.157469
25.181669
25.187169
25.196369
25.203769
25.190669
25.183669000000002
25.183069
25.191769
25.187069
25.189369
25.174969
25.174069
25.160969
25.147269
25.144769
25.124869
25.122269
25.105669
25.111969000000002
25.120569
25.111369
25.126669
25.124269
25.121369
25.110669
25.092569
25.078969
25.062769
25.055669
25.057669
25.039569
25.026969
25.032469
25.016369
24.998869
25.004169
25.019169
25.016769
25.010969
25.028569
25.033669
25.006869000000002
24.990669
25.003169
25.011369000000002
25.007969
25.008769
25.018269
25.015869000000002
25.011969
24.992069
25.000269
25.006069
25.008469
25.019769
25.024569
25.031169000000002
25.017769
24.992969000000002
24.996269
24.982269
24.966069
24.962169
24.964869
24.972769
24.975269
24.969369
24.984369
24.981769
24.969969
24.948069
24.952369
24.970369
24.966069
24.974269
24.968369
24.962369
24.941769
24.912569
24.903869
24.886569
24.884869000000002
24.879869
24.869569000000002
24.877169000000002
24.870669
24.855669
24.849169
24.839969
24.841969
24.840969
24.840669000000002
24.826269
24.825769
24.835569
24.824869
24.825469000000002
24.820169
24.831069
24.834269
24.843769
24.853169
24.830569
24.816969
24.815069
24.810169000000002
24.822569
24.827169
24.832269
24.818169
24.804169
24.810169000000002
24.797769
24.785569
24.762469
24.766469
24.758569
24.752369
24.749969
24.759369
24.745569
24.749269
24.736169
24.725569
24.718369
24.710269
24.715769
24.708169
24.707269
24.711169
24.711169
24.717769
24.717369
24.715869
24.720269000000002
24.711569
24.696969
24.687469
24.690669
24.675969000000002
24.662969
24.651569000000002
24.656469
24.650669
24.656469
24.651669000000002
24.641769
24.636969
24.640869000000002
24.651669000000002
24.651569000000002
24.669369
24.661569
24.667469
24.672069
24.657169
24.640069
24.629169
24.621569
24.611169
24.596469
24.593969
24.612869
24.624269
24.628469
24.622369
24.619369
24.608069
24.596569
24.576969000000002
24.566269000000002
24.555869
24.545769
24.549069
24.555669
24.554969
24.545169
24.536869
24.531269
24.515469
24.505669
24.504169
24.508469
24.524869
24.528969
24.541069
24.538369
24.541669
24.541669
24.525269
24.504769
24.478369
24.459569000000002
24.452069
24.448869000000002
24.443969
24.429169
24.424369000000002
24.426669
24.421669
24.414869
24.427369
24.433869
24.434869
24.421069
24.413669
24.412769
24.412369
24.423969
24.416269
24.419569
24.410469
24.415669
24.421169
24.402469
24.405569
24.389469000000002
24.387569
24.368969
24.368069000000002
24.378169
24.386969
24.378169
24.368369
24.375669000000002
24.367469
24.357669
24.355269
24.337769
24.335769
24.346769000000002
24.332269
24.322069
24.298969
24.294769
24.278269
24.273269
24.261569
24.274069
24.275669
24.287769
24.298369
24.301369
24.292969
24.286969
24.277969
24.279169
24.277269
24.260269
24.254569
24.245369
24.240469
24.249969
24.253569
24.260069
24.269969
24.272069000000002
24.258069
24.247469
24.235669
24.236569
24.229769
24.225769
24.224669000000002
24.217069000000002
24.212069
24.199069
24.196569
24.198369
24.196669
24.195569
24.195569
24.185769
24.193969
24.185769
24.194769
24.189269
24.174769
24.184269
24.176069000000002
24.180169
24.186169
24.182669
24.175069
24.151769
24.131669000000002
24.108169
24.084269
24.068469
24.061669000000002
24.068969
24.082269
24.109069
24.127169000000002
24.145769
24.144369
24.154969
24.139769
24.110769
24.115469
24.095569
24.086969
24.067369
24.080269
24.086769
24.080269
24.077769
24.088269
24.099669000000002
24.087069
24.076369
24.064869
24.045869
24.016669
24.024869
24.028569
24.022369
24.032269
24.028869
24.035069
24.028069000000002
24.013169
24.025969
24.011569
23.999569
23.966569
23.955669
23.949869
23.932469
23.917169
23.908069
23.914669
23.920169
23.909769
23.917669
23.927769
23.946969
23.956869
23.943769
23.938269000000002
23.923669
23.904169
23.896669
23.895169
23.886969
23.895169
23.887969000000002
23.872269
23.877569
23.872869
23.864669
23.856069
23.859969
23.865469
23.857269
23.857269
23.855669
23.859669
23.876069
23.871269
23.890069
23.893169
23.891469
23.874469
23.866369
23.878469
23.883469
23.870369
23.877569
23.866269
23.857669
23.842469
23.820169
23.800369
23.787969
23.787369
23.785969
23.784469
23.782069
23.784569
23.784369
23.767069
23.748469
23.741369
23.748669
23.754969
23.766869
23.785369
23.781469
23.780569
23.784769
23.785369
23.777569
23.770369
23.768169
23.755069
23.763969
23.752169000000002
23.736469
23.733969000000002
23.726069
23.733569
23.732869
23.731969
23.750269
23.761969
23.756069
23.763869
23.761369000000002
23.762369
23.756469
23.751669
23.739569
23.720969
23.714169000000002
23.702069
23.683469
23.647569
23.636569
23.630669
23.632469
23.635569
23.643169
23.644769
23.642369000000002
23.631069
23.625869
23.632669
23.626169
23.621969
23.612469
23.599869
23.604169
23.605669
23.601369000000002
23.622669000000002
23.629169
23.645569000000002
23.645369
23.650969
23.653169000000002
23.649469
23.635969
23.621969
23.614869
23.611369
23.583969
23.573269
23.563869
23.566269000000002
23.554969
23.552969
23.561569000000002
23.558469
23.573769000000002
23.574869
23.564269
23.552969
23.527569
23.513869
23.499869
23.482269
23.498669
23.509369
23.506669000000002
23.497869
23.490469
23.492469
23.479369000000002
23.462469000000002
23.478369
23.499469
23.500469
23.489869
23.474869
23.470569
23.449269
23.438269000000002
23.419369
23.420069
23.406069000000002
23.398669
23.416069
23.423169
23.416269
23.421169
23.421469000000002
23.405169
23.386369000000002
23.390269
23.387569
23.378769000000002
23.385969
23.391769
23.403869
23.401769
23.380069
23.360169
23.362469
23.365869
23.365469
23.373669
23.379469
23.376369
23.392269
23.366369
23.367169
23.360669
23.342069000000002
23.336169
23.324769
23.347969
23.357269
23.355669
23.370969
23.365369
23.370969
23.363469000000002
23.354669
23.344569
23.330269
23.322069
23.307069000000002
23.293769
23.282069
23.280469
23.275669
23.266469
23.276569000000002
23.277269
23.254669
23.243869
23.245969
23.241969
23.243469
23.256669000000002
23.259969
23.258669
23.247269
23.238369
23.213669
23.194769
23.163669
23.161369
23.142369000000002
23.144769
23.146369
23.164669
23.192969
23.204969000000002
23.211669
23.208269
23.205569
23.199969
23.184769
23.177969
23.185769
23.199869
23.202469
23.198869000000002
23.205969
23.199569
23.201569
23.184969
23.176969
23.158669
23.145969
23.134569
23.110769
23.102769000000002
23.115869
23.120669
23.133469
23.144769
23.149069
23.146669
23.135969
23.125869
23.115669
23.094569
23.084469000000002
23.089969
23.096969
23.091669
23.088169
23.089869
23.090069
23.088469
23.090669000000002
23.090069
23.102769000000002
23.099469
23.107069
23.103769
23.106069
23.094769
23.086169
23.073169
23.062669
23.053969000000002
23.049869
23.043869
23.046469000000002
23.035969
23.030569
23.027769
23.028069000000002
23.038669
23.044169
23.049869
23.056869
23.052069
23.049969
23.027569
22.994769
22.974969
22.955669
22.954369
22.952069
22.936269
22.956369000000002
22.943669
22.930569000000002
22.924369000000002
22.913369
22.931669
22.936369
22.929169
22.939669000000002
22.955369
22.948169
22.973569
