-1.52258
-1.15024
-0.940399
-0.876892
-0.823364
-0.715149
-1.12885
-0.818298
-0.40976
-0.899841
-0.0614929
-0.753357
0.0431213
-0.862427
-0.344543
-0.624756
-0.430634
0.320923
0.0686035
0
-0.716644
-0.393066
-0.729462
-0.894287
-1.11954
-1.09601
-1.16446
-1.9964
-2.39999
-12.4917
11.5114
19.4122
27.0219
31.2683
33.3598
34.4087
35.0673
35.4969
35.8255
36.1048
36.3665
36.6462
36.9235
37.1931
37.4301
37.6232
37.8309
38.0084
38.1869
38.3259
38.4564
38.6591
38.9091
39.1146
39.3063
39.4775
39.6576
39.8275
39.9861
40.1529
40.3291
40.5053
40.6544
40.7733
40.8106
40.7876
40.8799
41.1997
41.4573
41.5646
41.6279
41.679
41.7193
41.7783
41.8192
41.8419
41.9106
41.3845
40.0289
39.4487
39.2279
39.6582
40.8771
40.6329
42.6309
43.4013
43.3712
43.3486
43.3127
43.2897
43.2771
43.2298
43.1912
43.1473
43.0902
43.0309
42.9724
42.9039
42.8348
42.773
42.6946
42.6133
42.5247
42.4547
42.3845
42.3008
42.2618
42.2144
42.1817
42.1231
42.084
42.0544
42.0001
41.9496
41.8958
41.8845
41.8418
41.8106
41.7927
41.7617
41.7239
41.6832
41.6239
41.5914
41.5684
41.5606
41.5277
41.5278
41.5134
41.502
41.4902
41.5098
41.5114
41.5118
41.5313
41.5212
41.541
41.5247
41.5333
41.541
41.5427
41.554
41.5527
41.5817
41.5934
41.6227
41.6755
41.7309
41.8418
41.5016
9.53125
4.72586
4.40399
4.3125
4.27118
4.24384
4.23087
4.22897
4.23053
4.25046
4.27155
4.28165
4.26492
4.26172
4.26141
4.27313
4.29929
4.33047
4.35983
4.40045
4.4317
4.44147
4.45313
4.46259
4.46094
4.45905
4.46295
4.4743
4.48868
4.49188
4.4985
4.49188
4.5004
4.50006
4.4903
4.48047
4.4903
4.5036
4.50983
4.51016
4.50983
4.53131
4.52313
4.54764
4.53094
4.52936
4.52155
4.53983
4.5278
4.53757
4.55554
4.56882
4.54929
4.55945
4.54303
4.55124
4.54141
4.53131
4.561
4.64734
4.78952
4.93991
5.08054
5.12936
5.01172
4.89069
4.55243
4.08679
0.520294
1.1524
-2.29056
-0.172974
5.65866
6.25867
0.53952
1.04733
1.03131
0.773438
1.41998
-0.117493
-0.0226746
-0.0307922
-0.0698547
-0.790558
-3.62064
-6.06635
-7.10892
-5.7218
-1.17102
7.28787
4.75867
-7.30188
-5.93274
-4.02924
-2.93939
-1.00931
1.09811
2.15866
2.68015
3.00671
3.2196
3.52029
3.31882
3.8989
4.44772
4.03952
4.11804
5.21765
4.92703
4.64578
4.90866
4.88757
5.15906
5.37936
5.50201
5.50671
5.42859
5.26843
5.13913
5.00858
4.88913
4.79578
4.66647
4.54108
4.35828
4.20633
4.22742
4.49695
4.07547
3.44501
-5.74133
-239.482
-223.064
-212.661
-212.07
-215.047
-218.65
-221.988
-224.679
-226.892
-228.662
-229.732
-230.38
-230.781
-230.802
-230.632
-230.333
-229.934
-229.41
-228.751
-228.053
-227.193
-226.323
-225.48
-224.591
-223.681
-222.671
-221.621
-220.55
-219.472
-218.382
-217.163
-215.962
-214.753
-213.521
-212.331
-211.091
-209.802
-208.651
-207.385
-206.083
-204.792
-203.571
-202.284
-200.97
-199.71
-198.451
-197.134
-195.851
-194.601
-193.294
-192.014
-190.792
-189.549
-188.302
-186.991
-185.701
-184.46
-183.18
-181.931
-180.661
-179.362
-178.101
-176.892
-175.594
-174.344
-173.071
-171.825
-170.575
-169.344
-168.126
-166.894
-165.694
-164.415
-163.185
-161.972
-160.751
-159.534
-158.343
-157.163
-155.964
-154.812
-153.624
-152.464
-151.243
-150.064
-148.905
-147.733
-146.573
-145.413
-144.274
-143.104
-141.941
-140.781
-139.651
-138.55
-137.451
-136.279
-135.168
-134.081
-132.964
-131.892
-130.782
-129.753
-128.611
-127.557
-126.155
-124.444
-123.35
-122.36
-121.385
-120.52
-119.498
-119.224
-118.132
-116.844
-115.664
-114.369
-113.566
-112.488
-111.075
-109.88
-108.636
-108.861
-106.71
-105.766
-104.417
-104.672
-102.497
-101.786
-100.314
-99.2999
-98.3131
-97.3116
-96.3163
-95.2772
-94.2775
-93.321
-92.3608
-91.3999
-90.4588
-89.5406
-88.6108
-87.6498
-86.6515
-85.7022
-84.7511
-83.8412
-82.8788
-81.9273
-80.9878
-80.0502
-79.1596
-78.2233
-77.303
-76.4014
-75.4604
-74.5812
-73.701
-72.8179
-71.9194
-71.0206
-70.1205
-69.2495
-68.323
-67.4424
-66.5749
-65.6545
-64.7362
-63.8373
-63.0108
-62.1921
-61.4097
-60.5976
-59.5067
-58.4692
-57.5991
-56.746
-55.9358
-55.0812
-54.2479
-53.4339
-52.5956
-51.8425
-51.0025
-50.0081
-49.0869
-48.3018
-47.5206
-46.7561
-45.9687
-45.2151
-44.3444
-44.6599
-44.5062
-41.2918
-39.9051
-39.2285
-38.4177
-37.6756
-36.9045
-36.1432
-35.4261
-34.671
-33.9589
-33.2137
-32.5293
-31.8008
-31.1094
-30.4199
-29.6797
-29.0016
-28.3628
-27.6484
-26.9672
-26.2649
-25.5964
-24.8953
-24.1945
-23.5129
-22.8758
-22.2027
-21.5129
-20.8367
-20.173
-19.5422
-18.8625
-18.191
-17.5636
-16.8645
-16.2043
-15.5312
-14.8938
-14.2125
-13.575
-12.8445
-12.2055
-11.5456
-10.8757
-10.2758
-9.65195
-8.99524
-8.35431
-7.6843
-7.02579
-6.33664
-5.66641
-5.04572
-4.41516
-3.78555
-3.13391
-2.49649
-1.87219
-1.24298
-0.643677
8.58E-03
0.583588
1.28601
1.88437
2.41492
3.01523
3.69305
4.31406
4.93951
5.56415
6.21133
6.7829
7.35477
7.91562
8.54773
9.14413
9.75507
10.3434
10.9169
11.484
12.1243
12.7324
13.3337
13.9219
14.4742
15.0622
15.6637
16.2552
16.8418
17.4348
18.0333
18.6328
19.2126
19.7845
20.3453
20.8957
21.4169
21.9805
22.5328
23.0837
23.6441
24.2141
24.7652
25.304
25.8516
26.4216
26.963
27.5626
28.1216
28.6816
29.2224
29.7325
30.3094
30.8809
31.4216
31.9336
32.461
33.0215
33.5657
34.0981
34.5934
35.154
35.6723
36.1813
36.711
37.2484
37.7696
38.2993
38.8907
39.3712
39.8188
40.3513
40.9005
41.4317
41.9121
42.4415
42.961
43.4399
43.9578
44.4493
44.9692
45.4692
45.9352
46.4254
46.9348
47.4023
47.8513
48.3419
48.8617
49.3368
49.8481
50.3516
50.8712
51.3305
51.8126
52.3227
52.8501
53.2911
53.7325
54.2602
54.7208
55.1505
55.6212
56.102
56.541
57.0294
57.4903
57.9219
58.3988
58.8497
59.2993
59.752
60.2309
60.6735
61.1309
61.6001
62.0805
62.5294
62.979
63.4477
63.8891
64.3501
64.852
65.3208
65.7523
66.1915
66.6411
67.0606
67.5199
67.9575
68.4071
68.8481
69.2583
69.6407
70.0688
70.5067
70.9398
71.368
71.7977
72.2274
72.6196
73.0591
73.4985
73.9677
74.3989
74.8008
75.2192
75.6293
76.0606
76.4528
76.8438
77.2801
77.6704
78.0821
78.5559
78.9266
79.327
79.7407
80.1411
80.5755
80.9887
81.3712
81.7719
82.1688
82.5691
82.9415
83.4008
83.8223
84.1899
84.5528
84.9597
85.3368
85.6997
86.1001
86.5165
86.9282
87.3169
87.688
88.0805
88.4446
88.7993
89.1786
89.5903
89.9969
90.3778
90.7489
91.118
91.518
91.8794
92.2407
92.6231
93.0106
93.3993
93.7802
94.177
94.554
94.9216
95.304
95.6942
96.0653
96.4462
96.8348
97.188
97.5391
97.8856
98.2485
98.6489
99.0005
99.3485
99.7192
100.079
100.417
100.737
101.116
101.46
101.788
102.149
102.528
102.89
103.21
103.549
103.938
104.276
104.628
104.966
105.306
105.695
106.066
106.437
106.798
107.13
107.479
107.84
108.139
108.448
108.798
109.159
109.5
109.85
110.101
110.55
110.85
111.364
112.357
112.684
112.901
113.079
113.276
113.608
113.251
113.582
114.129
114.558
115.223
115.062
115.633
116.252
116.657
117.145
116.166
117.622
117.941
118.732
117.751
119.201
119.199
120.08
120.471
120.765
121.104
121.432
121.746
122.058
122.397
122.679
122.951
123.251
123.579
123.909
124.208
124.529
124.83
125.161
125.483
125.811
126.131
126.45
126.759
127.115
127.438
127.739
128.029
128.396
128.721
129.032
129.331
129.63
129.92
130.249
130.569
130.908
131.221
131.554
131.888
132.174
132.481
132.765
133.057
133.26
133.468
134.01
134.527
134.849
135.14
135.433
135.725
136.012
136.297
136.612
136.863
137.223
137.724
138.055
138.336
138.588
138.872
139.123
139.383
139.708
138.794
138.366
141.672
142.307
142.536
142.795
143.069
143.368
143.622
143.865
144.145
144.402
144.626
144.82
145.052
145.283
145.518
145.709
145.922
146.129
146.379
146.636
146.897
147.118
147.327
147.546
147.778
147.987
148.186
148.397
148.637
148.868
149.08
149.277
149.503
149.745
150.002
150.235
150.435
150.645
150.878
151.095
151.306
151.545
151.78
152.009
152.224
152.458
152.696
152.954
153.193
153.384
153.585
153.806
154.046
154.266
154.456
154.704
154.946
155.195
155.405
155.626
155.828
156.044
156.275
156.524
156.725
156.941
157.191
157.443
157.662
157.863
158.074
158.285
158.507
158.728
158.986
159.244
159.454
159.655
159.874
160.108
160.324
160.534
160.76
161.01
161.219
161.453
161.711
161.952
162.193
162.423
162.644
162.852
163.072
163.283
163.503
163.705
163.933
164.16
164.391
164.615
164.835
165.063
165.276
165.502
165.711
165.94
166.18
166.393
166.6
166.791
167.005
167.231
167.44
167.629
167.899
168.131
168.35
168.534
168.76
168.97
169.162
169.361
169.57
169.812
170.031
170.221
170.394
170.592
170.801
171.022
171.231
171.451
171.651
171.861
172.063
172.271
172.481
172.731
172.922
173.112
173.319
173.526
173.729
173.961
174.19
174.384
174.572
174.77
174.951
175.141
175.358
175.588
175.804
176.009
176.211
176.45
176.667
176.872
177.072
177.291
177.499
177.68
177.873
178.063
178.272
178.443
178.623
178.832
179.039
179.249
179.459
179.651
179.849
180.018
180.231
180.44
180.659
180.84
181.041
181.262
181.482
181.69
181.861
182.08
182.307
182.489
182.668
182.852
183.04
183.229
183.413
183.581
183.79
183.992
184.19
184.361
184.548
184.749
184.951
185.161
185.329
185.51
185.69
185.899
186.108
186.297
186.49
186.688
186.873
187.071
187.239
187.42
187.61
187.78
187.979
188.186
188.389
188.569
188.788
188.958
189.159
189.348
189.508
189.691
189.888
190.072
190.241
190.401
190.588
190.768
190.94
191.14
191.319
191.52
191.711
191.899
192.082
192.249
192.43
192.592
192.778
192.987
193.159
193.339
193.536
193.725
193.927
194.09
194.26
194.417
194.549
194.698
194.886
195.059
195.257
195.436
195.618
195.829
196.01
196.159
196.337
196.518
196.698
196.897
197.067
197.229
197.396
197.567
197.719
197.889
198.057
198.25
198.446
198.618
198.794
198.945
199.116
199.266
199.448
199.599
199.749
199.947
200.116
200.286
200.448
200.618
200.798
200.968
201.179
201.368
201.546
201.716
201.856
202.018
202.196
202.347
202.479
202.631
202.807
202.805
203.086
203.308
203.768
204.468
204.651
204.712
204.715
204.728
204.803
203.95
204.408
204.825
204.991
205.643
205.3
205.701
206.225
206.568
206.862
205.732
206.966
207.048
207.684
206.618
207.781
207.649
208.418
208.654
208.811
208.983
209.123
209.275
209.479
209.661
209.819
209.971
210.12
210.292
210.445
210.626
210.806
211.001
211.172
211.334
211.502
211.664
211.841
211.997
212.147
212.307
212.499
212.669
212.819
212.989
213.158
213.335
213.505
213.667
213.839
214.017
214.198
214.398
214.615
214.834
215.006
215.179
215.34
215.458
215.541
215.646
216.061
216.426
216.609
216.762
216.924
217.079
217.215
217.352
217.5
217.644
217.8
218.275
218.456
218.588
218.729
218.853
218.982
219.121
219.312
218.327
217.88
220.59
221.275
221.32
221.493
221.644
221.822
221.989
222.134
222.268
222.373
222.469
222.552
222.66
222.734
222.83
222.935
223.046
223.137
223.242
223.343
223.443
223.552
223.662
223.773
223.855
223.966
224.087
224.206
224.309
224.394
224.5
224.609
224.73
224.84
224.938
225.02
225.093
225.193
225.291
225.397
225.525
225.663
225.814
225.952
226.067
226.15
226.222
226.305
226.436
226.545
226.665
226.796
226.936
227.027
227.134
227.265
227.376
227.487
227.605
227.729
227.858
227.974
228.115
228.212
228.324
228.423
228.555
228.675
228.796
228.922
229.054
229.183
229.295
229.41
229.533
229.632
229.753
229.881
230.015
230.146
230.262
230.383
230.539
230.659
230.773
230.912
231.012
231.115
231.213
231.342
231.472
231.611
231.752
231.871
231.984
232.103
232.214
232.311
232.42
232.543
232.672
232.804
232.916
233.044
233.182
233.293
233.414
233.513
233.631
233.734
233.853
233.973
234.1
234.231
234.368
234.482
234.582
234.667
234.765
234.837
234.962
235.066
235.182
235.302
235.432
235.59
235.711
235.832
235.932
236.051
236.174
236.273
236.412
236.52
236.631
236.752
236.881
236.99
237.119
237.224
237.313
237.428
237.51
237.642
237.764
237.9
238.043
238.159
238.271
238.391
238.494
238.603
238.695
238.803
238.911
239.049
239.16
239.291
239.42
239.541
239.66
239.791
239.889
239.992
240.103
240.195
240.292
240.41
240.533
240.659
240.776
240.899
241
241.12
241.223
241.322
241.433
241.563
241.678
241.793
241.92
242.018
242.137
242.25
242.358
242.459
242.577
242.691
242.809
242.922
243.01
243.121
243.229
243.33
243.43
243.53
243.628
243.721
243.839
243.96
244.07
244.209
244.347
244.487
244.598
244.718
244.839
244.922
245.004
245.12
245.231
245.331
245.442
245.569
245.661
245.768
245.881
245.989
246.09
246.219
246.339
246.479
246.641
246.95
265.129
479.809
504.27
507.879
510.466
512.391
513.938
515.218
516.239
517.168
517.968
518.651
519.386
519.948
520.471
520.97
521.468
521.922
522.378
522.799
523.157
523.507
523.847
524.17
524.458
524.766
525.049
525.317
525.548
525.788
525.999
526.219
526.458
526.668
526.888
527.088
527.278
527.456
527.618
527.796
527.956
528.12
528.277
528.429
528.608
528.75
528.87
528.997
529.147
529.288
529.438
529.566
529.687
529.807
529.928
530.038
530.147
530.258
530.389
530.474
530.766
531.236
531.495
531.577
531.606
531.547
531.218
530.797
527.311
527.221
526.165
525.358
530.475
533.685
531.582
529.086
528.976
528.726
528.76
529.554
528.464
528.457
528.359
528.269
526.096
522.166
520.407
520.539
524.064
532.661
535.826
526.377
522.464
524.552
525.694
525.772
529.882
531.58
525.823
531.5
530.887
527.758
527.074
526.349
527.341
527.188
527.376
527.553
528.698
529.447
528.448
528.331
528.077
528.351
528.548
528.825
529.013
529.148
529.229
529.311
529.444
529.591
529.735
529.864
529.996
530.137
530.259
530.352
530.451
530.561
530.635
530.751
530.84
530.932
531.04
531.126
531.217
531.295
531.403
531.514
531.62
531.733
531.833
531.852
531.719
531.698
532.057
532.302
532.383
532.434
532.496
532.54
532.579
532.613
532.636
532.659
532.14
530.364
529.75
529.639
530.952
530.451
526.193
524.761
524.766
527.386
528.807
529.023
529.077
529.19
529.353
529.367
529.352
529.41
526.982
529.576
530.888
531.141
531.218
531.344
531.434
531.553
531.67
531.775
531.868
531.938
532.01
532.088
532.19
532.301
532.396
532.472
532.54
532.648
532.729
532.78
532.821
532.868
532.935
532.983
533.041
533.11
533.164
533.198
533.269
533.326
533.367
533.422
533.474
533.524
533.587
533.611
533.633
533.634
533.67
533.726
533.813
533.865
533.912
533.953
533.991
534.03
534.061
534.107
534.151
534.17
534.211
534.254
534.313
534.352
534.401
534.442
534.464
534.474
534.484
534.513
534.533
534.569
534.592
534.636
534.674
534.685
534.716
534.734
534.755
534.773
534.802
534.82
534.842
534.89
534.938
534.971
535.013
535.038
535.057
535.066
535.102
535.157
535.19
535.215
535.241
535.249
535.275
535.278
535.293
535.314
535.332
535.36
535.401
535.417
535.42
535.453
535.504
535.523
535.533
535.545
535.574
535.595
535.604
535.64
535.69
535.711
535.723
535.727
535.726
535.726
535.745
535.775
535.815
535.822
535.86
535.911
535.932
535.935
535.956
535.976
535.958
535.976
535.984
535.984
536.004
536.012
536.013
536.043
536.052
536.064
536.064
536.086
536.134
536.136
536.136
536.182
536.213
536.228
536.241
536.262
536.293
536.288
536.306
536.316
536.329
536.354
536.384
536.394
536.414
536.425
536.44
536.483
536.494
536.52
536.507
536.515
536.528
536.527
536.523
536.536
536.553
536.584
536.633
536.658
536.673
536.696
536.716
536.724
536.704
536.704
536.726
536.738
536.746
536.757
536.801
536.816
536.824
536.852
536.901
536.924
536.945
536.956
536.983
536.986
536.987
536.986
537.011
537.013
537.028
537.054
537.068
537.087
537.087
537.088
537.095
537.103
537.115
537.125
537.143
537.162
537.165
537.166
537.187
537.185
537.195
537.214
537.236
537.254
537.263
537.275
537.297
537.313
537.325
537.323
537.329
537.329
537.337
537.334
537.341
537.355
537.349
537.365
537.374
537.393
537.406
537.397
537.415
537.445
537.466
537.468
537.474
537.495
537.505
537.533
537.552
537.556
537.534
537.552
537.556
537.557
537.538
537.538
537.568
537.579
537.595
537.603
537.638
537.657
537.675
537.695
537.708
537.718
537.706
537.706
537.719
537.718
537.726
537.736
537.745
537.755
537.749
537.765
537.767
537.757
537.763
537.783
537.802
537.832
537.855
537.886
537.897
537.899
537.901
537.899
537.899
537.906
537.927
537.938
537.935
537.955
537.95
537.938
537.912
537.907
537.917
537.912
537.919
537.953
537.975
537.987
538.006
538.005
538.012
538
537.991
537.981
537.988
538.027
538.064
537.783
537.969
538.126
538.154
538.149
538.175
538.191
538.227
538.27
538.291
538.309
538.331
538.358
538.371
538.355
538.379
538.406
538.418
538.418
538.455
538.477
538.491
538.491
538.489
538.509
538.546
538.557
538.575
538.597
538.616
538.647
538.649
538.665
538.695
538.728
538.746
538.759
538.767
538.768
538.752
538.765
538.768
538.766
538.776
538.768
538.781
538.928
539.002
538.654
538.816
538.789
538.77
538.777
538.79
538.822
538.835
538.85
538.863
538.872
538.857
538.836
538.844
538.854
538.844
538.854
538.865
538.856
538.861
538.878
538.87
538.868
538.857
538.849
538.858
538.84
538.847
538.857
538.86
538.876
538.868
538.865
538.855
538.866
538.858
538.838
538.84
538.849
538.858
538.878
538.884
538.896
538.923
538.918
538.918
538.899
538.925
538.933
538.948
538.956
538.984
539.015
539.018
539.036
539.066
539.085
539.087
539.103
539.097
539.088
539.088
539.087
539.079
539.09
539.105
539.097
539.083
539.103
539.115
539.115
539.118
539.136
539.149
539.139
539.138
539.147
539.157
539.167
539.177
539.206
539.219
539.237
539.227
539.239
539.239
539.266
539.276
539.272
539.268
539.268
539.267
539.255
539.247
539.258
539.276
539.272
539.27
539.27
539.278
539.26
539.247
539.249
539.257
539.266
539.27
539.268
539.28
539.272
539.278
539.298
539.281
539.288
539.289
539.298
539.299
539.313
539.293
539.308
539.317
539.319
539.317
539.345
539.33
539.347
539.365
539.386
539.377
539.365
539.386
539.395
539.4
539.411
539.401
539.401
539.399
539.379
539.358
539.366
539.376
539.378
539.388
539.404
539.406
539.415
539.433
539.435
539.445
539.466
539.466
539.466
539.474
539.484
539.486
539.479
539.484
539.486
539.505
539.509
539.525
539.543
539.556
539.558
539.574
539.593
539.597
539.58
539.575
539.567
539.561
539.554
539.574
539.602
539.613
539.616
539.623
539.654
539.657
539.677
539.27
539.072
539.757
538.868
538.594
538.645
538.695
538.911
539.219
540.885
542.204
544.59
545.633
543.379
541.682
541.627
541.649
541.652
541.572
539.132
535.758
537.035
536.077
536.349
532.117
525.695
520.644
518.928
520.273
533.239
544.481
534.774
523.185
521.698
523.324
523.766
526.216
527.491
527.99
534.649
538.92
539.99
540.217
540.355
540.477
540.563
540.186
537.514
