-1.51477
-1.11118
-0.930634
-0.888611
-0.893677
-0.83429
-1.01947
-1.01947
-0.47226
-1.02094
-0.192352
-0.864685
0.0333557
-0.932739
-0.375793
-0.556396
-0.379852
0.279907
0.0275879
0
-0.697113
-0.36377
-0.70993
-0.884521
-1.07852
-1.03546
-1.08633
-2.0882
-2.23007
-11.5933
34.9216
43.0411
50.4204
54.8777
57.0395
58.2583
59.0262
59.5262
59.9544
60.3352
60.6654
60.9841
61.2536
61.531
61.8012
62.0841
62.3485
62.6099
62.888
63.1247
63.347
63.5381
63.7177
63.8958
64.1052
64.3076
64.5169
64.7162
64.8943
65.0923
65.3095
65.5053
65.6935
65.8221
65.9024
65.9087
66.0068
66.3579
66.6273
66.7443
66.8486
66.9583
67.0279
67.1181
67.1805
67.2209
67.2915
66.7634
65.4078
64.8276
64.6068
65.0488
66.2658
65.9922
67.9688
68.7392
68.6603
68.6103
68.5627
68.5084
68.4763
68.4173
68.3611
68.2782
68.2016
68.1032
67.9938
67.8922
67.7762
67.6734
67.5735
67.4707
67.3645
67.2633
67.1735
67.0801
67.0215
66.9547
66.9005
66.8321
66.7637
66.7145
66.6407
66.5902
66.5149
66.4724
66.4219
66.3809
66.3513
66.3203
66.2845
66.2535
66.2059
66.193
66.1797
66.17
66.1488
66.1372
66.1227
66.0899
66.0898
66.1212
66.1227
66.1426
66.1914
66.2028
66.2109
66.222
66.252
66.2617
66.2634
66.2845
66.3125
66.3434
66.3609
66.4099
66.4724
66.5415
66.6523
61.4411
6.40039
4.71414
4.43329
4.35156
4.31024
4.29266
4.27969
4.28757
4.26959
4.27975
4.29108
4.29922
4.3118
4.31055
4.31024
4.34149
4.35983
4.3793
4.3989
4.41998
4.42975
4.41998
4.42188
4.43134
4.42969
4.42975
4.45123
4.46259
4.45938
4.43329
4.44968
4.4411
4.42032
4.41998
4.42194
4.40234
4.41022
4.4118
4.42975
4.43008
4.41022
4.42194
4.42352
4.4285
4.4118
4.41022
4.41217
4.40701
4.39694
4.40866
4.42664
4.43796
4.43796
4.46765
4.45123
4.44968
4.42032
4.39069
4.41843
4.46765
4.53952
4.60007
4.68015
4.75046
4.74219
4.75983
4.63251
2.17859
0.0495911
-0.548767
-1.67923
0.758667
5.82858
4.98718
0.768036
0.777802
0.701233
0.310547
0.820374
-0.306946
-0.204315
-0.202667
-0.251495
-1.33939
-4.37064
-6.77728
-7.57962
-0.241333
2.26843
7.20975
3.52625
-7.12415
-6.16321
-4.24017
1.51959
3.00827
3.16061
3.17038
3.13913
3.22742
3.4989
3.78006
3.2485
4.53952
4.21725
4.11765
4.19617
4.98718
5.35477
4.4368
5.06882
4.79773
5.07703
5.30905
5.50006
5.5575
5.50867
5.36804
5.22897
5.08865
4.95749
4.83679
4.68796
4.52936
4.32898
4.16531
4.17859
4.44617
4.07547
3.44501
3.7157
-196.282
-198.905
-184.763
-181.47
-184.16
-187.21
-189.6
-191.82
-193.763
-195.322
-196.484
-197.162
-197.33
-197.234
-197.023
-196.634
-196.116
-195.46
-194.673
-193.794
-192.884
-191.923
-190.9
-189.863
-188.761
-187.544
-186.361
-185.162
-183.931
-182.693
-181.384
-180.023
-178.733
-177.431
-176.093
-174.732
-173.37
-172.052
-170.706
-169.303
-167.954
-166.603
-165.223
-163.8
-162.46
-161.111
-159.714
-158.321
-156.97
-155.514
-154.126
-152.763
-151.398
-150.073
-148.734
-147.38
-146.072
-144.75
-143.361
-141.974
-140.634
-139.293
-137.982
-136.665
-135.354
-134.003
-132.665
-131.335
-130.036
-128.696
-127.384
-126.105
-124.825
-123.554
-122.232
-120.952
-119.665
-118.433
-117.144
-115.874
-114.653
-113.394
-112.134
-110.884
-109.644
-108.475
-107.305
-106.005
-104.741
-103.534
-102.344
-101.173
-99.9898
-98.7316
-97.5406
-96.3511
-95.2085
-94.0191
-92.8624
-91.6745
-90.5636
-89.3937
-88.3255
-87.1303
-86.0082
-84.5454
-82.774
-81.5923
-80.5396
-79.5544
-78.6705
-77.631
-77.3138
-76.1734
-74.8561
-73.6546
-72.3376
-71.4467
-70.3588
-68.8952
-67.6005
-66.3278
-66.494
-64.2819
-63.3266
-61.9285
-62.1013
-59.8858
-59.1449
-57.6852
-56.6105
-55.5651
-54.5323
-53.4784
-52.4393
-51.3478
-50.3523
-49.3608
-48.3511
-47.3905
-46.4195
-45.4096
-44.4096
-43.4406
-42.4034
-41.4698
-40.4409
-39.4276
-38.4781
-37.5288
-36.5209
-35.5502
-34.5534
-33.6038
-32.6123
-31.7006
-30.7823
-29.8885
-28.9195
-27.9291
-26.9718
-26.0307
-25.1498
-24.2331
-23.292
-22.3327
-21.4045
-20.5272
-19.5873
-18.6416
-17.8034
-16.9605
-16.1288
-14.9871
-13.9419
-13.0502
-12.1171
-11.2776
-10.421
-9.57797
-8.72491
-7.86713
-7.05344
-6.19196
-5.15845
-4.23727
-3.39163
-2.58118
-1.77759
-0.949158
-0.166321
0.723969
0.439697
0.624695
3.84686
5.29413
6.03131
6.83228
7.63297
8.42554
9.21811
9.98602
10.7294
11.5118
12.216
12.9512
13.6289
14.4199
15.1602
15.8516
16.559
17.2876
18.0215
18.7437
19.4637
20.1712
20.8742
21.5653
22.2469
22.9543
23.6762
24.366
25.0422
25.7255
26.4168
27.1355
27.7992
28.4755
29.2058
29.8855
30.5294
31.2371
31.9379
32.634
33.2532
33.9723
34.6614
35.343
35.984
36.6371
37.3173
37.966
38.6653
39.3434
39.9427
40.6227
41.3234
41.9442
42.5836
43.245
43.8629
44.5067
45.1848
45.8153
46.4285
47.0641
47.6844
48.3219
48.9247
49.5641
50.2126
50.8336
51.459
52.1032
52.7406
53.402
54.0247
54.5934
55.2157
55.8629
56.3742
56.9528
57.5555
58.1637
58.7825
59.4004
59.9919
60.5899
61.1324
61.7907
62.3824
62.9739
63.5313
64.1321
64.7618
65.373
65.9118
66.5032
67.1148
67.675
68.2059
68.7501
69.3219
69.9235
70.5426
71.0735
71.6246
72.1341
72.7227
73.3317
73.8614
74.4415
75.02
75.6113
76.1618
76.7227
77.2996
77.8497
78.4001
78.9609
79.5098
80.0801
80.6126
81.1293
81.6227
82.152
82.6606
83.1833
83.7208
84.2699
84.8184
85.3383
85.8907
86.3712
86.9184
87.4704
87.9708
88.4532
88.9629
89.4903
90.0313
90.5395
90.9988
91.5489
92.0883
92.5883
93.0641
93.5543
94.054
94.5313
95.0016
95.5313
96.0199
96.5067
96.9868
97.5098
97.9903
98.4477
98.9219
99.4106
99.9184
100.4
100.852
101.319
101.799
102.289
102.781
103.282
103.713
104.172
104.672
105.141
105.62
106.098
106.549
106.971
107.411
107.871
108.33
108.758
109.221
109.721
110.168
110.598
111.049
111.51
111.952
112.399
112.84
113.26
113.729
114.15
114.559
115.018
115.477
115.928
116.329
116.75
117.207
117.628
118.041
118.497
118.927
119.356
119.79
120.219
120.649
121.067
121.489
121.922
122.35
122.731
123.139
123.543
123.973
124.419
124.799
125.231
125.665
126.095
126.515
126.95
127.35
127.765
128.168
128.541
128.969
129.419
129.8
130.18
130.559
130.94
131.358
131.731
132.118
132.526
132.897
133.268
133.677
134.096
134.467
134.807
135.19
135.556
135.94
136.378
136.79
137.157
137.526
137.936
138.298
138.618
139.01
139.389
139.742
140.118
140.538
140.929
141.308
141.675
142.052
142.435
142.796
143.186
143.557
143.927
144.256
144.609
144.985
145.377
145.727
146.069
146.388
146.709
147.067
147.446
147.837
148.206
148.538
148.886
149.249
149.618
149.938
150.288
150.629
150.997
151.376
151.706
152.025
152.345
152.704
153.075
153.466
153.839
154.157
154.448
154.801
155.139
155.458
155.757
156.1
156.461
156.811
157.071
157.513
157.799
158.294
159.277
159.584
159.802
159.99
160.225
160.506
160.14
160.453
160.998
161.419
162.095
161.919
162.472
163.101
163.535
164.065
163.066
164.515
164.809
165.59
164.641
166.102
166.06
166.92
167.33
167.634
167.992
168.352
168.656
168.927
169.218
169.518
169.842
170.19
170.519
170.837
171.167
171.488
171.76
172.03
172.323
172.641
172.971
173.331
173.659
173.986
174.329
174.63
174.9
175.224
175.58
175.879
176.18
176.479
176.76
177.087
177.399
177.747
178.059
178.406
178.726
179.045
179.351
179.646
179.927
180.17
180.388
180.92
181.416
181.769
182.059
182.334
182.613
182.912
183.193
183.481
183.773
184.114
184.622
184.963
185.234
185.479
185.709
185.984
186.254
186.608
185.704
185.286
188.573
189.207
189.437
189.695
189.919
190.147
190.401
190.685
190.946
191.181
191.386
191.609
191.831
192.062
192.307
192.498
192.709
192.928
193.158
193.407
193.628
193.838
194.077
194.296
194.509
194.718
194.946
195.145
195.364
195.565
195.779
195.976
196.224
196.425
196.632
196.845
197.044
197.274
197.507
197.726
197.946
198.205
198.448
198.657
198.863
199.097
199.335
199.574
199.832
200.083
200.304
200.534
200.765
200.966
201.175
201.415
201.638
201.886
202.106
202.317
202.51
202.704
202.925
203.153
203.364
203.591
203.822
204.064
204.271
204.492
204.722
204.943
205.175
205.396
205.634
205.853
206.085
206.296
206.523
206.718
206.914
207.144
207.381
207.61
207.809
208.023
208.271
208.503
208.744
208.962
209.183
209.422
209.642
209.853
210.052
210.273
210.502
210.731
210.949
211.154
211.374
211.602
211.815
212.03
212.24
212.45
212.7
212.91
213.149
213.361
213.556
213.77
213.981
214.19
214.418
214.631
214.85
215.064
215.291
215.48
215.672
215.871
216.08
216.302
216.531
216.762
216.972
217.182
217.37
217.57
217.77
217.971
218.19
218.381
218.592
218.791
219.02
219.27
219.492
219.68
219.858
220.046
220.249
220.449
220.67
220.865
221.062
221.28
221.471
221.68
221.877
222.088
222.293
222.507
222.709
222.916
223.136
223.36
223.57
223.772
223.977
224.18
224.373
224.553
224.709
224.883
225.07
225.271
225.479
225.678
225.868
226.071
226.29
226.499
226.69
226.868
227.069
227.268
227.461
227.65
227.84
228.049
228.221
228.401
228.597
228.817
229.018
229.221
229.411
229.59
229.791
229.959
230.159
230.35
230.53
230.721
230.907
231.108
231.291
231.491
231.68
231.86
232.04
232.229
232.407
232.596
232.799
232.977
233.152
233.309
233.487
233.688
233.889
234.1
234.28
234.487
234.668
234.848
235.069
235.249
235.458
235.618
235.778
235.94
236.138
236.34
236.54
236.719
236.907
237.079
237.27
237.438
237.6
237.799
237.981
238.198
238.371
238.54
238.729
238.889
239.065
239.255
239.418
239.606
239.825
240.007
240.177
240.33
240.51
240.678
240.82
240.967
241.155
241.327
241.505
241.655
241.84
242.008
242.17
242.35
242.528
242.698
242.888
243.077
243.276
243.459
243.636
243.827
243.987
244.159
244.347
244.489
244.667
244.829
245.005
245.175
245.356
245.536
245.686
245.827
245.989
246.146
246.306
246.456
246.627
246.797
247.009
247.188
247.388
247.589
247.757
247.937
248.065
248.217
248.366
248.526
248.676
248.818
248.989
248.946
249.236
249.458
249.928
250.647
250.87
250.931
250.914
250.918
251.005
250.132
250.607
251.005
251.151
251.813
251.47
251.83
252.344
252.666
252.989
251.89
253.134
253.216
253.883
252.81
253.97
253.819
254.598
254.824
254.961
255.123
255.293
255.443
255.606
255.768
255.931
256.09
256.27
256.411
256.607
256.779
256.978
257.151
257.303
257.484
257.629
257.813
257.989
258.167
258.358
258.528
258.68
258.841
258.999
259.159
259.347
259.517
259.687
259.858
260.04
260.216
260.407
260.576
260.773
260.973
261.125
261.317
261.469
261.587
261.68
261.775
262.199
262.565
262.747
262.899
263.043
263.18
263.316
263.473
263.643
263.755
263.901
264.357
264.519
264.67
264.821
264.943
265.082
265.232
265.424
264.428
263.97
266.679
267.377
267.442
267.622
267.765
267.924
268.079
268.195
268.319
268.443
268.539
268.642
268.738
268.832
268.938
269.054
269.165
269.276
269.402
269.464
269.562
269.673
269.761
269.863
269.964
270.083
270.206
270.325
270.409
270.492
270.58
270.67
270.779
270.879
270.997
271.1
271.173
271.23
271.299
271.387
271.495
271.622
271.783
271.923
272.057
272.129
272.211
272.305
272.446
272.562
272.712
272.824
272.936
273.044
273.154
273.275
273.384
273.495
273.624
273.729
273.827
273.904
274.034
274.134
274.253
274.365
274.482
274.634
274.755
274.851
274.964
275.072
275.173
275.291
275.404
275.515
275.622
275.739
275.874
276.005
276.123
276.242
276.371
276.5
276.613
276.732
276.861
276.974
277.091
277.211
277.341
277.471
277.59
277.711
277.824
277.933
278.064
278.143
278.258
278.373
278.492
278.613
278.734
278.865
278.992
279.093
279.234
279.353
279.469
279.564
279.672
279.82
279.93
280.051
280.178
280.283
280.392
280.487
280.585
280.677
280.802
280.913
281.021
281.14
281.25
281.379
281.49
281.601
281.711
281.842
281.963
282.084
282.191
282.311
282.432
282.543
282.66
282.76
282.859
282.972
283.082
283.227
283.352
283.492
283.594
283.711
283.832
283.948
284.051
284.17
284.302
284.404
284.493
284.604
284.711
284.84
284.941
285.072
285.191
285.311
285.441
285.58
285.69
285.822
285.933
286.023
286.115
286.211
286.312
286.43
286.557
286.669
286.79
286.927
287.029
287.111
287.211
287.352
287.479
287.601
287.731
287.837
287.948
288.049
288.169
288.278
288.397
288.5
288.61
288.721
288.809
288.92
289.028
289.141
289.25
289.36
289.479
289.571
289.688
289.79
289.881
289.989
290.097
290.216
290.327
290.436
290.557
290.641
290.742
290.841
290.95
291.04
291.151
291.268
291.37
291.487
291.61
291.737
291.86
291.969
292.077
292.208
292.359
292.588
325.948
505.088
517.399
520.809
523.186
525
526.518
527.698
528.729
529.569
530.378
531.059
531.706
532.327
532.809
533.307
533.798
534.191
534.577
534.949
535.315
535.665
535.995
536.258
536.516
536.847
537.108
537.366
537.608
537.847
538.04
538.241
538.456
538.659
538.847
539.008
539.196
539.396
539.557
539.726
539.915
540.069
540.206
540.358
540.507
540.659
540.778
540.895
541.026
541.165
541.297
541.435
541.575
541.698
541.829
541.909
541.997
542.086
542.219
542.355
542.645
542.976
543.124
543.196
543.247
543.336
543.315
542.067
538.961
539.11
537.947
537.636
541.616
545.665
543.873
540.574
540.556
540.237
540.18
541.226
540.141
540.166
540.107
539.97
538.106
533.945
531.914
532.879
541.342
544.13
548.156
539.188
533.554
535.483
537.303
541.831
544.552
544.738
541.343
543.644
539.685
537.507
538.071
537.702
538.86
538.73
538.796
538.945
539.916
541.248
539.753
540.702
539.922
539.818
539.993
540.191
540.339
540.499
540.615
540.726
540.854
540.973
541.112
541.235
541.385
541.489
541.592
541.68
541.8
541.903
541.999
542.12
542.239
542.326
542.431
542.517
542.615
542.685
542.792
542.883
542.971
543.079
543.156
543.161
543.023
542.999
543.352
543.578
543.664
543.734
543.804
543.863
543.925
543.989
543.997
544.002
543.445
541.636
541.174
540.712
541.241
542.169
538
536.093
536.167
538.711
540.057
540.274
540.349
540.414
540.464
540.552
540.691
540.809
538.374
540.921
542.21
542.469
542.531
542.652
542.751
542.87
542.999
543.112
543.188
543.24
543.311
543.422
543.536
543.651
543.727
543.771
543.832
543.916
544.006
544.078
544.12
544.187
544.254
544.337
544.417
544.478
544.538
544.556
544.586
544.607
544.657
544.713
544.772
544.85
544.904
544.93
544.97
544.997
545.041
545.053
545.117
545.149
545.182
545.237
545.29
545.349
545.379
545.42
545.427
545.461
545.482
545.532
545.59
545.638
545.672
545.709
545.744
545.767
545.775
545.829
545.862
545.901
545.938
545.966
545.987
546.005
546.046
546.053
546.084
546.11
546.139
546.16
546.2
546.241
546.271
546.299
546.334
546.353
546.357
546.381
546.404
546.443
546.471
546.501
546.532
546.546
546.563
546.601
546.597
546.623
546.631
546.631
546.672
546.703
546.711
546.732
546.781
546.794
546.803
546.804
546.83
546.855
546.873
546.901
546.922
546.954
546.981
547.005
547.013
547.041
547.088
547.139
547.162
547.172
547.183
547.211
547.216
547.226
547.234
547.254
547.267
547.296
547.314
547.326
547.343
547.363
547.381
547.394
547.386
547.394
547.404
547.432
547.481
547.512
547.531
547.563
547.574
547.579
547.568
547.582
547.593
547.595
547.595
547.605
547.58
547.594
547.622
547.66
547.693
547.706
547.715
547.744
547.738
547.752
547.763
547.784
547.796
547.807
547.813
547.845
547.873
547.906
547.943
547.976
547.985
548.004
548.044
548.063
548.065
548.059
548.077
548.089
548.095
548.106
548.139
548.145
548.154
548.175
548.206
548.216
548.231
548.24
548.254
548.27
548.275
548.285
548.286
548.284
548.309
548.316
548.325
548.337
548.355
548.374
548.394
548.388
548.404
548.406
548.422
548.417
548.406
548.42
548.454
548.455
548.474
548.476
548.487
548.507
548.497
548.513
548.535
548.561
548.564
548.562
548.575
548.577
548.577
548.556
548.572
548.605
548.6
548.616
548.644
548.646
548.665
548.657
548.677
548.683
548.714
548.708
548.713
548.713
548.732
548.754
548.765
548.784
548.784
548.806
548.823
548.835
548.825
548.827
548.849
548.857
548.855
548.874
548.888
548.906
548.914
548.922
548.938
548.948
548.93
548.948
548.97
548.979
549.005
549.034
549.054
549.075
549.059
549.077
549.079
549.077
549.075
549.105
549.105
549.113
549.126
549.145
549.146
549.147
549.159
549.161
549.149
549.156
549.169
549.169
549.167
549.174
549.177
549.185
549.178
549.175
549.186
549.178
549.177
549.186
549.208
549.226
549.247
549.257
549.262
549.268
549.268
549.26
549.268
549.307
549.345
549.074
549.262
549.428
549.455
549.464
549.484
549.498
549.508
549.52
549.549
549.58
549.58
549.605
549.618
549.637
549.658
549.657
549.667
549.675
549.698
549.727
549.749
549.778
549.806
549.82
549.845
549.865
549.868
549.884
549.894
549.925
549.927
549.945
549.973
549.986
550.013
550.009
550.033
550.038
550.031
550.046
550.069
550.075
550.07
550.082
550.085
550.208
550.524
549.754
549.926
549.936
549.937
549.948
549.96
549.984
549.994
550.015
550.022
550.014
550.004
550.004
549.997
549.992
550.004
550.014
550.035
550.025
550.031
550.046
550.046
550.03
550.023
549.999
549.995
549.979
549.977
549.977
549.979
549.987
549.997
550.005
549.987
549.995
549.987
549.995
549.999
550.017
550.027
550.028
550.036
550.018
550.027
550.008
550.008
550.005
550.034
550.044
550.067
550.066
550.087
550.115
550.11
550.125
550.146
550.165
550.177
550.185
550.175
550.186
550.178
550.167
550.169
550.18
550.188
550.188
550.159
550.174
550.177
550.183
550.198
550.216
550.244
550.247
550.239
550.255
550.275
550.284
550.297
550.307
550.321
550.329
550.309
550.311
550.309
550.337
550.338
550.358
550.368
550.36
550.378
550.376
550.368
550.379
550.389
550.381
550.379
550.371
550.378
550.36
550.335
550.339
550.345
550.338
550.345
550.374
550.397
550.389
550.399
550.415
550.399
550.397
550.417
550.425
550.417
550.432
550.42
550.438
550.428
550.445
550.438
550.458
550.446
550.464
550.474
550.493
550.507
550.497
550.507
550.508
550.5
550.497
550.507
550.509
550.507
550.51
550.507
550.5
550.509
550.517
550.52
550.525
550.518
550.527
550.525
550.531
550.543
550.576
550.586
550.577
550.567
550.575
550.567
550.566
550.575
550.575
550.593
550.605
550.626
550.616
550.626
550.644
550.662
550.681
550.693
550.703
550.703
550.714
550.706
550.691
550.704
550.715
550.705
550.697
550.693
550.703
550.715
550.752
550.586
550.118
550.811
549.867
549.614
549.564
549.677
549.872
550.059
551.543
553.122
555.635
556.865
555.129
552.835
552.769
552.79
552.827
552.816
550.533
547.243
547.339
547.784
547.583
544.472
537.749
531.99
529.372
534.188
541.044
555.148
547.885
533.613
531.853
534.511
537.415
538.636
538.66
538.641
544.566
549.763
551.028
551.276
551.455
551.627
551.71
550.615
543.399
