-1.723637
-1.7169079
-1.765644
-1.7682840000000002
-1.7298474000000001
-1.7225537000000002
-1.7026867
-1.66358
-1.6338848000000001
-1.6226239
-1.6194805
-1.6245770000000002
-1.6139874
-1.5876965
-1.5811657000000001
-1.5613293000000001
-1.5745739
-1.5866284000000002
-1.5988354
-1.5866436000000002
-1.5726055
-1.5645947
-1.5565991000000001
-1.5485730000000002
-1.5395860000000001
-1.543705
-1.536076
-1.518879
-1.5137070000000001
-1.5026590000000002
-1.488118
-1.472126
-1.4669230000000002
-1.4561350000000002
-1.452061
-1.4355360000000001
-1.4415630000000001
-1.4300430000000002
-1.436665
-1.445561
-1.489842
-1.494496
-1.4594770000000001
-1.520909
-1.552113
-1.5067490000000001
-1.4946480000000002
-1.5035290000000001
-1.486332
-1.49329
-1.483006
-1.473149
-1.4758950000000002
-2.196171
-0.7597090000000001
-0.8132670000000001
-0.8617900000000001
-0.07277
-1.898152
1.0210199999999998
-2.542973
-0.8338510000000001
-0.9537240000000001
-0.9481400000000001
-0.9118690000000002
-0.8168380000000001
-0.7153820000000001
-0.6405100000000001
-0.5741900000000002
-0.5384000000000002
-0.4942200000000001
-0.4344800000000002
-0.38582000000000005
-0.33335000000000004
-0.2663500000000001
-0.22759000000000018
-0.20665
-0.1817700000000002
-0.16695000000000015
-0.15711000000000008
-0.14138000000000006
-0.13013000000000008
-0.10111000000000003
-0.07438000000000011
-0.052220000000000155
-0.010700000000000154
-0.000260000000000149
0.0
-0.004060000000000175
0.026069999999999816
0.058189999999999964
0.11339999999999995
0.15767999999999982
0.1688299999999998
0.17659999999999987
0.20163999999999982
0.2297499999999999
0.23853999999999997
0.2917299999999998
0.3365999999999998
0.38220999999999994
0.41470000000000007
0.4404699999999997
0.45633999999999975
0.46204999999999985
0.4796699999999998
0.4883399999999998
0.4864599999999999
0.49176
0.4969399999999997
0.52098
0.5772699999999997
0.6137300000000001
0.6469400000000001
0.6690599999999998
0.7041599999999997
0.7103999999999997
0.7113799999999999
0.73071
0.7496400000000001
0.78833
0.81185
0.8568800000000001
0.8879699999999999
0.9067199999999997
0.9205599999999998
0.9288299999999998
0.9541599999999997
0.9652700000000001
0.99089
1.0078799999999999
1.0228999999999997
1.04966
1.04965
1.0586399999999998
1.0644799999999999
1.07093
1.0776199999999998
1.0994999999999997
1.12172
1.12992
1.1822899999999998
1.20144
1.2221299999999997
1.2343999999999997
1.253
1.2647199999999998
1.2785399999999998
1.31375
1.3371699999999997
1.3577699999999997
1.3623799999999997
1.3896399999999998
1.4172299999999998
1.4448199999999998
1.4687499999999998
1.485
1.51706
1.55235
1.5666499999999999
1.57995
1.6305499999999997
1.6722999999999997
1.6875699999999998
1.7139399999999998
1.7194199999999997
1.72461
1.72758
1.7333899999999998
1.7537999999999998
1.7770499999999998
1.79748
1.8208
1.85287
1.8867299999999998
1.8828499999999997
1.8910499999999997
1.90066
1.9205699999999999
1.9265700000000001
1.9368099999999997
1.9556699999999998
1.9742999999999997
1.99569
2.01454
2.0442299999999998
2.07013
2.0959899999999996
2.12814
2.14267
2.1647
2.1909099999999997
2.1975100000000003
2.2115299999999998
2.2176599999999995
2.23419
2.24212
2.2580999999999998
2.27266
2.30947
2.32676
2.3331
2.3502
2.3673200000000003
2.36348
2.3805700000000005
2.39335
2.42605
2.44667
2.47197
2.5029700000000004
2.52508
2.5523
2.55516
2.5619300000000003
2.56172
2.5778600000000003
2.59297
2.61669
2.64454
2.67509
2.68837
2.71289
2.7104100000000004
2.7162300000000004
2.72996
2.74162
2.7678599999999998
2.7882800000000003
2.80868
2.82524
2.8363300000000002
2.84286
2.8619200000000005
2.87136
2.87577
2.8806599999999998
2.88586
2.90742
2.9049000000000005
2.9278200000000005
2.9459
2.9669300000000005
2.9918000000000005
3.00312
3.02743
3.0334000000000003
3.04446
3.0716799999999997
3.08535
3.0991299999999997
3.1183700000000005
3.1255800000000002
3.1335100000000002
3.1576500000000003
3.1748200000000004
3.1819300000000004
3.20256
3.21408
3.21896
3.22609
3.2441500000000003
3.2617900000000004
3.2765900000000006
3.28324
3.3184500000000003
3.32988
3.3528200000000004
3.3734400000000004
3.4058900000000003
3.4287799999999997
3.44259
3.44653
3.45793
3.4802800000000005
3.4875100000000003
3.49482
3.5213099999999997
3.55136
3.5647200000000003
3.5764000000000005
3.6116400000000004
3.6273299999999997
3.62873
3.6621699999999997
3.6965900000000005
3.6984500000000002
3.7056500000000003
3.72511
3.7432100000000004
3.7480599999999997
3.7463800000000003
3.7662500000000003
3.7931800000000004
3.79864
3.80258
3.82641
3.85342
3.88227
3.90766
3.9501800000000005
3.9719500000000005
3.9924100000000005
3.98832
3.9989
4.00236
4.01196
4.01762
4.03408
4.05174
4.05801
4.07817
4.0993200000000005
4.11918
4.12558
4.15731
4.17778
4.18771
4.2023600000000005
4.2005300000000005
4.21391
4.2223
4.22715
4.2433700000000005
4.24731
4.26118
4.28305
4.29281
4.3124
4.3267500000000005
4.33322
4.3346100000000005
4.3493200000000005
4.36019
4.38145
4.39668
4.3973
4.4072700000000005
4.4106700000000005
4.42329
4.442
4.4392700000000005
4.444
4.43832
4.45869
4.4664
4.48359
4.50297
4.52505
4.5502400000000005
4.55911
4.58557
4.60995
4.6302900000000005
4.65069
4.65492
4.66583
4.6558600000000006
4.6639100000000004
4.56202
5.94047
3.20001
4.13855
3.9397400000000005
4.06536
4.0447500000000005
4.02578
4.04946
4.0502400000000005
3.98053
4.15344
3.92335
3.91772
4.00384
3.52133
4.02815
3.82939
3.84877
3.80258
4.56391
3.0907400000000003
3.72232
3.3995800000000003
4.57125
3.0679300000000005
3.7059300000000004
3.5084600000000004
3.85759
3.89436
3.8808100000000003
3.8795400000000004
3.8781499999999998
3.87739
3.8683700000000005
3.88954
3.88378
3.8787000000000003
3.87214
3.8732300000000004
3.8640600000000003
3.8477300000000003
3.8411999999999997
3.82421
3.82313
3.8275300000000003
3.8289
3.8372
3.83789
3.86317
3.8756500000000003
3.8689800000000005
3.8716999999999997
3.8892500000000005
3.89656
3.88647
3.87059
3.87875
3.87324
3.86805
3.88382
3.8838300000000006
3.8826600000000004
3.85823
3.8290699999999998
3.81334
3.80586
3.8315400000000004
3.8757600000000005
3.9608300000000005
3.84086
3.58131
3.6799
3.8032500000000002
3.82585
3.8094600000000005
3.8224600000000004
3.8372
3.83563
3.84898
3.87059
3.7958300000000005
3.68978
3.79608
3.8645700000000005
3.88809
3.886
3.8781499999999998
3.8756700000000004
3.90594
3.48252
5.28752
3.36235
3.78991
4.05703
4.11503
4.17251
4.23291
4.31472
4.39363
4.43774
4.46867
4.5343
4.6153200000000005
4.69868
4.77342
4.84892
4.90516
4.9327000000000005
4.95988
4.96821
4.99243
5.03738
5.07917
5.12094
5.15573
5.15509
5.1821600000000005
5.19703
5.21432
5.26022
5.29885
5.32643
5.35357
5.39222
5.42973
5.46315
5.4789200000000005
5.51957
5.55922
5.60014
5.62069
5.65573
5.6812700000000005
5.70959
5.73736
5.75143
5.77189
5.79728
5.7957
5.81024
5.81523
5.83973
5.85191
5.86552
5.89755
5.91333
5.94102
5.97607
6.0081
6.04811
6.07502
6.1004000000000005
6.13053
6.15766
6.17685
6.2056700000000005
6.2456000000000005
6.27275
6.32676
6.3492999999999995
6.365080000000001
6.38476
6.41005
6.427149999999999
6.45556
6.490869999999999
6.526820000000001
6.55137
6.57333
6.60946
6.648009999999999
6.68934
6.699020000000001
6.72274
6.74325
6.784370000000001
6.8011
6.82911
6.87373
6.904109999999999
6.92352
6.92854
6.95144
6.96719
6.969620000000001
6.98869
6.99896
7.01113
7.035640000000001
7.055350000000001
7.064400000000001
7.088760000000001
7.107810000000001
7.1370000000000005
7.16742
7.18797
7.22148
7.235670000000001
7.2629
7.28309
7.29238
7.308479999999999
7.319990000000001
7.352729999999999
7.3870000000000005
7.40742
7.417859999999999
7.4564900000000005
7.47363
7.4742999999999995
7.48832
7.5120000000000005
7.5326
7.553050000000001
7.56875
7.59707
7.61825
7.656829999999999
7.6876
7.719519999999999
7.747920000000001
7.78402
7.81898
7.83366
7.855270000000001
7.872109999999999
7.89659
7.9246
7.947140000000001
7.9842200000000005
8.01875
8.03971
8.05455
8.07835
8.0948
8.10469
8.14122
8.177620000000001
8.20472
8.223370000000001
8.253120000000001
8.26454
8.27363
8.29707
8.3181
8.33303
8.33944
8.3614
8.3912
8.4018
8.416500000000001
8.4451
8.4709
8.4923
8.5277
8.552
8.5755
8.5955
8.6272
8.6616
8.6771
8.6936
8.7049
8.7294
8.753
8.7713
8.7873
8.7971
8.8323
8.8399
8.8496
8.8559
8.864
8.8733
8.8861
8.9105
8.9362
8.9639
9.0063
9.0264
9.0551
9.069
9.0901
9.0991
9.120800000000001
9.124
9.141
9.1623
9.1786
9.2041
9.227
9.2751
9.2969
9.325800000000001
9.3208
9.3442
9.361
9.370000000000001
9.3706
9.3805
9.3965
9.4082
9.4147
9.4207
9.427200000000001
9.4411
9.4639
9.4811
9.4963
9.5304
9.5592
9.5856
9.602
9.6355
9.6561
9.6684
9.6992
9.7106
9.7286
9.7294
9.7467
9.7537
9.7709
9.7789
9.7864
9.8026
9.8312
9.8428
9.8684
9.8838
9.9122
9.9469
9.9624
9.9942
10.003
10.0245
10.0467
10.062100000000001
10.0768
10.0807
10.0772
10.0797
10.0889
10.1059
10.1254
10.1736
10.2138
10.2425
10.2672
10.2989
10.312
10.3184
10.3358
10.3584
10.3885
10.4034
10.4253
10.4369
10.461
10.4887
10.5023
10.5274
10.5577
10.5932
10.6225
10.6436
10.6664
10.6801
10.6974
10.708
10.7219
10.733
10.7469
10.7706
10.7766
10.7969
10.8086
10.8143
10.825
10.8594
10.8863
10.8959
10.912
10.9262
10.9311
10.9303
10.9465
10.9636
10.9655
10.959
10.7965
11.779
9.8768
10.5557
10.2916
10.4772
10.516
10.5196
10.5471
10.5225
10.4926
10.695
10.3657
10.1907
10.293
9.905100000000001
10.404
10.2834
10.1785
10.1236
10.9438
9.055
10.0234
9.7527
10.8759
9.4626
9.7043
9.7139
10.0381
10.0085
9.9823
9.9916
9.9987
10.0061
10.0135
10.021700000000001
10.0308
10.0382
10.0398
10.0513
10.031600000000001
10.008000000000001
10.0006
9.9913
9.9907
9.9853
10.0029
10.0061
9.9906
9.9921
9.9926
9.997300000000001
9.9834
9.9913
9.9948
9.986
9.9719
9.9572
9.9465
9.9335
9.931000000000001
9.9262
9.9213
9.917
9.9047
9.9
9.8704
9.8881
9.9353
10.0296
9.7897
9.6186
9.7897
9.8808
9.892100000000001
9.8652
9.863900000000001
9.861
9.8578
9.914
10.0178
9.6861
9.7955
9.9297
9.9461
9.9442
9.9387
9.9458
9.9402
9.9555
9.501100000000001
11.3998
9.360100000000001
9.8551
10.1214
10.2254
10.2807
10.3478
10.4306
10.495800000000001
10.5614
10.6282
10.7085
10.7735
10.8512
10.9404
11.0073
11.0767
11.1283
11.1516
11.168
11.1835
11.2138
11.249
11.2932
11.3382
11.3748
11.4206
11.437100000000001
11.4696
11.4921
11.511800000000001
11.526
11.5479
11.5678
11.5881
11.6289
11.6788
11.7309
11.762
11.7805
11.811
11.8145
11.839
11.8727
11.9125
11.9317
11.9712
12.009
12.0406
12.0536
12.0772
12.1059
12.1395
12.155100000000001
12.171
12.2039
12.2171
12.2359
12.2569
12.2922
12.3219
12.351
12.3872
12.416
12.4278
12.4261
12.442
12.464
12.4573
12.472
12.5041
12.5341
12.5629
12.5805
12.6065
12.6402
12.6753
12.7105
12.731300000000001
12.7499
12.7718
12.7882
12.7889
12.827
12.8763
12.9246
12.9579
12.9811
12.9972
12.998
12.9759
12.9596
12.9638
12.9883
13.021700000000001
13.0477
13.065
13.1026
13.1298
13.1504
13.182
13.204
13.2289
13.2491
13.268
13.2895
13.3069
13.3273
13.3329
13.342
13.3559
13.3678
13.3977
13.4141
13.4196
13.4376
13.4664
13.4891
13.503
13.5318
13.564400000000001
13.586500000000001
13.6199
13.6484
13.6679
13.6958
13.7138
13.7264
13.7384
13.7428
13.7547
13.7708
13.7774
13.8004
13.8029
13.8141
13.8274
13.8379
13.8397
13.8561
13.873
13.8904
13.9008
13.9219
13.9425
13.9631
13.9734
13.9873
13.9989
14.009
14.0465
14.0676
14.1052
14.133000000000001
14.1409
14.1698
14.1666
14.1762
14.1936
14.1869
14.1967
14.2145
14.2117
14.2305
14.247
14.2614
14.2777
14.2882
14.302200000000001
14.3102
14.2996
14.2987
14.3186
14.3309
14.3389
14.3384
14.373399999999998
14.399400000000002
14.4196
14.44
14.466399999999998
14.49
14.5071
14.545499999999999
14.5782
14.586699999999999
14.593200000000001
14.608600000000001
14.6288
14.6229
14.624799999999999
14.628100000000002
14.650900000000002
14.667599999999998
14.685599999999999
14.707500000000001
14.721300000000001
14.7571
14.7647
14.774500000000002
14.7891
14.797099999999999
14.792
14.798
14.809800000000001
14.8131
14.812600000000002
14.8258
14.848899999999999
14.8561
14.8774
14.887300000000002
14.902600000000001
14.914700000000002
14.9112
14.934500000000002
14.928299999999998
14.934800000000001
14.957500000000001
14.9762
14.987499999999999
15.0022
15.0282
15.0391
15.0629
15.077499999999999
15.083
15.108300000000002
15.126600000000002
15.114300000000002
15.1184
15.115900000000002
15.133000000000001
15.157200000000001
15.184099999999999
15.2139
15.2237
15.2368
15.2383
15.240900000000002
15.239199999999999
15.2444
15.246899999999998
15.267000000000001
15.271700000000001
15.289700000000002
15.2905
15.2872
15.2978
15.3053
15.341299999999999
15.364300000000002
15.374799999999999
15.393600000000001
15.4066
15.4106
15.4034
15.391599999999999
15.4016
15.4108
15.4319
15.446499999999999
15.472900000000001
15.4827
15.4989
15.5218
15.533399999999999
15.529300000000001
15.5417
15.561200000000001
15.5586
15.564300000000001
15.5799
15.5936
15.6108
15.6123
15.629700000000001
15.638700000000002
15.6549
15.641
15.636899999999999
15.6484
15.643400000000002
15.648100000000001
15.6514
15.6777
15.6879
15.6977
15.696900000000001
15.696900000000001
15.702599999999999
15.7124
15.7188
15.7245
15.7435
15.7629
15.78
15.802200000000001
15.8243
15.834000000000001
15.7173
16.4301
14.6575
15.263700000000002
14.9929
15.137200000000002
15.1246
15.110999999999999
15.1333
15.114199999999999
15.115900000000002
15.301499999999999
14.989600000000001
14.928199999999999
15.047400000000001
14.7953
15.2069
14.9871
14.9047
15.13
15.2508
14.126
15.0255
14.9262
14.9898
14.3429
14.3983
14.520100000000001
14.788200000000002
14.7507
14.719299999999999
14.721400000000001
14.748099999999999
14.7679
14.784799999999999
14.807799999999999
14.814300000000001
14.789600000000002
14.7722
14.753100000000002
14.721300000000001
14.698099999999998
14.6885
14.7008
14.701500000000001
14.707400000000002
14.703000000000001
14.700999999999999
14.694899999999999
14.682699999999999
14.668999999999999
14.668999999999999
14.6393
14.626399999999999
14.635399999999999
14.6214
14.6291
14.614099999999999
14.6108
14.6108
14.5968
14.6047
14.6059
14.605099999999998
14.626399999999999
14.640400000000001
14.6688
14.7386
14.800600000000001
14.7936
14.564000000000002
14.4995
14.644499999999999
14.7245
14.728700000000002
14.717699999999999
14.707600000000001
14.7112
14.698099999999998
14.750300000000001
14.6977
14.352300000000001
14.526100000000001
14.717
14.739099999999999
14.7508
14.752799999999999
14.7476
14.742299999999998
14.742400000000002
14.261800000000001
15.9066
14.1675
14.7081
14.962000000000002
15.0407
15.111199999999998
15.187199999999999
15.237699999999998
15.2721
15.2891
15.321700000000002
15.3739
15.4214
15.481900000000001
15.5147
15.554
15.5953
15.6133
15.629900000000001
15.653599999999999
15.688699999999999
15.7002
15.7145
15.733500000000001
15.765300000000002
15.781899999999998
15.812700000000001
15.844399999999998
15.8772
15.9044
15.9304
15.9475
15.9508
15.9533
15.962100000000001
15.985000000000001
16.0098
16.0266
16.0442
16.0662
16.0951
16.094199999999997
16.0904
16.093799999999998
16.107
16.1542
16.1968
16.2352
16.2334
16.228399999999997
16.235
16.2416
16.260399999999997
16.276799999999998
16.283299999999997
16.2978
16.3223
16.3298
16.347299999999997
16.3772
16.400799999999997
16.412499999999998
16.424799999999998
16.439899999999998
16.4467
16.457199999999997
16.445899999999998
16.4656
16.4638
16.463199999999997
16.4777
16.493299999999998
16.5032
16.493199999999998
16.4989
16.508999999999997
16.502799999999997
16.499
16.5186
16.528499999999998
16.554299999999998
16.5846
16.6175
16.6361
16.6378
16.630599999999998
16.6227
16.614099999999997
16.614099999999997
16.623099999999997
16.6561
16.6804
16.6984
16.728599999999997
16.726999999999997
16.714699999999997
16.709999999999997
16.712699999999998
16.6987
16.7031
16.709699999999998
16.720399999999998
16.7532
16.744999999999997
16.7563
16.760299999999997
16.7598
16.7644
16.7702
16.767799999999998
16.7872
16.793
16.793799999999997
16.795499999999997
16.8079
16.813699999999997
16.8207
16.846999999999998
16.865199999999998
16.86
16.8389
16.827299999999997
16.811
16.7873
16.7897
16.804699999999997
16.819799999999997
16.8404
16.864199999999997
16.871699999999997
16.885299999999997
16.915499999999998
16.918
16.923699999999997
16.9346
16.9485
16.943199999999997
16.9238
16.926399999999997
16.923699999999997
16.915799999999997
16.9304
16.933799999999998
16.9499
16.9608
16.9672
16.973699999999997
16.9685
16.9638
16.9592
16.9623
16.9808
16.9762
16.994899999999998
17.0307
17.0415
17.049699999999998
17.063699999999997
17.0784
17.0899
17.0946
17.115
17.1299
17.136899999999997
17.145599999999998
17.137099999999997
17.127
17.127799999999997
17.1074
17.1037
17.0889
17.080699999999997
17.075799999999997
17.0692
17.0678
17.0717
17.072899999999997
17.0686
17.0686
17.080699999999997
17.0978
17.118399999999998
17.107499999999998
17.110699999999998
17.1221
17.1241
17.109399999999997
17.1135
17.1288
17.141199999999998
17.1608
17.170599999999997
17.1849
17.199199999999998
17.2172
17.223699999999997
17.229499999999998
17.2424
17.230099999999997
17.235799999999998
17.244899999999998
17.2335
17.2309
17.220899999999997
17.221899999999998
17.214699999999997
17.2058
17.208599999999997
17.2109
17.208399999999997
17.2104
17.212799999999998
17.222099999999998
17.2367
17.2365
17.2227
17.24
17.249299999999998
17.237499999999997
17.2334
17.2334
17.2457
17.244
17.260499999999997
17.2858
17.290399999999998
17.2947
17.302
17.2823
17.2733
17.2733
17.3129
17.318399999999997
17.313499999999998
17.3176
17.3296
17.3233
17.316799999999997
17.3266
17.3495
17.369799999999998
17.374499999999998
17.373299999999997
17.3725
17.385299999999997
17.377799999999997
17.3589
17.3569
17.356099999999998
17.3635
17.3813
17.3908
17.394399999999997
17.4026
17.4254
17.4195
17.4089
17.394399999999997
17.3985
17.389499999999998
17.378899999999998
17.382299999999997
17.383799999999997
17.401
17.401799999999998
17.4041
17.3965
17.395899999999997
17.406699999999997
17.4131
17.4149
17.429799999999997
17.4407
17.438699999999997
17.415799999999997
17.409999999999997
17.3967
17.382099999999998
17.374799999999997
17.372899999999998
17.386799999999997
17.3879
17.4108
17.408199999999997
17.418899999999997
17.432499999999997
17.440099999999997
17.431099999999997
17.4168
17.403899999999997
17.395899999999997
17.394399999999997
17.3952
17.4131
17.426199999999998
17.4318
17.4316
17.4226
17.413899999999998
17.4041
17.2536
18.075799999999997
16.176299999999998
16.912799999999997
16.6148
16.7212
16.730099999999997
16.712
16.702399999999997
16.6633
16.5522
16.775499999999997
16.633799999999997
16.5598
16.652099999999997
16.433799999999998
16.7246
16.554499999999997
16.500899999999998
17.592799999999997
16.679299999999998
15.8834
16.4684
17.3406
16.7504
16.369899999999998
16.0432
16.078899999999997
16.38
16.3826
16.404999999999998
16.424599999999998
16.4391
16.446499999999997
16.436799999999998
16.423099999999998
16.418
16.4212
16.4117
16.4244
16.438299999999998
16.4195
16.4041
16.379499999999997
16.3691
16.365699999999997
16.3479
16.3403
16.333199999999998
16.334799999999998
16.3263
16.3178
16.315299999999997
16.3055
16.3112
16.311
16.3224
16.3159
16.306099999999997
16.3096
16.298599999999997
16.290399999999998
16.273999999999997
16.2504
16.246299999999998
16.243
16.2628
16.336599999999997
16.391299999999998
16.3707
16.0221
15.9303
16.1149
16.2337
16.2456
16.251399999999997
16.2489
16.244
16.24
16.243199999999998
17.847299999999997
19.0201
18.3513
17.316
16.9375
16.825899999999997
16.789099999999998
16.8023
16.307699999999997
13.1498
13.6016
15.536399999999999
16.249799999999997
16.3491
16.354699999999998
16.3477
16.342899999999997
16.343899999999998
16.1698
16.7409
15.8728
17.4596
16.488999999999997
16.663899999999998
16.7637
16.819799999999997
16.8831
16.9421
16.973899999999997
17.0098
17.054299999999998
17.093999999999998
17.1349
17.1728
17.205199999999998
17.2338
17.255799999999997
17.275499999999997
17.289299999999997
17.3005
17.3145
17.302
17.3007
17.2793
17.283199999999997
17.272699999999997
17.2487
17.239099999999997
17.2473
17.2474
17.2503
17.260399999999997
17.2653
17.2776
17.297099999999997
17.3112
17.328899999999997
17.3323
17.3628
17.3765
17.3788
17.368299999999998
17.360699999999998
17.3665
17.3708
17.3479
17.330699999999997
17.348699999999997
17.351799999999997
17.3449
17.3446
17.342
17.3559
17.3739
17.3968
17.4076
17.412399999999998
17.437199999999997
17.4466
17.4436
17.4573
17.458199999999998
17.471999999999998
17.467799999999997
17.4686
17.473
17.467699999999997
17.4639
17.452399999999997
17.445899999999998
17.45
17.469299999999997
17.462799999999998
17.472199999999997
17.4912
17.501299999999997
17.4955
17.4712
17.478099999999998
17.4792
17.479499999999998
17.4821
17.4989
17.516299999999998
17.5335
17.5488
17.557799999999997
17.5555
17.5536
17.548
17.534599999999998
17.525199999999998
17.5219
17.534899999999997
17.5139
17.522
17.5326
17.5233
17.517999999999997
17.523699999999998
17.522699999999997
17.517599999999998
17.5282
17.5236
17.5216
17.5358
17.5522
17.560899999999997
17.5567
17.5673
17.566799999999997
17.5457
17.530099999999997
17.519
17.5233
17.524299999999997
17.516399999999997
17.497999999999998
17.498099999999997
17.496699999999997
17.4803
17.4684
17.467699999999997
17.4621
17.4695
17.4748
17.4701
17.487399999999997
17.4809
17.480099999999997
17.465999999999998
17.462799999999998
17.4672
17.4467
17.4466
17.443399999999997
17.447699999999998
17.459
17.4641
17.4729
17.4867
17.4848
17.4939
17.5077
17.502499999999998
17.503899999999998
17.5083
17.507099999999998
17.516199999999998
17.531899999999997
17.5571
17.546499999999998
17.557
17.574299999999997
17.5658
17.5616
17.5504
17.548
17.542299999999997
17.5473
17.551399999999997
17.5463
17.552599999999998
17.554399999999998
17.567999999999998
17.571099999999998
17.5735
17.574099999999998
17.5886
17.598699999999997
17.592799999999997
17.5977
17.5922
17.5903
17.592799999999997
17.598499999999998
17.5997
17.595499999999998
17.5752
17.595699999999997
17.591399999999997
17.5827
17.590899999999998
17.5994
17.596899999999998
17.6028
17.6144
17.625799999999998
17.6299
17.632199999999997
17.6419
17.651
17.644399999999997
17.6256
17.6053
17.578799999999998
17.5569
17.534
17.5293
17.524199999999997
17.5282
17.559399999999997
17.5946
17.601799999999997
17.5993
17.587899999999998
17.580499999999997
17.5659
17.558
17.5645
17.5706
17.5905
17.6028
17.6135
17.600399999999997
17.593
17.6038
17.5948
17.589799999999997
17.5937
17.596899999999998
17.601799999999997
17.6148
17.6135
17.627399999999998
17.6254
17.627699999999997
17.627599999999997
17.623099999999997
17.6364
17.655099999999997
17.6631
17.667199999999998
17.679499999999997
17.6876
17.6805
17.688699999999997
17.674799999999998
17.686
17.7073
17.7139
17.695899999999998
17.694899999999997
17.6936
17.6819
17.686
17.665699999999998
17.667399999999997
17.662499999999998
17.6621
17.6623
17.688499999999998
17.6958
17.6974
17.7149
17.696499999999997
17.700599999999998
17.703699999999998
17.6973
17.6834
17.6924
17.694
17.6819
17.6943
17.699299999999997
17.6999
17.7045
17.699099999999998
17.7106
17.7049
17.7122
17.709799999999998
17.705499999999997
17.6924
17.675199999999997
17.659
17.659799999999997
17.6557
17.659
17.6451
17.650599999999997
17.6467
17.641
17.6403
17.6362
17.618799999999997
17.6082
17.585099999999997
17.569599999999998
17.5534
17.539499999999997
17.5291
17.562099999999997
17.586399999999998
17.5932
17.603499999999997
17.6131
17.613899999999997
17.6114
17.572999999999997
17.8313
17.3216
16.9193
17.121199999999998
17.110599999999998
17.113899999999997
17.0919
17.092
17.0716
17.0596
17.034999999999997
17.021099999999997
17.001399999999997
16.985799999999998
16.9834
16.9711
16.979499999999998
16.9854
16.9869
16.969299999999997
16.9635
16.9604
16.9489
16.938299999999998
16.927799999999998
16.923699999999997
16.9286
16.908199999999997
16.9025
16.9057
16.909
16.900799999999997
16.895899999999997
16.8887
16.883799999999997
16.8831
16.8781
16.891699999999997
16.8879
16.897699999999997
16.903399999999998
16.9132
16.933699999999998
16.9198
16.9122
16.9131
16.903299999999998
16.894
16.884999999999998
16.879299999999997
16.8786
16.891
16.889499999999998
16.8903
16.8879
16.8845
16.883399999999998
16.8786
16.8598
16.857499999999998
16.871299999999998
16.8811
16.882099999999998
16.892
16.8985
16.9122
16.9184
16.9123
16.8952
16.885399999999997
16.876399999999997
16.8633
16.8558
16.856099999999998
16.8643
16.8666
16.8541
16.8477
16.851799999999997
16.837899999999998
16.8034
16.8143
16.8223
16.839399999999998
16.841299999999997
16.868199999999998
16.8616
16.8601
16.8695
16.839
16.8354
16.8207
16.8159
16.8102
16.784
16.784799999999997
16.7872
16.793
16.7912
16.8004
16.8079
16.804499999999997
16.8144
16.8145
16.810399999999998
16.8086
16.806099999999997
16.8127
16.819699999999997
16.8221
16.828899999999997
16.825699999999998
16.8324
16.8346
16.827399999999997
16.8282
16.823099999999997
16.8117
16.795499999999997
16.795499999999997
16.7932
16.792199999999998
16.7995
16.8084
16.8083
16.8282
16.8282
16.8461
16.837899999999998
16.828899999999997
16.824099999999998
16.8219
16.799799999999998
16.784799999999997
16.7838
16.786399999999997
16.776799999999998
16.7868
16.7973
16.793899999999997
16.792199999999998
16.778899999999997
16.7702
16.7735
16.760599999999997
16.767
16.776
16.7652
16.7747
16.7963
16.7899
16.801399999999997
16.793999999999997
16.8096
16.813499999999998
16.8069
16.818399999999997
16.824099999999998
16.845699999999997
16.855099999999997
16.856499999999997
16.869
16.853399999999997
16.8584
16.859199999999998
16.8633
16.8813
16.891199999999998
16.8936
16.880499999999998
16.882299999999997
16.8846
16.892
16.886899999999997
16.865499999999997
16.848499999999998
16.8278
16.818199999999997
16.8039
16.793999999999997
16.7704
16.781899999999997
16.802999999999997
16.804499999999997
16.810799999999997
16.8079
16.8176
16.8323
16.827399999999997
16.8405
16.8387
16.855099999999997
16.877799999999997
16.886799999999997
16.8924
16.9026
16.8979
16.892999999999997
16.871799999999997
16.874799999999997
16.8674
16.8969
16.9
16.9151
16.914099999999998
16.906499999999998
16.9106
16.876299999999997
16.877
16.8633
16.8635
16.869799999999998
16.8772
16.901
16.8983
16.886
16.8924
16.8918
16.8707
16.8674
16.854499999999998
16.859199999999998
16.8586
16.8635
16.8584
16.855099999999997
16.851799999999997
16.845499999999998
16.8373
16.816799999999997
16.8224
16.8147
16.8053
16.790699999999998
16.793999999999997
16.820899999999998
16.813499999999998
16.8217
16.8282
16.842299999999998
16.8481
16.851999999999997
16.851799999999997
16.8635
16.865099999999998
16.8544
16.8451
16.839499999999997
16.8369
16.821499999999997
16.802
16.799999999999997
16.8086
16.8217
16.827399999999997
16.8649
16.885199999999998
16.886
16.9014
16.9024
16.874699999999997
16.851999999999997
16.842899999999997
16.832099999999997
16.823099999999997
16.816399999999998
16.8295
16.828
16.834699999999998
16.8495
16.8541
16.851799999999997
16.851
16.8553
16.851999999999997
16.850399999999997
16.862699999999997
16.8643
16.86
16.8567
16.871299999999998
16.868
16.8567
16.869
16.876199999999997
16.8909
16.8829
16.8782
16.8862
16.8936
16.878899999999998
16.851999999999997
16.845499999999998
16.8463
16.830099999999998
16.8252
16.8193
16.8232
16.8339
16.8309
16.8407
16.8309
16.827399999999997
16.8372
16.818299999999997
16.825499999999998
16.8421
16.8659
16.869999999999997
16.875799999999998
16.8756
16.865799999999997
16.8493
16.829099999999997
16.808
16.8049
16.810599999999997
16.8083
16.8204
16.842399999999998
16.8512
16.845499999999998
16.8512
16.860999999999997
16.878899999999998
16.8707
16.8615
16.867099999999997
16.8786
16.8649
16.853499999999997
16.862399999999997
16.853599999999997
16.871
16.8691
16.878
16.8888
16.8995
16.905299999999997
16.901799999999998
16.9058
16.922099999999997
16.923699999999997
16.921
16.8918
16.899299999999997
16.886799999999997
16.8526
16.837899999999998
16.824099999999998
16.825799999999997
16.8299
16.8436
16.8387
16.842799999999997
16.848499999999998
16.8567
16.850399999999997
16.8448
16.843999999999998
16.856099999999998
16.8497
16.8602
16.8407
16.8447
16.847099999999998
16.8666
16.868199999999998
16.874699999999997
16.892
16.8844
16.8737
16.8477
16.843799999999998
16.834899999999998
16.8248
16.8282
16.8346
16.839499999999997
16.842799999999997
16.8418
16.8526
16.839499999999997
16.8172
16.8116
16.784599999999998
16.7715
16.767599999999998
16.766099999999998
16.798699999999997
16.825799999999997
16.8356
16.859199999999998
16.8665
16.874699999999997
16.865799999999997
16.8568
16.8706
16.863899999999997
16.867299999999997
16.8765
16.850399999999997
16.8309
16.813699999999997
16.8202
16.809199999999997
16.8116
16.8116
16.8173
16.8143
16.8143
16.8162
16.8053
16.813499999999998
16.816799999999997
16.8233
16.818399999999997
16.827499999999997
16.8417
16.831699999999998
16.8309
16.8293
16.834999999999997
16.8162
16.8233
16.8234
16.8204
16.8056
16.809399999999997
16.798099999999998
16.789099999999998
16.771099999999997
16.7901
16.807199999999998
16.817999999999998
16.8278
16.843
16.845899999999997
16.8354
16.816599999999998
16.8084
16.8079
16.799599999999998
16.799599999999998
16.784999999999997
16.7842
16.7917
16.775
16.7791
16.780099999999997
16.7745
16.7842
16.776
16.796499999999998
16.809399999999997
16.811999999999998
16.8127
16.8004
16.8079
16.799599999999998
16.784999999999997
16.7735
16.7774
16.7913
16.791999999999998
16.7963
16.7979
16.791999999999998
16.7838
16.772499999999997
16.7766
16.7774
16.789099999999998
16.789099999999998
16.7776
16.780099999999997
16.7703
16.7553
16.746299999999998
16.7522
16.7563
16.7579
16.7717
16.784799999999997
16.8036
16.8018
16.795399999999997
16.796899999999997
16.774099999999997
16.7561
16.743
16.7293
16.734199999999998
16.7442
16.7639
16.7547
16.746499999999997
16.735799999999998
16.7293
16.711399999999998
16.702599999999997
16.7124
16.7139
16.7172
16.726999999999997
16.739099999999997
16.746299999999998
16.7366
16.726
16.731099999999998
16.737499999999997
16.7424
16.735999999999997
16.737499999999997
16.749899999999997
16.755499999999998
16.7594
16.7455
16.767599999999998
16.7733
16.772499999999997
16.7842
16.7932
16.792399999999997
16.7883
16.7932
16.795499999999997
16.7866
16.776
16.7792
16.791999999999998
16.802599999999998
16.816499999999998
16.811999999999998
16.8202
16.8112
16.8186
16.8098
16.8065
16.819599999999998
16.821099999999998
16.8176
16.7979
16.7963
16.809399999999997
16.811
16.7947
16.7872
16.7782
16.770899999999997
16.7455
16.7458
16.751399999999997
16.7399
16.7383
16.7366
16.744
16.751399999999997
16.7702
16.760199999999998
16.757099999999998
16.760399999999997
16.766099999999998
16.7766
16.7782
16.7643
16.780199999999997
16.7613
16.7441
16.7211
16.7213
16.722099999999998
16.7384
16.745199999999997
16.7477
16.767999999999997
16.7516
16.741699999999998
16.734199999999998
16.720299999999998
16.7278
16.743199999999998
16.735
16.751399999999997
16.763499999999997
16.7579
16.761999999999997
16.749599999999997
16.7594
16.7471
16.739099999999997
16.7424
16.748099999999997
16.744
16.749899999999997
16.751399999999997
16.7612
16.760199999999998
16.758599999999998
16.767599999999998
16.760199999999998
16.754499999999997
16.7579
16.757099999999998
16.757099999999998
16.7579
16.7653
16.775799999999997
16.765099999999997
16.7748
16.7684
16.758599999999998
16.754499999999997
16.744
16.743199999999998
16.746499999999997
16.744
16.753
16.767599999999998
16.7733
16.7594
16.7424
16.743199999999998
16.7334
16.731099999999998
16.732699999999998
16.7334
16.7334
16.731099999999998
16.737499999999997
16.7073
16.708199999999998
16.7198
16.728599999999997
16.7334
16.7245
16.7334
16.739099999999997
16.735
16.739099999999997
16.7399
16.740699999999997
16.730099999999997
16.715999999999998
16.7243
16.7243
16.720899999999997
16.7258
16.7307
16.726599999999998
16.712
16.698099999999997
16.6786
16.677799999999998
16.6786
16.6875
16.6924
16.693099999999998
16.676599999999997
16.6882
16.668
16.659999999999997
16.6698
16.667499999999997
16.6864
16.6911
16.709
16.7278
16.755499999999998
16.7627
16.775799999999997
16.787899999999997
16.787999999999997
16.7734
16.7644
16.7733
16.774099999999997
16.772499999999997
16.7643
16.7627
16.7561
16.764899999999997
16.779
16.770899999999997
16.7751
16.7897
16.7782
16.766099999999998
16.754499999999997
16.744799999999998
16.7309
16.735
16.743199999999998
16.735
16.717
16.7049
16.698999999999998
16.691599999999998
16.679299999999998
16.696499999999997
16.7096
16.7168
16.7292
16.726599999999998
16.7324
16.732699999999998
16.7334
16.7293
16.723699999999997
16.7293
16.732699999999998
16.732699999999998
16.7424
16.7383
16.748099999999997
16.7522
16.771099999999997
16.789099999999998
16.789099999999998
16.793999999999997
16.7899
16.798099999999998
16.799599999999998
16.788899999999998
16.791999999999998
16.7733
16.775799999999997
16.779899999999998
16.7928
16.815099999999997
16.8315
16.848699999999997
16.862699999999997
16.850199999999997
16.842799999999997
16.833
16.8223
16.798499999999997
16.787899999999997
16.782999999999998
16.7594
16.7399
16.748099999999997
16.7489
16.7627
16.7579
16.760399999999997
16.769599999999997
16.7598
16.758999999999997
16.773699999999998
16.776799999999998
16.7721
16.7901
16.7793
16.762099999999997
16.755699999999997
16.760599999999997
16.756999999999998
16.756899999999998
16.7684
16.783199999999997
16.783399999999997
16.7793
16.784299999999998
16.791099999999997
16.7917
16.769399999999997
16.7719
16.7776
16.767799999999998
16.764599999999998
16.7594
16.773699999999998
16.766199999999998
16.7745
16.783399999999997
16.789099999999998
16.7948
16.7866
16.7932
16.8127
16.804499999999997
16.789099999999998
16.7823
16.7946
16.7774
16.7563
16.7612
16.7627
16.7684
16.763499999999997
16.7627
16.770899999999997
16.772499999999997
16.7751
16.7766
16.781499999999998
16.7782
16.7748
16.772499999999997
16.774099999999997
16.763499999999997
16.7686
16.7858
16.793999999999997
16.8038
16.809399999999997
16.792199999999998
16.7866
16.7744
16.7734
16.7627
16.758599999999998
16.766099999999998
16.784799999999997
16.795399999999997
16.7978
16.7809
16.771099999999997
16.769499999999997
16.772499999999997
16.7748
16.769199999999998
16.770899999999997
16.781699999999997
16.7842
16.7824
16.7778
16.7778
16.771099999999997
16.7688
16.771099999999997
16.780099999999997
16.780099999999997
16.7793
16.7867
16.790699999999998
16.781699999999997
16.7973
16.811999999999998
16.813499999999998
16.811999999999998
16.8127
16.8202
16.8086
16.799699999999998
16.8056
16.796699999999998
16.787699999999997
16.7836
16.7673
16.7506
16.744799999999998
16.743199999999998
16.7537
16.7537
16.7579
16.7548
16.7718
16.7917
16.7932
16.7932
16.7883
16.802999999999997
16.781699999999997
16.7613
16.7504
16.753
16.761999999999997
16.7505
16.752399999999998
16.746699999999997
16.7395
16.7393
16.730099999999997
16.7278
16.7409
16.7522
16.767599999999998
16.7776
16.7883
16.798099999999998
16.793999999999997
16.7899
16.7856
16.790499999999998
16.7838
16.7872
16.7766
16.7751
16.7659
16.7657
16.7717
16.7842
16.784999999999997
16.776
16.7719
16.7474
16.724999999999998
16.719199999999997
16.6332
