-1.43274
-1.03891
-0.889618
-0.876892
-0.860474
-0.783508
-0.908142
-1.04681
-0.419525
-0.938904
-0.139618
-0.862732
-0.0760193
-0.899536
-0.344543
-0.603271
-0.42868
0.25061
0.0100098
0
-0.714691
-0.400879
-0.768524
-0.884521
-1.0668
-1.08429
-1.10391
-1.84601
-2.34921
-1.48196
-9.28741
9.69342
16.5219
20.7703
22.9497
24.061
24.6591
24.9989
25.2356
25.4856
25.7474
25.9567
26.1638
26.365
26.602
26.8048
26.9813
27.149
27.349
27.5173
27.6869
27.8603
28.0381
28.2279
28.4079
28.5674
28.7474
28.9095
29.0876
29.2427
29.3799
29.5366
29.6662
29.8026
29.8633
29.8891
29.9912
30.3403
30.6175
30.7443
30.8193
30.8899
30.9517
31.0302
31.12
31.172
31.2817
30.8063
29.5094
28.9897
28.808
29.3301
30.6388
30.4337
32.4708
33.3017
33.3224
33.3818
33.4357
33.4694
33.5173
33.5598
33.5935
33.6005
33.6234
33.652
33.6638
33.6754
33.6669
33.6656
33.6555
33.6738
33.6555
33.6637
33.7028
33.6934
33.7032
33.7164
33.7344
33.7325
33.7324
33.7438
33.7618
33.7504
33.7552
33.7731
33.7734
33.7618
33.7751
33.793
33.7766
33.7828
33.7762
33.7926
33.8008
33.8008
33.7797
33.7798
33.7829
33.7813
33.7715
33.8126
33.8337
33.8633
33.9023
33.9138
33.9531
33.9329
33.9727
33.9922
33.9938
34.0052
34.0332
34.0544
34.0641
34.0934
34.1364
34.2016
34.2832
34.4235
10.4121
4.63602
4.34344
4.23438
4.19501
4.17352
4.18204
4.18015
4.17194
4.19186
4.21295
4.22305
4.24539
4.25391
4.24384
4.26532
4.27194
4.28165
4.30905
4.34186
4.39264
4.41217
4.43555
4.45477
4.46094
4.45905
4.47076
4.46454
4.48087
4.45282
4.45944
4.44305
4.45157
4.46295
4.44342
4.43359
4.4317
4.43329
4.4317
4.42227
4.42194
4.4317
4.41376
4.40897
4.4118
4.41217
4.42389
4.43045
4.43991
4.45944
4.47742
4.46921
4.47897
4.48914
4.47272
4.46335
4.43204
4.4024
4.42038
4.44812
4.52194
4.60202
4.69186
4.77194
4.79297
4.82037
4.7536
2.43835
0.209747
0.031311
-1.45853
0.879761
6.01022
5.25867
1.09811
1.20944
1.08405
0.712891
1.29303
0.0641479
0.1492
0.13913
0.141083
-0.849152
-3.81009
-6.17767
-6.90775
0.149292
2.82898
7.38162
3.31921
-6.5636
-5.5929
-3.58978
1.98248
3.32077
3.35983
3.30905
3.311
3.38757
3.59851
3.80154
3.54147
4.43015
4.43015
4.2114
4.22937
5.67664
4.80789
4.95633
4.85007
5.03992
5.26843
5.44968
5.57233
5.60828
5.53015
5.39929
5.26999
5.10037
4.97897
4.84851
4.69968
4.5528
4.33875
4.20828
4.25867
4.4989
3.85672
3.4743
-73.9406
-257.401
-236.743
-228.271
-229.74
-233.918
-237.419
-240.797
-243.808
-246.249
-248.22
-249.54
-250.339
-250.849
-251.013
-251.021
-250.89
-250.583
-250.199
-249.681
-249.102
-248.443
-247.741
-246.978
-246.15
-245.281
-244.382
-243.49
-242.529
-241.501
-240.501
-239.45
-238.411
-237.321
-236.198
-235.099
-233.95
-232.8
-231.72
-230.602
-229.454
-228.263
-227.091
-225.932
-224.781
-223.609
-222.369
-221.212
-220.021
-218.859
-217.643
-216.464
-215.302
-214.199
-213.04
-211.89
-210.701
-209.541
-208.328
-207.13
-205.941
-204.812
-203.611
-202.521
-201.342
-200.114
-198.962
-197.815
-196.645
-195.565
-194.364
-193.193
-191.984
-190.872
-189.743
-188.589
-187.431
-186.292
-185.151
-184.013
-182.872
-181.751
-180.673
-179.552
-178.403
-177.292
-176.184
-175.102
-173.954
-172.851
-171.801
-170.653
-169.53
-168.39
-167.329
-166.199
-165.189
-164.187
-163.039
-161.952
-160.854
-159.821
-158.741
-157.765
-156.679
-155.705
-154.374
-152.713
-151.581
-150.639
-149.773
-148.899
-147.92
-147.644
-146.74
-145.454
-144.352
-143.088
-142.246
-141.247
-139.905
-138.71
-137.474
-137.769
-135.669
-134.795
-133.446
-133.701
-131.524
-130.883
-129.513
-128.499
-127.553
-126.54
-125.566
-124.637
-123.627
-122.69
-121.798
-120.839
-119.896
-118.968
-118.009
-117.07
-116.13
-115.181
-114.3
-113.38
-112.437
-111.546
-110.597
-109.66
-108.769
-107.852
-106.983
-106.04
-105.136
-104.319
-103.389
-102.527
-101.638
-100.741
-99.8608
-98.9877
-98.1335
-97.251
-96.3639
-95.5139
-94.6073
-93.7162
-92.8701
-92.0612
-91.3081
-90.537
-89.4656
-88.4692
-87.5893
-86.7753
-85.967
-85.13
-84.3475
-83.4847
-82.6152
-81.8933
-81.1021
-80.1077
-79.2666
-78.4698
-77.7394
-76.9456
-76.1562
-75.3441
-74.5045
-74.8474
-74.7347
-71.5203
-70.0945
-69.4472
-68.7478
-67.9647
-67.1838
-66.4303
-65.6741
-64.9698
-64.2558
-63.5223
-62.8184
-62.1211
-61.4102
-60.7598
-60.0371
-59.359
-58.7495
-58.0566
-57.2856
-56.6633
-56.0144
-55.282
-54.5831
-53.9211
-53.2137
-52.5699
-51.9406
-51.2234
-50.5421
-49.8801
-49.1613
-48.5406
-47.8624
-47.1926
-46.593
-45.9492
-45.302
-44.6519
-43.9734
-43.3347
-42.6547
-42.0261
-41.3855
-40.7543
-40.1402
-39.4835
-38.8133
-38.1237
-37.5141
-36.8542
-36.2035
-35.5535
-34.9738
-34.3246
-33.6925
-33.0551
-32.421
-31.7938
-31.1827
-30.5403
-29.9047
-29.3019
-28.6957
-28.0636
-27.434
-26.8753
-26.2953
-25.6171
-24.9847
-24.3277
-23.7581
-23.1862
-22.5531
-22.0109
-21.4535
-20.8348
-20.1956
-19.6007
-19.0434
-18.4734
-17.8574
-17.264
-16.746
-16.143
-15.5452
-15.016
-14.3933
-13.8164
-13.2448
-12.6249
-12.0352
-11.4769
-10.8855
-10.3148
-9.79376
-9.2843
-8.68744
-8.0961
-7.53546
-7.03555
-6.49484
-5.92422
-5.39328
-4.85742
-4.27765
-3.7265
-3.14642
-2.55814
-2.01758
-1.51788
-0.937439
-0.3508
0.191467
0.712585
1.27344
1.82037
2.34186
2.8743
3.43008
3.93329
4.4743
4.98087
5.5036
6.0528
6.55118
7.06061
7.65085
8.17389
8.68365
9.20157
9.73407
10.2715
10.7833
11.2637
11.7911
12.3008
12.8208
13.2801
13.7813
14.2798
14.77
15.2966
15.775
16.2454
16.7422
17.2224
17.713
18.2211
18.7177
19.1997
19.6622
20.1915
20.6801
21.1544
21.6117
22.1001
22.5821
23.1036
23.5805
24.0723
24.5508
24.9903
25.4712
25.9336
26.3712
26.8028
27.2618
27.7406
28.2012
28.6821
29.1739
29.6215
30.0739
30.5313
30.9907
31.4418
31.8907
32.3501
32.7993
33.2602
33.7094
34.2309
34.6801
35.1313
35.6016
36.0298
36.5118
36.9398
37.3676
37.8075
38.2798
38.6606
39.1016
39.6196
40.0087
40.4223
40.87
41.3192
41.7684
42.1801
42.6118
43.061
43.5282
43.9614
44.3536
44.7719
45.2016
45.6309
46.0329
46.4532
46.9109
47.3403
47.7208
48.1458
48.577
49.0477
49.4907
49.8716
50.2981
50.7114
51.1329
51.5219
51.8915
52.3113
52.713
53.1411
53.543
53.9419
54.3243
54.7605
55.1688
55.5708
55.9282
56.3485
56.7407
57.0903
57.5005
57.9321
58.2981
58.6294
58.9774
59.3891
59.8075
60.1786
60.5673
60.948
61.3188
61.7114
62.0708
62.4239
62.8309
63.2391
63.5985
63.968
64.347
64.6852
65.0462
65.4579
65.8368
66.1786
66.538
66.9087
67.2813
67.6591
68.0493
68.4106
68.7719
69.1298
69.5122
69.8914
70.2391
70.577
70.9482
71.2899
71.6575
72.0302
72.3485
72.6884
73.0712
73.4204
73.7782
74.1278
74.4891
74.8665
75.2376
75.5872
75.9544
76.3177
76.6786
77.0399
77.3305
77.6626
77.9907
78.3387
78.6981
79.0805
79.4419
79.7719
80.0012
80.4526
80.7798
81.2941
82.287
82.6448
82.8428
82.9896
83.2054
83.5276
83.1928
83.5237
84.0801
84.4895
85.1844
85.062
85.5935
86.2125
86.6468
87.1564
86.1856
87.6436
87.9102
88.6915
87.743
89.2031
89.1815
90.0524
90.5118
90.8353
91.174
91.4846
91.7888
92.0888
92.4091
92.7196
93.0236
93.3228
93.6516
93.9892
94.3291
94.6692
94.9728
95.3033
95.6235
95.9106
96.2408
96.5904
96.9012
97.1966
97.5205
97.8603
98.1692
98.5072
98.8224
99.1606
99.5005
99.8212
100.141
100.48
100.77
101.089
101.391
101.748
102.099
102.437
102.782
103.095
103.368
103.582
103.818
104.361
104.877
105.21
105.511
105.785
106.065
106.383
106.707
107.002
107.265
107.594
108.095
108.455
108.746
109.012
109.25
109.523
109.804
110.147
109.216
108.806
112.143
112.778
112.988
113.216
113.45
113.739
114.012
114.275
114.518
114.793
115.028
115.242
115.443
115.664
115.918
116.152
116.363
116.59
116.832
117.04
117.3
117.549
117.78
117.979
118.19
118.409
118.636
118.868
119.096
119.307
119.541
119.767
120.015
120.236
120.462
120.696
120.915
121.145
121.378
121.585
121.817
122.086
122.348
122.569
122.795
123.007
123.257
123.525
123.783
124.005
124.216
124.456
124.667
124.909
125.138
125.386
125.608
125.847
126.067
126.288
126.481
126.706
126.925
127.177
127.399
127.623
127.883
128.115
128.365
128.576
128.795
129.005
129.218
129.429
129.697
129.955
130.185
130.405
130.636
130.841
131.056
131.296
131.533
131.772
131.992
132.226
132.482
132.704
132.945
133.207
133.406
133.596
133.765
134.015
134.284
134.525
134.754
134.973
135.221
135.415
135.636
135.832
136.036
136.282
136.502
136.731
136.979
137.182
137.391
137.601
137.796
138.022
138.242
138.5
138.75
138.953
139.141
139.345
139.582
139.814
140.004
140.215
140.412
140.644
140.883
141.102
141.314
141.512
141.711
141.922
142.141
142.352
142.571
142.763
142.994
143.213
143.461
143.682
143.895
144.071
144.28
144.487
144.719
144.932
145.141
145.336
145.554
145.77
145.963
146.16
146.379
146.629
146.855
147.059
147.272
147.491
147.718
147.932
148.152
148.373
148.581
148.762
148.965
149.162
149.352
149.574
149.773
149.972
150.182
150.37
150.59
150.813
151.03
151.241
151.441
151.659
151.85
152.04
152.221
152.434
152.643
152.872
153.104
153.291
153.468
153.659
153.858
154.072
154.262
154.432
154.612
154.811
155.032
155.223
155.411
155.594
155.77
155.969
156.164
156.381
156.592
156.791
156.991
157.21
157.401
157.588
157.76
157.95
158.133
158.301
158.479
158.661
158.84
159.061
159.25
159.46
159.631
159.821
160.02
160.2
160.399
160.6
160.78
160.973
161.179
161.371
161.559
161.743
161.911
162.12
162.309
162.509
162.68
162.862
163.041
163.259
163.443
163.62
163.809
163.961
164.14
164.339
164.51
164.667
164.896
165.108
165.319
165.49
165.641
165.817
165.971
166.139
166.358
166.53
166.727
166.878
167.041
167.221
167.393
167.561
167.729
167.909
168.079
168.259
168.458
168.639
168.806
168.999
169.19
169.401
169.559
169.709
169.868
170.051
170.257
170.447
170.659
170.829
170.999
171.149
171.309
171.488
171.647
171.807
171.969
172.139
172.349
172.53
172.71
172.89
173.068
173.247
173.417
173.59
173.768
173.938
174.071
174.213
174.381
174.358
174.648
174.871
175.34
176.06
176.284
176.343
176.336
176.369
176.446
175.603
176.088
176.514
176.671
177.303
176.96
177.332
177.827
178.148
178.452
177.343
178.577
178.657
179.315
178.292
179.472
179.311
180.061
180.285
180.442
180.643
180.813
180.965
181.12
181.292
181.442
181.604
181.772
181.961
182.148
182.339
182.519
182.711
182.873
183.033
183.192
183.373
183.569
183.749
183.938
184.108
184.28
184.45
184.6
184.78
184.968
185.148
185.318
185.489
185.661
185.837
186.009
186.208
186.386
186.606
186.787
186.991
187.153
187.261
187.344
187.458
187.883
188.258
188.437
188.581
188.725
188.881
189.037
189.191
189.381
189.517
189.671
190.137
190.3
190.399
190.551
190.675
190.814
190.953
191.142
190.147
189.691
192.42
193.146
193.231
193.403
193.556
193.725
193.881
194.037
194.171
194.306
194.413
194.504
194.611
194.683
194.76
194.847
194.956
195.048
195.164
195.255
195.375
195.494
195.593
195.705
195.796
195.905
196.018
196.118
196.221
196.336
196.463
196.561
196.65
196.74
196.868
196.99
197.072
197.162
197.221
197.319
197.437
197.556
197.714
197.874
198.018
198.102
198.173
198.257
198.378
198.505
198.624
198.755
198.856
198.966
199.083
199.207
199.347
199.468
199.595
199.707
199.788
199.884
200.005
200.134
200.236
200.335
200.465
200.607
200.726
200.853
200.986
201.113
201.214
201.341
201.445
201.566
201.704
201.83
201.947
202.056
202.174
202.293
202.432
202.539
202.654
202.803
202.924
203.044
203.174
203.303
203.433
203.572
203.691
203.812
203.916
204.027
204.156
204.264
204.371
204.486
204.623
204.755
204.877
205.017
205.111
205.195
205.314
205.435
205.57
205.695
205.834
205.951
206.092
206.213
206.34
206.465
206.584
206.669
206.788
206.909
207.035
207.136
207.252
207.363
207.48
207.611
207.742
207.883
207.992
208.111
208.234
208.334
208.443
208.563
208.682
208.795
208.932
209.033
209.162
209.295
209.414
209.54
209.672
209.802
209.895
210.012
210.144
210.26
210.381
210.512
210.633
210.734
210.833
210.963
211.071
211.19
211.281
211.391
211.492
211.621
211.752
211.902
212.03
212.154
212.254
212.355
212.464
212.572
212.683
212.782
212.909
213.02
213.141
213.27
213.373
213.482
213.574
213.703
213.841
213.953
214.063
214.188
214.29
214.4
214.53
214.629
214.749
214.852
214.971
215.082
215.19
215.311
215.428
215.531
215.641
215.782
215.89
215.993
216.12
216.221
216.332
216.442
216.557
216.688
216.819
216.929
217.059
217.164
217.254
217.37
217.461
217.551
217.651
217.77
217.87
217.979
218.09
218.229
218.362
218.491
218.61
218.751
218.9
219.36
354.329
490.122
496.02
499.049
501.276
503.002
504.471
505.669
506.67
507.551
508.399
509.129
509.767
510.378
510.92
511.47
511.909
512.402
512.809
513.15
513.538
513.948
514.278
514.581
514.858
515.157
515.459
515.727
515.977
516.208
516.42
516.631
516.858
517.08
517.319
517.542
517.749
517.937
518.099
518.286
518.476
518.649
518.806
518.938
519.099
519.241
519.38
519.518
519.657
519.817
519.94
520.087
520.228
520.36
520.509
520.629
520.747
520.848
520.959
521.115
521.419
521.695
521.816
521.899
521.958
522.03
521.997
519.7
517.863
518.032
516.447
516.829
522.179
524.585
521.634
519.596
519.646
519.206
519.242
520.206
519.274
519.258
519.269
519.072
516.528
512.637
511.106
514.1
520.826
525.122
527.508
514.049
513.154
515.432
518.815
521.901
523.746
523.871
521.863
521.411
517.718
516.406
517.068
516.959
518.051
517.85
517.936
518.043
519.902
519.543
519.535
519.052
518.919
518.97
519.132
519.338
519.498
519.648
519.74
519.841
520.013
520.153
520.279
520.385
520.519
520.638
520.74
520.831
520.941
521.044
521.125
521.25
521.372
521.475
521.581
521.651
521.732
521.81
521.906
521.998
522.102
522.212
522.305
522.321
522.2
522.18
522.55
522.803
522.895
522.967
523.009
523.044
523.081
523.125
523.166
523.208
522.692
520.942
520.286
519.621
521.879
519.409
516.253
515.59
515.508
518.009
519.426
519.687
519.785
519.855
519.911
519.989
520.118
520.234
517.791
520.343
521.607
521.813
521.873
521.973
522.094
522.227
522.347
522.463
522.53
522.589
522.679
522.767
522.853
522.952
523.063
523.126
523.166
523.244
523.313
523.39
523.45
523.491
523.556
523.597
523.656
523.705
523.772
523.824
523.9
523.955
524.025
524.096
524.161
524.226
524.269
524.259
524.267
524.274
524.301
524.385
524.483
524.524
524.555
524.579
524.597
524.641
524.664
524.708
524.757
524.808
524.842
524.874
524.922
524.955
524.986
525.022
525.056
525.066
525.092
525.141
525.174
525.213
525.215
525.241
525.249
525.257
525.288
525.322
525.354
525.403
525.425
525.451
525.466
525.486
525.517
525.532
525.574
525.616
525.649
525.677
525.706
525.744
525.762
525.767
525.793
525.815
525.836
525.847
525.873
525.914
525.925
525.952
525.993
526.027
526.045
526.074
526.114
526.151
526.154
526.174
526.183
526.197
526.207
526.224
526.246
526.275
526.285
526.316
526.345
526.347
526.385
526.425
526.44
526.429
526.443
526.478
526.514
526.553
526.582
526.626
526.615
526.62
526.611
526.579
526.599
526.588
526.602
526.633
526.646
526.667
526.677
526.715
526.763
526.796
526.801
526.819
526.84
526.844
526.847
526.903
526.927
526.928
526.947
526.942
526.924
526.955
526.984
527.015
527.045
527.068
527.076
527.1
527.12
527.138
527.151
527.179
527.19
527.208
527.207
527.236
527.247
527.27
527.316
527.342
527.361
527.363
527.401
527.411
527.402
527.401
527.413
527.421
527.421
527.427
527.465
527.488
527.504
527.54
527.578
527.6
527.618
527.62
527.638
527.649
527.667
527.659
527.68
527.688
527.693
527.693
527.692
527.711
527.718
527.731
527.745
527.765
527.798
527.809
527.836
527.847
527.839
527.839
527.85
527.858
527.87
527.879
527.909
527.918
527.938
527.938
527.976
527.989
527.981
527.979
528.01
528.014
528.014
528.007
528.016
528.038
528.023
528.03
528.048
528.059
528.089
528.082
528.099
528.126
528.159
528.164
528.159
528.169
528.186
528.196
528.208
528.227
528.238
528.257
528.268
528.29
528.281
528.273
528.273
528.264
528.27
528.278
528.281
528.306
528.317
528.357
528.361
528.386
528.389
528.391
528.399
528.399
528.427
528.46
528.478
528.491
528.491
528.518
528.53
528.512
528.517
528.538
528.548
528.549
528.541
528.569
528.587
528.588
528.59
528.608
528.63
528.628
528.65
528.653
528.641
528.647
528.652
528.661
528.652
528.659
528.677
528.692
528.692
528.708
528.727
528.74
528.734
528.719
528.731
528.731
528.721
528.729
528.739
528.778
528.817
528.535
528.713
528.862
528.906
528.899
528.935
528.951
528.977
529.014
529.033
529.053
529.063
529.089
529.122
529.123
529.152
529.161
529.182
529.18
529.2
529.219
529.232
529.25
529.257
529.28
529.298
529.327
529.327
529.327
529.356
529.368
529.379
529.388
529.429
529.465
529.478
529.488
529.515
529.519
529.52
529.52
529.522
529.527
529.516
529.512
529.507
530.202
529.149
529.46
529.506
529.531
529.51
529.497
529.496
529.536
529.538
529.569
529.584
529.592
529.586
529.584
529.595
529.596
529.595
529.605
529.607
529.595
529.603
529.612
529.592
529.591
529.589
529.563
529.559
529.569
529.559
529.576
529.579
529.586
529.587
529.587
529.569
529.569
529.561
529.55
529.551
529.576
529.599
529.599
529.613
529.628
529.648
529.629
529.647
529.629
529.659
529.675
529.687
529.687
529.705
529.718
529.728
529.736
529.745
529.767
529.79
529.818
529.819
529.811
529.809
529.798
529.808
529.821
529.827
529.821
529.806
529.809
529.811
529.817
529.821
529.829
529.849
529.868
529.858
529.876
529.896
529.915
529.928
529.94
529.95
529.96
529.938
529.932
529.938
529.969
529.973
529.973
529.999
530.012
530.02
530.009
530
530.004
530.012
530.004
530.02
530.023
530.022
530.012
530.009
530.011
530.018
530.028
530.049
530.077
530.1
530.092
530.118
530.128
530.111
530.111
530.11
530.118
530.139
530.151
530.131
530.149
530.167
530.169
530.139
530.147
530.131
530.12
530.118
530.128
530.126
530.126
530.136
530.138
530.133
530.148
530.151
530.157
530.169
530.169
530.164
530.177
530.179
530.187
530.21
530.234
530.239
530.259
530.265
530.267
530.275
530.288
530.279
530.251
530.265
530.267
530.267
530.268
530.285
530.295
530.314
530.326
530.337
530.336
530.329
530.346
530.337
530.345
530.347
530.349
530.337
530.347
530.34
530.325
530.335
530.345
530.345
530.349
530.347
530.374
530.388
530.378
529.839
530.099
530.374
529.378
529.284
529.432
529.566
529.539
530.467
532.117
533.351
536.566
536.379
533.439
532.403
532.451
532.515
532.549
532.552
528.211
526.89
527.444
527.62
526.958
521.877
515.467
510.906
511.34
513.53
529.022
538.173
518.335
512.361
513.2
516.463
518.091
518.806
518.763
519.204
527.157
530.232
530.93
531.17
531.349
531.444
531.616
526.372
521.591
