-1.23453
-0.780609
-0.593811
-0.535217
-0.54007
-0.442352
-0.780609
-0.649841
-0.0630493
-0.659058
0.136322
-0.558655
0.399994
-0.608734
-0.169769
-0.774689
0.343201
0.504608
0.468292
-5.33E-15
0.17572
-0.16217
-0.174835
-0.542023
-0.809906
-0.782257
-0.891937
-1.80173
-2.10873
-10.9323
13.2995
21.7311
28.4306
32.3991
34.3682
35.3474
35.9334
36.3143
36.6116
36.8717
37.1393
37.4402
37.71
37.9487
38.1855
38.4339
38.6859
38.9503
39.1956
39.4437
39.676
39.9339
40.1741
40.3948
40.5905
40.8081
41.0304
41.2398
41.4371
41.653
41.8836
42.1106
42.2937
42.4323
42.5139
42.5677
42.9103
43.2909
43.4488
43.5648
43.7234
43.8522
43.9827
44.1136
44.2347
44.3441
44.1079
42.5593
41.9878
41.8344
42.0937
43.8402
42.897
45.8831
46.9103
46.8639
46.9458
47.0457
47.1399
47.2034
47.2409
47.2867
47.3049
47.3323
47.3862
47.4268
47.4482
47.4577
47.4693
47.4709
47.4595
47.4514
47.4401
47.4287
47.4401
47.44
47.4397
47.4401
47.4513
47.4498
47.4678
47.4889
47.4888
47.5002
47.4986
47.5085
47.5182
47.5283
47.5413
47.5592
47.5791
47.5838
47.5744
47.5611
47.5596
47.5807
47.5905
47.6103
47.6393
47.6592
47.6822
47.6979
47.7162
47.7373
47.76
47.7881
47.8092
47.8584
47.8799
47.9221
47.9518
47.9877
48.012
48.071
48.1138
48.1409
48.2197
48.3108
48.4693
46.3436
7.96814
5.61624
5.23734
5.08072
4.98923
4.92212
4.90094
4.86508
4.8486
4.83853
4.83694
4.83884
4.83072
4.8111
4.819
4.819
4.82913
4.83728
4.84048
4.87796
4.90765
4.90445
4.9108
4.89783
4.92563
4.90921
4.89944
4.89594
4.88773
4.88806
4.89908
4.88968
4.88962
4.87955
4.85016
4.8483
4.819
4.82758
4.82751
4.82913
4.82095
4.82913
4.80759
4.77835
4.77679
4.75571
4.75726
4.73773
4.74585
4.75531
4.73538
4.75687
4.75882
4.75876
4.75845
4.75064
4.74585
4.73734
4.76352
4.8143
4.89594
4.97952
5.04828
5.09705
5.07367
5.0264
4.84866
1.96429
0.247498
-0.672424
-1.07092
2.91702
6.78461
4.95804
1.20648
0.979462
0.729523
0.340485
0.765381
-0.234924
-0.0962524
-0.161102
-0.133362
-1.84235
-4.98297
-7.1514
-7.27084
-0.670868
4.4975
7.59546
-1.04196
-7.04352
-5.47476
-3.85562
0.954529
2.96625
3.435
3.48767
3.49869
3.58853
3.94821
4.34671
3.42523
5.01352
4.46625
4.52679
4.54477
5.86353
5.04477
5.31937
5.08774
5.25375
5.48572
5.66547
5.81586
5.83734
5.7475
5.61664
5.47446
5.31586
5.15765
4.98608
4.83344
4.67368
4.45453
4.27835
4.32602
4.55609
3.95648
3.35687
-30.9748
-215.544
-195.424
-183.792
-182.684
-186.194
-189.656
-192.471
-194.753
-196.686
-198.192
-199.354
-200.014
-200.295
-200.317
-200.165
-199.817
-199.376
-198.849
-198.227
-197.495
-196.684
-195.758
-194.823
-193.911
-192.875
-191.875
-190.867
-189.727
-188.586
-187.483
-186.385
-185.243
-184.032
-182.762
-181.527
-180.308
-179.035
-177.766
-176.526
-175.266
-174.022
-172.795
-171.543
-170.333
-169.073
-167.785
-166.473
-165.205
-163.945
-162.715
-161.436
-160.203
-158.922
-157.682
-156.457
-155.215
-153.973
-152.753
-151.504
-150.205
-148.967
-147.686
-146.486
-145.235
-144.004
-142.735
-141.552
-140.313
-139.104
-137.895
-136.666
-135.473
-134.256
-133.096
-131.945
-130.749
-129.506
-128.277
-127.107
-125.888
-124.727
-123.575
-122.436
-121.276
-120.116
-118.955
-117.836
-116.666
-115.508
-114.357
-113.236
-112.106
-111.004
-109.926
-108.824
-107.684
-106.584
-105.467
-104.367
-103.328
-102.238
-101.251
-100.267
-99.2452
-97.8834
-96.1329
-95.0923
-94.1981
-93.2802
-92.3891
-91.4594
-91.0662
-90.2232
-88.7847
-87.641
-86.3196
-85.2528
-84.5363
-83.0475
-81.855
-80.6297
-80.8159
-78.7669
-77.7971
-76.3063
-76.8949
-74.474
-73.8937
-72.3394
-71.2653
-70.3177
-69.259
-68.2048
-67.2816
-66.3212
-65.3899
-64.4727
-63.4857
-62.5645
-61.6313
-60.6853
-59.7149
-58.7966
-57.8618
-56.906
-55.9536
-55.0338
-54.143
-53.2657
-52.3259
-51.429
-50.5192
-49.5958
-48.697
-47.7833
-46.8865
-46.0239
-45.1446
-44.2064
-43.336
-42.4434
-41.5485
-40.6735
-39.7588
-38.8469
-37.9989
-37.1216
-36.2227
-35.3649
-34.5748
-33.8577
-33.0153
-31.8869
-30.8926
-30.1002
-29.3114
-28.4927
-27.6137
-26.7623
-25.9208
-25.1002
-24.336
-23.3526
-22.3967
-21.5415
-20.736
-19.9731
-19.1412
-18.3884
-17.6267
-16.8423
-17.0607
-17.4595
-13.6698
-12.0313
-11.2046
-10.3629
-9.50696
-8.64413
-7.88287
-7.15594
-6.38022
-5.60406
-4.89819
-4.24475
-3.58304
-2.91116
-2.23303
-1.55179
-0.908051
-0.251404
0.438446
1.11813
1.82242
2.51352
3.17398
3.89438
4.53491
5.22281
5.92368
6.57242
7.16226
7.86313
8.54468
9.16541
9.80563
10.4741
11.1052
11.7341
12.3923
13.0147
13.5873
14.2556
14.9318
15.5248
16.1642
16.8323
17.424
18.0349
18.7143
19.3716
19.9626
20.5869
21.2146
21.8404
22.4807
23.0806
23.7327
24.3419
24.9545
25.5447
26.1658
26.8045
27.4138
27.9845
28.5643
29.213
29.8323
30.3947
30.9595
31.61
32.1799
32.7916
33.4217
34.0607
34.6427
35.2502
35.8482
36.4495
37.0201
37.569
38.1213
38.7111
39.2931
39.876
40.4127
40.9728
41.5346
42.1427
42.6932
43.2439
43.7865
44.3404
44.8795
45.4401
46.0005
46.5983
47.108
47.6229
48.1689
48.7471
49.2959
49.8795
50.4697
51.0397
51.5509
52.0936
52.6084
53.1377
53.708
54.2686
54.826
55.3978
55.9381
56.4596
56.9287
57.4792
57.9694
58.517
59.012
59.5396
60.0772
60.5608
61.0381
61.5788
62.0889
62.5595
63.0901
63.5772
64.1185
64.6198
65.1198
65.5771
66.1162
66.6397
67.1592
67.6268
68.1267
68.6162
69.126
69.61
70.1068
70.569
70.9991
71.499
72.0284
72.5186
72.9596
73.4142
73.9417
74.4013
74.919
75.4092
75.8666
76.3057
76.778
77.2979
77.749
78.1784
78.6655
79.1768
79.6248
80.0873
80.5459
81.0069
81.5069
81.9369
82.3662
82.819
83.2767
83.7373
84.2065
84.6198
85.0381
85.4974
85.9561
86.3682
86.8291
87.2966
87.708
88.1834
88.6459
89.0463
89.4745
89.9565
90.4077
90.8685
91.2784
91.6983
92.1393
92.5775
93.0053
93.419
93.8569
94.2866
94.7049
95.1264
95.5873
96.0057
96.3881
96.8061
97.1983
97.5776
98.0073
98.3978
98.8159
99.2373
99.6674
100.057
100.448
100.888
101.296
101.665
102.085
102.464
102.855
103.257
103.671
104.046
104.445
104.897
105.308
105.676
106.076
106.486
106.906
107.277
107.646
108.054
108.425
108.788
109.167
109.585
109.968
110.326
110.726
111.144
111.537
111.904
112.283
112.646
113.017
113.396
113.775
114.136
114.517
114.904
115.275
115.644
116.017
116.367
116.706
117.086
117.448
117.786
118.144
118.515
118.837
119.206
119.576
119.908
120.285
120.644
120.976
121.375
121.775
122.143
122.484
122.846
123.207
123.578
123.916
124.257
124.605
124.945
125.314
125.693
126.025
126.345
126.677
127.025
127.394
127.737
128.094
128.447
128.795
129.115
129.465
129.814
130.164
130.535
130.875
131.164
131.484
131.795
132.086
132.404
132.736
133.084
133.396
133.708
134.069
134.352
134.442
134.638
135.079
136.119
136.398
136.604
136.695
136.862
137.07
136.602
137.008
137.63
138.042
138.725
138.774
139.08
139.807
140.304
140.68
139.769
141.332
141.423
142.259
140.874
142.76
142.67
143.663
144.004
144.341
144.681
145.021
145.387
145.71
146.014
146.323
146.607
146.924
147.275
147.583
147.863
148.156
148.474
148.769
149.048
149.367
149.687
150.012
150.342
150.653
150.955
151.285
151.573
151.864
152.162
152.486
152.795
153.114
153.434
153.754
154.071
154.395
154.707
155.04
155.362
155.651
155.995
156.262
156.533
156.705
157.029
157.66
158.094
158.404
158.699
158.987
159.277
159.543
159.831
160.112
160.369
160.761
161.219
161.496
161.768
162.033
162.29
162.55
162.831
163.115
162.331
161.473
165.219
166.297
166.527
166.809
167.113
167.403
167.671
167.919
168.18
168.466
168.692
168.906
169.128
169.32
169.51
169.691
169.93
170.149
170.339
170.519
170.726
170.946
171.177
171.388
171.587
171.775
171.955
172.195
172.455
172.674
172.894
173.079
173.316
173.535
173.763
174.004
174.236
174.407
174.628
174.856
175.056
175.28
175.512
175.732
175.924
176.123
176.306
176.504
176.734
177.001
177.218
177.415
177.624
177.837
178.07
178.293
178.51
178.723
178.914
179.123
179.314
179.503
179.74
179.963
180.201
180.435
180.646
180.834
181.045
181.26
181.473
181.662
181.886
182.113
182.342
182.582
182.811
183.012
183.2
183.422
183.623
183.862
184.071
184.291
184.52
184.732
184.95
185.17
185.371
185.569
185.751
185.95
186.17
186.37
186.61
186.839
187.055
187.241
187.451
187.692
187.893
188.092
188.281
188.491
188.702
188.901
189.101
189.31
189.526
189.736
189.969
190.18
190.388
190.579
190.77
190.989
191.219
191.43
191.617
191.819
192.04
192.269
192.461
192.647
192.84
193.049
193.249
193.456
193.656
193.868
194.066
194.25
194.429
194.608
194.828
195.041
195.218
195.439
195.608
195.809
196.026
196.259
196.45
196.62
196.799
196.999
197.206
197.388
197.587
197.779
197.997
198.189
198.391
198.591
198.79
198.981
199.178
199.368
199.56
199.757
199.958
200.138
200.306
200.486
200.698
200.907
201.089
201.278
201.447
201.667
201.874
202.066
202.236
202.429
202.605
202.755
202.945
203.177
203.421
203.626
203.798
203.966
204.156
204.351
204.529
204.72
204.909
205.108
205.29
205.478
205.669
205.878
206.068
206.257
206.447
206.615
206.785
206.994
207.165
207.327
207.499
207.676
207.865
208.04
208.216
208.388
208.554
208.728
208.906
209.067
209.247
209.425
209.605
209.785
209.946
210.123
210.305
210.488
210.677
210.865
211.029
211.199
211.357
211.525
211.713
211.891
212.082
212.273
212.474
212.658
212.837
212.997
213.136
213.305
213.514
213.687
213.878
214.046
214.216
214.399
214.568
214.726
214.876
215.048
215.234
215.445
215.626
215.79
215.949
216.097
216.259
216.409
216.568
216.736
216.906
217.085
217.273
217.451
217.631
217.801
217.973
218.151
218.305
218.466
218.654
218.814
218.984
219.138
219.287
219.465
219.619
219.805
219.966
220.126
220.273
220.427
220.579
220.749
220.919
221.056
221.228
221.396
221.555
221.728
221.894
222.087
222.265
222.435
222.596
222.764
222.926
223.115
223.295
223.437
223.587
223.756
223.886
224.035
224.176
224.244
224.32
224.218
224.734
225.456
225.609
225.617
225.578
225.588
225.563
224.865
225.183
225.63
225.822
226.6
226.258
226.549
227.114
227.402
227.512
226.59
228.139
227.983
228.482
227.166
228.611
228.753
229.431
229.599
229.784
229.975
230.186
230.38
230.562
230.702
230.873
231.037
231.215
231.376
231.524
231.666
231.796
231.947
232.099
232.256
232.424
232.604
232.784
232.973
233.133
233.305
233.447
233.605
233.766
233.924
234.074
234.254
234.414
234.596
234.774
234.912
235.084
235.262
235.432
235.646
235.857
236.073
236.23
236.316
236.37
236.591
237.005
237.313
237.519
237.669
237.826
237.95
238.1
238.221
238.349
238.401
238.884
239.173
239.285
239.416
239.527
239.657
239.771
239.897
240.041
239.163
237.872
241.437
242.462
242.668
242.877
243.091
243.303
243.477
243.655
243.774
243.879
243.963
244.035
244.119
244.182
244.26
244.33
244.392
244.452
244.52
244.579
244.683
244.775
244.856
244.964
245.056
245.167
245.263
245.344
245.445
245.533
245.615
245.734
245.826
245.915
246.015
246.133
246.234
246.306
246.378
246.456
246.546
246.636
246.716
246.804
246.885
246.956
247.053
247.152
247.283
247.401
247.513
247.643
247.746
247.855
247.955
248.045
248.154
248.236
248.335
248.414
248.495
248.574
248.692
248.814
248.915
249.006
249.076
249.193
249.285
249.385
249.52
249.635
249.762
249.893
249.985
250.094
250.205
250.32
250.414
250.512
250.603
250.69
250.785
250.881
250.992
251.094
251.201
251.31
251.44
251.571
251.692
251.78
251.907
252.009
252.119
252.251
252.37
252.465
252.574
252.678
252.764
252.871
252.981
253.079
253.206
253.331
253.47
253.567
253.662
253.79
253.901
254.003
254.13
254.249
254.39
254.492
254.571
254.67
254.782
254.899
255.012
255.092
255.198
255.292
255.41
255.507
255.608
255.724
255.85
255.956
256.049
256.159
256.276
256.371
256.468
256.571
256.678
256.786
256.897
257.007
257.126
257.246
257.349
257.458
257.53
257.63
257.719
257.819
257.937
258.049
258.151
258.261
258.362
258.458
258.54
258.649
258.759
258.849
258.956
259.058
259.171
259.278
259.411
259.53
259.63
259.719
259.819
259.927
260.048
260.157
260.267
260.385
260.486
260.585
260.687
260.778
260.89
261.019
261.139
261.247
261.339
261.427
261.528
261.623
261.718
261.817
261.919
262.027
262.126
262.198
262.297
262.406
262.504
262.615
262.716
262.844
262.974
263.094
263.183
263.246
263.337
263.458
263.566
263.667
263.767
263.855
263.958
264.038
264.136
264.22
264.326
264.425
264.503
264.607
264.708
264.798
264.898
265.007
265.126
265.226
265.329
265.447
265.578
265.736
265.958
368.335
484.589
490.908
493.956
496.255
498.025
499.425
500.685
501.697
502.586
503.38
504.144
504.816
505.396
505.976
506.448
506.875
507.345
507.796
508.216
508.586
508.916
509.248
509.558
509.865
510.176
510.474
510.746
510.986
511.236
511.455
511.695
511.904
512.134
512.353
512.555
512.766
512.966
513.146
513.316
513.476
513.631
513.793
513.935
514.115
514.236
514.375
514.543
514.674
514.834
514.973
515.096
515.242
515.346
515.465
515.576
515.705
515.835
515.945
516.078
516.417
516.937
517.019
517.037
517.045
517.076
516.994
515.216
512.996
513.133
511.306
511.988
517.728
520.187
517.193
514.641
514.371
513.981
514.189
514.758
513.741
513.627
513.493
513.3
510.09
506.925
505.346
506.795
514.831
520.219
522.247
509.64
507.624
509.674
510.733
516.898
518.005
518.792
514.377
518.446
513.069
511.666
511.709
511.284
512.584
512.376
512.419
512.611
513.093
514.79
513.415
514.145
513.422
513.431
513.603
513.752
513.915
514.068
514.196
514.313
514.451
514.591
514.719
514.859
515.011
515.135
515.253
515.366
515.469
515.565
515.686
515.784
515.875
515.968
516.062
516.141
516.236
516.329
516.437
516.54
516.622
516.687
516.669
516.607
516.675
517.023
517.26
517.338
517.398
517.443
517.503
517.545
517.569
517.6
517.577
515.982
514.339
513.935
514.085
513.974
513.579
516.598
512.835
510.692
513.415
514.262
514.292
514.215
514.236
514.283
514.324
514.386
514.479
512.015
514.121
516.175
516.813
517.012
517.182
517.369
517.504
517.627
517.759
517.837
517.893
517.952
518.064
518.194
518.287
518.378
518.44
518.499
518.542
518.589
518.63
518.679
518.744
518.805
518.862
518.919
518.971
519.017
519.084
519.136
519.164
519.174
519.231
519.266
519.313
519.372
519.441
519.475
519.512
519.556
519.569
519.58
519.625
519.674
519.723
519.767
519.798
519.821
519.877
519.935
519.996
520.027
520.066
520.097
520.138
520.185
520.22
520.27
520.292
520.29
520.301
520.328
520.359
520.405
520.437
520.471
520.475
520.465
520.479
520.519
520.548
520.569
520.609
520.631
520.621
520.653
520.689
520.718
520.785
520.817
520.826
520.823
520.85
520.88
520.919
520.97
520.998
521.04
521.051
521.081
521.083
521.118
521.158
521.171
521.197
521.228
521.251
521.27
521.292
521.31
521.33
521.36
521.381
521.386
521.408
521.401
521.431
521.441
521.45
521.471
521.483
521.504
521.525
521.55
521.558
521.571
521.579
521.6
521.591
521.63
521.646
521.705
521.731
521.731
521.749
521.78
521.805
521.839
521.849
521.868
521.863
521.881
521.875
521.88
521.909
521.929
521.942
521.96
521.962
521.981
521.991
522.02
522.032
522.042
522.049
522.061
522.073
522.097
522.122
522.143
522.163
522.174
522.18
522.19
522.221
522.233
522.259
522.264
522.262
522.277
522.283
522.303
522.309
522.332
522.359
522.351
522.368
522.363
522.346
522.342
522.333
522.35
522.353
522.371
522.401
522.422
522.435
522.442
522.479
522.501
522.502
522.53
522.55
522.587
522.602
522.584
522.584
522.592
522.592
522.585
522.592
522.618
522.649
522.672
522.69
522.72
522.749
522.749
522.77
522.76
522.783
522.795
522.795
522.821
522.834
522.86
522.86
522.872
522.872
522.855
522.855
522.855
522.855
522.854
522.862
522.883
522.895
522.903
522.894
522.912
522.932
522.924
522.933
522.942
522.952
522.978
522.999
523.012
523.012
523.028
523.037
523.037
523.045
523.062
523.083
523.096
523.092
523.115
523.115
523.124
523.123
523.123
523.141
523.136
523.143
523.164
523.181
523.172
523.171
523.185
523.172
523.164
523.162
523.172
523.192
523.2
523.211
523.241
523.269
523.301
523.331
523.34
523.37
523.371
523.363
523.378
523.367
523.375
523.375
523.391
523.394
523.403
523.395
523.411
523.429
523.453
523.44
523.451
523.467
523.476
523.503
523.507
523.524
523.535
523.561
523.574
523.574
523.582
523.614
523.641
523.643
523.661
523.666
523.674
523.684
523.676
523.676
523.674
523.682
523.683
523.373
523.517
523.453
523.483
523.484
523.531
523.548
523.544
523.554
523.56
523.56
523.571
523.604
523.635
523.651
523.675
523.675
523.677
523.677
523.677
523.679
523.677
523.697
523.698
523.716
523.744
523.737
523.746
523.773
523.775
523.775
523.795
523.807
523.824
523.842
523.851
523.872
523.893
523.914
523.932
523.945
523.937
523.925
523.933
523.916
523.896
523.896
523.885
524.421
523.906
523.918
523.808
523.773
523.758
523.75
523.754
523.775
523.785
523.807
523.8
523.76
523.766
523.75
523.742
523.731
523.729
523.744
523.746
523.744
523.726
523.724
523.715
523.713
523.713
523.705
523.724
523.716
523.735
523.718
523.707
523.707
523.705
523.697
523.687
523.687
523.676
523.671
523.671
523.674
523.666
523.682
523.682
523.692
523.695
523.685
523.693
523.685
523.664
523.673
523.691
523.692
523.685
523.695
523.721
523.731
523.742
523.74
523.75
523.754
523.746
523.764
523.755
523.767
523.757
523.757
523.775
523.759
523.739
523.738
523.754
523.772
523.767
523.767
523.767
523.764
523.764
523.764
523.765
523.765
523.775
523.793
523.798
523.805
523.823
523.852
523.871
523.903
523.906
523.904
523.885
523.876
523.856
523.866
523.847
523.875
523.896
523.906
523.927
523.921
523.937
523.93
523.911
523.907
523.917
523.922
523.917
523.942
523.945
523.944
523.948
523.947
523.958
523.966
523.97
523.968
523.968
523.983
523.992
523.996
524.004
523.994
524.002
523.986
523.986
523.992
523.996
523.986
524.016
524.015
524.014
524.012
524.004
524.028
524.03
524.059
524.063
524.09
524.12
524.123
524.151
524.153
524.133
524.151
524.144
524.144
524.144
524.135
524.126
524.13
524.121
524.13
524.131
524.133
524.151
524.144
524.172
524.182
524.202
524.203
524.215
524.233
524.259
524.274
524.282
524.292
524.303
524.303
524.283
524.281
524.28
524.28
524.282
524.282
524.28
524.29
524.303
524.313
524.342
524.373
523.72
524.171
523.887
523.407
523.328
523.398
523.503
523.694
524.813
526.295
527.936
530.896
530.14
526.488
526.258
526.335
526.372
526.383
526.443
521.087
520.814
521.278
521.54
520.255
513.993
507.409
503.394
505.406
509.041
526.773
530.869
508.193
504.365
506.495
509.983
511.615
511.926
511.962
513.907
521.881
524.303
524.751
524.955
525.138
525.276
525.464
522.373
516.673
