-0.1820785
-0.1727065
-0.17128
-0.1754105
-0.175545
-0.185176
-0.201094
-0.205162
-0.214656
-0.2180575
-0.21485
-0.210991
-0.199405
-0.192351
-0.180336
-0.1783175
-0.1791215
-0.1737855
-0.1691725
-0.1645295
-0.1592635
-0.161064
-0.169348
-0.166812
-0.1685255
-0.1706545
-0.171347
-0.167076
-0.1632095
-0.167726
-0.1637725
-0.1419035
-0.119522
-0.102228
-0.0863085
-0.0735105
-0.0825895
-0.088225
-0.098976
-0.105081
-0.10385
-0.1051195
-0.1002945
-0.1009005
-0.089699
-0.089482
-0.0943695
-0.0961945
-0.096747
-0.095178
-0.1020295
-0.114517
-0.135161
-0.3510955
0.173843
-0.0498159
-0.161156
0.18943
-0.708965
0.1786475
-0.3004895
-0.1494605
-0.1942105
-0.1743345
-0.2012345
-0.208525
-0.2021255
-0.1981385
-0.195099
-0.184543
-0.181473
-0.1762755
-0.1707335
-0.1741485
-0.1607285
-0.1550615
-0.1469955
-0.137906
-0.142285
-0.1432145
-0.135063
-0.1344225
-0.122386
-0.10692
-0.0961775
-0.0925445
-0.0857085
-0.0814605
-0.0663225
-0.0529925
-0.04367375
-0.03572695
-0.0301041
-0.0286103
-0.0358338
-0.0311432
-0.02453925
-0.0171143
-0.0115357
-3.17E-03
0.0065857
0.0084732
0.01620635
0.0218338
0.02690125
0.0394104
0.04295345
0.0445648
0.0398468
0.0444183
0.0554125
0.05757
0.065622
0.085034
0.0958955
0.1012085
0.1143265
0.131201
0.1397935
0.150894
0.171707
0.1807005
0.194214
0.1984785
0.2015305
0.2038485
0.2115495
0.211905
0.2182085
0.222862
0.22538
0.2432325
0.2466795
0.2587295
0.258969
0.2701795
0.282385
0.292978
0.3032305
0.314949
0.320845
0.3260955
0.3306715
0.3349165
0.3445175
0.35289
0.361139
0.3611585
0.364647
0.367203
0.3801485
0.3886045
0.39299
0.400833
0.414746
0.422989
0.425322
0.4377015
0.456352
0.476796
0.481616
0.4972885
0.505465
0.510745
0.5122
0.516985
0.524425
0.528475
0.55001
0.56122
0.57388
0.58704
0.5906
0.59282
0.59607
0.60063
0.60154
0.611455
0.634395
0.63645
0.64078
0.658135
0.663155
0.671845
0.679975
0.67906
0.683805
0.688405
0.68857
0.67715
0.677615
0.687705
0.6961
0.711425
0.71719
0.728855
0.740205
0.756415
0.75778
0.76516
0.779205
0.79017
0.790235
0.794745
0.79786
0.804045
0.806175
0.810405
0.821845
0.82009
0.8227
0.824505
0.83911
0.849465
0.854225
0.86982
0.89258
0.901865
0.91409
0.926765
0.942705
0.947875
0.961275
0.976335
0.98684
0.986145
0.98586
0.998335
0.995115
0.99264
0.998205
1.006105
1.014075
1.02269
1.033955
1.04113
1.042605
1.05204
1.052435
1.066085
1.072645
1.082975
1.09301
1.10206
1.120835
1.13372
1.13323
1.140905
1.151805
1.15911
1.165245
1.177405
1.18532
1.193245
1.20698
1.207145
1.21807
1.221855
1.22465
1.22601
1.22536
1.22907
1.234035
1.237315
1.24424
1.25843
1.266715
1.28024
1.28414
1.295885
1.30841
1.310085
1.313265
1.323745
1.331845
1.332235
1.34307
1.35737
1.36813
1.37703
1.38854
1.40362
1.4085
1.41845
1.422275
1.43674
1.44152
1.44642
1.451365
1.460935
1.475065
1.47486
1.479035
1.49006
1.49765
1.49865
1.491225
1.49472
1.49864
1.501575
1.499915
1.50531
1.50709
1.512235
1.51429
1.51718
1.52881
1.534315
1.536225
1.550895
1.557335
1.55805
1.56431
1.57511
1.586715
1.59441
1.608825
1.619605
1.62347
1.62476
1.638805
1.64419
1.64507
1.6514
1.65782
1.65743
1.666
1.673155
1.67885
1.68956
1.69413
1.708015
1.708215
1.717925
1.727965
1.72748
1.73314
1.742135
1.74667
1.7537
1.76007
1.7689
1.77713
1.77868
1.7719
1.776475
1.78218
1.787685
1.78839
1.793585
1.81135
1.825875
1.83965
1.85327
1.872875
1.886835
1.896505
1.901575
1.908485
1.898755
2.015595
1.75161
2.111545
2.10396
2.118585
2.133185
2.139945
2.146925
2.146405
2.174745
2.182945
2.179715
2.20589
2.21513
2.215625
2.236665
2.22485
2.22026
2.20651
2.20672
2.279835
2.317995
2.299015
2.26741
2.276875
2.299055
2.31019
2.309835
2.30597
2.31384
2.329065
2.33081
2.329075
2.32942
2.324395
2.318995
2.31736
2.32246
2.324585
2.32988
2.327715
2.326525
2.32731
2.31608
2.31475
2.309765
2.31434
2.31802
2.326455
2.33789
2.352055
2.370325
2.37434
2.37677
2.372405
2.371445
2.37407
2.37337
2.38012
2.382655
2.39506
2.39884
2.406165
2.40487
2.40799
2.39387
2.368395
2.353075
2.34755
2.337195
2.35902
2.387835
2.408995
2.431415
2.434035
2.433685
2.443775
2.44499
2.3869
2.305085
2.323505
2.38377
2.427755
2.44103
2.44583
2.446625
2.444375
2.462635
2.49253
2.31154
1.754805
3.20182
2.25089
2.29285
2.31097
2.30759
2.30835
2.29759
2.278065
2.26007
2.250335
2.256155
2.26065
2.26622
2.278325
2.28244
2.28803
2.281515
2.28285
2.28147
2.28981
2.29795
2.307175
2.30863
2.30812
2.31766
2.319785
2.336545
2.355665
2.372885
2.387245
2.39144
2.38929
2.39471
2.3952
2.40166
2.404485
2.42
2.435725
2.446285
2.450185
2.463815
2.471335
2.483605
2.49433
2.500865
2.50947
2.519985
2.53434
2.541765
2.55551
2.57233
2.5781
2.57987
2.587725
2.58819
2.58879
2.599105
2.60725
2.621525
2.63712
2.647565
2.651145
2.65286
2.65703
2.664185
2.68082
2.69181
2.70479
2.71411
2.724465
2.732
2.735795
2.743285
2.760785
2.762115
2.764735
2.77661
2.78451
2.782485
2.792545
2.795525
2.802025
2.80052
2.80615
2.817855
2.82963
2.847585
2.86837
2.87942
2.895485
2.91458
2.926125
2.940815
2.95463
2.96157
2.97001
2.984105
3.002825
3.019215
3.03894
3.053925
3.06716
3.079545
3.088285
3.096375
3.1034
3.11862
3.12186
3.13451
3.15176
3.165125
3.17942
3.180895
3.18338
3.1891
3.19216
3.1977
3.208565
3.223905
3.232055
3.241495
3.25774
3.261865
3.268175
3.280045
3.290725
3.30303
3.32006
3.335155
3.34032
3.34621
3.355105
3.36572
3.3702
3.381705
3.39126
3.39945
3.408425
3.41509
3.426795
3.436355
3.436575
3.45187
3.46612
3.47755
3.488675
3.50235
3.516695
3.53019
3.53949
3.552715
3.55435
3.563395
3.57447
3.58371
3.582805
3.59358
3.60185
3.60696
3.614985
3.62192
3.633515
3.63839
3.646765
3.655665
3.662095
3.674205
3.68403
3.69876
3.72327
3.73304
3.747635
3.75978
3.77522
3.785125
3.78028
3.78558
3.78718
3.801385
3.81849
3.829215
3.846
3.85823
3.873335
3.877785
3.88311
3.89314
3.898755
3.905655
3.924405
3.940225
3.94905
3.96345
3.96973
3.97745
3.979715
3.99328
4.00776
4.01412
4.01876
4.03049
4.044555
4.05726
4.06796
4.07888
4.08841
4.101165
4.114365
4.11421
4.12288
4.124075
4.127155
4.12706
4.133895
4.14757
4.1596
4.167885
4.178965
4.1852
4.195935
4.20597
4.218025
4.23314
4.24046
4.238465
4.24439
4.256375
4.264755
4.285765
4.298935
4.314095
4.32205
4.331755
4.3305
4.336715
4.34268
4.345025
4.361125
4.37509
4.388565
4.39311
4.401745
4.417415
4.42277
4.427215
4.441515
4.460265
4.472945
4.482785
4.49472
4.508895
4.51995
4.522375
4.53034
4.533095
4.539065
4.5419
4.55253
4.5594
4.56913
4.569755
4.58378
4.59308
4.605575
4.619245
4.63292
4.650495
4.6687
4.670285
4.667465
4.672535
4.68085
4.681745
4.68308
4.694175
4.713045
4.727885
4.742185
4.750105
4.75622
4.75813
4.77011
4.7676
4.761075
4.77073
4.774465
4.78223
4.787795
4.7919
4.811975
4.821205
4.829745
4.83255
4.835855
4.83898
4.839445
4.851375
4.86156
4.864045
4.920365
4.94492
4.44684
4.793915
4.850915
4.92763
4.968625
4.99821
5.02145
5.02365
5.0453
5.10115
5.1763
5.21585
5.25815
5.26105
5.283
5.2867
5.28775
5.26835
5.3039
5.3456
5.3726
5.3711
5.3677
5.37215
5.37635
5.3765
5.3679
5.3551
5.3484
5.34155
5.3416
5.3469
5.3547
5.359
5.371
5.37525
5.3723
5.3711
5.37465
5.365
5.36655
5.36
5.3656
5.3697
5.37685
5.37975
5.37745
5.37115
5.3645
5.36905
5.37395
5.374
5.3807
5.39145
5.3894
5.38685
5.3954
5.40115
5.38945
5.3836
5.38905
5.3874
5.386
5.39055
5.39105
5.3776
5.37475
5.372
5.3662
5.37715
5.39515
5.41705
5.43065
5.44015
5.44555
5.4647
5.45475
5.40505
5.36985
5.3821
5.4255
5.46965
5.4804
5.4762
5.47375
5.4749
5.49555
5.51125
5.40735
4.80506
6.2272
5.26135
5.32525
5.36915
5.3461
5.3348
5.3255
5.3222
5.3205
5.32295
5.3378
5.3402
5.3445
5.3461
5.3531
5.35255
5.36445
5.37645
5.38895
5.40015
5.40585
5.41355
5.4226
5.4375
5.45025
5.46035
5.465
5.47215
5.4814
5.49455
5.5023
5.51885
5.5297
5.54345
5.55455
5.57335
5.5866
5.60845
5.6223
5.633
5.65285
5.66005
5.67055
5.67795
5.6828
5.69605
5.7132
5.7197
5.7271
5.7404
5.75615
5.79025
5.81505
5.83455
5.8495
5.8735
5.892
5.91195
5.93405
5.9499
5.9671
5.9797
5.99515
6.01215
6.03215
6.0542
6.06215
6.07005
6.08225
6.077
6.09485
6.11415
6.134
6.15125
6.1712
6.2021
6.219
6.22755
6.2404
6.2526
6.25985
6.2755
6.28935
6.2991
6.3055
6.316
6.31355
6.3249
6.33265
6.3499
6.36575
6.37615
6.3968
6.4064
6.41435
6.42405
6.4416
6.45235
6.46945
6.4846
6.5039
6.5213
6.5433
6.5656
6.58325
6.59325
6.60225
6.6127
6.62365
6.6198
6.6237
6.63615
6.64775
6.6605
6.67205
6.69275
6.70115
6.7263
6.75015
6.76135
6.7742
6.78245
6.80185
6.8113
6.8272
6.8371
6.85185
6.853
6.86715
6.87705
6.88405
6.89445
6.91095
6.92345
6.9249
6.93085
6.94595
6.96065
6.96905
6.9725
6.9874
7
7.0119
7.0227
7.03275
7.04565
7.05775
7.0658
7.07435
7.0851
7.10315
7.1065
7.1188
7.14
7.1536
7.17095
7.18665
7.1968
7.2091
7.2294
7.24285
7.24845
7.2635
7.2729
7.291
7.2971
7.29725
7.30485
7.3098
7.32325
7.3231
7.328
7.3466
7.35945
7.365
7.37715
7.3991
7.41275
7.42825
7.4376
7.4515
7.4695
7.4795
7.49325
7.5115
7.52335
7.52965
7.53305
7.5429
7.5589
7.57225
7.58755
7.60935
7.6197
7.63065
7.6425
7.64445
7.66455
7.67425
7.6866
7.68705
7.6934
7.7091
7.72345
7.73675
7.752
7.76605
7.77915
7.7906
7.7921
7.79575
7.8084
7.82795
7.84025
7.8448
7.8585
7.8749
7.8862
7.88995
7.90245
7.91415
7.9223
7.9335
7.9372
7.94285
7.94795
7.9534
7.95925
7.96935
7.9835
8.00485
8.0128
8.02615
8.04325
8.0521
8.0653
8.0722
8.08
8.09185
8.11265
8.1253
8.1419
8.1719
8.19065
8.2047
8.21345
8.2214
8.23315
8.23795
8.24865
8.25725
8.2536
8.26065
8.2652
8.26835
8.2813
8.2846
8.2868
8.28475
8.2872
8.2872
8.2872
8.2973
8.30955
8.32465
8.3406
8.3605
8.37325
8.3908
8.39135
8.391
8.4044
8.4104
8.4125
8.4195
8.43155
8.43395
8.43955
8.44405
8.44845
8.45925
8.47385
8.4884
8.50055
8.50795
8.52635
8.54195
8.547
8.5458
8.54535
8.5523
8.55635
8.5577
8.5695
8.57335
8.58415
8.5827
8.58165
8.5888
8.6342
8.66245
8.16205
8.592
8.6412
8.69155
8.71355
8.72475
8.73615
8.7518
8.7763
8.82245
8.85295
8.87105
8.86155
8.87945
8.9453
8.96665
8.95635
8.9299
8.96915
9.02245
9.04
9.0164
9.0009
9.0154
9.0336
9.0397
9.03755
9.03565
9.03865
9.04405
9.0519
9.043
9.03775
9.0354
9.03375
9.02805
9.0268
9.0255
9.0247
9.0332
9.03565
9.0375
9.0414
9.0334
9.03535
9.0296
9.02055
9.02015
9.0227
9.02375
9.02215
9.0348
9.03075
9.024
9.02585
9.0262
9.0178
9.017
9.01295
8.99975
8.99325
8.99025
8.9972
9.0025
9.00945
9.0114
9.0087
9.0117
9.0103
9.0236
9.0429
9.0589
9.06995
9.0762
9.0765
9.08755
9.0718
9.01115
8.9774
8.9839
9.05005
9.09385
9.09705
9.0869
9.08035
9.08175
9.08115
9.09425
8.995
8.33745
9.8835
8.94625
8.9891
9.0197
9.0148
9.00645
8.9975
8.98355
8.98225
9.0074
9.0356
9.0504
9.06275
9.06245
9.0677
9.07525
9.09125
9.09895
9.115
9.129
9.1267
9.13045
9.1427
9.1551
9.16525
9.17685
9.17945
9.1849
9.2111
9.2318
9.247
9.26095
9.27885
9.2951
9.3095
9.32095
9.33275
9.36005
9.3844
9.39985
9.42225
9.42955
9.434
9.43785
9.44405
9.4537
9.46885
9.48775
9.501
9.511
9.5296
9.54445
9.56625
9.5762
9.5874
9.60135
9.61985
9.64355
9.66025
9.6771
9.6967
9.71455
9.72605
9.7268
9.7253
9.73135
9.74805
9.7586
9.7792
9.79035
9.80405
9.8123
9.825
9.84
9.85895
9.87865
9.89015
9.90595
9.9114
9.91375
9.924
9.9326
9.95275
9.97005
9.98475
10.0064
10.02085
10.03065
10.0464
10.0545
10.06445
10.07315
10.07925
10.0973
10.1114
10.121
10.1348
10.1399
10.1556
10.16465
10.1729
10.17865
10.1948
10.19995
10.2051
10.21005
10.2161
10.2312
10.2416
10.25455
10.25805
10.26795
10.2781
10.2784
10.2906
10.29655
10.2981
10.3082
10.31955
10.3341
10.35205
10.3762
10.3951
10.41795
10.43155
10.44575
10.44815
10.45975
10.46485
10.4684
10.4781
10.4925
10.5097
10.51505
10.5241
10.533
10.54125
10.54335
10.556
10.5657
10.5772
10.59835
10.6093
10.6227
10.6291
10.6352
10.6392
10.63815
10.63555
10.64465
10.6544
10.6712
10.6792
10.692
10.70255
10.71555
10.7205
10.7256
10.7371
10.75815
10.7655
10.7736
10.7829
10.78635
10.78325
10.788
10.7995
10.8119
10.822
10.83835
10.85325
10.85465
10.86425
10.8788
10.89125
10.8854
10.8885
10.8974
10.89795
10.89665
10.90075
10.91135
10.9184
10.93075
10.94525
10.95545
10.9666
10.9794
10.987
10.99105
10.9967
10.99905
11.00655
11.00735
11.0138
11.02225
11.03185
11.0427
11.0505
11.057
11.07385
11.08
11.09025
11.09205
11.09905
11.10275
11.1079
11.11125
11.116
11.12295
11.1232
11.12735
11.1288
11.13665
11.14705
11.1596
11.1751
11.1844
11.1948
11.2002
11.2048
11.2116
11.20635
11.20485
11.2216
11.23275
11.23545
11.2425
11.25775
11.2658
11.27315
11.2725
11.27545
11.27815
11.27315
11.2768
11.2879
11.29775
11.3113
11.32465
11.33925
11.34855
11.35255
11.35895
11.3625
11.36135
11.3699
11.3749
11.3837
11.38525
11.38675
11.39825
11.40585
11.4148
11.4159
11.42915
11.43255
11.43495
11.4365
11.44765
11.4569
11.46595
11.4806
11.49065
11.49305
11.49505
11.49505
11.5045
11.5082
11.5162
11.5154
11.5329
11.53755
11.5429
11.54745
11.54825
11.5441
11.54365
11.54365
11.5362
11.5371
11.5403
11.55335
11.56145
11.5753
11.58755
11.5868
11.58075
11.57415
11.5763
11.57215
11.5771
11.57995
11.59025
11.60055
11.6145
11.62165
11.62295
11.6155
11.635
11.61365
11.13795
11.5676
11.64315
11.69005
11.70995
11.7269
11.7516
11.76
11.7801
11.80435
11.854
11.89435
11.9126
11.9104
11.93015
11.95095
11.95395
11.92645
11.96355
12.03725
12.06535
12.01185
11.97695
12.0044
12.035
12.0413
12.04585
12.0391
12.03095
12.0215
12.01745
12.01045
12.0078
12.01165
12.01535
12.0176
12.01465
12.0084
12.0096
11.99765
11.99915
12.0043
12.01125
12.01815
12.02195
12.01845
12.0181
12.0119
12.0057
11.9993
12.00105
11.99855
11.9907
11.99215
11.98515
11.982
11.98955
11.99175
11.98945
11.98865
11.9842
11.97945
11.978
11.97715
11.97305
11.9725
11.9654
11.95305
11.9505
11.95235
11.9554
11.9568
11.96375
11.96285
11.96125
11.963
12.5392
13.32525
13.6029
13.2772
12.51575
12.07095
11.9165
11.8788
11.7817
10.65925
9.8759
9.94385
10.7008
11.58905
11.7677
11.81205
11.82695
11.8233
11.8261
11.82745
11.7202
12.1519
11.26355
12.34105
11.86765
11.9344
11.94495
11.92955
11.9305
11.92505
11.92975
11.9335
11.9484
11.95685
11.95845
11.9591
11.9575
11.96275
11.97005
11.9851
11.98185
11.98465
11.9906
11.9919
11.9983
11.99915
12.0065
12.01645
12.02435
12.02525
12.0448
12.051
12.05535
12.08275
12.09365
12.1077
12.12835
12.13585
12.149
12.1562
12.16955
12.1727
12.1711
12.17415
12.17675
12.18265
12.1887
12.1948
12.1986
12.21095
12.2121
12.216
12.20685
12.2147
12.2245
12.23415
12.24065
12.24575
12.2455
12.2611
12.27225
12.2785
12.287
12.2975
12.3056
12.3095
12.31365
12.3197
12.3299
12.3327
12.3428
12.3535
12.366
12.38125
12.39085
12.40275
12.4095
12.41235
12.4151
12.4195
12.4184
12.4195
12.42855
12.4341
12.4389
12.4475
12.4653
12.4661
12.4756
12.4874
12.4948
12.51
12.516
12.5181
12.52125
12.52665
12.52925
12.5317
12.53715
12.5462
12.5588
12.5655
12.56895
12.5708
12.5789
12.58365
12.59245
12.59545
12.60945
12.61945
12.61775
12.62385
12.63045
12.6331
12.631
12.6355
12.6447
12.6483
12.65575
12.66745
12.67975
12.68515
12.69575
12.6951
12.69295
12.6936
12.6857
12.6828
12.68365
12.6969
12.70865
12.7186
12.7348
12.7487
12.7579
12.76075
12.7582
12.7581
12.7564
12.74545
12.7385
12.74425
12.74685
12.74465
12.7425
12.74405
12.74835
12.75165
12.752
12.758
12.7574
12.7638
12.7747
12.785
12.80665
12.81085
12.8148
12.82195
12.8335
12.83325
12.82805
12.82805
12.83205
12.83565
12.82955
12.83455
12.83455
12.8496
12.8614
12.8646
12.8728
12.8734
12.8701
12.8772
12.8795
12.88405
12.89255
12.8901
12.88965
12.8922
12.89595
12.9002
12.90635
12.9238
12.93215
12.9383
12.94455
12.9525
12.95235
12.9465
12.9466
12.94385
12.9445
12.94895
12.9532
12.9552
12.95125
12.94745
12.94735
12.95175
12.9632
12.9754
12.98025
12.9936
12.9973
13.00435
13.0189
13.023
13.0305
13.03435
13.0328
13.03535
13.0347
13.03685
13.03065
13.03595
13.0501
13.0587
13.0626
13.05545
13.05785
13.0583
13.0623
13.07355
13.077
13.08975
13.0958
13.10095
13.1053
13.11235
13.1125
13.1068
13.10555
13.1079
13.1057
13.1116
13.12085
13.127
13.1346
13.1411
13.1429
13.1477
13.15145
13.15015
13.15045
13.15025
13.1454
13.1522
13.15075
13.1541
13.16495
13.1754
13.18275
13.18665
13.1938
13.19275
13.1913
13.1903
13.2051
13.20735
13.21165
13.20545
13.2066
13.21065
13.213
13.2169
13.229
13.2319
13.2384
13.2415
13.25235
13.25235
13.26475
13.2745
13.28185
13.2839
13.28965
13.29
13.28605
13.27675
13.2791
13.27545
13.277
13.27335
13.2818
13.28645
13.2908
13.2942
13.3043
13.30735
13.3111
13.31425
13.3174
13.32185
13.32805
13.33295
13.329
13.33425
13.34845
13.35295
13.3453
13.32215
14.0598
12.4751
13.24325
13.38725
13.39995
13.42775
13.44685
13.4704
13.48875
13.5009
13.5116
13.52275
13.5307
13.53375
13.5299
13.5277
13.53175
13.52795
13.5309
13.5363
13.54135
13.54275
13.5376
13.53025
13.531
13.52835
13.5229
13.52165
13.52975
13.53425
13.52375
13.51625
13.51215
13.517
13.52005
13.52715
13.5318
13.54535
13.54215
13.536
13.5331
13.5282
13.52565
13.5214
13.5228
13.51275
13.51415
13.5048
13.5038
13.50535
13.5002
13.50875
13.5077
13.51055
13.5179
13.52355
13.52695
13.52485
13.52315
13.5117
13.49985
13.491
13.4867
13.4882
13.49935
13.4998
13.5014
13.50235
13.4992
13.49315
13.4907
13.49165
13.49045
13.48845
13.48575
13.4869
13.48685
13.4866
13.48285
13.4817
13.4811
13.47765
13.4772
13.46965
13.4754
13.48125
13.4846
13.474
13.47165
13.4729
13.46735
13.4652
13.4493
13.44835
13.45075
13.45245
13.44055
13.4406
13.43935
13.4374
13.4248
13.4251
13.42325
13.41985
13.42395
13.4264
13.4345
13.4355
13.44075
13.44445
13.4335
13.43015
13.42395
13.42065
13.4114
13.4129
13.4134
13.41135
13.40665
13.39295
13.38095
13.3827
13.37295
13.37655
13.38325
13.38605
13.3879
13.38955
13.39445
13.39165
13.3943
13.3845
13.3759
13.3656
13.35285
13.3455
13.3415
13.33455
13.3332
13.3335
13.336
13.3311
13.33555
13.3379
13.34265
13.34335
13.3438
13.33945
13.3378
13.3308
13.3272
13.32805
13.3231
13.3172
13.31665
13.31615
13.3141
13.31235
13.31395
13.31515
13.3214
13.3167
13.3161
13.30505
13.3013
13.29965
13.3035
13.309
13.3084
13.3139
13.3175
13.3126
13.30655
13.2962
13.28945
13.28645
13.2919
13.28875
13.2779
13.2753
13.27765
13.2716
13.26595
13.2718
13.283
13.28525
13.2794
13.2754
13.27325
13.26585
13.25525
13.2579
13.252
13.25955
13.27015
13.2801
13.28085
13.28175
13.27295
13.2626
13.25285
13.2415
13.23515
13.22465
13.22785
13.2312
13.22715
13.23155
13.22545
13.22505
13.2194
13.2205
13.22325
13.22665
13.2175
13.21815
13.2043
13.19845
13.19035
13.19555
13.19345
13.19755
13.2044
13.2053
13.2131
13.20325
13.20735
13.207
13.2109
13.2121
13.2081
13.2012
13.1897
13.18375
13.17895
13.176
13.17295
13.17295
13.1763
13.1754
13.1708
13.1632
13.16025
13.1626
13.155
13.1493
13.1428
13.13155
13.1177
13.10895
13.10265
13.1045
13.1089
13.11215
13.113
13.10745
13.10135
13.0963
13.0878
13.08075
13.0841
13.0838
13.08015
13.0702
13.06905
13.06125
13.0651
13.07
13.0879
13.10155
13.1051
13.11045
13.11845
13.11685
13.1092
13.0909
13.08805
13.07575
13.0761
13.064
13.0536
13.0602
13.0631
13.06355
13.0626
13.06035
13.06185
13.06185
13.06125
13.0527
13.0555
13.0592
13.0577
13.04825
13.04255
13.0365
13.0241
13.0239
13.01985
13.02075
13.0152
13.0172
13.0166
13.0102
13.0087
13.01055
13.01425
13.01055
13.01525
13.00725
12.99795
12.9956
12.99865
12.997
13.005
13.0063
13.0062
12.99915
12.9964
12.9962
12.9921
12.98935
12.9921
12.9962
12.9978
12.99605
12.99015
12.99085
12.98935
12.9874
12.98985
12.9789
12.9695
12.96935
12.96495
12.96615
12.96465
12.96255
12.95665
12.95055
12.9445
12.9332
12.92855
12.92595
12.9207
12.92185
12.9172
12.91155
12.908
12.9124
12.91395
12.91575
12.9113
12.91025
12.912
12.9093
12.91505
12.91605
12.91375
12.9127
12.9125
12.90355
12.9
12.9
12.89795
12.90315
12.9111
12.9134
12.91415
12.9121
12.9186
12.91545
12.90535
12.8995
12.90115
12.90735
12.9046
12.90735
12.8954
12.89735
12.8963
12.89005
12.88635
12.8863
12.88905
12.881
12.8764
12.8711
12.8709
12.87295
12.86995
12.87315
12.87355
12.88065
12.88225
12.8752
12.8795
12.87415
12.8802
12.88505
12.8925
12.8939
12.8892
12.8963
12.8968
12.89025
12.8865
12.88735
12.88
12.8676
12.8619
12.84965
12.8458
12.84385
12.8381
12.8414
12.83485
12.8368
12.834
12.8275
12.83235
12.83685
12.8413
12.838
12.83465
12.83585
12.8263
12.8217
12.80755
12.8035
12.79895
12.7918
12.8016
12.7996
12.8065
12.80575
12.8001
12.79025
12.7789
12.77845
12.774
12.76895
12.7763
12.77885
12.7745
12.76965
12.77295
12.7635
12.7589
12.7497
12.7548
12.7569
12.75595
12.7606
12.7576
12.76545
12.7579
12.75305
12.74815
12.7436
12.74505
12.7315
12.7303
12.73025
12.72785
12.7197
12.71235
12.7184
12.7167
12.7133
12.7154
12.72375
12.72015
12.7025
12.69805
12.68935
12.6819
12.6925
12.69365
12.6961
12.7013
12.7031
12.71155
12.7063
12.7094
12.70955
12.71275
12.70985
12.7094
12.70955
12.7124
12.7145
12.7047
12.70345
12.7091
12.7091
12.70455
12.69835
12.69815
12.70365
12.69735
12.68975
12.6847
12.6868
12.6794
12.6669
12.66515
12.66985
12.66495
12.66205
12.66655
12.6622
12.65725
12.6501
12.65475
12.6552
12.66415
12.6604
12.65265
12.65705
12.6554
12.6568
12.64395
12.63665
12.64085
12.637
12.6333
12.6288
12.6268
12.62725
12.6256
12.61875
12.6141
12.61025
12.60215
12.6087
12.61055
12.60995
12.60575
12.6134
12.6134
12.61415
12.61415
12.6093
12.6089
12.6087
12.59815
12.59385
12.58975
12.58615
12.58915
12.58425
12.58855
12.5827
12.56775
12.55995
12.55445
12.55165
12.54825
12.55185
12.555
12.5553
12.55385
12.55435
12.55285
12.5458
12.5457
12.5368
12.54325
12.5423
12.5347
12.5241
12.5214
12.52385
12.52235
12.52185
12.52715
12.5304
12.524
12.52355
12.517
12.5175
12.5085
12.50445
12.5088
12.51135
12.5089
12.50975
12.50875
12.5086
12.50345
12.50005
12.4921
12.49095
12.47935
12.4796
12.47355
12.4584
12.4547
12.4501
12.44935
12.4513
12.45585
12.46955
12.4803
12.49085
12.49345
12.49185
12.48985
12.4874
12.47255
12.45985
12.4591
12.4583
12.4583
12.4506
12.44275
12.4456
12.44735
12.4399
12.43645
12.43605
12.44365
12.44365
12.44445
12.4427
12.44955
12.4595
12.462
12.46725
12.46885
12.468
12.4538
12.4408
12.43625
12.42785
12.4213
12.42005
12.42335
12.42805
12.4327
12.43295
12.43965
12.4481
12.44445
12.43885
12.42835
12.4272
12.42275
12.41425
12.4041
12.39985
12.406
12.4054
12.4095
12.41545
12.4173
12.41125
12.4059
12.3949
12.3929
12.39975
12.40685
12.4065
12.40705
12.4083
12.39815
12.38955
12.3853
12.37555
12.3793
12.37815
12.37205
12.37295
12.36495
12.36045
12.3594
12.35725
12.3536
12.354
12.36295
12.36095
12.35325
12.3443
12.3471
12.3427
12.33455
12.3341
12.33115
12.341
12.3475
12.33975
12.33895
12.34115
12.33625
12.3303
12.31905
12.31915
12.3178
12.30895
12.3009
12.3138
12.31535
12.3165
12.31405
12.3206
12.3255
12.3295
12.33155
12.33345
12.33075
12.3199
12.3178
12.31325
12.30335
12.29705
12.2925
12.28385
12.2843
12.27355
12.27745
12.27685
12.27195
12.2739
12.2712
12.2536
12.24305
12.2452
12.2374
12.2386
12.23645
12.24955
12.25565
12.25355
12.24505
12.2462
12.25205
12.2463
12.23785
12.23605
12.24095
12.2373
12.232
12.22785
12.2216
12.22405
12.2242
12.2245
12.2257
12.2245
12.2257
12.23025
12.22815
12.2286
12.218
12.2125
12.20765
12.1998
12.20095
12.19965
12.2042
12.2004
12.1968
12.1978
12.18215
12.1664
12.15565
12.15195
12.14465
12.14775
12.15265
12.16535
12.16565
12.1645
12.16465
12.1658
12.16255
12.15245
12.1585
12.16745
12.17085
12.17395
12.17805
12.18075
12.17395
12.18095
12.17395
12.16775
12.1586
12.15635
12.1425
12.135
12.1324
12.12735
12.12655
12.129
12.1293
12.1287
12.12575
12.11775
12.11645
12.115
12.1171
12.1286
12.1385
12.1458
12.1467
12.1402
12.13165
12.12265
12.11315
12.1074
12.0914
12.08115
12.07335
12.06845
12.0685
12.07305
12.07905
12.08165
12.07985
12.07835
12.0656
12.0572
12.05305
12.0577
12.07045
12.06775
12.0709
12.07445
12.0779
12.0699
12.0634
12.0609
12.06975
12.06905
12.0626
12.06045
12.0662
12.0597
12.05645
12.05205
12.0577
12.0599
12.0587
12.05335
12.05415
12.04415
12.0328
12.02365
12.01155
11.9995
11.9962
11.99525
12.0002
12.0011
12.0052
12.0104
12.01575
12.0164
12.01045
12.01345
12.01185
12.00405
12.00265
11.99425
11.9975
11.99635
11.99865
12.0056
12.00825
12.00955
12.00915
12.0008
12.00355
12.0045
12.00565
12.00845
12.01535
12.01885
12.0131
12.0072
12.0001
11.9845
11.96895
11.9649
11.9594
11.96235
11.96425
11.9694
11.9728
11.9713
11.969
11.9635
11.9619
11.95765
11.95735
11.9511
11.9484
11.94575
11.94455
