-1.24329
-0.831879
-0.62204
-0.658142
-0.672974
-0.525696
-0.708923
-0.849548
-0.171478
-0.761169
0.0674133
-0.583435
0.0333557
-0.692505
-0.157043
-0.376709
-0.299774
0.330688
0.0373535
0
-0.706879
-0.373535
-0.719696
-0.853271
-1.04727
-1.08624
-1.1254
-1.89679
-2.16171
-11.271
-9.13898
-7.38861
-1.57962
1.69803
3.33835
4.19772
4.73718
5.10632
5.48563
5.845
6.15561
6.46454
6.77313
7.07202
7.35202
7.62125
7.89929
8.18024
8.45639
8.70477
8.93686
9.14743
9.3779
9.59702
9.8161
10.0166
10.2474
10.4662
10.6638
10.8502
11.0674
11.2963
11.5138
11.6834
11.8028
11.8969
12.0576
12.4575
12.7776
12.9455
13.0674
13.1888
13.2994
13.4287
13.5497
13.6623
13.8012
13.3434
12.0562
11.558
11.3958
11.9082
13.2267
13.045
15.129
15.999
16.0392
16.1396
16.1935
16.2799
16.3767
16.4368
16.5017
16.5477
16.5902
16.6423
16.6638
16.7144
16.7567
16.7945
16.8255
16.8535
16.8841
16.9234
16.9724
17.0215
17.0704
17.1031
17.1505
17.1719
17.1934
17.2028
17.211
17.2094
17.2239
17.2614
17.2813
17.3008
17.3532
17.3809
17.3841
17.3922
17.3934
17.4019
17.4297
17.4395
17.4594
17.477
17.4821
17.4903
17.5117
17.5508
17.5641
17.6016
17.6406
17.6618
17.6797
17.6731
17.6915
17.7324
17.7419
17.7845
17.8008
17.8317
17.8531
17.8806
17.9235
17.9887
18.1113
18.1325
10.7012
9.73367
9.64423
9.65234
9.70087
9.73212
9.76797
9.8071
9.83795
9.88913
9.9317
9.96915
10.0052
10.0215
10.0309
10.0739
10.0805
10.1098
10.1294
10.1602
10.1817
10.1895
10.2031
10.2126
10.2207
10.2383
10.2598
10.2731
10.2992
10.2907
10.2895
10.2829
10.2816
10.2715
10.2618
10.252
10.2715
10.2829
10.2891
10.2895
10.2794
10.2911
10.2731
10.2683
10.2614
10.2598
10.2618
10.2703
10.27
10.2993
10.3251
10.3364
10.3266
10.3485
10.3321
10.3208
10.3109
10.3106
10.3286
10.3876
10.438
10.4887
10.5688
10.6294
10.6113
10.5997
10.4919
8.58875
6.32889
5.961
4.7778
6.83679
11.7466
10.9891
6.93796
6.97897
6.93365
6.57227
7.2403
5.93329
6.03787
6.02585
6.05905
5.57858
3.05905
0.88092
4.58E-04
4.43835
7.65906
12.8777
12.0673
-0.0831299
0.897339
2.78912
6.72858
9.1196
9.35983
9.34811
9.33835
9.31921
9.47742
9.70975
9.76804
9.77975
10.5395
10.1391
10.1259
10.1571
11.6165
10.2552
11.0083
10.4872
10.788
10.9399
11.1016
11.2177
11.2684
11.1981
11.0298
10.868
10.7075
10.5653
10.4165
10.2696
10.1376
9.92508
9.75671
9.85828
10.097
9.4743
9.03796
9.10632
-243.386
-262.923
-250.341
-250.299
-255.22
-260.199
-264.378
-268.122
-271.3
-273.634
-275.322
-276.4
-277.003
-277.323
-277.474
-277.444
-277.31
-277.023
-276.626
-276.224
-275.673
-274.99
-274.281
-273.501
-272.734
-271.841
-271
-270.122
-269.151
-268.183
-267.263
-266.204
-265.181
-264.101
-263.052
-261.982
-260.921
-259.895
-258.766
-257.642
-256.513
-255.403
-254.291
-253.171
-252.031
-250.933
-249.78
-248.61
-247.475
-246.335
-245.144
-243.978
-242.853
-241.761
-240.603
-239.443
-238.24
-237.121
-235.993
-234.814
-233.693
-232.503
-231.313
-230.145
-228.974
-227.846
-226.667
-225.536
-224.337
-223.165
-222.073
-220.913
-219.745
-218.63
-217.503
-216.354
-215.193
-214.083
-212.925
-211.833
-210.745
-209.634
-208.493
-207.403
-206.256
-205.124
-204.024
-202.923
-201.774
-200.684
-199.591
-198.49
-197.372
-196.31
-195.23
-194.15
-193.089
-192.003
-190.954
-189.872
-188.763
-187.804
-186.693
-185.639
-184.256
-182.665
-181.553
-180.532
-179.644
-178.78
-177.86
-177.605
-176.523
-175.225
-174.116
-172.801
-171.956
-170.958
-169.606
-168.382
-167.177
-167.402
-165.27
-164.356
-163.038
-163.261
-161.077
-160.407
-158.986
-157.911
-156.944
-155.901
-154.928
-153.908
-152.887
-151.932
-150.98
-150.009
-149.019
-148.031
-147.091
-146.13
-145.191
-144.204
-143.232
-142.324
-141.33
-140.41
-139.48
-138.533
-137.57
-136.665
-135.694
-134.782
-133.81
-132.911
-132
-131.109
-130.15
-129.212
-128.251
-127.32
-126.444
-125.532
-124.616
-123.705
-122.799
-121.869
-120.952
-120.124
-119.31
-118.457
-117.298
-116.231
-115.341
-114.467
-113.598
-112.681
-111.879
-111.024
-110.137
-109.333
-108.481
-107.448
-106.517
-105.681
-104.882
-104.028
-103.199
-102.377
-101.516
-101.81
-101.616
-98.3426
-96.9363
-96.1992
-95.3787
-94.5565
-93.7444
-92.9225
-92.2151
-91.4406
-90.6581
-89.8641
-89.1191
-88.3809
-87.6602
-86.9512
-86.209
-85.4918
-84.773
-84.0293
-83.2973
-82.5735
-81.8366
-81.1336
-80.3234
-79.552
-78.8445
-78.2222
-77.5324
-76.7371
-76.0128
-75.3117
-74.5832
-73.9117
-73.255
-72.5832
-71.8645
-71.1308
-70.3918
-69.7125
-69.0145
-68.2956
-67.5473
-66.8874
-66.2058
-65.4848
-64.8102
-64.0831
-63.4344
-62.696
-62.0356
-61.3464
-60.6352
-59.9266
-59.255
-58.5863
-57.9132
-57.1977
-56.5245
-55.8758
-55.2062
-54.5207
-53.8051
-53.2042
-52.5473
-51.9054
-51.227
-50.5472
-49.8871
-49.2011
-48.5159
-47.8102
-47.178
-46.5183
-45.8676
-45.2238
-44.5863
-43.9461
-43.2972
-42.673
-42.0258
-41.446
-40.7695
-40.137
-39.5078
-38.8871
-38.1976
-37.557
-36.946
-36.3086
-35.657
-35.0468
-34.4063
-33.8069
-33.196
-32.5238
-31.9149
-31.3156
-30.6699
-30.057
-29.4866
-28.8656
-28.2663
-27.6645
-27.0339
-26.459
-25.8187
-25.1992
-24.6093
-24.0093
-23.418
-22.7991
-22.2187
-21.6008
-21.0195
-20.3675
-19.7773
-19.1796
-18.5507
-18.0066
-17.4098
-16.8167
-16.2269
-15.6988
-15.098
-14.5175
-13.941
-13.371
-12.8003
-12.2578
-11.6601
-11.0816
-10.4886
-9.8808
-9.35736
-8.84766
-8.33002
-7.73822
-7.18118
-6.64182
-6.05072
-5.48196
-4.91165
-4.36554
-3.86563
-3.30539
-2.75977
-2.26007
-1.67963
-1.07968
-0.563599
-1.50E-03
0.560608
1.10944
1.63913
2.19342
2.70157
3.21725
3.70905
4.27936
4.85782
5.3985
5.92975
6.41998
6.95944
7.48047
8.00983
8.50006
9.01959
9.51993
10.0489
10.5395
11.0919
11.5707
12.072
12.6212
13.1196
13.6918
14.1915
14.6899
15.2094
15.7094
16.2094
16.7505
17.2212
17.7289
18.2715
18.77
19.2325
19.7309
20.2387
20.7274
21.1762
21.6782
22.1895
22.7075
23.1864
23.6703
24.0868
24.577
25.118
25.5688
26.0493
26.5591
27.0477
27.5102
27.9415
28.4399
28.9106
29.4005
29.8415
30.293
30.8094
31.2778
31.7286
32.2747
32.7548
33.2255
33.7094
34.1684
34.6575
35.1313
35.5626
35.979
36.4384
36.9285
37.3399
37.8286
38.3301
38.7778
39.1797
39.6375
40.0751
40.5376
41.0083
41.4657
41.9087
42.3481
42.8091
43.2915
43.7454
44.1899
44.6278
45.0786
45.536
45.9677
46.4266
46.8367
47.2661
47.6977
48.1391
48.5801
49.0282
49.4481
49.8485
50.3059
50.7649
51.2419
51.6653
52.0653
52.4872
52.9169
53.3661
53.7876
54.1993
54.5966
54.9887
55.4067
55.8598
56.2684
56.6899
57.1277
57.5458
57.9677
58.3877
58.7684
59.218
59.62
60.0184
60.4286
60.8485
61.2583
61.6473
62.0477
62.4481
62.8665
63.3157
63.7161
64.136
64.5774
64.9677
65.3583
65.7583
66.1997
66.5591
66.9677
67.3876
67.7895
68.1704
68.5297
68.8312
69.3413
69.6783
70.2531
71.2967
71.6721
71.9307
72.1693
72.4437
72.8167
72.5112
72.8713
73.4786
73.9876
74.7332
74.642
75.283
75.9918
76.4554
77.0451
76.1368
77.6241
77.9395
78.752
77.8426
79.3418
79.3807
80.3005
80.7422
81.0951
81.5041
81.9338
82.3161
82.6572
83.0185
83.3583
83.7716
84.1607
84.4973
84.8681
85.2373
85.6477
86.0392
86.44
86.8227
87.1801
87.5396
87.9088
88.2587
88.6458
89.0302
89.3799
89.7473
90.1556
90.5607
90.9204
91.2798
91.6298
92.0103
92.3783
92.7294
93.1165
93.4693
93.8552
94.2474
94.6443
95.0107
95.3455
95.6884
95.9708
96.2473
96.8301
97.3866
97.7802
98.1376
98.4822
98.8223
99.1701
99.5251
99.8813
100.213
100.604
101.163
101.555
101.894
102.239
102.54
102.853
103.164
103.538
102.673
102.314
105.651
106.327
106.605
107.004
107.348
107.638
107.911
108.202
108.515
108.832
109.095
109.369
109.652
109.931
110.198
110.459
110.77
111.059
111.338
111.577
111.868
112.147
112.397
112.657
112.958
113.259
113.526
113.807
114.087
114.348
114.609
114.876
115.156
115.437
115.712
116.015
116.294
116.556
116.829
117.095
117.386
117.695
117.999
118.268
118.552
118.837
119.105
119.372
119.672
119.964
120.265
120.536
120.825
121.106
121.415
121.714
121.975
122.245
122.536
122.796
123.02
123.275
123.595
123.925
124.196
124.463
124.742
125.003
125.244
125.504
125.793
126.103
126.374
126.646
126.935
127.244
127.564
127.816
128.075
128.309
128.584
128.843
129.131
129.459
129.77
130.043
130.33
130.583
130.853
131.113
131.384
131.691
131.992
132.263
132.542
132.834
133.103
133.361
133.621
133.894
134.175
134.461
134.714
135
135.24
135.508
135.799
136.07
136.329
136.591
136.845
137.08
137.359
137.649
137.959
138.231
138.479
138.755
139.051
139.312
139.552
139.813
140.07
140.314
140.602
140.852
141.125
141.393
141.67
141.941
142.211
142.512
142.801
143.05
143.301
143.541
143.789
144.049
144.313
144.571
144.819
145.056
145.319
145.609
145.891
146.125
146.363
146.629
146.842
147.049
147.317
147.637
147.953
148.208
148.469
148.758
149.046
149.319
149.531
149.791
150.048
150.281
150.543
150.793
151.029
151.242
151.48
151.711
151.94
152.207
152.489
152.78
153.009
153.229
153.44
153.688
153.938
154.188
154.42
154.691
154.961
155.229
155.471
155.709
155.956
156.198
156.438
156.691
156.95
157.19
157.43
157.649
157.87
158.102
158.37
158.631
158.887
159.127
159.361
159.639
159.899
160.11
160.35
160.608
160.858
161.088
161.311
161.549
161.773
162
162.229
162.479
162.719
162.969
163.219
163.468
163.719
163.959
164.218
164.448
164.708
164.948
165.159
165.361
165.597
165.82
166.059
166.289
166.528
166.766
166.989
167.218
167.45
167.7
167.95
168.198
168.422
168.649
168.887
169.109
169.317
169.556
169.778
170.016
170.284
170.516
170.745
170.94
171.16
171.397
171.621
171.819
172.028
172.249
172.507
172.737
172.948
173.178
173.389
173.608
173.847
174.067
174.296
174.536
174.757
174.969
175.156
175.397
175.598
175.819
176.057
176.26
176.497
176.709
176.945
177.165
177.386
177.606
177.815
178.036
178.247
178.476
178.684
178.876
179.118
179.327
179.557
179.737
179.958
180.218
180.486
180.706
180.886
181.067
181.286
181.516
181.707
181.891
182.11
182.086
182.428
182.689
183.209
183.968
184.212
184.312
184.385
184.457
184.604
183.8
184.326
184.803
185.018
185.712
185.429
185.82
186.366
186.709
187.059
185.989
187.273
187.415
188.135
187.13
188.33
188.248
189.059
189.353
189.551
189.752
189.971
190.183
190.417
190.639
190.849
191.061
191.28
191.508
191.716
191.908
192.107
192.311
192.522
192.732
192.971
193.213
193.438
193.647
193.839
194.038
194.28
194.501
194.717
194.929
195.146
195.367
195.556
195.776
196.009
196.247
196.468
196.706
196.955
197.213
197.435
197.679
197.872
198.028
198.15
198.265
198.721
199.145
199.376
199.59
199.803
200.03
200.234
200.422
200.621
200.806
201.001
201.537
201.738
201.911
202.09
202.232
202.412
202.582
202.822
201.887
201.48
204.238
204.996
205.11
205.323
205.506
205.723
205.919
206.105
206.307
206.465
206.61
206.761
206.9
206.994
207.12
207.265
207.427
207.548
207.693
207.843
208.013
208.203
208.353
208.504
208.634
208.765
208.927
209.097
209.239
209.373
209.521
209.67
209.82
209.959
210.096
210.248
210.371
210.49
210.65
210.788
210.945
211.105
211.275
211.454
211.608
211.74
211.851
211.985
212.167
212.353
212.523
212.685
212.847
212.986
213.163
213.336
213.495
213.634
213.792
213.957
214.116
214.271
214.474
214.591
214.722
214.812
214.932
215.093
215.253
215.41
215.595
215.752
215.892
216.07
216.215
216.384
216.544
216.7
216.876
217.025
217.172
217.343
217.5
217.67
217.834
218.002
218.162
218.324
218.472
218.661
218.834
219.012
219.182
219.341
219.505
219.665
219.825
219.982
220.141
220.295
220.453
220.593
220.714
220.865
221.031
221.193
221.375
221.545
221.711
221.845
222.004
222.182
222.359
222.551
222.7
222.853
223.004
223.147
223.286
223.427
223.584
223.745
223.893
224.062
224.221
224.391
224.57
224.732
224.871
225.031
225.183
225.343
225.502
225.68
225.84
225.982
226.15
226.291
226.459
226.623
226.762
226.917
227.059
227.252
227.422
227.58
227.752
227.909
228.07
228.25
228.392
228.533
228.673
228.832
228.991
229.147
229.311
229.471
229.621
229.801
229.951
230.102
230.25
230.392
230.572
230.724
230.874
231
231.133
231.29
231.429
231.577
231.749
231.917
232.09
232.211
232.341
232.512
232.659
232.802
232.961
233.106
233.268
233.41
233.589
233.729
233.888
234.022
234.168
234.311
234.481
234.641
234.829
234.963
235.11
235.25
235.409
235.551
235.71
235.87
236.031
236.19
236.337
236.507
236.659
236.837
237.009
237.152
237.283
237.409
237.559
237.69
237.84
238.018
238.18
238.319
238.461
238.61
238.749
238.899
239.038
239.178
239.318
239.518
239.709
367.057
537.528
546.399
549.784
552.19
554.059
555.528
556.78
557.86
558.837
559.649
560.406
561.118
561.719
562.307
562.827
563.313
563.749
564.18
564.606
565.007
565.395
565.76
566.057
566.356
566.688
566.966
567.225
567.495
567.739
567.94
568.169
568.418
568.679
568.887
569.077
569.304
569.507
569.714
569.915
570.079
570.226
570.397
570.567
570.709
570.858
571.007
571.167
571.327
571.479
571.605
571.737
571.868
571.999
572.127
572.247
572.368
572.489
572.615
572.747
572.964
573.234
573.456
573.577
573.678
573.776
573.788
573.432
569.928
570.247
569.317
568.606
571.636
576.043
574.934
572.003
572.015
571.969
572.105
572.942
571.475
571.499
571.48
571.535
569.654
567.135
565.299
564.965
572.191
574.527
579.127
573.603
566.641
567.643
568.53
574.372
575.641
576.417
575.18
576.456
572.427
570.401
570.114
570.091
570.868
570.987
571.003
571.14
571.522
572.993
571.696
572.481
571.972
571.942
572.111
572.25
572.419
572.561
572.662
572.797
572.945
573.07
573.176
573.318
573.431
573.542
573.643
573.744
573.854
573.935
574.052
574.162
574.246
574.342
574.437
574.54
574.61
574.713
574.824
574.919
575.038
575.125
575.121
574.992
574.951
575.319
575.573
575.672
575.772
575.837
575.888
575.937
575.99
576.005
576.041
575.445
573.481
572.845
572.945
572.687
572.69
574.655
570.396
568.778
571.541
572.94
573.135
573.175
573.216
573.237
573.287
573.395
573.464
570.967
573.481
574.734
574.974
575.061
575.185
575.301
575.404
575.532
575.652
575.742
575.793
575.853
575.93
576.015
576.11
576.231
576.327
576.374
576.424
576.464
576.52
576.579
576.636
576.706
576.745
576.803
576.865
576.932
576.973
577.025
577.077
577.121
577.143
577.179
577.254
577.306
577.349
577.381
577.412
577.445
577.471
577.546
577.617
577.677
577.721
577.745
577.773
577.778
577.829
577.861
577.927
577.963
578.002
578.052
578.074
578.105
578.151
578.183
578.204
578.214
578.242
578.254
578.285
578.301
578.337
578.373
578.396
578.427
578.453
578.474
578.512
578.544
578.582
578.603
578.622
578.652
578.68
578.723
578.757
578.78
578.796
578.827
578.871
578.883
578.904
578.922
578.954
578.976
578.987
579.007
579.059
579.082
579.093
579.133
579.137
579.136
579.165
579.195
579.222
579.25
579.29
579.304
579.334
579.352
579.382
579.404
579.451
579.473
579.495
579.489
579.482
579.513
579.543
579.577
579.605
579.643
579.685
579.68
579.686
579.683
579.715
579.716
579.744
579.745
579.765
579.777
579.793
579.814
579.852
579.847
579.848
579.858
579.875
579.905
579.922
579.935
579.981
579.997
579.987
580.005
580.015
580.044
580.074
580.076
580.09
580.072
580.087
580.106
580.116
580.128
580.152
580.162
580.185
580.193
580.213
580.224
580.245
580.255
580.266
580.265
580.278
580.303
580.344
580.384
580.417
580.419
580.438
580.459
580.458
580.466
580.484
580.522
580.545
580.546
580.556
580.582
580.577
580.585
580.613
580.634
580.646
580.674
580.685
580.686
580.697
580.724
580.727
580.745
580.763
580.798
580.798
580.818
580.839
580.837
580.848
580.863
580.873
580.883
580.904
580.914
580.925
580.906
580.906
580.935
580.945
580.956
580.966
580.974
580.993
580.995
581.023
581.063
581.097
581.106
581.115
581.131
581.13
581.14
581.118
581.124
581.146
581.138
581.136
581.154
581.182
581.197
581.206
581.227
581.255
581.284
581.299
581.304
581.329
581.343
581.353
581.345
581.347
581.353
581.368
581.383
581.405
581.415
581.399
581.411
581.407
581.415
581.427
581.438
581.466
581.474
581.513
581.526
581.536
581.547
581.557
581.579
581.577
581.577
581.595
581.587
581.595
581.579
581.594
581.607
581.615
581.633
581.654
581.673
581.694
581.686
581.704
581.716
581.724
581.749
581.757
581.777
581.806
581.826
581.836
581.815
581.814
581.799
581.778
581.766
581.765
581.785
581.804
581.804
581.842
581.865
581.894
581.909
581.917
581.93
581.929
581.937
581.929
581.927
581.976
582.015
581.731
581.92
582.097
582.143
582.145
582.163
582.196
582.216
582.248
582.278
582.307
582.317
582.337
582.34
582.348
582.369
582.386
582.418
582.417
582.455
582.487
582.499
582.491
582.497
582.518
582.546
582.566
582.566
582.588
582.606
582.629
582.636
582.644
582.683
582.695
582.731
582.745
582.763
582.778
582.77
582.785
582.8
582.784
582.786
582.794
582.816
582.817
582.893
582.989
582.881
582.691
582.714
582.723
582.714
582.718
582.71
582.711
582.713
582.713
582.724
582.724
582.736
582.744
582.754
582.755
582.763
582.745
582.753
582.742
582.731
582.721
582.708
582.692
582.687
582.688
582.693
582.695
582.716
582.736
582.757
582.755
582.747
582.755
582.749
582.727
582.716
582.736
582.739
582.747
582.757
582.747
582.765
582.748
582.766
582.758
582.786
582.814
582.839
582.839
582.855
582.893
582.907
582.924
582.955
582.976
582.997
583.005
582.989
582.989
582.989
582.997
582.997
583.01
583.015
583.016
582.995
583.005
583.016
583.034
583.048
583.049
583.077
583.077
583.067
583.085
583.105
583.134
583.149
583.167
583.18
583.19
583.157
583.149
583.147
583.177
583.168
583.188
583.19
583.182
583.188
583.187
583.17
583.172
583.18
583.188
583.19
583.181
583.18
583.17
583.149
583.151
583.177
583.178
583.206
583.219
583.229
583.229
583.239
583.257
583.239
583.249
583.266
583.276
583.278
583.29
583.291
583.3
583.299
583.299
583.28
583.288
583.27
583.286
583.304
583.325
583.337
583.327
583.355
583.358
583.352
583.36
583.35
583.366
583.35
583.338
583.335
583.337
583.335
583.327
583.337
583.343
583.355
583.365
583.391
583.394
583.404
583.423
583.435
583.419
583.415
583.425
583.435
583.448
583.447
583.447
583.456
583.466
583.468
583.474
583.492
583.492
583.497
583.507
583.503
583.516
583.518
583.529
583.523
583.507
583.517
583.542
583.535
583.515
583.523
583.541
583.541
583.552
583.575
583.475
582.882
583.679
582.883
582.762
582.763
582.867
583.164
583.296
584.644
585.985
588.486
589.605
587.817
585.661
585.573
585.609
585.586
585.62
583.703
580.706
580.784
581.127
581.117
578.447
572.947
568.207
566.058
569.928
576.225
588.154
580.797
569.546
568.246
570.474
572.712
573.608
573.605
573.687
577.836
582.811
584.116
584.361
584.523
584.615
584.718
584.363
577.868
