-0.03719045
-0.0338487
-0.04368605
-0.0573395
-0.058678
-0.04525775
-0.04783495
-0.04721085
-0.0345704
-0.02566235
-0.0220659
-0.0149156
-0.01492625
-0.006099
-4.28E-04
0.00783225
0.01252125
0.01212305
0.02090905
0.0358307
0.04315485
0.04357905
0.0474182
0.052266
0.0499374
0.0468277
0.0497284
0.056012
0.0511505
0.0503125
0.0529525
0.0602125
0.07623
0.0888765
0.090027
0.0868775
0.0769195
0.077852
0.071628
0.0575195
0.0696665
0.0967145
0.063385
0.0443227
0.0682895
0.087477
0.086215
0.082196
0.084892
0.0811445
0.082959
0.0743055
-0.1075145
0.0922615
0.194275
0.2119985
0.3606
0.02424345
0.204563
-0.309226
1.081245
0.1443245
0.173059
0.2162875
0.2662535
0.2951705
0.32444
0.355757
0.400116
0.4362805
0.4787275
0.510215
0.54709
0.5699
0.6009
0.64587
0.68534
0.719375
0.74673
0.76761
0.778575
0.79615
0.81453
0.83928
0.85608
0.87576
0.885565
0.89554
0.901045
0.911555
0.93283
0.954715
0.97565
0.990635
0.989345
1.003035
1.01566
1.02199
1.032295
1.035375
1.0313
1.04572
1.0591
1.06849
1.08162
1.102105
1.11525
1.11936
1.12303
1.12266
1.121425
1.118145
1.117855
1.119445
1.13621
1.15702
1.166755
1.17982
1.184125
1.18835
1.193055
1.191765
1.20869
1.22731
1.256235
1.279675
1.283065
1.285755
1.28459
1.2812
1.274795
1.284535
1.302865
1.309905
1.32547
1.335235
1.34748
1.361605
1.37938
1.391025
1.40736
1.42358
1.43313
1.44125
1.44159
1.444565
1.45013
1.451195
1.466355
1.487995
1.50134
1.521155
1.5243
1.529975
1.52865
1.53153
1.53839
1.55957
1.574685
1.583825
1.583855
1.58634
1.586245
1.59338
1.606065
1.61634
1.630735
1.6452
1.657545
1.667145
1.67473
1.67629
1.677945
1.67851
1.683955
1.69754
1.71364
1.721455
1.73918
1.75212
1.76238
1.77551
1.79094
1.80707
1.81126
1.81315
1.82298
1.8321
1.82597
1.82491
1.828855
1.83171
1.83495
1.83399
1.84706
1.85882
1.863605
1.87152
1.878585
1.87655
1.881935
1.89281
1.8995
1.922395
1.933125
1.941725
1.95856
1.97607
1.987625
1.998075
2.005925
2.017435
2.027605
2.031865
2.041335
2.045845
2.057425
2.05801
2.061695
2.078235
2.09264
2.104345
2.10863
2.112425
2.1223
2.124635
2.130405
2.13225
2.135085
2.14635
2.159255
2.16932
2.18151
2.19247
2.206865
2.221765
2.232155
2.243385
2.25246
2.2606
2.251535
2.250255
2.2591
2.273565
2.282645
2.29623
2.30671
2.314535
2.321555
2.331665
2.3352
2.343955
2.347735
2.36036
2.36586
2.36644
2.36869
2.37353
2.377505
2.384165
2.39211
2.400565
2.407535
2.41863
2.42743
2.433535
2.43397
2.4384
2.451445
2.469185
2.4828
2.5005
2.50942
2.518305
2.519725
2.52414
2.525195
2.53327
2.54158
2.54845
2.56124
2.565485
2.575485
2.57938
2.591495
2.597485
2.60422
2.613325
2.619565
2.631905
2.636515
2.650645
2.66113
2.66999
2.68493
2.684715
2.6787
2.67985
2.691415
2.705825
2.70887
2.720215
2.730925
2.73797
2.74709
2.7483
2.75725
2.759225
2.761605
2.769705
2.778395
2.787585
2.80547
2.8182
2.835425
2.84632
2.8616
2.876775
2.891765
2.896705
2.897585
2.909255
2.91537
2.92117
2.931495
2.93651
2.94802
2.95176
2.96202
2.962965
2.96772
2.97233
2.9686
2.968825
2.977665
2.986275
2.994
2.99908
3.01423
3.02981
3.04497
3.05612
3.05892
3.070075
3.083675
3.08464
3.092255
3.107925
3.114315
3.111545
3.11336
3.115495
3.118505
3.12739
3.12829
3.13553
3.138345
3.142945
3.15039
4.02496
1.93741
2.659275
2.75468
2.725495
2.70756
2.692025
2.692175
2.71403
2.702295
2.778355
2.64448
2.678725
2.81261
2.56518
2.7581
2.65075
2.660125
2.64095
2.53718
2.79015
2.55044
2.68088
2.66739
2.90226
2.950305
2.575425
2.658795
2.66603
2.65497
2.66021
2.667435
2.67186
2.679735
2.67784
2.672855
2.667115
2.655935
2.641825
2.62922
2.62952
2.633175
2.643995
2.65294
2.66298
2.67931
2.68875
2.692155
2.69217
2.68939
2.681085
2.671275
2.67151
2.66014
2.66439
2.65859
2.652365
2.646085
2.63646
2.618485
2.61983
2.62669
2.632485
2.638685
2.64383
2.630565
2.620765
2.61909
2.637085
2.64474
2.62553
2.642235
2.648725
2.649755
2.64646
2.64128
2.64204
2.635075
2.63991
2.66111
2.665555
2.613505
2.6481
2.665895
2.6669
2.67243
2.670455
2.67586
2.671915
2.453165
3.038505
2.57167
3.64602
2.970765
2.990825
3.03821
3.074535
3.094235
3.116025
3.13847
3.167345
3.192895
3.21456
3.239195
3.249245
3.25471
3.273795
3.28874
3.304475
3.3272
3.34813
3.36672
3.37332
3.387485
3.39954
3.40273
3.412655
3.431175
3.4434
3.456655
3.47821
3.508365
3.527535
3.550545
3.55585
3.573915
3.588785
3.593405
3.60844
3.622385
3.643485
3.663095
3.68151
3.692805
3.71403
3.727045
3.74188
3.75203
3.76802
3.78126
3.79762
3.80429
3.810585
3.832235
3.84856
3.86339
3.876235
3.90109
3.93114
3.945895
3.95346
3.959805
3.960365
3.96865
3.978255
3.99997
4.01218
4.02479
4.042705
4.065375
4.085865
4.11202
4.13514
4.14886
4.15376
4.16517
4.159115
4.16513
4.169525
4.17237
4.183895
4.202245
4.21893
4.23078
4.244505
4.26429
4.27147
4.279565
4.299975
4.317415
4.33512
4.34621
4.352395
4.365985
4.365755
4.372935
4.375325
4.38336
4.393195
4.407395
4.41722
4.422795
4.4382
4.45219
4.46858
4.48576
4.506675
4.52957
4.54222
4.546845
4.558545
4.56643
4.57648
4.584315
4.58616
4.601495
4.62108
4.63014
4.63989
4.636235
4.654935
4.66098
4.668525
4.6848
4.693735
4.70663
4.71106
4.714365
4.719125
4.728785
4.738565
4.75104
4.77216
4.794795
4.81961
4.83675
4.84846
4.862
4.86727
4.874245
4.878815
4.889435
4.89876
4.906305
4.91263
4.918435
4.93583
4.950935
4.966255
4.98301
5.00455
5.025
5.03205
5.03925
5.05525
5.06
5.06435
5.07285
5.083
5.09065
5.0928
5.1027
5.1202
5.1286
5.1453
5.14925
5.1627
5.15785
5.15975
5.17865
5.1959
5.20295
5.2168
5.2282
5.24515
5.25605
5.2646
5.2777
5.29145
5.3014
5.30905
5.31935
5.33245
5.3494
5.3635
5.3761
5.39535
5.4169
5.42725
5.4437
5.4498
5.4564
5.46555
5.4656
5.46815
5.4756
5.4996
5.50885
5.5091
5.5233
5.5407
5.5443
5.55145
5.5589
5.5677
5.5773
5.5828
5.59695
5.61215
5.62295
5.64355
5.66425
5.67775
5.68245
5.68855
5.6862
5.685
5.6798
5.68785
5.6954
5.70795
5.7234
5.7385
5.75095
5.7757
5.7943
5.81265
5.8297
5.8492
5.86355
5.86905
5.8872
5.90325
5.9129
5.92145
5.92605
5.9473
5.95425
5.96735
5.9786
5.99165
6.00005
6.00205
6.01335
6.02205
6.03205
6.05
6.0584
6.07175
6.0906
6.1055
6.11335
6.12315
6.1283
6.1277
6.1389
6.1473
6.14985
6.1599
6.17615
6.19035
6.20515
6.2213
6.23635
6.2569
6.26305
6.2743
6.2786
6.2777
6.2826
6.28895
6.3036
6.31575
6.324
6.3455
6.35285
6.36485
6.37795
6.3895
6.39865
6.4071
6.4137
6.4273
6.4371
6.44395
6.4525
6.465
6.4718
6.47735
6.4849
6.49075
6.50295
6.5167
6.51985
6.5409
6.54925
6.56205
6.56555
6.57565
6.57795
6.5768
7.638
5.0799
6.07705
6.17845
6.21965
6.1761
6.16605
6.16205
6.1431
6.0511
6.25725
6.10975
6.1418
6.2574
5.92015
6.2403
6.1088
6.1195
6.08215
6.42905
6.11185
6.2853
5.9961
6.29205
6.3258
6.62735
6.04465
6.1039
6.0976
6.0657
6.048
6.05075
6.05995
6.06565
6.07395
6.07485
6.08005
6.07525
6.0701
6.07695
6.08465
6.0863
6.0818
6.083
6.0723
6.07255
6.0591
6.0536
6.04865
6.05105
6.0569
6.0627
6.07155
6.0723
6.0764
6.0777
6.08535
6.08335
6.07635
6.0745
6.0657
6.0556
6.0461
6.0348
6.03975
6.03895
6.04975
6.0699
6.0886
6.0075
5.96565
5.98965
6.0175
6.036
6.04885
6.05045
6.0527
6.06285
6.0643
6.0877
5.96185
6.00515
6.0421
6.05325
6.0532
6.05525
6.0558
6.05285
6.0486
5.8126
6.46305
6.1028
6.70275
6.32225
6.36875
6.3927
6.4315
6.4559
6.4946
6.5306
6.55925
6.58675
6.6111
6.6314
6.65405
6.66645
6.6789
6.6991
6.72995
6.75165
6.777
6.7963
6.8108
6.83065
6.8439
6.86425
6.8963
6.9234
6.9335
6.9439
6.96
6.97705
6.99325
7.00015
7.01635
7.0378
7.0618
7.0718
7.0869
7.1094
7.1337
7.15545
7.17045
7.19565
7.2095
7.2259
7.23855
7.2507
7.27365
7.29515
7.3143
7.3257
7.3355
7.3572
7.3704
7.38005
7.40095
7.41805
7.42925
7.4447
7.45995
7.47875
7.4927
7.5025
7.5178
7.53375
7.54595
7.563
7.5739
7.5957
7.6146
7.6375
7.65505
7.6604
7.67055
7.67315
7.6859
7.7027
7.70815
7.72335
7.73725
7.75225
7.7684
7.77855
7.79
7.8049
7.81795
7.83635
7.85245
7.87885
7.8926
7.90825
7.92585
7.94525
7.9613
7.9767
7.99675
8.01435
8.0281
8.03805
8.04815
8.0605
8.06465
8.08575
8.10755
8.11835
8.13135
8.1431
8.15265
8.15755
8.16615
8.17845
8.18685
8.20565
8.2129
8.2213
8.2396
8.2521
8.25575
8.2671
8.28265
8.29715
8.30785
8.3143
8.3187
8.32715
8.3409
8.359
8.38025
8.39715
8.4177
8.43995
8.4502
8.45695
8.4664
8.4823
8.4961
8.5079
8.52125
8.54545
8.5626
8.5782
8.58945
8.60265
8.62185
8.6272
8.6341
8.6427
8.6537
8.6678
8.67705
8.6888
8.7017
8.7096
8.7144
8.7102
8.71675
8.7278
8.7409
8.7612
8.77665
8.79765
8.8155
8.8303
8.8421
8.86365
8.8778
8.8926
8.9089
8.92065
8.93195
8.92985
8.9373
8.94715
8.9574
8.9569
8.9608
8.9693
8.97685
8.98425
8.9976
9.00235
9.014
9.0147
9.02245
9.0305
9.0387
9.0471
9.05295
9.066
9.082
9.0904
9.0992
9.11405
9.1312
9.1424
9.14
9.15175
9.15485
9.161
9.1747
9.17835
9.1864
9.19465
9.20865
9.21565
9.227
9.24575
9.26175
9.2781
9.29725
9.3081
9.3175
9.32435
9.33205
9.34205
9.34705
9.3534
9.36335
9.373
9.38125
9.3886
9.389
9.39365
9.3977
9.40465
9.4134
9.42145
9.44845
9.4673
9.47185
9.49
9.49375
9.5023
9.51345
9.52185
9.5236
9.53405
9.53835
9.55055
9.54995
9.55185
9.5633
9.5713
9.5855
9.59085
9.60475
9.6153
9.6258
9.63215
9.6373
9.6423
9.64735
9.6532
9.65265
9.6671
9.6739
9.67465
9.67665
9.67915
9.6873
9.6899
9.7095
9.72135
9.73055
9.74625
9.74935
9.75865
9.7625
9.7682
9.77905
9.7867
9.7988
9.8184
9.83915
9.8512
9.86045
9.87575
9.8794
9.8819
9.88345
9.88895
9.8981
9.9006
9.9015
9.9114
9.92175
9.931
9.93735
9.94625
9.94855
9.95905
9.96795
9.96475
9.9651
9.97565
9.98715
10.0085
10.03095
10.0522
10.0254
10.8341
8.9279
9.74055
9.77515
9.7497
9.7518
9.74755
9.76145
9.7402
9.8098
9.9105
9.69275
9.74865
9.86445
9.5889
9.8124
9.675
9.64915
9.70955
10.03995
9.4385
9.8212
9.6973
10.07625
9.91395
9.83985
9.5793
9.646
9.63825
9.61395
9.6128
9.6177
9.62235
9.6138
9.60975
9.6101
9.60335
9.60205
9.59655
9.5963
9.59075
9.5973
9.59025
9.5897
9.59265
9.59575
9.5944
9.59415
9.5941
9.59855
9.5956
9.59795
9.5999
9.59545
9.59695
9.60395
9.58795
9.5851
9.58145
9.57905
9.5757
9.572
9.5738
9.5707
9.57595
9.5803
9.59495
9.6236
9.63435
9.53805
9.50305
9.5756
9.60295
9.60215
9.60065
9.60185
9.60095
9.60155
9.6189
9.59195
9.4943
9.5663
9.59125
9.58475
9.57985
9.5854
9.58545
9.5865
9.60135
9.3889
9.9017
9.2514
10.51925
9.9152
9.95295
9.9968
10.05035
10.0987
10.13595
10.1716
10.1945
10.21505
10.22135
10.2417
10.26915
10.2891
10.3027
10.31195
10.32785
10.33945
10.3683
10.4076
10.43845
10.4736
10.49785
10.5171
10.5369
10.54835
10.56705
10.5789
10.60675
10.63385
10.66115
10.68565
10.6995
10.7095
10.7261
10.73875
10.76445
10.7924
10.82645
10.84885
10.8714
10.88495
10.8982
10.9141
10.9287
10.95285
10.9838
11.00795
11.0284
11.04705
11.05495
11.0627
11.0708
11.0827
11.09805
11.11685
11.14115
11.15435
11.1761
11.19435
11.21145
11.2269
11.2345
11.2477
11.2555
11.2706
11.2886
11.3067
11.31735
11.3306
11.33715
11.34045
11.34785
11.36315
11.378
11.3922
11.40865
11.41875
11.43535
11.4568
11.46785
11.47925
11.4949
11.50165
11.49975
11.5011
11.50595
11.51
11.52105
11.5269
11.534
11.5386
11.55515
11.5672
11.58225
11.6014
11.61815
11.62675
11.6373
11.65125
11.65885
11.65935
11.6669
11.6686
11.67165
11.67375
11.68155
11.68325
11.6909
11.7039
11.71665
11.7228
11.7277
11.73515
11.74435
11.753
11.7557
11.7682
11.7736
11.779
11.7886
11.80585
11.81725
11.83225
11.83745
11.8429
11.8437
11.84725
11.84515
11.84525
11.8465
11.8452
11.85255
11.8595
11.8683
11.88085
11.88945
11.90315
11.9047
11.90435
11.90895
11.90645
11.90905
11.9069
11.9187
11.923
11.93275
11.942
11.9402
11.9464
11.9532
11.97025
11.9833
11.983
11.98455
11.98935
11.9823
11.97615
11.9696
11.9845
11.99335
11.993
12.00105
12.0165
12.02185
12.0295
12.0404
12.052
12.0571
12.0583
12.05095
12.0488
12.0549
12.0615
12.06685
12.07725
12.087
12.09345
12.09075
12.0974
12.0988
12.1036
12.1078
12.1099
12.1206
12.1278
12.14135
12.13925
12.1407
12.14675
12.1534
12.1496
12.15195
12.1629
12.17115
12.17505
12.17825
12.1946
12.20235
12.21085
12.2217
12.22505
12.2274
12.22555
12.2225
12.2208
12.2189
12.22535
12.23665
12.24295
12.2467
12.2487
12.2527
12.2559
12.24725
12.24005
12.2513
12.26055
12.26645
12.2706
12.2767
12.2804
12.27865
12.2866
12.2932
12.30365
12.3051
12.31665
12.31955
12.3163
12.3091
12.308
12.2997
12.2955
12.29335
12.29675
12.30165
12.3036
12.31495
12.3231
12.33015
12.3405
12.35035
12.35605
12.36885
12.3709
12.37285
12.37995
12.37515
12.37335
12.37655
12.37895
12.3846
12.3822
12.3853
12.38775
12.38775
12.39755
12.401
12.4083
12.41195
12.4159
12.4178
12.4149
12.41025
12.4105
12.4199
12.4281
12.4298
12.4308
12.429
12.4288
12.4303
12.42685
12.42635
12.43465
12.43665
12.44455
12.4493
12.45485
12.4611
12.4601
12.46175
12.46295
12.46755
12.47495
12.4837
12.49025
12.49155
12.50105
12.51955
12.52295
12.5164
12.51015
12.50835
12.50215
12.47695
12.46485
12.4615
13.5661
10.81485
11.99585
12.08945
12.1099
12.0718
12.0728
12.06715
12.06095
11.94355
12.14695
12.09605
12.1
12.2026
11.8435
12.1792
12.0107
11.9482
11.37045
11.85865
11.83765
12.025
12.3455
12.3173
12.20555
11.7357
11.8773
12.04195
12.02485
12.0143
12.0045
12.0032
11.9985
11.9923
11.9903
11.98535
11.976
11.9703
11.96575
11.9693
11.9735
11.978
11.9809
11.98145
11.9778
11.9658
11.96465
11.9596
11.95915
11.96015
11.96935
11.96975
11.96815
11.9674
11.961
11.94895
11.94915
11.94555
11.9362
11.9262
11.92505
11.9124
11.9027
11.90895
11.8974
11.90325
11.93105
11.96835
11.9843
11.82775
11.78645
11.8565
11.88425
11.8931
11.8883
11.8833
11.8822
11.8745
11.86355
12.6593
12.9189
12.4642
12.15815
12.1023
12.1199
12.1292
12.1285
11.78525
10.4349
11.1237
11.75115
11.86045
11.86905
11.8696
11.87145
11.8842
11.88995
11.91755
11.7635
11.5131
13.06285
12.0106
12.0987
12.1208
12.14365
12.1667
12.17625
12.1879
12.20265
12.19405
12.208
12.21775
12.23955
12.24795
12.26685
12.28595
12.2956
12.30275
12.32315
12.3321
12.3366
12.34595
12.3503
12.35855
12.3704
12.38145
12.3848
12.39115
12.4042
12.41085
12.4134
12.42475
12.43845
12.4573
12.4638
12.4695
12.4744
12.4783
12.48155
12.4935
12.4987
12.50305
12.50315
12.50635
12.5129
12.51285
12.5217
12.5178
12.52195
12.52755
12.54215
12.5489
12.55595
12.5552
12.5522
12.55025
12.54105
12.54295
12.5541
12.55285
12.5547
12.56205
12.57485
12.5772
12.5743
12.5783
12.5788
12.5786
12.57785
12.5777
12.57825
12.5732
12.57435
12.57915
12.5823
12.58905
12.59035
12.59685
12.6051
12.60785
12.6082
12.6138
12.6186
12.6251
12.62815
12.6334
12.6339
12.6387
12.6319
12.63525
12.6289
12.6271
12.62895
12.634
12.63585
12.641
12.64955
12.6523
12.6576
12.65995
12.6657
12.66985
12.67805
12.6898
12.69975
12.7032
12.69485
12.69005
12.6858
12.68835
12.67995
12.6752
12.6808
12.6902
12.6886
12.68885
12.68385
12.6878
12.68725
12.69065
12.6972
12.70115
12.70775
12.71795
12.72705
12.737
12.74455
12.74515
12.73855
12.73075
12.7286
12.7321
12.7261
12.72335
12.732
12.7382
12.743
12.74335
12.73485
12.72805
12.7278
12.7254
12.73325
12.7364
12.7421
12.7398
12.74615
12.75005
12.7481
12.74865
12.7472
12.75095
12.748
12.7523
12.75725
12.7523
12.7541
12.76145
12.7588
12.757
12.7496
12.7507
12.75305
12.7431
12.7417
12.7453
12.74755
12.7501
12.7605
12.77585
12.77865
12.77765
12.7796
12.78005
12.778
12.76875
12.7657
12.77085
12.7663
12.7674
12.77705
12.77745
12.77745
12.7777
12.7735
12.77625
12.7705
12.7653
12.76835
12.7744
12.78235
12.78105
12.7826
12.7916
12.7804
12.7799
12.78355
12.7882
12.79485
12.79475
12.80995
12.81205
12.814
12.81435
12.8056
12.7942
12.78045
12.77265
12.76565
12.7673
12.77055
12.784
12.7915
12.79305
12.79035
12.80335
12.80065
12.7887
12.7867
12.78795
12.79105
12.79905
12.8075
12.816
12.80845
12.8078
12.79935
12.79145
12.77915
12.77795
12.7911
12.79445
12.8059
12.80675
12.80825
12.8108
12.80955
12.81865
12.82335
12.83475
12.84155
12.8504
12.85315
12.84225
12.82535
12.82265
12.81165
12.8114
12.8097
12.80845
12.8078
12.80655
12.81075
12.8039
12.80715
12.80645
12.80545
12.8125
12.81445
12.8233
12.8294
12.83205
12.8316
12.83365
12.82775
12.83105
12.8353
12.83925
12.84465
12.8402
12.83415
12.83065
12.82045
12.82085
12.8135
12.80995
12.8111
12.81165
12.8119
12.8126
12.80825
12.80305
12.80615
12.81495
12.8211
12.82035
12.8223
12.829
12.834
12.8393
12.83265
12.836
12.83675
12.8343
12.83955
12.8371
12.8372
12.83585
12.8384
12.81565
12.9918
12.1316
12.5011
12.504
12.49595
12.4915
12.48345
12.47785
12.47045
12.46265
12.45765
12.4571
12.46655
12.46195
12.4613
12.46185
12.46735
12.4604
12.46125
12.4607
12.45485
12.4422
12.42525
12.4178
12.41635
12.4027
12.40045
12.4048
12.40455
12.4087
12.4066
12.40115
12.407
12.4014
12.3965
12.38825
12.3946
12.3842
12.3773
12.3843
12.3897
12.3904
12.387
12.3974
12.4002
12.39145
12.3827
12.3758
12.36975
12.36175
12.35145
12.35605
12.35505
12.35145
12.35115
12.35055
12.34595
12.34205
12.32945
12.3303
12.32525
12.3118
12.306
12.304
12.30965
12.30555
12.2978
12.29665
12.2905
12.29695
12.30015
12.29835
12.29815
12.2969
12.3006
12.29745
12.3001
12.29665
12.30405
12.30785
12.29685
12.2937
12.28975
12.27965
12.27355
12.26835
12.2704
12.28035
12.2859
12.2818
12.274
12.2678
12.27315
12.26765
12.26055
12.2579
12.25905
12.26175
12.2613
12.2636
12.26
12.26105
12.26365
12.26255
12.2507
12.2399
12.22905
12.2262
12.226
12.2223
12.23145
12.2342
12.22345
12.22565
12.2205
12.21925
12.21765
12.22015
12.22665
12.2298
12.2247
12.21995
12.2188
12.2137
12.2181
12.21685
12.21995
12.2197
12.20785
12.20745
12.2042
12.20095
12.18855
12.1856
12.18125
12.1725
12.17075
12.16755
12.1661
12.16865
12.1752
12.172
12.1764
12.1819
12.18585
12.1869
12.18585
12.18365
12.1788
12.1739
12.1734
12.1683
12.16195
12.1578
12.15115
12.1461
12.14895
12.14835
12.1466
12.15215
12.15045
12.1434
12.1371
12.13175
12.13085
12.1215
12.12015
12.1225
12.12165
12.1228
12.1179
12.1136
12.10605
12.08615
12.0864
12.0849
12.0829
12.0843
12.0846
12.0843
12.0902
12.08335
12.08545
12.0885
12.0903
12.0947
12.09685
12.0967
12.08895
12.08405
12.0785
12.07765
12.07905
12.0855
12.08705
12.0865
12.0844
12.07485
12.061
12.05115
12.04645
12.04865
12.04195
12.0416
12.0442
12.04335
12.0355
12.0274
12.01865
12.0157
12.01265
12.0102
12.01795
12.0169
12.01715
12.02125
12.01345
12.0164
12.02135
12.02935
12.0363
12.04005
12.04445
12.0491
12.0547
12.05135
12.0459
12.04435
12.0346
12.0367
12.0289
12.0296
12.02165
12.0212
12.02515
12.0196
12.0165
12.0132
12.0101
12.01395
12.0143
12.00135
11.9972
12.00185
11.9982
11.9897
11.99
11.99055
11.9845
11.98415
11.98855
11.9914
11.99095
11.9986
11.9993
11.99865
11.99665
11.98915
11.99395
11.991
11.9869
11.98055
11.9754
11.9625
11.9524
11.94565
11.93555
11.9317
11.93125
11.93195
11.93045
11.92785
11.9302
11.93555
11.9307
11.92345
11.9251
11.92205
11.9063
11.8981
11.8942
11.90015
11.9017
11.90515
11.9094
11.91145
11.91295
11.90215
11.89195
11.89065
11.89385
11.89515
11.9003
11.90865
11.91445
11.9017
11.8886
11.8873
11.89425
11.88575
11.8747
11.87135
11.87975
11.8773
11.8765
11.86655
11.87045
11.87485
11.87525
11.87605
11.87675
11.88595
11.88935
11.87855
11.8772
11.87705
11.876
11.87165
11.86245
11.86135
11.8611
11.8611
11.8671
11.8622
11.86885
11.8714
11.8751
11.8719
11.86595
11.86145
11.85195
11.85455
11.8506
11.84945
11.85035
11.84285
11.84625
11.84625
11.84485
11.8375
11.84625
11.84925
11.85015
11.8441
11.84015
11.8455
11.84015
11.83915
11.83705
11.829
11.81775
11.8077
11.79705
11.78915
11.7857
11.7911
11.7874
11.78615
11.7858
11.7826
11.7847
11.78935
11.79135
11.79445
11.8074
11.80885
11.8038
11.79865
11.7901
11.78925
11.7753
11.76835
11.77495
11.7752
11.7723
11.77075
11.76675
11.7655
11.7621
11.7564
11.75155
11.75155
11.7479
11.75455
11.7569
11.7627
11.76595
11.77055
11.76675
11.76765
11.76185
11.76205
11.74905
11.75155
11.748
11.74955
11.7432
11.7411
11.7367
11.735
11.7374
11.7408
11.7462
11.74665
11.74595
11.7438
11.749
11.743
11.73565
11.7318
11.72165
11.7149
11.7084
11.70175
11.7
11.6939
11.6951
11.69175
11.69445
11.68755
11.6943
11.6964
11.69345
11.6757
11.6717
11.66735
11.66425
11.6617
11.664
11.6658
11.66175
11.6688
11.6678
11.67455
11.673
11.67245
11.676
11.67975
11.6769
11.6758
11.67295
11.6749
11.6771
11.6856
11.6842
11.69075
11.6883
11.68785
11.67395
11.67155
11.6668
11.6539
11.65215
11.65615
11.65395
11.639
11.63795
11.64005
11.6355
11.6327
11.62545
11.62575
11.62385
11.6256
11.6279
11.6302
11.6299
11.6331
11.63455
11.6317
11.62285
11.61335
11.6112
11.6068
11.60115
11.59705
11.59625
11.59485
11.60055
11.59605
11.5983
11.5967
11.59405
11.5865
11.5873
11.58825
11.5829
11.57875
11.5773
11.5804
11.5693
11.5628
11.55825
11.5599
11.566
11.56055
11.56375
11.56365
11.56885
11.56725
11.55715
11.55475
11.54845
11.54105
11.5357
11.5337
11.54345
11.5491
11.54625
11.5457
11.5457
11.5457
11.5346
11.5202
11.51345
11.5121
11.51155
11.5072
11.51395
11.52315
11.5316
11.5318
11.52595
11.5318
11.5243
11.508
11.4956
11.4884
11.4849
11.48225
11.48855
11.4908
11.49
11.4874
11.48515
11.48935
11.4859
11.48105
11.48265
11.47935
11.4767
11.4798
11.4767
11.4776
11.48025
11.48105
11.4845
11.48515
11.48975
11.484
11.48
11.48955
11.4866
11.4825
11.4776
11.47205
11.46715
11.4635
11.45685
11.4491
11.43865
11.43655
11.43275
11.4239
11.42585
11.41955
11.42475
11.42345
11.43595
11.4444
11.4461
11.44435
11.4429
11.43175
11.4227
11.41515
11.407
11.40875
11.4109
11.41345
11.4114
11.41515
11.4187
11.41635
11.4192
11.4292
11.42345
11.4208
11.41515
11.40905
11.39925
11.4005
11.4022
11.4046
11.4117
11.4125
11.4117
11.4158
11.4117
11.40175
11.40025
11.39605
11.40095
11.39895
11.3924
11.3953
11.3924
11.3935
11.37975
11.3775
11.367
11.36475
11.37065
11.3668
11.3619
11.3694
11.37655
11.38755
11.3892
11.39405
11.38885
11.3894
11.38825
11.38195
11.3821
11.38555
11.38755
11.39065
11.38775
11.3829
11.38075
11.3773
11.3753
11.3756
11.37585
11.38815
11.39625
11.40335
11.4058
11.40805
11.39875
11.3914
11.38675
11.38295
11.3824
11.38115
11.3792
11.3771
11.3824
11.36545
11.35915
11.3607
11.3609
11.3611
11.36245
11.36625
11.3631
11.3515
11.34405
11.33825
11.33385
11.3345
11.3365
11.33185
11.3362
11.3334
11.3231
11.3203
11.30625
11.299
11.28695
11.2971
11.297
11.2901
11.2935
11.2937
11.29885
11.297
11.2916
11.29445
11.2991
11.29415
11.2918
11.29305
11.2804
11.27295
11.2621
11.2639
11.26295
11.2567
11.2581
11.26375
11.2771
11.2819
11.2932
11.2936
11.2918
11.2853
11.2619
11.25765
11.2498
11.24475
11.2527
11.26145
11.2742
11.26355
11.2647
11.2572
11.24525
11.23425
11.22735
11.22145
11.22145
11.2251
11.2228
11.22715
11.22665
11.23025
11.2388
11.2391
11.24915
11.2418
11.24155
11.24025
11.23915
11.2337
11.23155
11.23255
11.22815
11.2271
11.2272
11.21835
11.2162
11.21185
11.20745
11.2022
11.2022
11.2025
11.1971
11.19835
11.20115
11.2015
11.2007
11.20095
11.20365
11.1971
11.1934
11.18375
11.17585
11.17535
11.17825
11.1759
11.17825
11.18085
11.18315
11.1781
11.17245
11.1761
11.17635
11.1717
11.179
11.18045
11.1818
11.1926
11.1891
11.18995
11.1954
11.19275
11.19075
11.17875
11.17975
11.17635
11.1686
11.16735
11.1617
11.16855
11.16915
11.17025
11.16995
11.1808
11.1859
11.1802
11.1751
11.1729
11.1663
11.15335
11.1476
11.14265
11.1499
11.14005
11.13875
11.14505
11.139
11.1435
11.14735
11.16155
11.1717
11.1709
11.1658
11.1651
11.1547
11.1437
11.1383
11.12975
11.1171
11.1097
11.108
11.10465
11.10625
11.10795
11.1093
11.0959
11.0883
11.0761
11.07025
11.0645
11.06185
11.0685
11.0694
11.05745
11.0489
11.042
11.0359
11.03225
11.0297
11.0337
11.03235
11.03125
11.02815
11.03115
11.03525
11.04375
11.05045
11.06285
11.07035
11.06975
11.05995
11.0543
11.04505
11.04005
11.0336
11.03415
11.03935
11.0348
11.0337
11.03205
11.03215
11.0316
11.03405
11.03645
11.0384
11.0349
11.0308
11.0192
11.0088
11.0064
11.0064
11.00495
11.0055
11.01055
11.0154
11.0113
11.0162
11.0113
11.01715
11.01305
11.0052
11.009
11.0064
11.0062
11.0064
10.99865
11.0052
10.99865
10.99685
10.9973
10.9926
10.9938
10.9913
10.98645
10.99565
10.99325
10.9876
10.98105
10.9776
10.9788
10.97135
10.9747
10.9733
10.9736
10.96815
10.9666
10.9739
10.96965
10.9654
10.9635
10.96995
10.97225
10.97325
10.9727
11.00985
