-1.21304
-0.759125
-0.582092
-0.564514
-0.588898
-0.471649
-0.759125
-0.78656
-0.0142212
-0.657104
0.148041
-0.576233
0.411713
-0.48764
0.0196838
-0.602814
0.362732
0.496796
0.478058
-5.33E-15
0.17572
-0.179749
-0.16507
-0.530304
-0.819672
-0.831085
-0.931
-1.78024
-2.08725
-0.859985
-8.97983
9.78189
17.4912
22.151
24.5186
25.697
26.3143
26.7459
27.0745
27.3717
27.6413
27.8718
28.1201
28.3686
28.6367
28.8831
29.1351
29.4113
29.6644
29.9144
30.1272
30.3128
30.5062
30.6859
30.8933
31.1187
31.3214
31.5113
31.6969
31.9128
32.1453
32.3742
32.5652
32.6823
32.7463
32.7787
33.09
33.4725
33.6402
33.7659
33.9148
34.0338
34.1624
34.2757
34.4046
34.5257
34.2895
32.739
32.1695
32.0063
32.2558
33.9711
33.0162
36.0023
37.0119
36.9753
37.0669
37.1649
37.2414
37.2757
37.3132
37.3492
37.3557
37.3928
37.437
37.4698
37.4795
37.4909
37.481
37.5002
37.5005
37.5002
37.5006
37.4912
37.5104
37.5103
37.5022
37.5026
37.5119
37.5103
37.5166
37.5104
37.5103
37.512
37.522
37.5397
37.5514
37.581
37.592
37.5807
37.5888
37.5956
37.5841
37.5923
37.5909
37.6003
37.612
37.6201
37.6217
37.6494
37.6607
37.6901
37.7084
37.7276
37.7327
37.7392
37.7604
37.7784
37.79
37.8108
37.8307
37.8588
37.8811
37.9206
37.9732
38.0139
38.0713
38.1428
38.2623
37.2245
8.02869
5.73929
5.34866
5.19205
5.12985
5.07251
5.02985
4.98422
4.97165
4.97134
4.97952
4.98923
4.98111
4.98102
4.98892
5.00064
5.01077
5.01892
5.01041
5.02054
5.04047
5.03531
5.03189
5.02869
5.05649
5.0596
5.04984
5.04828
5.07132
5.06775
5.0983
5.09085
5.11032
5.11002
5.09039
5.05923
5.02994
5.01703
5.0072
4.98929
4.97134
4.98148
4.96188
4.95999
4.96625
4.96469
4.98773
4.97797
4.98608
4.99554
4.97757
4.97757
4.95999
4.95016
4.94009
4.93228
4.91772
4.91898
4.92563
4.96664
5.03656
5.11038
5.1889
5.24939
5.25726
5.2178
5.10843
2.31781
0.468201
-0.289612
-0.971313
2.19827
6.87836
5.43851
1.13812
1.08102
0.850616
0.451813
0.857178
-0.174377
-0.0728149
-0.0888367
-0.0532837
-1.46149
-4.65289
-6.99905
-7.26108
0.770538
3.36859
7.60718
0.309601
-7.09235
-5.99429
-4.41617
1.30609
3.32758
3.53656
3.54822
3.569
3.6608
3.86813
4.18655
3.67719
5.03696
4.66742
4.58734
4.60532
4.64282
6.33383
4.75101
5.55649
5.18539
5.45642
5.66742
5.80804
5.88812
5.86664
5.73773
5.55649
5.39789
5.22797
5.0564
4.89594
4.71469
4.52679
4.32913
4.27524
4.41742
4.45844
3.65961
3.29672
-34.8111
-222.123
-202.36
-191.362
-190.153
-193.555
-196.893
-199.352
-201.412
-203.133
-204.352
-205.213
-205.594
-205.594
-205.434
-205.074
-204.524
-203.845
-203.086
-202.264
-201.403
-200.404
-199.313
-198.198
-197.082
-195.936
-194.746
-193.514
-192.244
-191.024
-189.674
-188.422
-187.19
-185.903
-184.515
-183.167
-181.824
-180.496
-179.113
-177.723
-176.362
-174.965
-173.604
-172.221
-170.881
-169.485
-168.124
-166.733
-165.363
-164.012
-162.643
-161.324
-159.993
-158.682
-157.264
-155.903
-154.643
-153.351
-151.983
-150.574
-149.235
-147.875
-146.516
-145.172
-143.822
-142.434
-141.079
-139.703
-138.402
-137.094
-135.765
-134.504
-133.183
-131.873
-130.584
-129.359
-128.026
-126.676
-125.406
-124.136
-122.885
-121.633
-120.375
-119.115
-117.954
-116.664
-115.414
-114.184
-113.037
-111.785
-110.565
-109.344
-108.143
-106.985
-105.834
-104.672
-103.522
-102.404
-101.263
-100.115
-98.9466
-97.8998
-96.8767
-95.8116
-94.3619
-92.6329
-91.4907
-90.4774
-89.62
-88.6977
-87.6587
-87.1345
-86.1841
-84.7124
-83.518
-82.0872
-80.9598
-80.1828
-78.6139
-77.3531
-76.118
-76.1831
-74.0735
-73.0842
-71.5153
-71.9945
-69.5931
-68.9543
-67.3297
-66.2145
-65.1966
-64.1789
-63.1325
-62.1098
-61.1278
-60.1165
-59.1407
-58.1341
-57.1133
-56.1508
-55.1228
-54.1622
-53.195
-52.2114
-51.2146
-50.2016
-49.2408
-48.2817
-47.3223
-46.3923
-45.468
-44.486
-43.5528
-42.5759
-41.6622
-40.7244
-39.8208
-38.9141
-37.9564
-37.0255
-36.1231
-35.2067
-34.2653
-33.3584
-32.3957
-31.5282
-30.6098
-29.6915
-28.7849
-27.9517
-27.2151
-26.3747
-25.2248
-24.2695
-23.4088
-22.5497
-21.6998
-20.8618
-20.0123
-19.1903
-18.3111
-17.5547
-16.5928
-15.6057
-14.7602
-13.9255
-13.1333
-12.3091
-11.5153
-10.7146
-9.96149
-10.1291
-10.4888
-6.61899
-4.95898
-4.1636
-3.33163
-2.46594
-1.58359
-0.810608
-5.55E-03
0.73111
1.45648
2.20142
2.91736
3.5986
4.32907
5.04626
5.74899
6.44156
7.14899
7.79977
8.42868
9.20328
9.93539
10.5744
11.2049
11.9158
12.5627
13.2635
14.0236
14.6623
15.3436
16.0349
16.7064
17.3564
18.0346
18.6365
19.3142
19.9333
20.5967
21.3295
21.9958
22.6232
23.2651
23.9435
24.5823
25.1935
25.8337
26.4662
27.1334
27.8259
28.4795
29.0662
29.7213
30.3616
31.0142
31.6526
32.2834
32.9467
33.5349
34.1541
34.7655
35.3533
36.0041
36.6034
37.2521
37.8538
38.4435
39.1099
39.6999
40.3225
40.9634
41.5956
42.2326
42.8127
43.3811
43.9205
44.5413
45.1724
45.7194
46.2815
46.8927
47.5236
48.1162
48.6529
49.2228
49.8256
50.3752
50.9549
51.4958
52.0677
52.6509
53.2213
53.8112
54.3619
54.9401
55.4517
56.0038
56.5498
57.1065
57.708
58.2604
58.831
59.4088
59.9611
60.5057
61.0302
61.5401
62.0772
62.6592
63.2362
63.808
64.2995
64.8014
65.3408
65.901
66.4596
66.9799
67.4827
67.981
68.5186
69.053
69.5595
70.0924
70.6299
71.1201
71.6604
72.208
72.7396
73.2409
73.7624
74.2705
74.7393
75.251
75.7315
76.2381
76.7087
77.3096
77.7998
78.2721
78.7885
79.2799
79.7608
80.2002
80.7393
81.2491
81.6999
82.1544
82.6526
83.1513
83.628
84.0987
84.6166
85.0772
85.5299
86.0205
86.5009
86.9792
87.4174
87.919
88.4178
88.8099
89.2979
89.7881
90.2276
90.6576
91.0889
91.5495
92.0287
92.4698
92.9467
93.3913
93.8389
94.2787
94.7393
95.1807
95.6104
96.0271
96.4698
96.9354
97.3881
97.8373
98.2635
98.7065
99.1694
99.599
100.009
100.448
100.891
101.31
101.689
102.11
102.587
103.019
103.416
103.828
104.257
104.697
105.109
105.527
105.94
106.33
106.738
107.158
107.595
107.987
108.406
108.809
109.2
109.628
110.079
110.478
110.847
111.236
111.646
112.05
112.452
112.839
113.246
113.628
114.028
114.447
114.857
115.259
115.669
116.046
116.426
116.845
117.216
117.567
117.948
118.347
118.74
119.126
119.488
119.855
120.267
120.644
121.006
121.357
121.718
122.119
122.506
122.869
123.218
123.585
123.986
124.365
124.718
125.087
125.439
125.816
126.161
126.538
126.896
127.218
127.568
127.949
128.326
128.648
129.006
129.367
129.728
130.105
130.486
130.864
131.205
131.586
131.976
132.318
132.668
133.019
133.348
133.668
134.025
134.377
134.738
135.058
135.37
135.707
136.088
136.401
136.748
137.08
137.416
137.756
138.115
138.474
138.805
139.125
139.455
139.756
140.086
140.424
140.748
141.053
141.355
141.693
141.996
142.298
142.649
142.951
143.071
143.238
143.661
144.691
144.99
145.166
145.268
145.415
145.591
145.143
145.51
146.132
146.532
147.247
147.285
147.601
148.357
148.874
149.212
148.281
149.824
149.905
150.73
149.355
151.211
151.111
152.084
152.434
152.78
153.132
153.484
153.828
154.171
154.467
154.766
155.068
155.365
155.656
155.964
156.285
156.596
156.887
157.179
157.468
157.759
158.039
158.354
158.655
158.953
159.268
159.607
159.915
160.205
160.494
160.816
161.117
161.456
161.805
162.116
162.431
162.754
163.057
163.36
163.663
163.993
164.354
164.653
164.914
165.068
165.341
165.992
166.417
166.715
166.968
167.237
167.519
167.784
168.073
168.323
168.558
168.943
169.421
169.707
169.947
170.196
170.44
170.702
170.983
171.216
170.464
169.606
173.34
174.389
174.63
174.93
175.202
175.473
175.762
176.011
176.303
176.558
176.774
176.976
177.2
177.412
177.623
177.842
178.061
178.268
178.438
178.618
178.806
179.007
179.228
179.44
179.649
179.857
180.086
180.316
180.535
180.734
180.916
181.12
181.335
181.535
181.754
181.994
182.216
182.397
182.599
182.798
183.007
183.241
183.484
183.705
183.906
184.115
184.298
184.513
184.724
184.961
185.149
185.347
185.554
185.779
186.033
186.244
186.442
186.654
186.855
187.064
187.256
187.447
187.674
187.885
188.084
188.277
188.476
188.695
188.896
189.141
189.364
189.563
189.777
189.985
190.203
190.434
190.641
190.842
191.071
191.313
191.514
191.702
191.903
192.135
192.332
192.515
192.702
192.912
193.094
193.281
193.483
193.7
193.942
194.151
194.382
194.579
194.775
194.973
195.172
195.344
195.543
195.733
195.951
196.141
196.331
196.542
196.751
196.97
197.181
197.388
197.612
197.792
198.001
198.219
198.442
198.671
198.862
199.042
199.228
199.409
199.612
199.81
200.002
200.188
200.391
200.61
200.8
201.028
201.206
201.417
201.617
201.801
201.98
202.179
202.398
202.602
202.788
202.989
203.18
203.36
203.558
203.78
203.962
204.153
204.311
204.46
204.669
204.89
205.089
205.279
205.48
205.679
205.862
206.04
206.212
206.401
206.579
206.759
206.931
207.136
207.339
207.529
207.728
207.927
208.128
208.29
208.46
208.64
208.818
209.019
209.216
209.396
209.568
209.73
209.916
210.107
210.287
210.499
210.692
210.88
211.069
211.257
211.456
211.63
211.82
212.001
212.169
212.349
212.53
212.728
212.931
213.128
213.318
213.519
213.707
213.876
214.037
214.224
214.388
214.569
214.739
214.916
215.087
215.231
215.417
215.589
215.767
215.919
216.097
216.249
216.409
216.589
216.746
216.915
217.067
217.234
217.404
217.607
217.777
217.957
218.138
218.318
218.478
218.656
218.844
219.014
219.194
219.375
219.556
219.738
219.888
220.039
220.197
220.377
220.576
220.738
220.909
221.078
221.24
221.401
221.57
221.738
221.896
222.038
222.215
222.396
222.558
222.71
222.869
223.039
223.19
223.339
223.497
223.677
223.837
223.996
224.164
224.364
224.543
224.752
224.934
225.102
225.265
225.398
225.556
225.707
225.867
226.03
226.189
226.367
226.529
226.705
226.876
227.046
227.205
227.369
227.511
227.679
227.849
227.976
228.117
228.265
228.424
228.578
228.734
228.888
229.037
229.197
229.346
229.514
229.646
229.797
229.955
230.119
230.296
230.498
230.648
230.816
230.947
230.986
231.041
230.938
231.435
232.159
232.312
232.33
232.291
232.289
232.274
231.586
231.894
232.321
232.513
233.272
232.94
233.251
233.784
234.04
234.131
233.209
234.768
234.594
235.084
233.797
235.232
235.404
236.06
236.228
236.405
236.575
236.785
236.97
237.151
237.313
237.485
237.639
237.785
237.919
238.057
238.197
238.328
238.457
238.618
238.767
238.947
239.147
239.325
239.505
239.665
239.816
239.945
240.105
240.276
240.455
240.617
240.795
240.955
241.127
241.285
241.414
241.586
241.754
241.925
242.127
242.318
242.514
242.681
242.747
242.792
243.003
243.415
243.724
243.939
244.08
244.248
244.392
244.52
244.643
244.78
244.821
245.303
245.595
245.705
245.808
245.89
246.028
246.142
246.28
246.432
245.565
244.274
247.849
248.842
249.051
249.249
249.461
249.645
249.797
249.926
250.024
250.12
250.183
250.275
250.352
250.432
250.502
250.572
250.652
250.711
250.792
250.858
250.935
251.036
251.118
251.187
251.278
251.36
251.445
251.537
251.648
251.746
251.806
251.894
251.976
252.056
252.144
252.233
252.326
252.408
252.509
252.597
252.687
252.778
252.837
252.908
253.006
253.066
253.152
253.254
253.373
253.473
253.574
253.672
253.777
253.906
254.027
254.176
254.295
254.375
254.456
254.525
254.599
254.666
254.752
254.853
254.956
255.045
255.146
255.264
255.375
255.494
255.622
255.724
255.834
255.934
256.017
256.115
256.195
256.293
256.385
256.475
256.564
256.682
256.773
256.891
256.992
257.104
257.203
257.312
257.413
257.512
257.624
257.712
257.819
257.94
258.051
258.153
258.272
258.365
258.475
258.583
258.674
258.764
258.852
258.96
259.097
259.21
259.319
259.427
259.543
259.661
259.752
259.852
259.962
260.071
260.159
260.242
260.313
260.393
260.471
260.581
260.702
260.815
260.921
261.024
261.133
261.228
261.331
261.476
261.592
261.679
261.77
261.87
261.97
262.063
262.142
262.231
262.342
262.46
262.579
262.69
262.798
262.917
263.001
263.1
263.182
263.272
263.391
263.481
263.579
263.68
263.772
263.882
263.981
264.079
264.19
264.29
264.399
264.509
264.636
264.749
264.872
264.97
265.081
265.161
265.239
265.321
265.411
265.499
265.62
265.749
265.859
265.967
266.068
266.167
266.249
266.351
266.44
266.54
266.649
266.759
266.851
266.929
267.03
267.115
267.201
267.29
267.37
267.49
267.597
267.679
267.787
267.886
267.984
268.086
268.187
268.314
268.416
268.525
268.625
268.726
268.83
268.939
269.039
269.109
269.189
269.277
269.368
269.45
269.548
269.649
269.756
269.867
269.956
270.056
270.149
270.241
270.329
270.419
270.527
270.646
270.771
270.878
270.978
271.078
271.218
271.548
415.2
501.679
507.058
510.156
512.486
514.277
515.816
517.08
518.217
519.19
520.056
520.857
521.568
522.228
522.78
523.367
523.988
524.449
524.897
525.387
525.797
526.167
526.539
526.906
527.256
527.576
527.867
528.177
528.498
528.804
529.056
529.316
529.546
529.775
530.025
530.246
530.457
530.646
530.867
531.066
531.274
531.455
531.646
531.814
531.958
532.095
532.254
532.435
532.605
532.785
532.937
533.094
533.246
533.387
533.517
533.666
533.798
533.926
534.07
534.188
534.539
534.851
534.968
535.056
535.117
535.205
535.197
533.007
530.945
531.126
529.378
529.988
535.417
537.964
534.713
532.172
532.353
532.359
532.018
532.452
531.349
531.214
531.162
530.352
527.946
525.078
523.166
525.542
533.42
536.466
540.611
528.296
525.196
525.864
530.298
535.296
536.661
535.5
534.208
536.278
531.213
529.688
529.916
529.476
530.788
530.528
530.584
530.746
531.34
533.153
531.702
532.472
531.807
531.698
531.858
532.023
532.193
532.348
532.472
532.604
532.744
532.888
533.038
533.209
533.347
533.474
533.606
533.717
533.837
533.957
534.057
534.147
534.268
534.381
534.5
534.606
534.699
534.818
534.91
534.993
535.049
535.05
534.986
535.055
535.394
535.644
535.719
535.781
535.826
535.883
535.944
535.962
536.009
536.006
534.422
532.773
532.207
532.268
532.499
532.338
531.78
534.877
531.787
532.081
532.596
532.616
532.463
532.463
532.519
532.599
532.692
532.814
530.349
532.41
534.44
535.06
535.255
535.45
535.621
535.776
535.89
536.024
536.112
536.184
536.246
536.326
536.413
536.502
536.619
536.682
536.74
536.782
536.813
536.87
536.936
537.029
537.122
537.178
537.197
537.228
537.282
537.354
537.414
537.472
537.512
537.571
537.616
537.664
537.732
537.774
537.818
537.854
537.896
537.917
537.988
538.062
538.122
538.173
538.218
538.251
538.276
538.32
538.369
538.419
538.441
538.487
538.499
538.525
538.552
538.593
538.622
538.671
538.715
538.749
538.779
538.81
538.856
538.909
538.95
538.991
539.014
539.033
539.045
539.06
539.089
539.137
539.169
539.197
539.233
539.279
539.331
539.378
539.383
539.403
539.405
539.422
539.439
539.496
539.54
539.548
539.576
539.592
539.607
539.604
539.63
539.686
539.71
539.738
539.769
539.775
539.8
539.821
539.849
539.87
539.901
539.911
539.914
539.949
539.953
539.972
539.973
540.017
540.033
540.042
540.055
540.076
540.091
540.1
540.114
540.146
540.169
540.179
540.228
540.248
540.271
540.293
540.312
540.334
540.362
540.38
540.43
540.45
540.47
540.481
540.493
540.494
540.492
540.519
540.542
540.552
540.58
540.602
540.612
540.639
540.69
540.712
540.723
540.733
540.733
540.744
540.741
540.754
540.774
540.794
540.831
540.842
540.862
540.891
540.93
540.954
540.963
540.972
540.966
540.964
540.973
541.008
541.032
541.07
541.091
541.11
541.115
541.117
541.124
541.131
541.143
541.162
541.182
541.201
541.207
541.225
541.24
541.278
541.3
541.295
541.312
541.333
541.362
541.372
541.365
541.372
541.403
541.414
541.416
541.432
541.469
541.492
541.532
541.543
541.553
541.581
541.593
541.601
541.582
541.594
541.614
541.596
541.594
541.612
541.642
541.643
541.635
541.645
541.646
541.655
541.65
541.674
541.694
541.705
541.715
541.745
541.745
541.754
541.76
541.782
541.8
541.813
541.814
541.815
541.823
541.824
541.804
541.834
541.862
541.867
541.873
541.893
541.911
541.914
541.914
541.904
541.918
541.926
541.936
541.944
541.947
541.973
541.939
541.934
541.932
541.944
541.934
541.921
541.942
541.963
541.967
541.971
541.971
542.012
542.022
542.032
542.069
542.11
542.131
542.167
542.2
542.221
542.242
542.236
542.239
542.236
542.234
542.236
542.244
542.253
542.28
542.285
542.302
542.341
542.354
542.362
542.383
542.395
542.416
542.434
542.453
542.473
542.493
542.504
542.514
542.506
542.524
542.535
542.553
542.584
542.612
542.635
542.633
542.644
542.654
542.646
542.646
542.656
542.674
542.36
542.497
542.423
542.432
542.433
542.453
542.479
542.456
542.463
542.462
542.471
542.493
542.509
542.519
542.545
542.578
542.578
542.579
542.588
542.605
542.609
542.607
542.627
542.646
542.666
542.687
542.679
542.715
542.744
542.775
542.797
542.823
542.864
542.869
542.865
542.874
542.875
542.885
542.906
542.914
542.936
542.945
542.938
542.924
542.924
542.916
542.917
542.922
542.935
543.363
542.955
542.969
542.9
542.877
542.874
542.862
542.846
542.848
542.875
542.877
542.868
542.859
542.849
542.86
542.87
542.853
542.882
542.887
542.895
542.86
542.855
542.837
542.834
542.834
542.834
542.847
542.847
542.856
542.849
542.838
542.828
542.814
542.808
542.769
542.751
542.738
542.733
542.734
542.733
542.754
542.772
542.785
542.803
542.805
542.785
542.813
542.814
542.795
542.803
542.814
542.806
542.805
542.824
542.851
542.865
542.872
542.881
542.901
542.906
542.898
542.888
542.887
542.888
542.869
542.857
542.865
542.857
542.839
542.828
542.834
542.842
542.847
542.855
542.857
542.891
542.906
542.896
542.914
542.898
542.924
542.919
542.919
542.927
542.937
542.955
542.947
542.955
542.965
542.993
542.994
543.005
543.016
543.055
543.048
543.076
543.097
543.097
543.099
543.081
543.076
543.069
543.071
543.069
543.087
543.078
543.087
543.086
543.089
543.088
543.099
543.106
543.109
543.105
543.091
543.078
543.085
543.085
543.076
543.087
543.087
543.086
543.086
543.058
543.058
543.074
543.096
543.097
543.117
543.115
543.113
543.123
543.125
543.131
543.133
543.153
543.172
543.192
543.213
543.223
543.251
543.27
543.264
543.272
543.264
543.255
543.256
543.246
543.256
543.262
543.264
543.308
543.332
543.352
543.354
543.347
543.364
543.364
543.383
543.393
543.403
543.412
543.422
543.446
543.45
543.444
543.453
543.452
543.444
543.444
543.435
543.426
543.426
543.434
543.441
543.442
543.45
543.471
543.465
543.514
543.499
542.918
543.333
543.107
542.418
542.249
542.316
542.334
542.457
543.626
545.263
547.129
549.829
549.147
545.635
545.358
545.453
545.529
545.524
545.58
540.063
539.729
540.126
540.275
539.03
532.933
526.412
522.342
524.331
527.01
544.889
550.863
526.791
523.428
525.37
529.244
530.737
531.054
531.162
532.767
540.968
543.439
543.987
544.143
544.322
544.567
544.622
537.399
