-1.8932
-1.59398
-1.37593
-1.30336
-1.26585
-1.27882
-1.22368
-1.20227
-1.16594
-1.10109
-1.07993
-1.08937
-1.1254
-1.1257
-1.10071
-0.855789
-0.355698
-0.0303192
-6.71E-03
-3.73E-14
0.0231171
-0.0534363
-0.234695
-0.462036
-0.703751
-0.976486
-1.17601
-1.57953
-1.8093
-4.09906
5.94
16.6756
34.4189
44.3177
48.5595
50.3978
51.3377
51.9974
52.5482
52.9923
53.3537
53.6346
53.8736
54.0923
54.3209
54.5795
54.8112
55.0088
55.1974
55.3764
55.537
55.7202
55.9081
56.1056
56.269
56.4373
56.5991
56.7952
56.9651
57.1338
57.3213
57.4897
57.6808
57.8424
57.9784
58.1353
58.2737
58.3752
58.5045
58.6155
58.7088
58.769
58.8393
58.8884
58.9467
58.9975
59.0697
58.3833
56.9889
56.5513
56.3609
57.3227
57.4639
57.9494
59.7547
60.6515
60.9369
61.0536
61.1011
61.1073
61.0941
61.06
61.073
61.0384
60.9862
60.9357
60.8767
60.8177
60.7381
60.6669
60.5791
60.4732
60.3997
60.3193
60.2193
60.1216
60.0513
59.9813
59.8943
59.8341
59.7814
59.7244
59.6723
59.6427
59.6216
59.6002
59.5724
59.5415
59.522
59.5123
59.5123
59.5024
59.5041
59.5138
59.522
59.5232
59.5137
59.5345
59.5235
59.5533
59.5724
59.6118
59.6689
59.7213
59.7916
59.8602
59.9318
60.0334
60.1412
60.2704
60.3631
60.4634
60.6037
60.7443
60.8829
61.0216
61.1822
61.3407
61.5412
55.8521
5.73289
5.50015
5.92242
6.21336
6.40913
6.59039
6.74234
6.85164
6.98297
7.10211
7.19196
7.2489
7.33063
7.36188
7.38484
7.41383
7.47281
7.51062
7.55757
7.59039
7.63141
7.64937
7.6825
7.69351
7.72125
7.73921
7.75867
7.77985
7.79156
7.8111
7.82906
7.8407
7.83063
7.84039
7.86969
7.87157
7.87788
7.88765
7.90913
7.92085
7.91109
7.89774
7.89937
7.91071
7.91071
7.93062
7.92085
7.95836
7.96968
7.97781
7.98921
7.99742
8.01695
8.01851
8.01031
8.00055
7.98914
7.9693
7.99078
8.01227
8.06773
8.1396
8.17703
8.17516
8.12788
8.09077
8.05328
5.20836
3.86852
3.23297
2.47945
4.8407
9.76851
8.6689
4.82555
5.1396
4.88805
4.69038
4.7607
4.48921
4.54976
4.52859
4.48766
3.3764
0.757111
-1.3604
-2.10219
3.84039
6.58063
10.5302
5.95984
-2.19398
-0.649841
0.549759
5.47749
6.95992
7.15132
7.17242
7.18875
7.29976
7.5107
7.65953
7.80602
7.90602
8.00563
8.05797
8.09703
8.12828
8.15758
8.17867
8.23766
8.38805
8.67711
8.8896
9.06734
9.19038
9.18219
9.12007
9.02859
8.92047
8.79156
8.65913
8.54976
8.42078
8.27008
8.13805
8.04976
7.9814
7.89156
7.74937
7.66734
-38.751
-197.159
-168.311
-154.159
-153.86
-158.73
-162.524
-166.091
-169.562
-172.571
-174.53
-175.649
-176.042
-175.796
-175.174
-174.413
-173.452
-172.225
-171.042
-169.694
-168.223
-166.674
-165.194
-163.575
-161.96
-160.341
-158.61
-156.881
-155.21
-153.489
-151.731
-150.03
-148.18
-146.421
-144.622
-142.803
-141.085
-139.274
-137.534
-135.774
-133.965
-132.202
-130.391
-128.64
-126.882
-125.121
-123.359
-121.581
-119.792
-118.071
-116.329
-114.571
-112.839
-111.099
-109.349
-107.61
-105.939
-104.278
-102.53
-100.819
-99.1705
-97.4812
-95.8311
-94.251
-92.6432
-91.0026
-89.3635
-87.7018
-86.0842
-84.4928
-82.9127
-81.3819
-79.8541
-78.2413
-76.7038
-75.1838
-73.6725
-72.1154
-70.612
-69.1073
-67.5549
-66.0143
-64.5338
-63.0631
-61.5709
-60.1592
-58.7081
-57.2327
-55.8131
-54.4045
-53.0534
-51.6252
-50.2069
-48.8229
-47.442
-46.1022
-44.71
-43.403
-42.0416
-40.653
-39.3131
-38.0416
-36.9261
-36.0604
-34.4686
-33.1614
-31.8907
-30.6817
-29.4872
-28.3004
-27.1418
-26.0176
-24.7604
-23.3988
-21.9949
-20.6113
-19.2782
-18.0052
-16.6884
-15.3418
-14.0332
-12.7301
-11.3773
-10.0997
-8.92914
-7.80687
-6.59242
-5.3325
-4.17867
-3.02672
-1.82555
-0.72438
0.404526
1.56781
2.68695
3.77711
4.83891
5.97015
7.08766
8.09868
9.11031
10.1627
11.2181
12.2784
13.3502
14.39
15.4194
16.4681
17.5237
18.558
19.5991
20.6124
21.6498
22.6498
23.6772
24.7001
25.7198
26.6884
27.6788
28.6431
29.6002
30.5712
31.4678
32.4291
33.3686
34.3244
35.3327
36.362
37.3147
38.169
39.1693
40.1088
41.0073
41.9584
42.9077
43.8928
44.7427
45.5646
46.4845
47.3963
48.2623
49.0919
49.994
50.9343
51.9458
52.8038
53.6299
54.4306
55.303
56.1349
57.0041
57.7654
56.8029
58.2926
60.6256
62.617
63.7112
64.7211
65.7063
66.5648
67.4245
68.1873
68.9549
69.6888
70.481
71.2752
72.043
72.8373
73.6235
74.3666
75.097
75.7766
76.4563
77.1767
77.8962
78.5872
79.2783
79.9973
80.7098
81.4564
82.1641
82.963
83.6344
84.2552
84.9169
85.6102
86.2997
87.0169
87.7064
88.3876
89.0673
89.7063
90.3681
91.0169
91.6915
92.3728
93.0528
93.708
94.347
94.9973
95.6376
96.3438
97.0349
97.6739
98.2946
98.9431
99.5661
100.167
100.787
101.384
101.994
102.646
103.296
103.899
104.505
105.128
105.736
106.402
107.07
107.697
108.254
108.855
109.535
110.176
110.764
111.345
111.914
112.494
113.074
113.656
114.215
114.836
115.396
115.957
116.584
117.166
117.772
118.285
118.922
119.502
120.074
120.645
121.213
121.761
122.321
122.928
123.489
124.003
124.541
125.105
125.623
126.176
126.744
127.265
127.782
128.352
128.893
129.411
129.95
130.474
130.971
131.571
132.125
132.623
133.113
133.612
134.131
134.682
135.172
135.682
136.202
136.712
137.194
137.641
138.2
138.742
139.262
139.772
140.233
140.731
141.252
141.731
142.162
142.632
143.112
143.631
144.14
144.63
145.1
145.561
146.061
146.551
147.091
147.563
148.01
148.442
148.889
149.321
149.798
150.299
150.77
151.249
151.711
152.172
152.663
153.108
153.531
153.989
154.452
154.909
155.37
155.837
156.288
156.729
157.182
157.566
158.012
158.452
158.881
159.323
159.772
160.22
160.638
161.038
161.447
161.907
162.339
162.733
163.179
163.61
164.038
164.45
164.87
165.272
165.694
166.114
166.471
166.881
167.301
167.739
168.11
168.499
168.961
169.351
169.751
170.169
170.528
170.867
171.198
171.608
172.028
172.408
172.759
173.15
173.579
173.95
174.284
174.63
174.988
175.34
175.731
176.102
176.47
176.839
177.21
177.6
177.958
178.292
178.661
179.011
179.376
179.769
180.081
180.45
180.816
181.147
181.519
181.898
182.238
182.581
182.931
183.278
183.629
184.001
184.34
184.667
185.029
185.399
185.729
186.042
186.38
186.739
187.089
187.417
187.727
188.058
188.407
188.757
189.107
189.466
189.798
190.09
190.409
190.749
191.059
191.388
191.71
192.011
192.331
192.65
192.988
193.326
193.638
193.927
194.275
194.605
194.927
195.247
195.54
195.827
196.13
196.442
196.741
197.04
197.37
197.681
198.011
198.297
198.617
198.935
199.239
199.55
199.849
200.181
200.491
200.767
201.066
201.378
201.666
201.947
202.226
202.488
202.798
203.107
203.411
203.69
203.997
204.306
204.599
204.88
205.161
205.417
205.666
205.581
205.656
206.138
206.422
206.685
206.897
207.085
207.278
207.427
207.6
207.842
208.22
208.637
209.006
209.369
209.763
210.145
210.533
210.884
211.253
211.624
211.96
212.245
212.592
212.919
213.263
213.573
213.875
214.158
214.454
214.704
214.975
215.246
215.489
215.738
215.999
216.298
216.586
216.844
217.115
217.376
217.649
217.929
218.171
218.418
218.677
218.932
219.207
219.47
219.738
219.999
220.289
220.56
220.812
221.087
221.351
221.619
221.851
222.089
222.33
222.62
222.898
223.156
223.429
223.697
223.967
224.228
224.508
224.797
225.105
225.388
225.668
225.928
226.194
226.452
226.692
226.896
227.104
227.323
227.563
227.777
228.127
228.454
228.683
228.896
229.104
229.313
229.515
229.716
229.973
228.394
229.454
231.205
232.445
233.047
233.381
233.665
233.959
234.23
234.514
234.713
234.947
235.179
235.43
235.645
235.865
236.064
236.248
236.399
236.548
236.698
236.889
237.099
237.308
237.476
237.626
237.795
237.966
238.134
238.323
238.486
238.674
238.885
239.056
239.216
239.349
239.51
239.677
239.818
239.966
240.128
240.306
240.495
240.667
240.847
241.013
241.204
241.355
241.545
241.726
241.902
242.076
242.265
242.454
242.625
242.777
242.925
243.095
243.283
243.456
243.648
243.816
243.968
244.144
244.321
244.502
244.676
244.863
245.037
245.208
245.384
245.558
245.744
245.916
246.083
246.274
246.454
246.615
246.803
247.012
247.205
247.383
247.515
247.666
247.816
247.975
248.164
248.354
248.533
248.684
248.863
249.061
249.221
249.411
249.586
249.77
249.933
250.072
250.226
250.404
250.534
250.703
250.852
251.031
251.203
251.374
251.551
251.711
251.881
252.069
252.262
252.442
252.623
252.821
253.012
253.172
253.354
253.479
253.641
253.785
253.962
254.131
254.292
254.424
254.582
254.741
254.891
255.09
255.27
255.442
255.61
255.759
255.919
256.084
256.251
256.43
256.59
256.751
256.92
257.098
257.262
257.424
257.591
257.762
257.932
258.1
258.233
258.363
258.499
258.67
258.872
259.022
259.171
259.339
259.52
259.682
259.851
260.001
260.14
260.272
260.404
260.54
260.678
260.84
261.012
261.149
261.339
261.499
261.661
261.81
261.938
262.099
262.279
262.449
262.587
262.749
262.888
263.04
263.19
263.352
263.511
263.663
263.803
263.93
264.071
264.231
264.368
264.542
264.69
264.849
264.981
265.098
265.242
265.373
265.52
265.679
265.831
265.997
266.156
266.304
266.458
266.612
266.735
266.872
267.032
267.174
267.3
267.432
267.589
267.743
267.9
268.03
268.199
268.367
268.528
268.677
268.837
268.988
269.14
269.286
269.429
269.551
269.692
269.851
269.999
270.138
270.268
270.43
270.571
270.702
270.831
270.97
271.099
271.231
271.378
271.519
271.679
271.818
271.958
272.089
272.222
272.37
272.499
272.651
272.802
272.94
273.118
273.268
273.412
273.54
273.659
273.78
273.891
274.011
274.13
274.257
274.399
274.527
274.667
274.818
274.956
275.095
275.229
275.358
275.517
275.656
275.788
275.929
276.066
276.22
276.341
276.473
276.602
276.727
276.85
276.97
277.109
277.251
277.418
277.558
277.717
277.851
277.97
278.089
278.217
278.327
278.473
278.587
278.738
278.878
278.988
279.099
279.208
279.318
279.391
279.511
279.622
279.751
279.888
280.048
280.171
280.101
279.666
280.222
280.298
280.405
280.429
280.464
280.469
280.512
280.508
280.62
280.857
281.139
281.366
281.581
281.797
282.01
282.25
282.471
282.721
282.964
283.184
283.358
283.509
283.653
283.779
283.931
284.035
284.164
284.313
284.464
284.623
284.784
284.919
285.02
285.14
285.269
285.409
285.55
285.697
285.836
285.948
286.06
286.177
286.3
286.429
286.569
286.738
286.95
287.132
287.249
287.351
287.429
287.558
287.687
287.8
287.899
288.03
288.167
288.298
288.457
288.597
288.738
288.867
289.015
289.158
289.279
289.411
289.548
289.7
289.855
290.026
290.196
290.333
290.442
290.545
290.635
290.756
290.872
290.976
291.058
291.235
291.489
291.634
291.738
291.823
291.895
291.996
292.077
292.182
290.474
291.313
292.939
294.162
294.625
294.89
295.073
295.22
295.365
295.486
295.573
295.677
295.783
295.894
296.006
296.115
296.189
296.246
296.296
296.339
296.399
296.456
296.509
296.568
296.628
296.675
296.734
296.778
296.827
296.906
296.945
297.027
297.087
297.136
297.204
297.272
297.376
297.474
297.576
297.658
297.708
297.777
297.838
297.9
297.978
298.038
298.115
298.175
298.265
298.334
298.414
298.504
298.595
298.667
298.738
298.796
298.894
298.974
299.053
299.126
299.197
299.257
299.318
299.416
299.484
299.574
299.656
299.738
299.845
299.933
300.004
300.086
300.146
300.215
300.257
300.306
300.396
300.476
300.584
300.664
300.736
300.818
300.916
301.029
301.126
301.213
301.29
301.383
301.44
301.512
301.582
301.69
301.782
301.883
301.983
302.092
302.172
302.265
302.353
302.422
302.482
302.555
302.625
302.695
302.764
302.854
302.942
303.042
303.133
303.231
303.321
303.423
303.522
303.592
303.661
303.741
303.813
303.873
303.942
304.031
304.111
304.198
304.303
304.402
304.492
304.582
304.663
304.733
304.813
304.911
305.02
305.092
305.163
305.24
305.329
305.409
305.461
305.548
305.631
305.7
305.801
305.881
305.978
306.045
306.123
306.192
306.283
306.363
306.452
306.512
306.581
306.643
306.723
306.813
306.883
306.971
307.065
307.133
307.21
307.282
307.368
307.452
307.527
307.618
307.698
307.778
307.862
307.942
308.022
308.128
308.208
308.27
308.331
308.403
308.481
308.541
308.6
308.682
308.762
308.842
308.919
309.001
309.052
309.122
309.2
309.29
309.373
309.47
309.543
309.633
309.71
309.79
309.878
309.96
310.061
310.142
310.21
310.298
310.37
310.46
310.522
310.602
310.704
310.801
310.931
311.04
311.148
311.28
311.398
311.579
311.759
311.939
312.12
312.308
312.509
312.728
312.929
313.2
313.452
313.699
313.929
314.188
314.432
314.672
314.942
315.288
318.038
469.677
533.628
537.058
539.218
540.92
542.303
543.481
544.47
545.39
546.149
546.847
547.466
548.048
548.607
549.048
549.53
549.915
550.331
550.7
551.04
551.378
551.677
551.965
552.229
552.506
552.778
552.999
553.229
553.468
553.69
553.911
554.081
554.286
554.456
554.63
554.79
554.96
555.109
555.261
555.411
555.55
555.699
555.845
556.007
556.138
556.249
556.369
556.487
556.618
556.728
556.841
556.95
557.052
557.16
557.257
557.378
557.478
557.589
557.699
557.818
558.06
558.21
558.288
558.298
558.319
558.344
558.37
557.337
555.078
555.159
553.757
553.988
558.329
561.883
559.231
556.27
556.284
555.675
555.557
555.297
555.172
555.15
555.038
554.695
552.615
550.068
548.368
549.874
556.697
560.32
562.964
552.1
550.286
551.855
554.199
558.513
559.453
559.912
557.554
559.845
555.212
553.709
553.653
553.806
554.008
554.214
554.391
554.542
554.674
554.802
554.777
554.767
555.173
555.279
555.356
555.497
555.648
555.804
555.929
556.039
556.16
556.277
556.4
556.493
556.59
556.682
556.764
556.871
556.969
557.055
557.14
557.23
557.341
557.406
557.487
557.577
557.65
557.722
557.799
557.872
557.913
557.973
558.022
558.081
558.14
558.232
558.32
558.365
558.41
558.44
558.481
558.511
558.527
558.554
558.524
557.075
555.658
555.119
555.035
555.026
555.024
555.964
556.236
552.456
554.171
554.95
554.97
555.007
554.976
554.961
554.972
555.036
554.556
553.342
554.62
556.357
556.945
557.194
557.325
557.473
557.596
557.745
557.854
557.991
558.074
558.15
558.238
558.341
558.421
558.485
558.527
558.533
558.55
558.584
558.628
558.671
558.72
558.751
558.772
558.801
558.842
558.888
558.924
558.949
558.984
559.019
559.048
559.089
559.14
559.195
559.233
559.253
559.238
559.236
559.264
559.274
559.31
559.344
559.374
559.411
559.45
559.496
559.532
559.563
559.588
559.607
559.633
559.644
559.697
559.757
559.81
559.824
559.828
559.838
559.839
559.847
559.857
559.879
559.906
559.926
559.929
559.931
559.961
560.001
560.032
560.053
560.055
560.104
560.097
560.115
560.109
560.138
560.189
560.212
560.241
560.256
560.285
560.311
560.336
560.342
560.373
560.406
560.406
560.409
560.416
560.435
560.455
560.481
560.514
560.532
560.564
560.592
560.62
560.633
560.656
560.638
560.647
560.658
560.667
560.695
560.722
560.752
560.782
560.785
560.79
560.805
560.805
560.805
560.823
560.814
560.815
560.813
560.842
560.873
560.901
560.922
560.924
560.927
560.927
560.926
560.924
560.94
560.95
560.972
560.965
560.981
560.97
560.996
561.015
561.058
561.092
561.099
561.095
561.122
561.125
561.135
561.146
561.164
561.167
561.194
561.205
561.231
561.236
561.241
561.244
561.249
561.257
561.266
561.293
561.308
561.316
561.336
561.341
561.349
561.36
561.365
561.366
561.377
561.385
561.403
561.404
561.414
561.44
561.472
561.492
561.485
561.488
561.483
561.476
561.467
561.501
561.514
561.542
561.545
561.564
561.579
561.578
561.584
561.595
561.587
561.577
561.584
561.576
561.549
561.565
561.566
561.568
561.556
561.555
561.565
561.59
561.612
561.623
561.653
561.674
561.671
561.676
561.694
561.697
561.7
561.717
561.707
561.706
561.708
561.705
561.715
561.741
561.754
561.767
561.793
561.804
561.814
561.814
561.822
561.816
561.798
561.795
561.775
561.805
561.795
561.808
561.846
561.857
561.857
561.857
561.863
561.863
561.881
561.895
561.906
561.906
561.935
561.938
561.948
561.957
561.976
561.978
561.985
561.988
562.012
562.022
562.023
562.035
562.045
562.032
562.011
562.009
562.009
562.017
562.007
562.022
562.043
562.047
562.055
562.056
562.076
562.087
562.078
562.069
562.076
562.068
562.056
562.054
562.076
562.094
562.107
562.109
562.146
562.156
562.158
562.166
562.167
562.176
562.179
562.185
562.184
562.184
562.177
562.177
562.177
562.179
562.182
562.195
562.205
562.213
562.228
562.244
562.231
562.246
562.249
562.269
562.259
562.269
562.103
561.92
561.722
561.758
561.69
561.691
561.703
561.69
561.71
561.721
561.749
561.767
561.778
561.808
561.809
561.803
561.79
561.79
561.781
561.772
561.78
561.78
561.782
561.78
561.787
561.785
561.79
561.798
561.788
561.808
561.808
561.824
561.845
561.855
561.887
561.878
561.898
561.888
561.909
561.89
561.896
561.925
561.926
561.93
561.927
561.943
561.994
562.024
562.251
563.056
562.386
562.721
562.749
562.779
562.807
562.815
562.826
562.825
562.844
562.865
562.878
562.89
562.911
562.942
562.955
562.979
563.002
563.026
563.027
563.027
563.025
563.035
563.027
563.035
563.047
563.073
563.072
563.066
563.045
563.045
563.025
563.009
563.007
563.006
563.001
562.991
562.999
563.009
563.015
563.024
563.027
563.069
563.072
563.084
563.084
563.104
563.113
563.123
563.146
563.146
563.128
563.138
563.138
563.136
563.153
563.166
563.181
563.177
563.166
563.167
563.141
563.122
563.107
563.117
563.125
563.13
563.146
563.169
563.169
563.177
563.187
563.213
563.208
563.217
563.229
563.246
563.251
563.233
563.241
563.261
563.261
563.259
563.258
563.257
563.279
563.271
563.288
563.308
563.31
563.298
563.298
563.308
563.325
563.337
563.347
563.355
563.367
563.358
563.349
563.339
563.327
563.327
563.331
563.313
563.31
563.326
563.32
563.31
563.308
563.326
563.319
563.329
563.319
563.328
563.339
563.339
563.329
563.319
563.318
563.311
563.316
563.318
563.336
563.347
563.36
563.355
563.355
563.355
563.347
563.367
563.35
563.359
563.369
563.359
563.377
563.377
563.383
563.404
563.394
563.418
563.406
563.396
563.406
563.398
563.388
563.378
563.357
563.373
563.386
563.375
563.385
563.386
563.386
563.38
563.385
563.396
563.393
563.394
563.411
563.422
563.416
563.419
563.416
563.424
563.407
563.396
563.394
563.396
563.406
563.408
563.406
563.414
563.426
563.437
563.416
563.416
563.435
563.409
563.372
563.385
563.378
563.512
562.82
562.65
562.714
562.787
562.785
563.278
564.136
565.182
567.707
567.889
565.516
564.013
564.137
564.255
564.303
564.282
562.031
560.762
561.008
561.339
561.093
557.636
551.69
546.725
544.884
549.077
556.664
567.341
556.389
547.657
547.121
549.394
551.635
552.609
552.591
552.757
557.992
562.27
563.365
563.573
563.709
563.772
563.88
561.404
555.767
