0.139108
0.18833
0.15484
0.151657
0.190881
0.23537
0.288635
0.292538
0.291263
0.278964
0.249893
0.237704
0.249197
0.271094
0.286719
0.285657
0.254175
0.24295
0.222449
0.240848
0.24404
0.252844
0.266309
0.295569
0.307083
0.320291
0.340561
0.340613
0.347299
0.332724
0.324182
0.329864
0.352133
0.352325
0.361014
0.365949
0.35986
0.350201
0.334888
0.336417
0.324808
0.339538
0.287655
0.248978
0.237006
0.301407
0.312421
0.298035
0.299094
0.300851
0.296164
0.291666
0.293979
-0.11465
0.792122
0.476166
0.35862
0.84622
-0.252383
1.58284
-0.206778
1.13192
1.0777
1.0714
1.08554
1.15406
1.21056
1.27147
1.29727
1.3476
1.41416
1.45648
1.48918
1.53165
1.56859
1.60518
1.62971
1.65033
1.64088
1.65042
1.65723
1.66494
1.67389
1.71071
1.75748
1.78282
1.77536
1.77595
1.76818
1.7814
1.79684
1.81831
1.85226
1.8648
1.86869
1.87346
1.90389
1.93222
1.95073
1.96687
1.97754
1.99696
2.03064
2.03992
2.05686
2.07375
2.09413
2.10388
2.09203
2.10165
2.10609
2.12353
2.12849
2.15077
2.17292
2.19307
2.21307
2.22474
2.24595
2.25153
2.26278
2.27489
2.27877
2.29118
2.31009
2.32335
2.31963
2.34674
2.3627
2.37293
2.38511
2.41309
2.42747
2.43075
2.43161
2.44122
2.45369
2.44902
2.46858
2.49931
2.51821
2.54315
2.55224
2.55428
2.57412
2.58621
2.60632
2.61871
2.63454
2.664
2.68591
2.70721
2.71609
2.74224
2.75169
2.76987
2.76266
2.76855
2.7901
2.819
2.81183
2.81644
2.83739
2.85782
2.86383
2.88262
2.92457
2.96307
2.98122
2.98936
2.995
2.99843
3.00016
3.01553
3.02708
3.04022
3.05474
3.05287
3.05474
3.05819
3.0776
3.09598
3.10151
3.1146
3.13878
3.1618
3.16835
3.18582
3.19721
3.21593
3.24214
3.26313
3.2668
3.27137
3.26705
3.25558
3.26322
3.27234
3.2868
3.29784
3.31317
3.3357
3.35966
3.3656
3.37829
3.39853
3.39792
3.413
3.43294
3.44687
3.47267
3.48885
3.50318
3.52109
3.52617
3.53516
3.53522
3.54675
3.56559
3.57409
3.58485
3.60534
3.61788
3.62767
3.63171
3.63495
3.64624
3.65488
3.65893
3.65814
3.68066
3.68747
3.68606
3.69
3.71238
3.72339
3.72519
3.73885
3.75417
3.77223
3.75996
3.77402
3.78516
3.78232
3.78015
3.80347
3.83036
3.84032
3.85439
3.87098
3.88097
3.88626
3.88378
3.87961
3.89189
3.92592
3.94511
3.96655
3.99595
4.01589
4.02172
4.02526
4.03944
4.05239
4.07224
4.07621
4.08771
4.08958
4.09776
4.11091
4.13411
4.15454
4.17472
4.19457
4.22704
4.25351
4.26733
4.28845
4.30912
4.32128
4.32369
4.32869
4.32652
4.31662
4.32289
4.34623
4.36353
4.37365
4.39136
4.41547
4.43626
4.43685
4.44009
4.44968
4.45528
4.44774
4.45064
4.47899
4.48532
4.51893
4.54778
4.56149
4.56141
4.56488
4.58423
4.5886
4.60728
4.62341
4.63943
4.65905
4.66511
4.66443
4.68005
4.68707
4.7013
4.71592
4.73474
4.73313
4.75094
4.7663
4.77713
4.77731
4.78102
4.77759
4.79225
4.79791
4.81822
4.8286
4.83775
4.87193
4.8821
4.88806
4.90466
4.91006
4.92507
4.9241
4.92466
4.91657
4.91747
4.91931
4.93014
4.93512
4.92111
4.92466
4.93552
4.9479
4.95859
4.97791
4.9999
5.02025
5.0245
5.03599
5.06888
5.07942
5.07563
5.0697
5.07312
5.06556
5.04093
4.95871
5.32438
4.576
4.61759
4.44655
4.52383
4.52001
4.49991
4.50557
4.52605
4.54193
4.71764
4.31333
4.35517
4.63167
3.95709
4.35205
4.25794
4.30325
4.32926
4.75898
3.54846
4.10796
3.90766
5.00595
3.53758
4.23441
3.80565
4.27268
4.32885
4.2988
4.30454
4.30466
4.31131
4.31963
4.33608
4.32344
4.32573
4.32593
4.31612
4.29956
4.30829
4.30515
4.28789
4.29285
4.30786
4.29502
4.29023
4.28972
4.3006
4.31543
4.3116
4.32772
4.33371
4.34869
4.34188
4.32245
4.32235
4.31562
4.33
4.33447
4.34914
4.35406
4.35194
4.34072
4.33475
4.30054
4.34491
4.40999
4.48412
4.42671
4.18749
4.23956
4.37845
4.3944
4.385
4.37607
4.38639
4.40666
4.3825
4.42447
4.31855
4.23223
4.35222
4.41157
4.41401
4.41158
4.40514
4.38848
4.40635
3.8805
5.37374
3.6953
4.70138
4.88832
4.9273
4.96058
5.02945
5.1074
5.19234
5.25362
5.28508
5.33087
5.37629
5.41619
5.45793
5.50676
5.54711
5.57914
5.61656
5.63689
5.63813
5.65838
5.70873
5.74555
5.75965
5.77002
5.79669
5.81655
5.8377
5.85972
5.89909
5.92815
5.928
5.93678
5.95536
5.95527
5.97151
5.99247
6.02562
6.04763
6.0739
6.07967
6.09364
6.12953
6.12565
6.12663
6.12576
6.13904
6.16406
6.16237
6.17313
6.1864
6.19216
6.21588
6.21812
6.22917
6.25946
6.27352
6.31682
6.33972
6.34802
6.37029
6.39215
6.40634
6.4334
6.45358
6.47379
6.50143
6.52567
6.54105
6.55352
6.5525
6.55732
6.57105
6.59511
6.62135
6.64137
6.66358
6.67573
6.70386
6.7163
6.74323
6.78217
6.80773
6.82811
6.84844
6.87133
6.89742
6.93115
6.95329
6.96931
6.98489
6.99364
7.0046
7.01708
7.0325
7.03678
7.05374
7.05499
7.07328
7.0827
7.0821
7.0869
7.09589
7.11143
7.12376
7.14415
7.16341
7.1916
7.19097
7.19632
7.19456
7.20514
7.228
7.24637
7.25573
7.26584
7.27439
7.28577
7.2839
7.29529
7.31304
7.32628
7.35344
7.35581
7.36339
7.38383
7.39341
7.42029
7.43752
7.47034
7.49389
7.50016
7.53002
7.53685
7.54984
7.56677
7.57298
7.61066
7.65149
7.67565
7.70332
7.71508
7.73455
7.75013
7.77704
7.80593
7.83565
7.85598
7.87167
7.88153
7.89377
7.89462
7.89474
7.91257
7.9203
7.9114
7.92612
7.93838
7.95196
7.94826
7.96925
8.00611
8.00934
8.03556
8.05002
8.08387
8.09474
8.12402
8.14032
8.15708
8.16883
8.1795
8.18795
8.19104
8.19859
8.21511
8.23095
8.24244
8.24646
8.26759
8.27463
8.28418
8.28039
8.28425
8.30718
8.32408
8.33765
8.35915
8.39213
8.39006
8.41471
8.41001
8.41609
8.43834
8.44468
8.45814
8.47588
8.49506
8.49939
8.52029
8.54912
8.57241
8.57972
8.60572
8.6183
8.62475
8.64256
8.65663
8.64938
8.65164
8.62755
8.63802
8.64536
8.64556
8.65491
8.6611
8.66882
8.68262
8.68689
8.70601
8.71061
8.72498
8.74588
8.75932
8.78416
8.81218
8.83786
8.85739
8.87644
8.88497
8.89116
8.89783
8.90466
8.91827
8.92603
8.95328
8.96783
8.9811
8.99121
8.99607
9.01457
9.02775
9.04264
9.04236
9.04666
9.06734
9.08084
9.0925
9.097
9.11119
9.10606
9.1248
9.13513
9.15645
9.1921
9.23494
9.27009
9.30015
9.30154
9.31815
9.32108
9.33813
9.3513
9.3647
9.37164
9.39898
9.41392
9.42286
9.43589
9.4464
9.46954
9.49125
9.50095
9.49939
9.50916
9.52417
9.51827
9.52813
9.54084
9.56607
9.58728
9.60927
9.62479
9.64536
9.65622
9.65622
9.65713
9.66841
9.69177
9.71472
9.72042
9.72642
9.74255
9.74945
9.75048
9.75669
9.75916
9.76306
9.75776
9.69417
10.0862
9.23548
9.28032
9.09252
9.22635
9.24325
9.22579
9.20753
9.1868
9.14878
9.28412
9.07767
8.95962
9.07031
8.86559
9.05826
8.98907
8.9754
8.79711
9.70103
7.58098
8.74007
8.3237
9.71704
7.71875
8.50747
8.34795
8.79334
8.80139
8.78286
8.80017
8.80859
8.80609
8.80784
8.80329
8.8183
8.81315
8.82525
8.82618
8.84713
8.84235
8.84151
8.84126
8.84104
8.83476
8.80722
8.79819
8.78109
8.76417
8.75709
8.74459
8.75588
8.76592
8.78613
8.81092
8.82224
8.83003
8.8283
8.83268
8.81726
8.79297
8.76555
8.74934
8.74481
8.72911
8.71483
8.73965
8.81324
8.94322
8.70929
8.45975
8.62792
8.77006
8.76242
8.72317
8.71814
8.69655
8.68385
8.7137
8.68445
8.52182
8.52644
8.72832
8.75189
8.76314
8.75417
8.74547
8.72893
8.7282
8.24295
9.72301
8.10634
9.07263
9.34974
9.4606
9.48493
9.53334
9.57404
9.61347
9.63031
9.67005
9.7078
9.75121
9.79928
9.8648
9.93745
9.99027
10.0248
10.0572
10.0706
10.0509
10.0397
10.0467
10.0587
10.0822
10.1138
10.1428
10.1581
10.1896
10.2246
10.2625
10.3002
10.3248
10.3608
10.3508
10.3796
10.4022
10.4277
10.4506
10.4544
10.4655
10.4937
10.5096
10.5311
10.5633
10.6001
10.6397
10.6694
10.6989
10.7121
10.7345
10.7403
10.7472
10.7649
10.7634
10.7878
10.8089
10.8199
10.8292
10.8706
10.8944
10.9175
10.9542
10.9858
11.0098
11.016
11.0254
11.0299
11.0223
11.0227
11.043
11.0743
11.1082
11.132
11.1427
11.1671
11.1803
11.1989
11.2308
11.2448
11.279
11.3145
11.3327
11.3566
11.3627
11.3949
11.4067
11.3966
11.4077
11.4288
11.4338
11.4351
11.4427
11.4603
11.4718
11.471
11.4876
11.5186
11.5561
11.5828
11.616
11.6395
11.6651
11.6675
11.6667
11.6753
11.685
11.6867
11.691
11.6928
11.7039
11.7111
11.7114
11.7404
11.7527
11.7549
11.7704
11.7958
11.8021
11.8189
11.8495
11.8783
11.9067
11.9252
11.9439
11.9551
11.9542
11.9552
11.9668
11.9794
11.9949
12.027
12.0535
12.0776
12.1002
12.1098
12.134
12.1547
12.1662
12.1682
12.1802
12.186
12.1958
12.225
12.2557
12.2848
12.3145
12.3333
12.3515
12.3661
12.3827
12.4137
12.423
12.438
12.4721
12.4583
12.4639
12.4608
12.4643
12.4732
12.4747
12.498
12.5155
12.5286
12.536
12.5581
12.5766
12.5876
12.6037
12.6153
12.6069
12.6041
12.6229
12.6461
12.6365
12.6454
12.6588
12.6814
12.7048
12.714
12.7316
12.743
12.7786
12.8024
12.8304
12.8458
12.8572
12.8743
12.8932
12.8927
12.8814
12.8922
12.9018
12.9222
12.9297
12.9615
12.9915
12.9965
13.0092
13.0205
13.0437
13.0452
13.0505
13.0521
13.0546
13.0673
13.0626
13.0741
13.0751
13.0888
13.0947
13.1139
13.1288
13.1314
13.1338
13.13
13.1423
13.135
13.1391
13.152
13.1683
13.1842
13.2122
13.2149
13.2275
13.2486
13.2605
13.2808
13.3014
13.3113
13.3144
13.3373
13.3482
13.3581
13.3679
13.3998
13.4193
13.4277
13.4261
13.4302
13.4446
13.4399
13.4343
13.438
13.4652
13.4677
13.4779
13.4832
13.5032
13.499
13.517
13.5385
13.5608
13.5563
13.5844
13.587
13.6037
13.6101
13.6036
13.6272
13.6385
13.6436
13.6581
13.6505
13.6633
13.6884
13.6932
13.7006
13.7253
13.7376
13.7443
13.7392
13.7463
13.7463
13.7645
13.7663
13.7926
13.8113
13.8295
13.8547
13.8701
13.8769
13.8723
13.8765
13.8887
13.9018
13.9164
13.9131
13.93
13.9571
13.9757
13.9893
13.9965
14.0081
14.0162
14.0194
14.0263
14.0349
14.039
14.0505
13.9513
14.1917
13.6354
13.6108
13.3558
13.4466
13.4646
13.432
13.3875
13.3597
13.2982
13.4662
13.28
13.224
13.3512
13.1714
13.344
13.2231
13.2334
13.1917
13.8619
12.2137
13.3347
13.0003
13.7485
12.1958
12.5912
12.6036
13.0179
13.0245
13.0219
13.0367
13.0466
13.0702
13.0892
13.1024
13.1131
13.097
13.0769
13.051
13.028
12.9913
12.9864
12.9925
13.0024
13.0085
13.0134
13.0036
12.9882
12.9749
12.9602
12.9424
12.9118
12.896
12.8994
12.8891
12.8893
12.8793
12.8778
12.882
12.8852
12.8874
12.8647
12.8609
12.8716
12.8571
12.887
12.9593
13.0483
13.1114
12.7823
12.616
12.8545
12.9475
12.955
12.9422
12.9521
12.9428
12.9441
12.985
12.9409
12.5512
12.6938
12.9235
12.9543
12.9595
12.9484
12.9635
12.966
12.9678
12.4653
13.8178
12.3248
13.2005
13.3184
13.4233
13.4912
13.5458
13.6215
13.6707
13.7015
13.7688
13.86
13.9427
13.9776
14.0088
14.038
14.0738
14.1224
14.1652
14.1921
14.2364
14.2627
14.2757
14.3042
14.3478
14.3466
14.3822
14.4103
14.4252
14.4434
14.4718
14.5075
14.5274
14.5345
14.5504
14.5737
14.603
14.6156
14.6374
14.6601
14.675
14.6653
14.6696
14.6812
14.6999
14.739
14.7718
14.8014
14.8331
14.8306
14.8451
14.851
14.8704
14.897
14.893
14.9219
14.9406
14.9505
14.9638
14.9961
15.0221
15.0406
15.0524
15.0704
15.0728
15.0877
15.0902
15.099
15.1083
15.1128
15.1359
15.163
15.2069
15.2227
15.232
15.2523
15.2663
15.2687
15.2669
15.2814
15.2947
15.3178
15.3442
15.3666
15.3857
15.3974
15.402
15.4128
15.4148
15.4283
15.4631
15.4775
15.5197
15.56
15.559
15.5501
15.5539
15.5809
15.5717
15.564
15.5677
15.5707
15.5879
15.6027
15.5973
15.6249
15.645
15.6551
15.6558
15.6745
15.6957
15.7019
15.6883
15.7068
15.7213
15.7345
15.7449
15.7728
15.8014
15.8045
15.8026
15.8143
15.8119
15.8144
15.8079
15.8222
15.8357
15.8384
15.868
15.887
15.909
15.9167
15.9258
15.9302
15.9486
15.9771
15.9864
15.9906
16.0037
16.0142
16.0072
16.0202
16.0263
16.0541
16.0792
16.086
16.1013
16.1057
16.1123
16.1256
16.1299
16.1376
16.1536
16.153
16.1768
16.1962
16.2027
16.21
16.2268
16.2285
16.225
16.2245
16.2357
16.2441
16.2485
16.2582
16.2519
16.258
16.2662
16.2527
16.2565
16.2564
16.2558
16.2567
16.2669
16.2784
16.2802
16.2872
16.2873
16.2911
16.2996
16.3137
16.3164
16.3219
16.3272
16.3431
16.3461
16.3501
16.3573
16.3583
16.3681
16.3772
16.3905
16.4071
16.4105
16.4311
16.4396
16.451
16.4437
16.4493
16.4734
16.4737
16.466
16.469
16.4842
16.4921
16.4805
16.4758
16.4671
16.4763
16.4599
16.4768
16.481
16.4928
16.5143
16.5078
16.5136
16.5268
16.5262
16.5189
16.5287
16.536
16.5477
16.5574
16.5698
16.5961
16.6001
16.6012
16.5928
16.5936
16.5792
16.5891
16.5992
16.6006
16.6128
16.6119
16.6283
16.6433
16.6492
16.656
16.6663
16.6815
16.6782
16.6885
16.6858
16.6784
16.6768
16.6622
16.6513
16.641
16.6481
16.6721
16.6802
16.6884
16.702
16.7093
16.6868
16.6782
16.6786
16.6772
16.6729
16.698
16.7133
16.735
16.7361
16.7366
16.7445
16.7369
16.7473
16.7654
16.7762
16.784
16.7827
16.786
16.7797
16.7658
16.7572
16.7657
16.7685
16.7858
16.7953
16.7909
16.7987
16.8051
16.7993
16.798
16.8071
16.8338
16.8344
16.8293
16.8544
16.8772
16.8716
16.8881
16.8769
16.8892
16.8829
16.874
16.8579
16.8514
16.7542
17.0805
16.3166
16.4142
16.1643
16.258
16.2394
16.2069
16.1656
16.1094
16.0591
16.1964
16.016
15.9936
16.2238
15.8352
16.097
15.9782
15.9595
16.3814
16.8046
14.8711
16.1861
16.1748
16.6666
15.5156
15.5406
15.442
15.8477
15.8715
15.8763
15.8974
15.9099
15.9079
15.9026
15.885
15.891
15.8892
15.8689
15.8759
15.8899
15.9044
15.888
15.8705
15.8601
15.8514
15.8365
15.8319
15.8139
15.8122
15.809
15.7856
15.7846
15.786
15.8002
15.8065
15.8183
15.7977
15.7932
15.7919
15.7749
15.7438
15.7162
15.7055
15.6825
15.6776
15.6919
15.7566
15.8616
15.8732
15.5412
15.4149
15.5981
15.7296
15.7478
15.75
15.7362
15.7202
15.7047
15.6991
16.7212
18.1857
17.7861
16.5396
16.0796
15.9367
15.8713
15.8357
15.6507
12.7695
12.5526
14.737
15.6378
15.7372
15.7584
15.7505
15.7426
15.7423
15.6287
15.8565
15.5795
16.2461
16.1561
16.291
16.3773
16.4371
16.5112
16.575
16.6306
16.673
16.7129
16.7664
16.806
16.838
16.862
16.8789
16.895
16.9317
16.9536
16.9707
16.987
17.0044
17.0154
17.0222
17.0168
17.029
17.0131
17.0109
17.0096
17.0255
17.0311
17.0533
17.0578
17.0579
17.0603
17.0533
17.0796
17.1016
17.1199
17.1477
17.1493
17.1482
17.1508
17.1634
17.1782
17.1768
17.2016
17.214
17.2376
17.2358
17.2238
17.2178
17.2158
17.2399
17.2545
17.2498
17.2571
17.2646
17.2688
17.2821
17.2971
17.3191
17.3284
17.3357
17.3262
17.3255
17.3281
17.3278
17.3383
17.3434
17.3684
17.4012
17.3823
17.4002
17.3947
17.3922
17.3931
17.3914
17.3764
17.3894
17.3945
17.402
17.407
17.431
17.4447
17.4355
17.4444
17.4383
17.4398
17.4515
17.4515
17.4589
17.4555
17.4684
17.4751
17.4679
17.491
17.5008
17.4879
17.493
17.483
17.487
17.4754
17.483
17.4792
17.4923
17.5112
17.5085
17.514
17.5129
17.5211
17.5016
17.4957
17.485
17.492
17.4949
17.4852
17.4869
17.4955
17.5039
17.4963
17.5059
17.4976
17.5098
17.5045
17.5181
17.524
17.5407
17.5462
17.5472
17.5401
17.5327
17.5166
17.504
17.5032
17.4977
17.5062
17.5014
17.5107
17.5002
17.4945
17.4935
17.4901
17.5019
17.5028
17.5184
17.5344
17.5429
17.5509
17.5748
17.5945
17.5946
17.5941
17.5895
17.5822
17.5764
17.5572
17.5536
17.5469
17.5503
17.5758
17.5819
17.5849
17.6058
17.6063
17.6167
17.611
17.5981
17.5966
17.5846
17.5808
17.5557
17.5476
17.5453
17.5467
17.554
17.5701
17.571
17.5564
17.5644
17.5566
17.5564
17.5744
17.5854
17.5964
17.6145
17.6463
17.6566
17.6493
17.6423
17.6383
17.6409
17.6392
17.6453
17.6235
17.6165
17.6123
17.5859
17.5768
17.568
17.58
17.5922
17.6199
17.6272
17.6269
17.6254
17.6161
17.6056
17.5841
17.593
17.6063
17.6122
17.6161
17.6295
17.636
17.6355
17.638
17.6385
17.6371
17.6476
17.6497
17.6499
17.6587
17.6604
17.6498
17.6541
17.6561
17.6443
17.6367
17.6405
17.641
17.6463
17.6503
17.6734
17.6758
17.6733
17.6766
17.6693
17.6722
17.6704
17.6693
17.6729
17.6581
17.6602
17.662
17.6568
17.6454
17.6489
17.6652
17.6715
17.6849
17.694
17.7133
17.7201
17.7223
17.7157
17.7002
17.6904
17.684
17.6684
17.6658
17.6674
17.6702
17.6514
17.654
17.6601
17.676
17.6916
17.7117
17.7205
17.7199
17.709
17.6881
17.6853
17.6971
17.7046
17.6953
17.706
17.7094
17.6864
17.6673
17.6573
17.6551
17.648
17.6309
17.6254
17.6151
17.595
17.5842
17.5824
17.5577
17.5626
17.5629
17.5841
17.5996
17.5983
17.6073
17.6099
17.5895
17.5406
17.5942
17.5438
17.0468
17.0957
17.0578
17.0681
17.0428
17.0344
17.0042
16.9758
16.9397
16.8939
16.8607
16.8399
16.8373
16.8461
16.8348
16.8451
16.8622
16.8514
16.8328
16.8193
16.8091
16.7995
16.787
16.777
16.7758
16.7721
16.7665
16.7709
16.7647
16.7762
16.7699
16.7715
16.7783
16.7778
16.7704
16.7709
16.7515
16.7368
16.718
16.7139
16.7102
16.7054
16.698
16.6951
16.6967
16.6971
16.7064
16.7007
16.7094
16.7153
16.7104
16.7035
16.6991
16.7038
16.7064
16.6996
16.7024
16.7002
16.7151
16.7075
16.7036
16.7084
16.6991
16.6786
16.6644
16.6522
16.642
16.6323
16.6157
16.6183
16.6249
16.6059
16.5923
16.5903
16.579
16.5742
16.5767
16.573
16.5693
16.5667
16.5702
16.5857
16.5873
16.5862
16.5901
16.5915
16.5964
16.5856
16.5626
16.5672
16.5427
16.5289
16.5135
16.521
16.5199
16.5175
16.5164
16.5225
16.5165
16.5087
16.5081
16.5237
16.5092
16.5036
16.5067
16.4985
16.4871
16.4832
16.477
16.4708
16.4675
16.4678
16.4706
16.4646
16.4581
16.4652
16.4599
16.4486
16.4399
16.4371
16.4438
16.4491
16.4531
16.4629
16.4708
16.475
16.475
16.4738
16.4774
16.4759
16.4568
16.43
16.4287
16.4277
16.4204
16.43
16.4403
16.4634
16.4648
16.4519
16.4469
16.4511
16.4379
16.4301
16.4307
16.43
16.4311
16.4257
16.4224
16.4198
16.4111
16.4083
16.4155
16.4155
16.3945
16.3973
16.4094
16.4165
16.4217
16.4193
16.4099
16.3927
16.3808
16.3673
16.369
16.3783
16.3897
16.4148
16.4095
16.4091
16.408
16.4146
16.3994
16.3836
16.3668
16.3555
16.3315
16.3308
16.3078
16.3056
16.3284
16.3485
16.3577
16.3628
16.3661
16.3516
16.3612
16.3577
16.3612
16.3704
16.3897
16.404
16.3906
16.3912
16.4081
16.3975
16.3954
16.3927
16.3916
16.3847
16.3707
16.3623
16.3444
16.3291
16.3233
16.3221
16.3213
16.3196
16.3329
16.3381
16.3486
16.3577
16.3737
16.3745
16.3803
16.3882
16.385
16.3697
16.3586
16.371
16.3843
16.3775
16.3797
16.3912
16.3838
16.3696
16.3631
16.3479
16.3475
16.3588
16.3545
16.3379
16.3343
16.3377
16.3373
16.3291
16.3223
16.3284
16.3242
16.3191
16.2921
16.2993
16.2889
16.2717
16.2631
16.264
16.27
16.2578
16.2465
16.2362
16.223
16.2283
16.2317
16.2421
16.259
16.259
16.267
16.2563
16.2456
16.2172
16.189
16.1753
16.1663
16.1586
16.1556
16.1459
16.1556
16.1652
16.1674
16.1538
16.1387
16.1467
16.1372
16.1382
16.122
16.1123
16.1072
16.1015
16.1077
16.0897
16.0817
16.0629
16.0696
16.0765
16.0782
16.0999
16.1092
16.1185
16.1254
16.1063
16.1001
16.0908
16.0765
16.0541
16.0353
16.0189
16.0003
15.9917
15.9852
15.9737
15.9722
15.97
15.9832
15.9886
15.9925
16.0103
16.0231
16.0316
16.0302
16.0302
16.034
16.0315
16.02
16.0267
16.0218
16.0329
16.0316
16.0438
16.0544
16.0216
16.0251
16.0225
16.0218
16.0257
16.0228
16.0297
16.0492
16.0426
16.028
16.0283
16.0192
16.0189
16.016
16.0017
16.0184
16.019
16.0369
16.0418
16.0649
16.0827
16.096
16.101
16.0859
16.0718
16.0566
16.0439
16.0175
16.0102
16.0116
16.0003
16.0112
16.0132
16.0092
16.0067
16.0034
16.0149
16
15.9967
15.9877
15.9988
16.0032
15.9679
15.9583
15.9622
15.9557
15.9591
15.9668
15.9763
15.987
15.976
15.9566
15.9391
15.9322
15.929
15.9218
15.9271
15.9301
15.9451
15.9363
15.9353
15.9324
15.9313
15.9213
15.9038
15.896
15.8867
15.8654
15.8728
15.8808
15.8883
15.8963
15.9095
15.9278
15.915
15.9036
15.9174
15.9091
15.9105
15.9053
15.8964
15.8844
15.8694
15.8557
15.8561
15.8553
15.8455
15.843
15.8302
15.8221
15.8188
15.8095
15.808
15.8051
15.7967
15.7914
15.7991
15.8049
15.8044
15.7843
15.7909
15.78
15.7583
15.7572
15.7459
15.7544
15.7381
15.7323
15.7356
15.7351
15.7246
15.7294
15.741
15.7454
15.7421
15.741
15.7366
15.7225
15.7098
15.7208
15.7254
15.7237
15.7337
15.729
15.7377
15.7338
15.7279
15.7284
15.727
15.7246
15.7093
15.7149
15.72
15.7157
15.709
15.7155
15.7234
15.7206
15.7321
15.7177
15.7029
15.6904
15.6956
15.7049
15.7197
15.7259
15.7177
15.7244
15.7299
15.7202
15.6962
15.6987
15.7029
15.6916
15.6909
15.6942
15.6782
15.6591
15.6587
15.6574
15.6754
15.6842
15.7058
15.7111
15.6973
15.698
15.6849
15.6646
15.6412
15.625
15.6288
15.6284
15.6139
15.6272
15.6272
15.6146
15.5899
15.5833
15.5839
15.5857
15.5873
15.5857
15.5746
15.5707
15.5751
15.5693
15.5537
15.538
15.538
15.5525
15.5364
15.5247
15.5101
15.5256
15.5208
15.5136
15.5194
15.5143
15.5194
15.5107
15.4994
15.4989
15.5076
15.5011
15.5264
15.528
15.5278
15.5267
15.5297
15.5366
15.5389
15.5307
15.5189
15.5256
15.5194
15.5103
15.5051
15.5081
15.5229
15.5379
15.5281
15.5311
15.5098
15.5112
15.5032
15.4806
15.4668
15.4526
15.4388
15.4362
15.4233
15.424
15.4318
15.434
15.4369
15.4497
15.4584
15.462
15.4499
15.4412
15.4349
15.4367
15.429
15.4313
15.4175
15.4364
15.4343
15.4317
15.4253
15.4267
15.4271
15.4301
15.4369
15.4394
15.4563
15.4548
15.4554
15.422
15.4148
15.4038
15.3991
15.3902
15.3924
15.3885
15.3828
15.3967
15.3965
15.373
15.3745
15.3634
15.3639
15.3597
15.3841
15.3846
15.3846
15.3972
15.4077
15.3924
15.3826
15.3672
15.3508
15.3164
15.3007
15.2958
15.292
15.3083
15.3289
15.3504
15.3614
15.3628
15.3465
15.3291
15.3188
15.308
15.3019
15.2889
15.29
15.3051
15.2895
15.2937
15.2782
15.2756
15.2736
15.2806
15.2854
15.2777
15.2774
15.2756
15.2661
15.2529
15.2319
15.2372
15.2326
15.2246
15.2463
15.2443
15.245
15.2491
15.2534
15.2572
15.2393
15.2382
15.2209
15.2183
15.2197
15.2053
15.2186
15.2249
15.223
15.2064
15.1942
15.1851
15.1801
15.1894
15.198
15.1976
15.1977
15.2073
15.2092
15.1922
15.1787
15.1772
15.1846
15.1836
15.1933
15.2031
15.2026
15.2004
15.2166
15.2195
15.2157
15.205
15.1882
15.1762
15.1602
15.1478
15.1463
15.1201
15.1088
15.1114
15.1071
15.1149
15.117
15.1194
15.1339
15.1376
15.1191
15.0923
15.0892
15.0883
15.099
15.0908
15.0892
15.0908
15.0805
15.0728
15.0571
15.0629
15.0702
15.0846
15.0761
15.06
15.0648
15.0474
15.0467
15.0283
15.0249
15.0267
15.0292
15.0256
15.0263
15.0077
15.0086
15.0199
15.0141
15.0419
15.0609
15.0664
15.058
15.0473
15.0448
15.036
15.036
15.0267
15.0263
15.0281
15.0174
15.0306
15.0308
15.0385
15.0338
15.042
15.0369
15.0287
15.0228
14.9944
14.975
14.9559
14.9398
14.934
14.9301
14.9418
14.952
14.9649
14.9841
14.983
14.9784
14.9668
14.9624
14.9588
14.9399
14.9564
14.9674
14.9754
14.9641
14.9595
14.9641
14.9593
14.9487
14.9343
14.9375
14.9399
14.932
14.9388
14.9418
14.9559
14.9697
14.9819
14.9994
14.9994
15.0092
15.0112
14.9983
14.9838
15.0002
15.0061
15.0004
14.9897
14.9888
14.9931
14.9979
14.9838
14.9635
14.9675
14.9745
14.9539
14.9324
14.9174
14.9158
14.9183
14.9245
14.9091
14.9076
14.9076
14.9003
14.8954
14.8967
14.9018
14.8998
14.8994
14.8994
14.8989
14.8931
14.8998
14.9095
14.908
14.9153
14.9261
14.9286
14.9193
14.9188
14.9095
14.9031
14.9062
14.8936
14.9031
14.8954
14.8965
14.8867
14.8917
14.8795
14.8852
14.9106
14.8977
14.8925
14.8896
14.8865
14.8852
14.8636
14.8742
14.8727
14.8836
14.8987
14.8954
14.8867
14.8808
14.8785
14.8643
14.8566
14.8685
14.8701
14.8685
14.8747
14.8767
14.8656
14.8509
14.8507
14.8417
14.8411
14.8383
14.829
14.8128
14.7809
14.7885
14.7889
14.7911
14.8011
14.8177
14.8149
14.8167
14.8134
14.8182
14.8104
14.8249
14.8235
14.8261
14.8159
14.8244
14.8222
14.7993
14.7983
14.792
14.7967
14.7678
14.7623
14.7729
14.7776
14.7724
14.7633
14.7599
14.7612
14.7688
14.7588
14.7465
14.7494
14.7507
14.7213
14.7135
14.7044
14.6913
14.7038
14.6914
14.7071
14.7002
14.6932
14.6821
14.6683
14.6364
14.6039
14.5843
14.5503
