-1.19351
-0.747406
-0.521545
-0.513733
-0.487335
-0.389618
-0.657562
-0.655701
-2.50E-03
-0.637573
0.149994
-0.544983
0.421478
-0.516937
-0.0271912
-0.632111
0.405701
0.508514
0.480011
-5.33E-15
0.177673
-0.19928
-0.233429
-0.530304
-0.76889
-0.819366
-0.909515
-1.8486
-2.11655
-5.38928
-10.2298
7.54166
13.6025
17.5338
19.5713
20.699
21.3553
21.826
22.1741
22.4928
22.7624
23.0339
23.333
23.5991
23.8671
24.1155
24.3675
24.6105
24.8558
25.0862
25.3167
25.5355
25.7366
25.9163
26.0945
26.3101
26.5323
26.7515
26.9605
27.157
27.366
27.5735
27.737
27.8347
27.8948
27.9388
28.2814
28.6522
28.812
28.8968
29.0046
29.1159
29.2151
29.3265
29.4163
29.4769
29.2016
27.612
27.0015
26.8051
27.0253
28.7035
27.7076
30.6234
31.5841
31.4772
31.4868
31.5262
31.5324
31.4964
31.4636
31.4195
31.3577
31.3049
31.2573
31.21
31.1416
31.071
30.9732
30.9026
30.8228
30.7229
30.6217
30.542
30.4538
30.3716
30.2717
30.192
30.1232
30.0611
29.9991
29.9499
29.8814
29.8127
29.7623
29.7213
29.6823
29.6513
29.6135
29.5807
29.5595
29.5272
29.4962
29.4537
29.4209
29.403
29.3737
29.3623
29.3307
29.3311
29.313
29.3327
29.3392
29.3506
29.3225
29.3193
29.3112
29.3291
29.3232
29.3342
29.362
29.3978
29.4221
29.4518
29.483
29.5139
29.5615
29.6331
29.7623
28.7342
7.28845
5.62991
5.25882
5.12173
5.06345
5.02368
5.0025
4.96664
4.95212
4.94205
4.95999
4.9697
4.9733
4.96344
4.98111
4.99088
4.98343
4.98962
4.99088
5.01859
5.03851
5.04507
5.08267
5.07751
5.08774
5.07132
5.05179
5.03851
5.04007
5.04822
5.06119
5.04202
5.06149
5.05142
5.02203
5.01041
4.99088
4.9975
4.99744
5.01077
4.98111
4.97952
4.95993
4.95023
4.94867
4.92758
4.9389
4.9389
4.93726
4.94867
4.93851
4.93851
4.93069
4.92087
4.92056
4.93228
4.90796
4.89944
4.92563
4.98618
5.04828
5.11038
5.19086
5.26892
5.28851
5.26859
5.12991
1.96625
0.409607
-0.36969
-0.910767
2.92093
6.92914
4.90921
1.20844
1.15915
0.772491
0.242828
0.767334
-0.201721
-0.0728149
-0.0595398
-0.0806274
-1.72125
-4.89117
-6.97952
-6.80991
0.94046
4.33929
7.81812
-1.20993
-6.96149
-5.35367
-3.21304
2.27679
3.4389
3.59711
3.67908
3.6608
3.77213
3.97946
4.54007
3.59711
5.14633
4.61664
4.63812
4.64828
4.90454
6.20688
4.67093
5.73813
5.25571
5.55994
5.73773
5.83734
5.87836
5.82758
5.67914
5.53696
5.39789
5.24945
5.09741
4.94867
4.77524
4.58734
4.35062
4.32797
4.59906
4.4389
3.62836
3.3475
-96.4791
-222.652
-201.71
-193.711
-194.93
-199.233
-202.979
-205.651
-208.041
-210.01
-211.29
-212.221
-212.713
-213.164
-213.092
-212.555
-211.833
-211.115
-210.404
-209.672
-208.821
-207.854
-206.874
-205.827
-204.711
-203.572
-202.465
-201.235
-200.024
-198.801
-197.633
-196.512
-195.29
-193.84
-192.443
-191.087
-189.744
-188.383
-187.063
-185.752
-184.362
-182.944
-181.594
-180.221
-178.881
-177.444
-176.102
-174.764
-173.422
-172.121
-170.733
-169.315
-167.94
-166.6
-165.256
-163.891
-162.573
-161.251
-159.922
-158.563
-157.213
-155.914
-154.563
-153.291
-151.922
-150.613
-149.37
-147.992
-146.631
-145.342
-144.045
-142.793
-141.552
-140.283
-139.002
-137.697
-136.434
-135.185
-133.927
-132.666
-131.434
-130.172
-128.975
-127.752
-126.581
-125.334
-124.065
-122.842
-121.605
-120.406
-119.223
-117.994
-116.852
-115.643
-114.483
-113.332
-112.223
-111.025
-109.873
-108.754
-107.576
-106.548
-105.545
-104.501
-103.071
-101.231
-100.071
-99.1571
-98.2489
-97.309
-96.3286
-95.8337
-94.9322
-93.4624
-92.35
-90.9173
-89.7802
-89.0324
-87.4537
-86.232
-85.0183
-85.0738
-82.9231
-81.9944
-80.4528
-80.9828
-78.5521
-77.9211
-76.3473
-75.2126
-74.1555
-73.1457
-72.1325
-71.0902
-70.079
-69.0677
-68.0801
-67.0931
-66.1133
-65.1294
-64.1345
-63.1212
-62.1247
-61.1098
-60.1033
-59.1704
-58.2095
-57.3286
-56.3419
-55.3923
-54.4563
-53.5056
-52.5508
-51.5446
-50.6622
-49.7224
-48.7798
-47.8419
-46.9037
-45.963
-45.0333
-44.1052
-43.1833
-42.3271
-41.4074
-40.4677
-39.5102
-38.6426
-37.7048
-36.8521
-36.094
-35.2536
-34.1837
-33.1699
-32.2779
-31.4286
-30.5689
-29.7114
-28.8892
-28.0087
-27.1392
-26.3926
-25.4502
-24.4338
-23.5493
-22.7438
-21.9204
-21.1392
-20.3161
-19.5642
-18.7798
-18.9689
-19.3189
-15.4081
-13.7578
-12.9722
-12.0816
-11.2667
-10.4019
-9.61139
-8.83368
-8.03647
-7.30133
-6.57593
-5.89124
-5.18069
-4.44046
-3.80334
-3.06155
-2.35727
-1.61859
-0.899445
-0.229523
0.482574
1.13461
1.79507
2.51547
3.14624
3.78531
4.50571
5.16422
5.85367
6.54477
7.18726
7.81775
8.45798
9.1557
9.81812
10.4568
11.115
11.7666
12.4095
13.1052
13.7736
14.3979
15.0568
15.6858
16.3068
16.9548
17.6166
18.233
18.8455
19.4385
20.1072
20.774
21.4436
22.065
22.7053
23.3048
23.9077
24.5271
25.1267
25.7948
26.406
27.0041
27.6248
28.213
28.8831
29.4943
30.1119
30.7018
31.303
31.9537
32.5663
33.174
33.7443
34.3225
34.9322
35.5217
36.1334
36.7311
37.303
37.8634
38.4845
38.9873
39.5748
40.174
40.726
41.256
41.8456
42.3962
42.9701
43.522
44.112
44.6335
45.1841
45.7624
46.3228
46.8163
47.3623
47.9698
48.5108
49.0612
49.6025
50.153
50.7052
51.3065
51.8213
52.3799
52.9502
53.4912
54.0487
54.5892
55.1003
55.6628
56.2216
56.7409
57.2624
57.7611
58.2737
58.8228
59.3604
59.8245
60.331
60.862
61.3897
61.9013
62.4319
62.9287
63.4095
63.9518
64.4713
64.9892
65.4678
65.9698
66.4717
66.9666
67.447
67.919
68.4795
68.9303
69.4076
69.8698
70.3604
70.833
71.3291
71.8096
72.2917
72.7755
73.2542
73.7216
74.2002
74.6709
75.14
75.6592
76.1413
76.5909
77.0517
77.5221
78.019
78.4991
78.9686
79.431
79.8604
80.3018
80.7998
81.2396
81.6787
82.1315
82.5697
83.0401
83.5092
83.9323
84.3701
84.7982
85.2295
85.6709
86.1123
86.5779
87.0303
87.4959
87.8979
88.2866
88.7752
89.269
89.6909
90.1107
90.5713
91.001
91.4128
91.8119
92.2397
92.6416
93.0776
93.4995
93.9276
94.3998
94.8491
95.2479
95.64
96.0287
96.4307
96.8491
97.2983
97.7006
98.0971
98.5303
98.9291
99.3112
99.7314
100.14
100.481
100.91
101.349
101.747
102.158
102.571
102.932
103.32
103.738
104.118
104.509
104.937
105.338
105.718
106.148
106.56
106.908
107.287
107.697
108.069
108.431
108.837
109.251
109.609
109.978
110.338
110.689
111.037
111.426
111.828
112.199
112.589
112.978
113.3
113.659
114.058
114.428
114.787
115.169
115.58
115.931
116.258
116.612
116.97
117.328
117.689
118.029
118.371
118.748
119.109
119.486
119.838
120.179
120.517
120.867
121.266
121.617
121.957
122.338
122.689
123.049
123.4
123.748
124.08
124.408
124.738
125.06
125.41
125.741
126.098
126.469
126.751
127.117
127.49
127.838
128.158
128.506
128.826
129.156
129.457
129.787
130.127
130.447
130.746
131.068
131.396
131.728
132.066
132.388
132.71
133.032
133.293
133.394
133.529
133.942
134.992
135.261
135.416
135.508
135.675
135.872
135.415
135.811
136.442
136.825
137.51
137.535
137.861
138.588
139.054
139.382
138.491
140.065
140.135
140.962
139.576
141.452
141.371
142.354
142.696
143.021
143.363
143.704
144.08
144.413
144.697
144.987
145.279
145.588
145.898
146.186
146.496
146.828
147.139
147.433
147.699
147.99
148.298
148.633
148.955
149.254
149.527
149.838
150.135
150.436
150.735
151.037
151.318
151.626
151.944
152.237
152.562
152.877
153.178
153.503
153.845
154.163
154.475
154.745
154.996
155.177
155.451
156.063
156.466
156.777
157.06
157.37
157.66
157.934
158.214
158.473
158.691
159.084
159.571
159.857
160.08
160.328
160.592
160.874
161.165
161.415
160.624
159.715
163.43
164.481
164.75
165.029
165.325
165.616
165.923
166.151
166.374
166.609
166.856
167.097
167.301
167.463
167.652
167.832
168.031
168.211
168.431
168.63
168.837
169.038
169.271
169.472
169.671
169.847
170.056
170.267
170.486
170.695
170.927
171.122
171.349
171.549
171.758
172.017
172.249
172.431
172.622
172.819
173.019
173.253
173.455
173.676
173.847
174.056
174.259
174.474
174.685
174.913
175.11
175.328
175.537
175.72
175.944
176.137
176.325
176.506
176.687
176.896
177.088
177.308
177.555
177.777
177.986
178.176
178.367
178.586
178.787
179.01
179.233
179.463
179.687
179.895
180.074
180.283
180.483
180.684
180.883
181.104
181.315
181.544
181.754
181.986
182.174
182.377
182.563
182.754
182.936
183.131
183.333
183.52
183.742
183.952
184.161
184.351
184.545
184.743
184.963
185.162
185.354
185.555
185.762
185.952
186.163
186.362
186.561
186.771
186.96
187.16
187.372
187.592
187.802
187.991
188.143
188.353
188.561
188.794
188.988
189.19
189.382
189.583
189.774
189.972
190.163
190.374
190.552
190.759
190.966
191.13
191.288
191.442
191.651
191.86
192.07
192.242
192.411
192.591
192.792
192.973
193.179
193.392
193.573
193.754
193.94
194.132
194.329
194.54
194.749
194.97
195.169
195.349
195.514
195.712
195.903
196.073
196.251
196.431
196.603
196.779
196.98
197.169
197.369
197.548
197.72
197.882
198.062
198.261
198.429
198.628
198.837
199.027
199.208
199.39
199.588
199.757
199.966
200.14
200.323
200.49
200.649
200.837
201.029
201.202
201.371
201.532
201.7
201.87
202.03
202.22
202.431
202.599
202.789
202.949
203.136
203.308
203.478
203.685
203.857
204.03
204.202
204.388
204.578
204.721
204.878
205.062
205.219
205.39
205.568
205.722
205.882
206.05
206.209
206.369
206.53
206.695
206.894
207.08
207.24
207.418
207.599
207.81
207.959
208.137
208.315
208.465
208.645
208.836
209.019
209.21
209.349
209.511
209.658
209.838
210.008
210.169
210.341
210.499
210.65
210.782
210.941
211.107
211.277
211.448
211.635
211.828
211.99
212.151
212.3
212.449
212.601
212.78
212.939
213.088
213.238
213.437
213.617
213.783
213.953
214.133
214.315
214.473
214.627
214.779
214.937
215.107
215.279
215.433
215.601
215.758
215.919
216.066
216.228
216.398
216.556
216.708
216.841
217.011
217.171
217.33
217.499
217.637
217.785
217.929
218.076
218.24
218.389
218.549
218.709
218.887
219.037
219.187
219.348
219.468
219.628
219.797
219.939
220.107
220.246
220.316
220.373
220.27
220.786
221.499
221.651
221.65
221.582
221.562
221.548
220.869
221.197
221.641
221.823
222.582
222.25
222.542
223.084
223.363
223.434
222.51
224.059
223.885
224.394
223.088
224.521
224.656
225.302
225.48
225.657
225.836
226.037
226.203
226.364
226.534
226.686
226.84
227.016
227.179
227.336
227.468
227.589
227.73
227.87
228.019
228.178
228.346
228.506
228.686
228.856
229.018
229.158
229.309
229.477
229.617
229.809
229.987
230.156
230.328
230.465
230.606
230.746
230.914
231.094
231.289
231.478
231.694
231.831
231.919
231.963
232.144
232.548
232.835
233.05
233.191
233.359
233.472
233.602
233.745
233.872
233.942
234.415
234.686
234.787
234.91
234.992
235.109
235.231
235.392
235.543
234.667
233.356
236.91
237.934
238.133
238.35
238.574
238.766
238.918
239.057
239.154
239.241
239.314
239.396
239.483
239.594
239.662
239.713
239.785
239.842
239.903
239.958
240.045
240.158
240.239
240.335
240.429
240.52
240.615
240.697
240.777
240.847
240.937
241.035
241.117
241.208
241.297
241.385
241.478
241.56
241.62
241.701
241.767
241.858
241.958
242.048
242.156
242.218
242.305
242.416
242.526
242.635
242.736
242.824
242.927
243.037
243.136
243.236
243.355
243.447
243.517
243.607
243.669
243.738
243.813
243.935
244.036
244.146
244.247
244.353
244.476
244.596
244.714
244.816
244.924
245.026
245.099
245.187
245.287
245.393
245.506
245.594
245.654
245.753
245.836
245.934
246.043
246.166
246.264
246.353
246.454
246.573
246.694
246.792
246.901
247.011
247.131
247.253
247.381
247.486
247.594
247.682
247.795
247.895
247.992
248.092
248.199
248.313
248.421
248.54
248.635
248.753
248.854
248.954
249.081
249.173
249.27
249.364
249.444
249.533
249.583
249.69
249.784
249.885
250.003
250.124
250.225
250.32
250.411
250.527
250.632
250.74
250.84
250.952
251.05
251.133
251.21
251.303
251.401
251.511
251.642
251.749
251.847
251.968
252.04
252.151
252.241
252.343
252.452
252.552
252.669
252.76
252.862
252.95
253.053
253.14
253.233
253.321
253.421
253.501
253.619
253.71
253.821
253.921
254.032
254.132
254.212
254.313
254.411
254.499
254.591
254.7
254.81
254.908
255.019
255.109
255.21
255.292
255.392
255.493
255.592
255.681
255.782
255.858
255.96
256.045
256.15
256.231
256.31
256.429
256.531
256.603
256.719
256.806
256.904
257.006
257.097
257.205
257.316
257.435
257.535
257.626
257.73
257.83
257.939
258.031
258.14
258.238
258.341
258.431
258.539
258.642
258.738
258.837
258.927
259.007
259.101
259.192
259.281
259.37
259.478
259.609
259.7
259.798
259.892
260.009
260.201
261.48
453.401
499.749
504.21
507.138
509.357
511.136
512.668
513.939
515.047
516.011
516.867
517.658
518.398
519.097
519.681
520.287
520.837
521.328
521.759
522.248
522.707
523.138
523.468
523.797
524.178
524.517
524.837
525.119
525.4
525.707
525.978
526.228
526.468
526.717
526.945
527.185
527.398
527.607
527.808
528.007
528.225
528.426
528.619
528.787
528.929
529.088
529.236
529.387
529.547
529.707
529.838
530.006
530.158
530.308
530.46
530.619
530.738
530.889
531.011
531.2
531.49
531.741
531.859
531.978
532.058
532.156
532.078
528.759
527.906
528.138
526.068
527.958
534.339
535.355
530.135
529.344
529.483
529.509
529.75
528.835
528.471
528.335
528.302
527.143
524.048
521.539
520.149
525.534
529.823
536.729
537.511
521.155
522.667
523.407
529.441
532.819
533.823
532.64
534.124
531.8
527.55
526.719
526.842
526.809
527.931
527.601
527.679
527.825
528.852
529.701
528.624
529.135
528.771
528.755
528.871
529.028
529.198
529.333
529.453
529.636
529.827
529.977
530.105
530.243
530.348
530.467
530.602
530.727
530.848
530.967
531.069
531.152
531.25
531.351
531.426
531.519
531.614
531.704
531.794
531.884
531.949
531.967
531.916
532.003
532.362
532.605
532.673
532.732
532.785
532.838
532.889
532.918
532.96
532.945
531.363
529.72
529.173
529.237
529.415
529.227
529.296
531.918
527.46
528.778
529.791
529.846
529.823
529.849
529.865
529.896
529.955
530.004
527.497
529.553
531.594
532.233
532.435
532.591
532.758
532.9
533.031
533.176
533.264
533.356
533.429
533.507
533.607
533.728
533.831
533.893
533.959
534.011
534.106
534.184
534.256
534.315
534.384
534.428
534.457
534.49
534.542
534.672
534.791
534.844
534.869
534.908
534.939
534.97
535.024
535.078
535.124
535.157
535.196
535.228
535.294
535.356
535.41
535.449
535.483
535.519
535.553
535.608
535.658
535.717
535.745
535.777
535.798
535.831
535.879
535.93
535.96
535.973
535.981
536.012
536.05
536.073
536.129
536.164
536.198
536.223
536.208
536.231
536.253
536.287
536.329
536.389
536.405
536.423
536.462
536.501
536.522
536.56
536.589
536.614
536.614
536.653
536.691
536.722
536.754
536.779
536.815
536.825
536.854
536.864
536.885
536.918
536.932
536.96
536.998
537.012
537.068
537.102
537.122
537.142
537.182
537.178
537.168
537.181
537.208
537.225
537.248
537.28
537.285
537.283
537.305
537.362
537.4
537.445
537.488
537.529
537.553
537.562
537.611
537.622
537.662
537.7
537.715
537.732
537.764
537.781
537.807
537.821
537.849
537.872
537.895
537.915
537.926
537.924
537.934
537.944
537.962
537.969
537.991
538.037
538.063
538.083
538.103
538.123
538.133
538.146
538.16
538.184
538.194
538.223
538.225
538.236
538.23
538.244
538.262
538.266
538.284
538.286
538.315
538.324
538.351
538.372
538.41
538.452
538.464
538.481
538.486
538.468
538.469
538.483
538.503
538.516
538.534
538.562
538.583
538.604
538.622
538.653
538.637
538.651
538.664
538.673
538.702
538.723
538.714
538.723
538.743
538.766
538.766
538.782
538.821
538.844
538.875
538.892
538.923
538.954
538.964
538.983
538.975
538.985
538.998
538.976
538.993
538.995
539.014
539.024
539.024
539.024
539.026
539.036
539.039
539.063
539.094
539.096
539.114
539.133
539.145
539.137
539.143
539.187
539.203
539.207
539.205
539.225
539.237
539.245
539.256
539.275
539.274
539.277
539.295
539.297
539.321
539.353
539.374
539.383
539.405
539.416
539.426
539.446
539.439
539.462
539.458
539.458
539.485
539.495
539.505
539.532
539.545
539.571
539.586
539.592
539.586
539.602
539.622
539.617
539.625
539.643
539.681
539.703
539.703
539.723
539.735
539.744
539.75
539.766
539.777
539.777
539.794
539.777
539.776
539.756
539.762
539.784
539.787
539.8
539.831
539.852
539.855
539.883
539.887
539.905
539.916
539.934
539.967
539.967
539.985
540.014
540.014
540.032
540.043
540.037
540.047
540.06
540.058
540.068
540.076
540.089
540.094
539.774
539.907
539.835
539.836
539.833
539.865
539.901
539.89
539.905
539.91
539.922
539.933
539.96
539.98
539.999
540.022
540.011
540.003
540.011
540.019
540.017
540.019
540.037
540.048
540.066
540.076
540.087
540.097
540.143
540.148
540.168
540.198
540.209
540.209
540.227
540.235
540.246
540.266
540.287
540.317
540.336
540.356
540.339
540.344
540.326
540.308
540.298
540.287
540.303
540.596
540.359
540.081
540.045
539.984
539.953
539.928
539.908
539.898
539.915
539.908
539.88
539.869
539.842
539.843
539.815
539.795
539.797
539.797
539.785
539.767
539.777
539.768
539.762
539.756
539.766
539.779
539.785
539.805
539.791
539.776
539.769
539.767
539.751
539.74
539.74
539.728
539.726
539.725
539.725
539.717
539.715
539.717
539.725
539.735
539.743
539.773
539.794
539.795
539.805
539.813
539.798
539.787
539.807
539.831
539.834
539.844
539.852
539.87
539.887
539.887
539.908
539.908
539.909
539.926
539.919
539.929
539.921
539.901
539.9
539.906
539.926
539.929
539.929
539.94
539.957
539.96
539.976
539.99
539.98
540.014
540.027
540.029
540.047
540.039
540.035
540.027
540.047
540.048
540.066
540.078
540.091
540.081
540.071
540.05
540.065
540.058
540.065
540.068
540.068
540.096
540.099
540.119
540.128
540.138
540.164
540.149
540.156
540.14
540.137
540.13
540.135
540.14
540.158
540.151
540.166
540.169
540.185
540.195
540.189
540.207
540.215
540.227
540.205
540.21
540.22
540.219
540.201
540.219
540.219
540.207
540.215
540.187
540.212
540.212
540.233
540.244
540.262
540.302
540.305
540.334
540.344
540.326
540.336
540.334
540.336
540.346
540.338
540.348
540.334
540.344
540.372
540.395
540.413
540.434
540.439
540.455
540.457
540.467
540.464
540.475
540.496
540.508
540.536
540.545
540.557
540.565
540.573
540.576
540.565
540.574
540.574
540.578
540.558
540.553
540.563
540.557
540.555
540.547
540.586
540.527
539.779
540.612
539.952
539.646
539.548
539.662
539.871
539.982
541.372
543.061
545.387
546.923
545.411
542.728
542.616
542.688
542.735
542.726
541.28
537.142
537.183
537.56
537.625
534.885
528.339
522.238
519.09
523.316
529.133
544.385
540.414
523.733
521.268
523.689
527.006
528.305
528.289
528.349
532.49
539.042
540.828
541.207
541.382
541.541
541.786
540.231
533.055
