-0.0012032337531507759
-7.675076101906243e-05
-0.0007215111328756569
-0.0009551619539860156
-0.00012795567832498723
0.0007709936053984946
0.0015534373972786804
0.0013633648384590458
0.0015599721042218995
0.0016172254316947918
0.001321755390189115
0.0015346735427292646
0.00204690092164718
0.002861405647580673
0.0035643267775275324
0.0036078936040457206
0.0030755488114270098
0.002514211717176938
0.002344473569136275
0.0032029489330860903
0.0037435119302452182
0.004016745418391684
0.004543632265859028
0.005400099351068849
0.00571117110774458
0.005931297931482337
0.00657270086413261
0.0066921310080969645
0.006625198479920595
0.006134592176499749
0.006349072441085557
0.006837272410565813
0.0077816389783174275
0.008594372568343403
0.009367482790892577
0.009830561687257041
0.00950766656571872
0.009441285385813248
0.008807384294346713
0.00845959187763059
0.00752415257559731
0.007247877532132173
0.005967829738146016
0.005920158675529969
0.006286094465886422
0.007130744095645023
0.0070560945035383245
0.00678751681744608
0.006851762533810498
0.006757378553745702
0.006822617593734183
0.006648332288167514
0.002638838005071089
-0.006876652623603427
0.028816677279966774
0.023936710325573096
0.02636762622154188
0.03898563101118007
-0.003215410532253918
0.033679859315509486
0.05743518641339826
0.027838695998767995
0.028780529276049006
0.03052683668543093
0.032380586818448576
0.03521805610463982
0.03851272866687841
0.04137897252271959
0.04342644885426862
0.046056223491326105
0.04896429923730826
0.05137460044484827
0.053451476790884314
0.055395042133321276
0.057291441704863874
0.059500332764010164
0.06136158692877715
0.0626757206971944
0.06344842753706159
0.06450471342143768
0.06540242292339166
0.0665489782616007
0.06768699207212536
0.06958516320661837
0.07141450410720715
0.07229016157071455
0.07241182447183557
0.07268475941805869
0.07283437760304803
0.0740262301330863
0.07507290016307334
0.07690355101254254
0.07853597452093125
0.07942837626213822
0.08009662235141446
0.08046840915058404
0.0816237794759665
0.08299046926386656
0.08406592604428631
0.0852881406285873
0.08612483041216124
0.08730620329115649
0.08844561617692483
0.08908953604205913
0.08949083551781568
0.09037961408910214
0.091477083007824
0.09174761210574142
0.09208766686796352
0.09265952600746016
0.09336149696607844
0.09397796312276496
0.09456087176583733
0.09567183703649945
0.09664923873933447
0.09794378700472149
0.09871800109557635
0.09936341274998477
0.10034856923224364
0.10088859549566562
0.10179078249883275
0.10245999299699354
0.10369849757445063
0.10455332385669693
0.10556740913908566
0.10636266147650933
0.10673415870126293
0.10780916026952624
0.10861159431256143
0.10918563702693956
0.10992218989884887
0.1108562174677318
0.11120109475387968
0.1116933041236064
0.11198525685125203
0.11246094935305177
0.11326326465655738
0.11381867459328268
0.11475012255618627
0.11600725497725821
0.11701738535962507
0.11807292918142762
0.11873476000454304
0.11901670293732482
0.11973489376841777
0.12016951882135435
0.12082318242194783
0.12158698747668388
0.12289480414371698
0.12448392940396753
0.12564869126321676
0.12650316614783125
0.1268913421025169
0.12771218062518597
0.12861304108198543
0.12915232184144165
0.1294991375891203
0.1306599367327881
0.13181929858733366
0.132640177230139
0.13298245995752572
0.1335726249135585
0.13451187617214025
0.13550419869409963
0.13603595358792792
0.13721778227324197
0.138433987838309
0.1398891952881956
0.14069934929150307
0.1414466653279516
0.14205616709418567
0.14283782573059098
0.14308175790204689
0.14382599195721715
0.1441907180320372
0.14486729302643192
0.14547864655129766
0.14584188626723557
0.14662470261738628
0.1470059882359165
0.14764850293720602
0.14855425575634348
0.1493128576584931
0.15015959312433774
0.1510937444687334
0.1516121263926078
0.15209419960476905
0.15304482776530035
0.15366480601856533
0.15446342664929966
0.15536681031605737
0.15642370521386803
0.15694391956271767
0.15704220705744246
0.15704337543638092
0.1573657867313735
0.15776720390347845
0.15857054988124775
0.15954798586558464
0.1602949551147653
0.16123376024979533
0.16241927986691465
0.16302547145584345
0.16402320093522058
0.16430231084938418
0.16505944917036716
0.16565134743279705
0.16687758654786217
0.1674893739999827
0.16821678583361854
0.16921459172016046
0.1702422876728421
0.17109905597557834
0.17173836749720592
0.17249094363476225
0.1732428581771363
0.17386593642396503
0.17457087004590405
0.1753108044226726
0.17624762903569618
0.17712294564936112
0.17821835140843834
0.17907934931865901
0.1795660303507389
0.1799489230085894
0.18038558238900715
0.18077250697605723
0.18115195917539495
0.18128597494107246
0.18185925625805427
0.18296477572162578
0.1834887695079524
0.1839489339589075
0.18476071201076388
0.1857655877146559
0.18619478096154757
0.1868057810725923
0.18752292579137386
0.18800603335687327
0.18848949272756912
0.18841441912599033
0.18905367724411848
0.18948797570314097
0.18974847706120584
0.19033028440473806
0.19121357041787124
0.1920025812666713
0.192543485679034
0.19337108711164291
0.1938411237961652
0.19459013871097885
0.1952028251014049
0.19551570501909538
0.19597351185135226
0.19689406823553066
0.19775333407284781
0.19840583038534326
0.19939412048718697
0.200153583748238
0.20073956705758508
0.20100216715241148
0.20164995465908367
0.2023571224374119
0.20312859525541488
0.20376992661614388
0.20446470377060222
0.20511876068895915
0.2057339491672541
0.20683514094588598
0.20793190946190981
0.209086807515609
0.21023698200773008
0.2111519878325796
0.21170554899387023
0.212286220176747
0.2130776478319843
0.21375468911428913
0.21457516135145943
0.21575201979107705
0.2163280370007874
0.21705312256751147
0.21797560045478215
0.21824257791633894
0.2186916557586709
0.2195468115903529
0.22044127772100183
0.22127201877633568
0.22182066392175048
0.22244322129245392
0.22366952360618442
0.2240432325782705
0.22442505992759848
0.2251725254699001
0.2258715833467885
0.22634223187930813
0.2264926239336573
0.22661802721789978
0.22735469939936442
0.2281578920985456
0.2298591999687587
0.23066581681789586
0.23134612268912164
0.2317233949101842
0.23230696264040085
0.23295459291084566
0.23326810368132733
0.23405689510804562
0.2348095839708356
0.23586817387478481
0.23683096926459013
0.23750661891163935
0.23756410160583835
0.2388718870111563
0.2395395285743901
0.24048568447599009
0.2409788618743236
0.24196095902464526
0.24285884529544902
0.24328407446657874
0.24352835443011112
0.24412048014252224
0.2444442624691727
0.24430283261831176
0.24473036308400764
0.2454325811472983
0.2461318625879262
0.24721866830324948
0.2480084192547577
0.24875147083526475
0.24965518244871296
0.24965079182840172
0.2499022412972985
0.25010921641683526
0.25059323012371304
0.25134207048684853
0.2515417005490842
0.25190713007657634
0.2523419601622591
0.2530767885714427
0.2536266021401549
0.25438722454589824
0.25520309683783804
0.2555181888591542
0.25611747362634374
0.2566834187770791
0.25721055938663856
0.2579666333256634
0.25879172815824586
0.2594562531787514
0.25968346039090834
0.2604955053560845
0.26102067528225326
0.2618041640943907
0.2624089936754549
0.2626730750088909
0.2628608533927923
0.26289534339623816
0.26323703838221435
0.2628624164934735
0.27964269190308344
0.26780629155911834
0.2134980464731327
0.23869837611976272
0.23576754491736607
0.23619347537965651
0.23573656880321622
0.23533785900391194
0.2373618328679151
0.23801379794016692
0.24011068292793275
0.2387898726533808
0.2322016464006863
0.23667090307635746
0.23033671939910502
0.22259481837455541
0.23258417822738459
0.22788707652798537
0.22690885563739233
0.26493626076035676
0.22575203152074444
0.2163244552984188
0.2148263765933079
0.25809630884364776
0.24131362639255985
0.23096867847715868
0.2144511984264404
0.21735133437747456
0.22726202438301135
0.22687839908938567
0.22598902593469752
0.22630278547215293
0.22682000538099212
0.22715879521073734
0.2273523511635266
0.22751255759469488
0.22724706607125456
0.22692837337654723
0.22669639346520576
0.22601827327528587
0.22599172897311304
0.2259185946508771
0.22580956655799936
0.22542711339817448
0.22594430744516325
0.22629785656586182
0.22629090946039568
0.2261907531007264
0.22632699366062203
0.2264952421204508
0.2264566780550708
0.22587726680473014
0.22642606249728653
0.2264977598675508
0.22676913546806135
0.2262198311779834
0.22588600750925222
0.2258640045271058
0.22547547408457688
0.2251863110719649
0.22549150123253156
0.22576178148512444
0.22572179743961923
0.22548291389469016
0.2253207277253539
0.22463932383468144
0.22437912393902953
0.22674369887313392
0.2301335804019452
0.2277738605574623
0.220465486690088
0.2187954834864141
0.22388654758276577
0.2272419124184703
0.22752734022105162
0.22709471409849732
0.2272796558228862
0.22764686605667983
0.22883097970917476
0.23063460099869648
0.2212993326747993
0.2191188235122032
0.22222918031574393
0.22715282967245717
0.22916695719599073
0.22912954081851578
0.22885833329455343
0.22879263174577133
0.2282790528288653
0.22427114936544693
0.22110342297725244
0.22624098952466415
0.3001894657764683
0.23893852608814103
0.24713317117997072
0.2510198190124587
0.25365015758112947
0.2568731463084086
0.25997960844944057
0.2630218369267346
0.2652287620519799
0.26707808616631806
0.2693451212642874
0.272050492595318
0.27421312471735815
0.2765512702440541
0.2788439268937111
0.28094232799739055
0.2822000795354721
0.2835297987316489
0.2844257234851806
0.2850738773329584
0.28620858928823206
0.2883158958724672
0.29030331205638626
0.29110235526410305
0.2922532024122452
0.29324261260114415
0.29442036647850617
0.2951305348224924
0.2965312026779652
0.29902262228185034
0.3005413582251186
0.3016044370499605
0.30206922101176764
0.3030611723365188
0.3035931388396485
0.30401042478555074
0.30525840719695263
0.30676848607729373
0.3084381414953673
0.3100502631649971
0.31103718306830047
0.3123487831040443
0.31386915704557555
0.31384802537053547
0.3142726433002714
0.3144741029675102
0.31553428625617796
0.31644710080247157
0.3171785305456267
0.31791505056489133
0.31909964957425924
0.32010828951434755
0.3210919845290104
0.32166964257913083
0.32233009169035004
0.32367293116260587
0.3250532485797043
0.3264373695209582
0.32726108640318846
0.3280358690474172
0.32903142577359873
0.33001187472551435
0.3309553195248716
0.33217881163405244
0.33362315718957786
0.3352583132510851
0.33669796959029413
0.33846437818154596
0.33948269641208634
0.3407103826106214
0.3414454553935867
0.3424221908476288
0.3431460689225902
0.3442376089257672
0.3447542579460241
0.3451804097139596
0.34582840287615946
0.34623461386353904
0.347307353486793
0.3486494509730622
0.35018769832628627
0.35200281223891083
0.35325596299920237
0.3548603118757452
0.3564642535551389
0.35749113627604073
0.3588669573943094
0.36072478010186554
0.3618241803919868
0.36272945178391064
0.3635560177351956
0.3643927673739758
0.3650711226552691
0.36596012143809636
0.36654399272498667
0.3670351038497485
0.3678651349931581
0.368568653256682
0.36936786507466474
0.369856455920179
0.3703357168724845
0.371600355723768
0.37274660936831405
0.373746783572309
0.374664316052502
0.37596087659097127
0.3770179811106097
0.37789831398686674
0.3784137073066143
0.37869074066844133
0.3791445315810965
0.37985023150429154
0.38087706353056416
0.38178395732678005
0.3828234733126335
0.3839922241614483
0.3850085591419051
0.3855809092160797
0.3859792466213479
0.386467765894368
0.38705961045559145
0.3881206067726992
0.38891583008087216
0.3895339063904944
0.39010206179444223
0.39103442614349126
0.39214309327677466
0.39324183418432784
0.3942687217815103
0.3957330686002136
0.3967579967451859
0.39787086422600215
0.39917260760418083
0.4000643594705667
0.40110931963286356
0.40210839900154816
0.40258444658484926
0.403953900451741
0.4048552893432924
0.40572795484352986
0.406424123164311
0.40747054558860285
0.4086263049010973
0.409360294258394
0.41110974097568176
0.41243170479153146
0.41373431904640967
0.4148103215830576
0.41581390159695264
0.4167544021100908
0.4173217432890669
0.41767914773679027
0.4183062309723202
0.4188524337654476
0.4192093299922894
0.4194670883458563
0.4204180502038339
0.4212084508751013
0.4216801176397041
0.42247071323685803
0.42355890845623356
0.4248790434828822
0.42580513587208413
0.4269002416577082
0.42784585903796224
0.42864683611553
0.4292116572207337
0.4304079350866329
0.43108046903021
0.4321502250746176
0.4330730226367437
0.4340475342433668
0.43481232057532965
0.4360796063326277
0.436895372423342
0.4377825685393306
0.43885037365864316
0.4394258214215991
0.44006108409427824
0.44048824854503404
0.44065482538379097
0.44120003467610563
0.44135262207165993
0.4418494344687435
0.44273929025679215
0.4437450846499923
0.4447179737761808
0.44625892540148987
0.44745335873185943
0.4483953750889061
0.4495016685788351
0.44992255321968133
0.4506110667846711
0.45158113255388316
0.4522925913720884
0.45300229014918275
0.45377996816403215
0.4547702508198356
0.4555774512712221
0.45664503485035934
0.4578289992882764
0.4588483949381169
0.45949700203035787
0.4600789688916757
0.4609890323002916
0.46158020758417945
0.4623610540706692
0.4635863719753772
0.4641169652314453
0.46458515171029424
0.4643696195674752
0.46498233510504355
0.4654640051801493
0.46570715968781745
0.46634849452372734
0.46712858092340226
0.46778610490129324
0.46854506120674144
0.46919306255246074
0.47013587360625075
0.470762815640789
0.47212737521992854
0.47340278932942803
0.4745446034776511
0.4758821279159386
0.47752058713694634
0.478780800668467
0.47949954507632164
0.4801128534819103
0.48116060296127894
0.48175164503065043
0.4823777035856386
0.48277760514558277
0.48383231452512754
0.4845916128300908
0.48550589539197453
0.48642971026193454
0.48674651561049964
0.4873312992325193
0.4878937443862146
0.4885926485679203
0.48933856974352036
0.49015094750542443
0.49051536165800874
0.4914891576910674
0.4922663034409373
0.4932081559443892
0.49390325623116643
0.4944266564634841
0.4947580399807755
0.4949954237155083
0.49587142989590655
0.4964698050202337
0.4976384284016185
0.49961854260772975
0.5012188524993437
0.5028044034808887
0.5041672492433578
0.5050614871061178
0.5060012455694106
0.5065103770515822
0.507084326860876
0.5078416786621374
0.5085199493599505
0.5089437677094131
0.5097740281017542
0.5102193106267247
0.5111933188285885
0.5117775557744975
0.5125503339124852
0.5137460330973932
0.5148140453396908
0.5156521842616909
0.5162283143563707
0.5167374683236782
0.5173994729481588
0.5178546336792873
0.5189375518781456
0.5195633264947287
0.5204307478555106
0.5214188648976777
0.5225291461217375
0.5233372736008729
0.5239357224409711
0.5244490275760532
0.5247821413298613
0.5251336638499995
0.5257619101891515
0.5267070432222487
0.5276046287569645
0.5284571836796781
0.5291541811311248
0.5301922143817912
0.5303443439611588
0.5308910932817319
0.5313018037593702
0.5319109023729207
0.5320905550247333
0.532190685078332
0.5526049771245413
0.5304907863395617
0.47960499543209734
0.5053711074212379
0.49967154576310496
0.5023446585860405
0.502989353624894
0.5033741029016344
0.503833412668119
0.5010070011833166
0.5064052661414256
0.5035884695125291
0.5005145089656361
0.4962743159559109
0.49238152368665156
0.496648667667093
0.49947135582809077
0.4952511938178488
0.5002751612687971
0.5267443700904633
0.4806938716055529
0.4725439850767498
0.4827850319392569
0.5120509242713563
0.4938735642648779
0.46727736318814916
0.47093220532786767
0.48128451665693295
0.48934428879869574
0.4877070052346324
0.48720477167292214
0.4874335634510625
0.4877028671045158
0.4877169947013798
0.4876959061185213
0.4878226483265901
0.488330740801688
0.4882538035387358
0.4886733847458652
0.488939437312525
0.48939504088971775
0.4888319998653555
0.4883813317092102
0.4882437829048728
0.48801758068649254
0.4878649248768189
0.48750893610037477
0.487282104212966
0.48694626879244085
0.48662942741462284
0.4863482791924518
0.4862036589837434
0.48672905453502535
0.48686370825596564
0.4874170857099696
0.48816653607769506
0.4882630550315684
0.48816877173031326
0.4878096386168834
0.4880668115547395
0.4873113352771448
0.4863382089136233
0.4848499642313687
0.4840285991910109
0.4836797098987361
0.4829413069273186
0.4840133306917497
0.4868196269084969
0.4898216355437842
0.48521027110715076
0.47502048413793085
0.4748303513830978
0.48177379414098054
0.4852174301432892
0.4847826460765155
0.4840104298029649
0.4838164701123001
0.4838159775376327
0.48440858771318046
0.48396764015500443
0.4760062236693019
0.4748823393552621
0.4800944969571473
0.4851763462709613
0.48551581886444667
0.48536202457935207
0.48546050558437687
0.48552773649601205
0.48542958007622905
0.4806393167328089
0.47989127261263126
0.48007118752189704
0.5539159198702065
0.4945755894895766
0.5045785365065297
0.5092896969770555
0.5117432818908889
0.5143621425140764
0.5172583792045374
0.5198888345180412
0.522086889074749
0.5243706934210312
0.5262566393216156
0.5281079062851199
0.5304128760168072
0.5330659863021453
0.535388261765336
0.5373306739722382
0.5390822514739027
0.5406076356015225
0.5414731368047904
0.5417091398999027
0.5425397621995158
0.5434876006251536
0.5446751470478309
0.5460971063759044
0.5483166635074493
0.5500280001115491
0.5507913883275254
0.5518847288148567
0.5535273261369335
0.5550684408424802
0.5564440445060032
0.5580756107262228
0.559508616588701
0.5603385963523496
0.5622069885496075
0.5637638520539067
0.5649735142398737
0.5664579931690931
0.5677805025026436
0.5690245612470571
0.5701665608148192
0.5714276183452996
0.5726710840790028
0.574149913977814
0.5758505864614034
0.5777788276102469
0.5794315950394282
0.5807882820631352
0.5816163117252816
0.5826809310088769
0.5832808101967354
0.5845182501555248
0.5853615500425462
0.5861134483361073
0.5876128253866235
0.5887061631985735
0.5895649792952186
0.5906522187699882
0.5925455231566219
0.5940713873257232
0.595670671392946
0.5974605565471774
0.5988843834465257
0.6000209628558093
0.600709356977323
0.6014590387185749
0.6016355919534387
0.6019323739267577
0.6026851336494945
0.603800212752441
0.6052617266939976
0.6065264401092223
0.607846689362354
0.6087014441221668
0.6101657950570889
0.6113222505995868
0.6124144457295226
0.6139347532956103
0.6153364379849834
0.61679243445958
0.6182418347368352
0.6195325185113281
0.6210760714072504
0.6226042756024095
0.6239115424886557
0.6250600916039323
0.6256560773829187
0.6264787539719727
0.627182496162018
0.6272870221601765
0.6276974772802237
0.6284393530569405
0.6298882358643126
0.6309314877538054
0.6321324960014582
0.6337268970227308
0.6354661318765691
0.6363504430247665
0.6376685156315465
0.63882461069361
0.6395163095265423
0.6408259350891463
0.641690095304238
0.6426568144313849
0.6437549653002177
0.6444740829856574
0.6449005394301918
0.6454251363506113
0.6458768439127442
0.6464563059200604
0.6468568061695148
0.6479121779326281
0.6491884738156837
0.650043578305128
0.6509330287001319
0.6524271656548797
0.6535902430485523
0.654361698246117
0.6552127288713764
0.6565324330806116
0.6578597141174666
0.6588648841987305
0.6597239235997518
0.6608482121937475
0.6619973225213254
0.6627345446189269
0.6635389628740063
0.6645385411563148
0.6655653212036838
0.6665445415643193
0.667812730779232
0.6685069595625902
0.6695082421867139
0.6706293293644553
0.6717130798395797
0.6727593035521883
0.6737010960997937
0.6751015919513819
0.6760550893105959
0.6767520881069227
0.6774617707522267
0.6782223597974544
0.679537042048061
0.6808103907525623
0.6817617207831334
0.6830899452935619
0.6842887933514082
0.6855722439684272
0.6864289772822595
0.6877034038241532
0.6889557519349017
0.6898089419086695
0.6905244115806264
0.6916873627874442
0.6919978327157852
0.6923638302172841
0.6930741288492526
0.6940617963598209
0.6946117713610667
0.6952098303769414
0.6962300223678868
0.6969988021263815
0.6978097340655103
0.6982161177625863
0.699236704193051
0.7001481334527012
0.7008554337690865
0.7018733468674659
0.7030075601783992
0.7033320805055916
0.7038449311655803
0.7048547854194123
0.7058427051298877
0.7059218958706769
0.7064518435222594
0.7072784678533823
0.708281697666297
0.7091010587347724
0.7101015625723492
0.7110960056262101
0.7119536063163189
0.7131477915264338
0.7144454770668637
0.7158603027488477
0.71677980051089
0.7175974876176703
0.718253659678406
0.719092353429814
0.7194672350380674
0.7192491827349315
0.7201134781216357
0.7212934663419233
0.7224301850590651
0.7234676003004455
0.7243636965864825
0.7259242147210778
0.7262515900658925
0.7269905703576279
0.7277916674912804
0.728519797693312
0.7288402643830502
0.7293025626269997
0.7296535826275435
0.7298801547370427
0.7307100169574793
0.7311158722818784
0.7315323121561409
0.7316868639592012
0.7326671093545892
0.7328624749368065
0.733543811469396
0.7347075014795297
0.735156943724428
0.7357759810847111
0.7361980104748866
0.736830978363233
0.73745916570127
0.7383664511420537
0.7388119228774594
0.7397138853620125
0.7404788716673179
0.7413214694450588
0.7417813435608385
0.742436133590904
0.7434672320654828
0.7440403563871686
0.7454279279791032
0.746213212574816
0.7463903344830868
0.7470861787939875
0.7478019191637628
0.7484628086155094
0.7491961345020737
0.7504807344939634
0.7515604677002723
0.7523643233952103
0.7530800472033927
0.75326620962551
0.7536833691019718
0.7543707424635678
0.7551068577216472
0.7556401404708216
0.7570502886633038
0.7582911246636147
0.7589668907444814
0.7596148763458854
0.7598920726502869
0.7604383985942156
0.7608042890828868
0.7615878533848304
0.7623719818030232
0.7628405372526879
0.7633862044488661
0.7641938676895996
0.7648520623424011
0.7656350425483394
0.7658671536420986
0.7667125611657488
0.7677580889301208
0.7683314292253821
0.7691386611224671
0.7696878938992753
0.7697858931246748
0.7701611118757419
0.7709179100162185
0.7712492774599206
0.7716806401567551
0.7725036161157615
0.7734195888326241
0.7740183384145037
0.7745424098110244
0.7752823769707642
0.7763850671947226
0.7770285291676544
0.777734159958424
0.778709738416833
0.7792778184948431
0.7801166502649521
0.780561378217876
0.7812301181829179
0.7815615584210389
0.7816555298746202
0.7821330180607553
0.7825335516757383
0.78320904634196
0.7836516929743572
0.7841182336058302
0.7847488590814992
0.7855935007718712
0.7862581458698708
0.7871742704170026
0.7874223979463234
0.7879270081651082
0.7886956399789656
0.7892076868863331
0.7902882230798053
0.7910769559087889
0.7917725719194761
0.7909606475191365
0.8042608515139886
0.7939881167331669
0.7410337575872339
0.7684122053178261
0.7615778422384465
0.7632918029012695
0.7632360220692657
0.7628467887763616
0.7622609436136839
0.7621158379466859
0.7640944279649731
0.7636896959081763
0.7612269197609552
0.7592599510022573
0.758883850466775
0.7618935744871251
0.7618820095641882
0.7560452249980069
0.7738758882079578
0.7904412291002243
0.7433624283389166
0.749309829953429
0.7659175646340807
0.7881299470506398
0.7603620399825114
0.7287734107182994
0.7314178091561876
0.74082942178445
0.7477958834283883
0.7470146304552296
0.7469182120466866
0.7475040563345918
0.7482213429038043
0.7486009914845626
0.7489560452458496
0.7491394969451575
0.7489475985080638
0.7481518314266907
0.747234640028378
0.7462535173308817
0.745739963256827
0.7450660216611091
0.7449085287692144
0.7448891708304132
0.7448788949918717
0.7446831759068644
0.7443374477842186
0.7439505590573977
0.7435725565636181
0.7436919867759714
0.7435386327716327
0.743496696599581
0.7427912526732767
0.742907894217308
0.7425855216614551
0.7422490214074414
0.7417362899069686
0.7409868247604343
0.7406181992821093
0.7403537688357961
0.740310635424358
0.7398850961470441
0.7395566328325777
0.7395338647195849
0.7396906210157074
0.7394195319141783
0.7416116283637937
0.7464591891732627
0.7499270487380149
0.741165876548448
0.7305404136845636
0.7332632983761269
0.7408917279447216
0.7427916024542176
0.7426394620850927
0.7424687870328776
0.7426978395543932
0.7430756517626371
0.7449599180756905
0.7420435930406043
0.7332849038453964
0.7293189605661473
0.7372659653490924
0.7423454793563986
0.742992422945944
0.7431124812421394
0.742994818060438
0.7433438333710407
0.7434427923485036
0.7387931535569817
0.7349270000457423
0.7212229507300219
0.816958424836468
0.7520292295996079
0.7606526130645612
0.7660735877588363
0.7705891859991219
0.7737501498113986
0.7769387771097981
0.7795982555451574
0.7810439312054194
0.7836296037013982
0.7868066158989808
0.7900422783054551
0.79218813460047
0.7939014992075866
0.7955571774987565
0.7969922667483446
0.7990285798004393
0.8007361585914546
0.8027026293163855
0.8053232374879495
0.8069675238588485
0.8086816408359387
0.8107596215128559
0.8123251131700299
0.8136563688785842
0.815224908347105
0.8171031200153449
0.8179941482758929
0.819030508616954
0.8206111714987214
0.822132448398968
0.8231862175506932
0.8239831276326515
0.8249907570599996
0.8269637946098918
0.8282869027282969
0.8298222563543063
0.8319371290247507
0.8334782025526382
0.8349911727190101
0.8355877069154134
0.8364983054672174
0.8374717655261503
0.8388566393098097
0.8402766336269583
0.8420615384670614
0.8437212713505209
0.8449851134172764
0.8456053345520063
0.8464015211330479
0.8471393794168963
0.8479487960057811
0.8490326115602561
0.8497317276811062
0.8513073354457303
0.8522852928466473
0.8536130693027051
0.8548684279733048
0.8561119791261722
0.857710836687833
0.859053334514047
0.8601871832532522
0.8613424275280431
0.8622788016287728
0.8631228789152806
0.8637507885799117
0.864460645242007
0.8653667815254293
0.8658078305241026
0.867209434927147
0.8683640551779166
0.8696090041266761
0.8702633275768876
0.8710537152425706
0.8720041380118463
0.8727332338391904
0.8737326940349125
0.8743930210740806
0.875276961377491
0.8765272944036306
0.8778223370013525
0.8791010211468806
0.8802765377953053
0.8810178019791438
0.8818940850607454
0.8823910927750985
0.8830042238378004
0.8835175337759313
0.8847729949856663
0.8858088614050356
0.8866215688972579
0.8882170249533053
0.8894504901631517
0.8895605057055842
0.8899237173427899
0.8906253400026745
0.8915585286211416
0.8915527988699519
0.8920927277525454
0.8928931066214257
0.893495363596555
0.8941666783330493
0.894899205165749
0.895086316384888
0.8957718704685969
0.8965893242776177
0.897085299798869
0.8974347812972472
0.8984589545980058
0.8993533301449945
0.8997570880445397
0.8999764158906997
0.9009295247986282
0.9017241121215674
0.9024876617960297
0.9031821821607913
0.9042185431420685
0.9052070273667759
0.905534689513093
0.9056818267500637
0.9062521043700531
0.9070177230387813
0.9074444675449792
0.9078867422786161
0.9086643516788225
0.909524686085026
0.9102078161073953
0.9114670548957624
0.9119755188787008
0.9127641018480281
0.9132452178268737
0.9135870178254615
0.9141295709522522
0.9148586867512433
0.9156117627100613
0.9159814380155822
0.9166316953807105
0.9174914922654833
0.9177765229066857
0.917973176780529
0.9186307388953336
0.919204495198296
0.9201819670761058
0.9210250346432328
0.9217312012918042
0.9222411736008101
0.9228867325185451
0.9231985018645339
0.9234295213070886
0.9238761332366148
0.9243539118810783
0.9251490721253028
0.9257984283822824
0.9267327155277282
0.9274526700861518
0.9282942298034065
0.9287443507662163
0.929096156617025
0.9293586724655407
0.9301975705847989
0.9302986346121025
0.9305679381125362
0.9310403146444448
0.9315223792307261
0.9316927650353715
0.9320198350298388
0.932583242879981
0.9330034402999147
0.9334321587783139
0.9339966794080788
0.9340082480759208
0.9338100273222327
0.9343096182861231
0.9346846982244389
0.9354514415084743
0.935682519202907
0.9361836813982413
0.9363307689167284
0.9363210441488422
0.9370550127864201
0.9375157221649526
0.9375811271535448
0.9379504006950437
0.9384331431182814
0.9390443406413891
0.9392462220598938
0.940275402453103
0.9404567463369
0.9410215323133966
0.9416644201976003
0.9419238097625803
0.9424806534824287
0.9430970268705835
0.9436631896283094
0.9441914481970115
0.944738451039409
0.9453057144332395
0.9455318121031919
0.9459161165595711
0.9465980362328252
0.9470078750910635
0.9471094311376494
0.9470586391482511
0.9470191425546963
0.9470469126843893
0.9470959740693778
0.9471379215019443
0.9475752733695316
0.9479250902634224
0.9480960400118168
0.948769187449808
0.9491175028376518
0.9492909857846543
0.9496109037357867
0.9496690644968611
0.9504706381342964
0.9512747444987494
0.9514876000014856
0.9517790751333179
0.9523450187366614
0.9526655045384107
0.9530547334102826
0.9531586587407288
0.9538597290158517
0.9544847128666948
0.9547450730323228
0.9546524831899723
0.9545811888400417
0.9546889824223339
0.9544500713314311
0.9549448048719957
0.9553205812263919
0.9555482915553357
0.9559634871297032
0.9561673725106428
0.9565692037191379
0.9567236686333076
0.9571407024014801
0.9576254187576078
0.9581274244419995
0.9587838172296241
0.9591127772621159
0.9598560999739221
0.9600041960669886
0.9602903869907998
0.9602386795179012
0.9603521506750382
0.9602892844156432
0.9604103242255118
0.9609443610622203
0.961975184094902
0.9623429959976703
0.9627074125958542
0.9632636328808896
0.9630361306551795
0.9623897286780099
0.9620018481331375
0.9622903958880986
0.9624837682936239
0.9626632760190006
0.9636682954561803
0.9647436568471809
0.9656241969218106
0.9656728190819022
0.9656531426623379
0.9658275610789715
0.9658705881368618
0.9660957480309663
0.9664423128778842
0.96679756674194
0.966911840501013
0.9671135808428488
0.967275267065076
0.9672938865075749
0.9671447538707362
0.9672802891602165
0.967231031747509
0.9674572658295597
0.967898111222493
0.9680682429432933
0.968377875043119
0.9685610789950242
0.9690380490392642
0.9692498819355366
0.9697036046830264
0.9701274213032774
0.970827215385999
0.9709075816757786
0.9708265987266882
0.9714623134497652
0.9721301792781403
0.9721263434618882
0.972486160177676
0.9721999682714408
0.9726691969646871
0.972381682767502
0.9717862034245147
0.971275632607251
0.9708046842714132
0.9899088513594296
0.9625958186559975
0.9168493063996832
0.9461597459109792
0.9405163303619872
0.9414494959935317
0.9404067146978019
0.9394466908684258
0.9385456215186345
0.9345285141367152
0.9410106799630253
0.9372220926467105
0.9365946153709342
0.9422462071811624
0.9316263881028282
0.936853731297194
0.9360029681896882
0.9315096236993987
0.9472248662076018
0.9546465657251172
0.9275956156414209
0.9089066901063316
0.9605314181458013
0.9504262878575862
0.9357645792592469
0.9081785761878611
0.9105940881964601
0.9190921592584562
0.9265005369598371
0.9266287832940178
0.9269929741375945
0.9278800750829163
0.9279149248900491
0.9279208193571155
0.9274142570159518
0.9267523549308591
0.9266044202070289
0.9261954096244641
0.9259137066058175
0.9260698374951098
0.9262523265036673
0.9259721978620703
0.9251329534524867
0.9245203585833859
0.9241488711894299
0.9235015838618356
0.9234661667660655
0.9231280904757129
0.922768100902557
0.9226495531190945
0.9223976235493508
0.921816468788489
0.9213395478569855
0.9211456963819158
0.920876358618005
0.9209262773472005
0.9206248117467499
0.9198575712709421
0.9198342454623435
0.9194665828523338
0.9187891501650002
0.9177714124971236
0.9166019907497063
0.9162974284169344
0.9155303063040638
0.9154864432948909
0.9178774198146855
0.9219776548543003
0.9226795404429797
0.9137029417713214
0.9048928849847823
0.9074806311861287
0.9139983940070827
0.9163821512420717
0.9166553273472452
0.9165044229812714
0.9156461424671765
0.9151860666068932
0.9220797676058067
0.9910256485187081
1.0387444445862397
1.0442782686535232
0.9932461770596682
0.952229827000522
0.9390600538813135
0.9349835318321144
0.9323700281602645
0.8860013219829402
0.8137069493803463
0.7694826106873259
0.8231094203615205
0.8909790464801792
0.9131321003871975
0.9157387944164591
0.9164146359901669
0.9166615071356059
0.9168820246909146
0.9175689817156152
0.9034118412040636
0.9264173342752341
0.9325890861201102
0.9562823724724329
0.9306781910486699
0.9369838004229056
0.9415209889066974
0.9444956253991009
0.9476030013168085
0.9500440491059845
0.9518466577873692
0.9530323382566847
0.9547692823803797
0.9567518702123006
0.9587182877642865
0.9603187032878264
0.9621418140646375
0.9633780772297041
0.9647093427763381
0.9661952023947274
0.9671813638541229
0.96793393372948
0.9687058259040442
0.9697598148689379
0.9704284425635712
0.9707036477705335
0.9714625159834371
0.9717130721707964
0.971412821316499
0.9715069896465024
0.9720730194017195
0.9726701440117806
0.9732133352557175
0.9746625650191072
0.97519540925517
0.9761423324623393
0.9770401639298603
0.9774853878928348
0.9783389421812957
0.9791881265238055
0.9800350562787896
0.9809878416637191
0.9810194502939888
0.9811685369553558
0.9814504209164846
0.9821251922574911
0.9829190480041203
0.9832065535866367
0.9840943218300661
0.9851584640440352
0.9854998580597062
0.9856841378032777
0.9856328735997119
0.9856923723203931
0.9863885358036679
0.9871888394501702
0.9881214719081836
0.9880809025260153
0.9883927448880695
0.9891022002610091
0.9896087261956323
0.9899735743900037
0.9905113506004182
0.9911801728440633
0.9919525296920341
0.9923871963218291
0.9923964589277043
0.9924143568795669
0.9924254821266772
0.9931048456621872
0.9933426705642878
0.9936864712754897
0.9949300476999623
0.9959105226716006
0.9959459511613017
0.9964841879182352
0.9963620117317163
0.9966352821055354
0.9966651144400193
0.9964959275919385
0.9961024791107492
0.9963032405412128
0.9965855632572748
0.9969836544871261
0.9973628413964282
0.9981943015111561
0.9990591792602362
0.9993458563912756
0.9998101248361516
0.999808345360755
0.9999247204444234
1.0000865133861714
0.9997598400437193
0.9997634187773711
1.0002336271486847
1.0007053617721362
1.0011189699944363
1.0012646269756647
1.00195874987252
1.002367246128539
1.002325613939034
1.0025408166602918
1.0025704458282259
1.0030614291917361
1.003264334177233
1.003754663747844
1.0038710046136863
1.004330798963048
1.0046558780432564
1.0047110205819088
1.0049484391181727
1.0048440866634025
1.004923797332718
1.0043309917345171
1.004109316376127
1.0041208796852827
1.0042204844701939
1.004196758878847
1.004378314889547
1.0046238355427637
1.0051751953672654
1.0051721908648004
1.0053127840931104
1.005722555572627
1.0055089303584919
1.0059532016140171
1.0058858469698548
1.0061767622594442
1.0067645214114804
1.0073721452339217
1.0073841642640091
1.0071486054321135
1.0069362229190602
1.006865473964796
1.0067208857977354
1.0064758063992787
1.0065691063160704
1.0067582619399293
1.0067827593623953
1.0067891903551305
1.0065206934870694
1.0065768610535846
1.0065214633198998
1.0064076851182309
1.00653672646462
1.0071136248796386
1.0070970161941208
1.0075510282631834
1.0084007469600138
1.0085711049404402
1.0090465817102208
1.0100495172200088
1.0106234432477927
1.010911218970372
1.0113390597153509
1.0115468866259265
1.0113612397517333
1.0114276111554479
1.0111213096407623
1.0110369266872727
1.010750291508827
1.0110986184182897
1.0117249265581347
1.0115367187122457
1.0116882643883798
1.0119847103830601
1.0120295304295412
1.0123812859677106
1.0121355661887923
1.0122147807189086
1.0126172923596732
1.0128506787587197
1.0125816823708425
1.0119630387394947
1.0119803533996659
1.0122675043304015
1.0127813814186062
1.0128764972451147
1.0135380897533521
1.01352592386818
1.0135064035023407
1.0135247213246201
1.0135771343756992
1.0137899119542724
1.0141957420556493
1.0147821052013435
1.01553163746409
1.0162779043891768
1.0167996037311628
1.016991790353669
1.0166557502651412
1.0162248436485641
1.016175581396577
1.0160012517260992
1.0161658821793982
1.0156570681367094
1.0146995213208156
1.014303471008164
1.0140977141489986
1.0135563557875358
1.0132966036154718
1.0134954977840585
1.014395160665307
1.0153735868916147
1.016170238466855
1.016846855267476
1.0170038269571422
1.017138948170053
1.0166477709745876
1.016386865687735
1.0158660646586215
1.0161217955693918
1.016317783274398
1.0167923504141931
1.0172168600107743
1.017465440306221
1.017797612663155
1.0179462239923438
1.0180718263868256
1.0179979728753035
1.0179629706202074
1.0180454569612825
1.0183510987771136
1.018720738081154
1.0189831184072122
1.0190872842250358
1.0189796066537251
1.019253780878238
1.0192011664722855
1.0188635044402077
1.018623369514902
1.018908743192389
1.0193862705254968
1.0196038945774686
1.0198850003157958
1.0205381616737805
1.0205020127579454
1.020727462682021
1.020968270247618
1.0211545613118524
1.021423791823073
1.021856826764559
1.0221346369241449
1.0223808426737115
1.022190642199956
1.0221448154066815
1.0216054062268183
1.02123714256918
1.0207596266233678
1.020889871172832
1.0213561748061906
1.0216203706694165
1.0221990077653011
1.0225400937223663
1.0228010676362407
1.0230226682703925
1.02304983129814
1.0226013315041877
1.0221550211497419
1.0221268991151695
1.021941486582069
1.0215637292052089
1.0214766743363315
1.0217468580484097
1.0217655623522628
1.0214630379702039
1.0213463939348433
1.0217160343029976
1.0222841138816234
1.023012382483067
1.0237980827268411
1.0240648965730308
1.0242240054344809
1.0239668680905454
1.0233071408082008
1.0232449470421636
1.0234369095655942
1.0234156518006483
1.022890482825735
1.0227237613641738
1.0226508125048752
1.0223506781797247
1.0217060069061314
1.0214510556850471
1.0215440584953326
1.0219147894753717
1.022073528933739
1.0218773062908404
1.021316284952224
1.0208800162728573
1.0209101948244232
1.0209635336858975
1.0200963130369212
1.0202014374449844
1.020549961829983
1.0211705466590761
1.0212231012302049
1.0210664722927802
1.021723961842633
1.022067730537422
1.0214150151951995
1.0188107990250383
1.081112632624916
0.9524455921444858
0.9942403809656642
0.998704963272122
0.996857306639436
0.9961131062792886
0.9951698554628445
0.9949491732243645
0.9941546565691239
0.9932477728062019
0.99237318614048
0.9912457926549586
0.9906616807193918
0.9903259994510152
0.9899633409784111
0.9898956715614535
0.9898750544419043
0.9900791200388916
0.9904933916706226
0.9901139344860803
0.9897913202199333
0.9894700862320723
0.9887735734235314
0.9884373139678501
0.9880036800384162
0.987399897406444
0.986895687809899
0.9866312444328011
0.9865389801959014
0.9865540794384348
0.986153468554127
0.9862058196129863
0.9859103485261308
0.9863123913897804
0.9862499200705248
0.9861421135887932
0.9863621531204183
0.986070354507634
0.9854697098829268
0.9849847365190101
0.9846340078973612
0.9844906286290511
0.9841101904948243
0.9837246102173247
0.9835250294760581
0.9832092693723257
0.983040596588292
0.9829440087868498
0.9829808527221148
0.9826704935830628
0.9828320561788549
0.9824654855528295
0.9823272117174395
0.9819235412376214
0.9818320587403893
0.982049008922253
0.9824238000356896
0.9823442799105148
0.9821981351757214
0.9819415011302182
0.9817336154193826
0.9812528501257529
0.9811569548436389
0.9812794088834307
0.9812515808745067
0.9809569761290627
0.9802879109126184
0.9797969137960172
0.9790721920766462
0.9787212606328425
0.9780246063937744
0.978328779230205
0.9783251117972805
0.9778486460918525
0.9777191464897889
0.9774825419150907
0.977341853824234
0.9769231032175958
0.976841888539576
0.9766051317605888
0.9765123201250738
0.9761195597465839
0.976215170571899
0.9763635281497168
0.976205711836516
0.9762092381289459
0.9760747716274787
0.9762492035139412
0.9762201152737449
0.9758388176401995
0.9750275865203427
0.9747747155715952
0.9742754714891234
0.9736464342312291
0.9734949592768979
0.9739260783656677
0.9737240347346575
0.9738457238569481
0.9736901617448621
0.973801732807927
0.9732747669996866
0.9731401830184607
0.9730859950575493
0.9731363241815701
0.9726141524996438
0.9724735670040083
0.9724301315932301
0.9721747839730683
0.9719012585915989
0.9719145889323649
0.9713866685455258
0.9712567609012621
0.9706007784866733
0.9707147361285503
0.9705494693205826
0.9704857509126261
0.9706018262055547
0.9705605415691984
0.9704229968418471
0.9700002634406045
0.9693795093904068
0.9691572444913179
0.9692434372273869
0.9693367386355742
0.9697145877478964
0.9699611498366667
0.9703153703029869
0.9703964616420121
0.9703833379164983
0.9703260111506872
0.9705642135690583
0.9701738655454042
0.9690389800776186
0.9681229754787163
0.9677759908275125
0.9673341718861093
0.96686435783138
0.9667352724919044
0.9670892842162762
0.9675421256052253
0.9675223472093711
0.9671232055855058
0.9671633329990197
0.9675944400929051
0.967158147172761
0.9671332435617592
0.9670555701832477
0.9668471772153012
0.9668339381528205
0.9666721828395051
0.9666453859281531
0.9664431685742296
0.9663255550601697
0.9661817575960289
0.9663284047002682
0.9660080496190739
0.965383939430865
0.9650737722249761
0.9653362295470097
0.9652279631781648
0.9650597296916051
0.9647047729859219
0.9643831011363446
0.9644241123719487
0.9640924640039089
0.9637413745583856
0.9643247537869857
0.9649533924202541
0.9651601657603578
0.9654729528782755
0.9651209277381126
0.9649105418696978
0.9646714924275965
0.9642483328576257
0.9635393041075689
0.9628498560272447
0.9623480884253882
0.962273715794658
0.961602052449016
0.9612000002267893
0.9609414023499733
0.960786504091793
0.9613405363877523
0.9615975869370916
0.961728934035768
0.9618898987542713
0.961817597870853
0.9612251320951978
0.9613294352995001
0.9610932999181531
0.9610743242395039
0.9616954678599882
0.9625858475430021
0.9630901644881082
0.9630388159662678
0.9633542375131469
0.963526468557535
0.9628263298677586
0.9617912047247681
0.961267634220015
0.9605753822272803
0.9601072059285067
0.9594005917965531
0.9593134369815977
0.9588921724348336
0.9588041232990568
0.958761462009543
0.9585985156562743
0.9584035536345137
0.9584264288008809
0.9587062474255504
0.9584946596751476
0.9590313624854885
0.959208084427908
0.9593714061094145
0.9590947312028512
0.9588715452328961
0.9585831622735947
0.958300342008982
0.9579744995026269
0.9581013875751007
0.9586742782197241
0.9591594347364187
0.9593256943637227
0.9596772919898786
0.959646832305986
0.9594121871817172
0.9588077796781683
0.9585084530308432
0.9580507748341155
0.9580725663741904
0.9582405879184958
0.9574031140815048
0.9567556161025667
0.9570502217800353
0.956874473094905
0.956714723142303
0.9563061050413495
0.9562863740118202
0.9565168555169662
0.956333450265586
0.9557866814274132
0.9550990855027007
0.9554164481633983
0.9553421101559842
0.9546155072105179
0.9545384323109228
0.9541962494594595
0.9540506268608794
0.953613019477601
0.9533672865348709
0.9531095458822735
0.9529034536040913
0.9530556399490816
0.9533343094647104
0.9533979773509517
0.9536977711645652
0.9537612737952513
0.9541740498794347
0.9536494742912808
0.9531628280319504
0.9526947249590348
0.9520042274253883
0.9510462706000438
0.9505989191570363
0.9503072501759916
0.9501939710246026
0.9498253660311257
0.9505870959488935
0.9510301728388211
0.9509545118079953
0.9505927809973413
0.9503287114119533
0.9504404857354019
0.9498195281517929
0.9492335004333626
0.9489509568754964
0.9486134692376387
0.9481713991604978
0.9476640297144655
0.9477686846983335
0.9477071210054718
0.9475086305164954
0.9471854994162459
0.9474993122381545
0.9471035466616996
0.9468991563123109
0.9470173153373865
0.9469216247360936
0.9469487768235686
0.9466977372827868
0.9463988942744144
0.9462335220670409
0.9460463430097749
0.9455090769925059
0.9444353228192113
0.943565804945137
0.9432360009452763
0.9426160359972201
0.9423814881692396
0.941750970456983
0.941627234507828
0.9417575224452351
0.9414648453233646
0.9415505686526376
0.9417886069611985
0.9425064507213438
0.9431681903528483
0.9433532825116349
0.9435407722334722
0.9435636673269937
0.9432687024978954
0.9431640341102239
0.9424634345024572
0.9419569313485435
0.9417819380050321
0.9416249622841462
0.9416346480843539
0.941775943010534
0.9421675407456924
0.9424497735535355
0.941992733819363
0.9422432141101053
0.9423333821159681
0.9423810208609981
0.9420447687685218
0.9418994265382159
0.9421854980516893
0.9423354379323854
0.9418456134103914
0.9414902381652998
0.9415735893327523
0.9413347857721068
0.9413445977352033
0.9411353736010384
0.9408489458370181
0.9412310887498694
0.9411307656566353
0.941017852951218
0.9411317393403097
0.9417014416324722
0.9418276969944042
0.9422679078320133
0.9418963393853979
0.9413246496693943
0.9412444867007375
0.9406845456225388
0.9401059320157192
0.9393679081916383
0.938909435516914
0.9387832437202729
0.9384862251485249
0.9385131967521396
0.9384259743739731
0.9385704615268387
0.9382910984771035
0.9382138471542557
0.9380848339306783
0.9378659455359956
0.9376721459926051
0.9373298316714197
0.93755255190019
0.9377186536552962
0.9369501838279749
0.9368289573261758
0.9369602960416125
0.9367531875639838
0.9367442740599495
0.936762926145934
0.9367723709480529
0.9364252334858327
0.9360565721536834
0.935643887209427
0.9353969798122355
0.9350177986143993
0.9351422331980748
0.935234168124065
0.9354030864391857
0.9353808228109961
0.9354647013132492
0.9352393904621874
0.934920742483272
0.9343523479685132
0.9342197822713995
0.9335435295485728
0.9330658154413527
0.9323395887845276
0.9319346558928978
0.9316656495384388
0.9320607658918907
0.9324469256168174
0.9327935548667995
0.9326069098692372
0.9331626093860986
0.9333871152962803
0.9329234609934576
0.932770113117497
0.9327489581244756
0.9325617018486692
0.9326105626174189
0.9326491597613865
0.9321930792625511
0.9314679385441154
0.9311118622342917
0.9306417424830518
0.9305393786067112
0.9306795236344686
0.9304803451654509
0.9305081397298791
0.930075023425173
0.929657686143875
0.9291655559964751
0.9286627211171945
0.9283372569065295
0.9278575521533643
0.9275052172560774
0.9270790008199497
0.9273274853408324
0.9274455966140398
0.9270151626817249
0.9267970759416243
0.9269764177814922
0.9263220050540037
0.9256098938886572
0.9252713315713654
0.924946976380412
0.9246137227215543
0.9242605602316996
0.9243189707359171
0.9240234476244784
0.9237943379728221
0.9238409748414845
0.9240964031770276
0.92465989053741
0.9245216287437067
0.9244596551549507
0.9247528365446861
0.9241905615231568
0.9233660691259493
0.9229771210789386
0.9233536876159865
0.9231412706468382
0.9233209647076639
0.9233866796446394
0.9230721365403733
0.9231884229803277
0.9228060391991161
0.9224133724508744
0.922368414042159
0.9220664593818505
0.9224354193621929
0.9219862588046642
0.9224324049962254
0.9228388795595035
0.92259799926065
0.9222122633002692
0.9220482285277708
0.9219524487838864
0.9217670292027375
0.9217394715054621
0.9213873929457568
0.9206061215667627
0.9203592353214022
0.9204420682344763
0.9204371353034715
0.9206961384045405
0.9204812561835676
0.9204363029670238
0.9205675179994499
0.920254008752531
0.9201313025199331
0.9196882544463573
0.9195735662686343
0.9194126055609021
0.918944311555841
0.9187817434367157
0.9183793349509228
0.9182071297900148
0.9178210972420503
0.917769188570024
0.9180530325958512
0.9184091857646883
0.9186552270325364
0.9189901890097528
0.9189005855006162
0.9184627125707496
0.9184517736204176
0.9179507140709973
0.9172410210832952
0.9167491876614068
0.9162406918093372
0.9164169705119611
0.9165454152155457
0.916552234262742
0.9170611361004206
0.91677698015358
0.9165763101138209
0.9158244800663339
0.9156172631735211
0.9156911474652245
0.9154906915302845
0.9153614978081763
0.9151883759615996
0.9147345316015535
0.9145902283076862
0.9143163669481138
0.9137600792394339
0.9135637817143238
0.9128341771385796
0.9128887005758783
0.9128829094025411
0.9124007064614722
0.9118139529762331
0.9113533419823772
0.9116262753296221
0.9114076732019598
0.9114521051892606
0.9114156049195761
0.9113867297140675
0.9116783879020793
0.9114226267585357
0.9115892379665869
0.9114169541069121
0.9115376793722166
0.911480598682812
0.9115174152861415
0.9112974570111682
0.9108623293713606
0.9107945745555307
0.9104089473685816
0.9105633654742159
0.9108228960936819
0.9105160456105432
0.9103308665034262
0.9102973121764806
0.9103771210792235
0.910269821559009
0.9097996278953376
0.9097044715208632
0.9101585055259552
0.9102887412112575
0.9101330860441672
0.9100681778222414
0.9096907671612728
0.9098884919286436
0.9095412709161692
0.9089196740164677
0.908376572414296
0.9081246018468654
0.9074181232327833
0.9072514317391882
0.9071218003201363
0.907317984318388
0.9072849464141797
0.9066803706596562
0.9066139294063496
0.9068540420474177
0.9068315662698456
0.90669684638048
0.9059247918426375
0.9058930942084351
0.9056868678245801
0.9057837621117869
0.9057215750145704
0.905845768581902
0.9055189317846672
0.9057555169272793
0.9050155361277307
0.9050053063338783
0.9046092899297673
0.9042707884167454
0.903897081152558
0.9044973655162706
0.9047170625690861
0.9047674342822554
0.9050290967581516
0.9048481386599676
0.9046610555973628
0.9036094902400205
0.9030989026167466
0.9031572605544946
0.9033847997128955
0.9031145712590303
0.9035708252956419
0.9038443839075053
0.9040679855728134
0.9042315540097629
0.9039214124911445
0.903428381371579
0.9030894930142338
0.9027308307269208
0.9024765263634664
0.9024548729930676
0.9026750538663942
0.9024415333505239
0.902701665197839
0.9026615429107447
0.9025998985279116
0.902351430670572
0.9017950210027671
0.9012761884564536
0.9007272521684144
0.9002541145781607
0.9003059270200985
0.9000716263975691
0.9002272074798552
0.900859035998083
0.9013412602683745
0.9015461460027588
0.9014331865671356
0.9014038160322657
0.9011475657485857
0.9006939378630197
0.9002573003653861
0.9000326275107247
0.8995966253711246
0.8991019027519922
0.8990223394301035
0.8988508473311942
0.8983818546100651
0.8981535125312742
0.8978600544078861
0.8980199863208359
0.8980428680381695
0.8983795015212762
0.898644813036009
0.8986032981844918
0.8985517726657566
0.8983364621125921
0.897618548553357
0.8967140134251117
0.8965425347993046
0.8960813409142522
0.8955633416306625
0.8952928727927072
0.8960053573702057
0.8961438673912563
0.8960205694312805
0.8961595293755402
0.8964858963281379
0.8963397624262178
0.8957718779925382
0.8955664491280537
0.8954012262664544
0.8951746772447353
0.895191347040026
0.8948505470194059
0.8948046457688535
0.8949927256042899
0.8943185979880414
0.8936842573361266
0.8931587573279595
0.8928154014499433
0.8928543419590977
0.8933178860101253
0.8937792677294906
0.8937580925281434
0.8932926216446746
0.8933782332830073
0.8928556616463695
0.8921706505001752
0.8918590387925408
0.8919429740249613
0.8917097106842361
0.8917933852503797
0.8919006874787826
0.8919435042426007
0.8920917320844705
0.8917515093900912
0.8919187101116433
0.89211800518424
0.8920516835109842
0.8916675545040621
0.891071411112995
0.890936905079051
0.8907178259677374
0.8904177317585686
0.8901125808573865
0.8895156308905007
0.889510398876643
0.8895740406836117
0.889635697801536
0.8899908323448082
0.8897521530247482
0.8897890923012113
0.8896191319908412
0.8889916287435093
0.8882792008263786
0.8877261114812214
0.8878313706891333
0.887817639912433
0.8880722770802164
0.8881367547145389
0.8880769490443895
0.8878341165198343
0.8871822168715079
0.8864517809392461
0.8858113374077276
0.8848993895850412
0.8849763232855334
0.8850232945397157
0.8850570578135386
0.8849071567157258
0.8851770829098341
0.8852000698508224
0.8854387063771563
0.8850620650203237
0.8844034255972529
0.884064831392613
0.8841546906129519
0.8838427581016949
0.8836225757808754
0.8832839894478755
0.8835459801887624
0.8837971133926987
0.8839146277230148
0.8846459187082695
0.8850481587239196
0.8850032454811336
0.884581913770542
0.8842770452380331
0.8839728616243702
0.8834566547098488
0.8830004731354139
0.8826601854822221
0.8822198783064571
0.8822116247244446
0.8820112038286627
0.8824235698786088
0.8826139008152585
0.8827138515098989
0.8829023828141316
0.8830689040348821
0.8829680042750555
0.8826851553666109
0.8823377672232084
0.8814416502338145
0.8808087397000633
0.8801245354693794
0.8798495038259491
0.8797221579466626
0.8799081740772826
0.8801122824433145
0.8804028214209978
0.8807647808937094
0.8806129685225255
0.8805894444767859
0.8800851804691527
0.8794587287088819
0.8792487605358414
0.8790970183123764
0.8788160264257908
0.8789612577657904
0.8789509303268059
0.8791033110561619
0.8786867984926208
0.8785613592260312
0.8784112404570016
0.878485643228319
0.8784236668462881
0.8783104681300242
0.8784401023408731
0.8783617266947537
0.8784335659522817
0.8783293357048588
0.87816799609942
0.8781595230536487
0.8783394876264302
0.8784255127756131
0.8784728176622354
0.8783751388287713
0.8783256032175982
0.8782374543782313
0.8779628451316491
0.878061783616307
0.8788028254875575
0.8789001294585815
0.8787928665648329
0.8787067749126167
0.8789029263721803
0.8794942812503735
0.8796379963336467
0.8790719294658941
0.8789283303786108
0.8789042843159253
0.8787905705426068
0.8778461907204905
0.8772009532111041
0.8769084613369401
0.8767373841082027
0.8767030274015949
0.876807944703249
0.8763345446549989
0.8763242638350995
0.8761744805138374
0.8762194313464386
0.87603218386428
0.8760333276032124
0.8759825467764113
0.8759678680997478
0.8759218715028794
0.8758581866809928
0.8757485732004056
0.8759690816592323
0.8759562053723867
0.8760323407697582
0.8761156255071086
0.8758675048123922
0.8756255179413839
0.875459946400622
0.8752011046114917
0.874690176790338
0.8740417289664316
0.8735514432477496
0.8732094601925651
0.8732144532346158
0.8731832468023237
0.8730532315065699
0.873082401302616
0.8723728659513795
0.872240935706562
0.871789317130364
0.871711906810397
0.8722346858500994
0.8717875717674541
0.8723502516999974
0.8727121905376469
0.8724840570522064
0.872463016008169
0.872403345301006
0.8724638046918788
0.8720236847152654
0.8720072622073508
0.872378696089884
0.8724287446238713
0.8718012454779724
0.8712927805164228
0.870914965242207
0.8709550552090154
0.8708515362873976
0.870790791955894
0.8708038943194999
0.8710747808926369
0.8710314655814776
0.8709062594245184
0.8702108739751069
0.8699350827864816
0.8696097495340513
0.8692407181827928
0.869078281375248
0.8688119801677427
0.8683036217813312
0.8674412655745057
0.8664680611201097
0.8662811720381817
0.8661505818393624
0.8658341476596897
0.8662015334245776
0.8666642325250802
0.8669400986442481
0.8671727408998725
0.8677372462698756
0.8679515651891965
0.8679281267759478
0.8680662044972554
0.8677322232162312
0.8673858571310099
0.8666761004359287
0.8664498765941315
0.8660616006593741
0.8654685127583268
0.8651885512826557
0.8651422817969733
0.8648888446186257
0.8642983574035397
0.8643924004351059
0.8648524085024728
0.8648457979925852
0.8649185607063745
0.8648566080438589
0.8646297764905156
0.8645195795190034
0.8643525023446637
0.8638621559415276
0.8633900651876605
0.8634704563913509
0.863289560745964
0.8628525885145844
0.8628522463994936
0.862486867816485
0.8621926798555183
0.8622081894241475
0.8620281908988655
0.8620049035042258
0.8617174765167945
0.8612105555796538
0.8610474328097087
0.8604363015850215
0.859683467117562
0.8584509275620862
0.8606313561188367
