0.00406791977414265
0.0055004348834486625
0.00436080116026302
0.003839112191580267
0.004511330521943964
0.005599086018465183
0.006707969247385684
0.006671458739313375
0.006949617135728607
0.0069034128062143
0.006317386209634028
0.006125211491370616
0.006473598074571131
0.00741396712958348
0.00811734387588571
0.008174539497457308
0.0073134583052229096
0.006714794966479227
0.006343655051591121
0.0072770689547945345
0.0077577492207021054
0.008050059271574792
0.00866291058203763
0.009722213891776178
0.010086616613789448
0.01045321821912242
0.011262106176675541
0.011344410238697367
0.011302211661254445
0.010735268269438804
0.010775341464134482
0.011151534110387176
0.012151756689504719
0.012774425947941506
0.013432056932553314
0.01382993435037774
0.013532035112174986
0.013431734688502731
0.012744388545871028
0.012456546036851297
0.011486351762269163
0.0119487781787026
0.009716764267797919
0.009077871277191014
0.009287756806542764
0.010912539494004744
0.011064561623425711
0.01064529446432302
0.010709348015538285
0.010630832800618396
0.010609320298586189
0.01046452670836312
0.0072427118671978714
-8.114554183107948e-05
0.03647094982493569
0.03279083061306435
0.03688290871967363
0.052807653169851684
0.007664422147918985
0.05251709687177762
0.0803390488338245
0.040810304500715815
0.04092718179085404
0.042378879777013725
0.044460019028527045
0.04786259301877059
0.05156231605650269
0.05496894316131091
0.0573212845720238
0.06039101622025612
0.063947396064433
0.06681757671236169
0.06927897783635353
0.07171342557101071
0.07391937759502179
0.07657008980971816
0.0787438383833331
0.0802186357603793
0.08106656334705362
0.08232517492923226
0.08329522669772903
0.08462698890129183
0.08584453083410988
0.08803110578068199
0.0902371777287514
0.0912977234366926
0.09133700409246258
0.09162309948503447
0.09161862550893878
0.09292572594080994
0.09408407095230731
0.09613711581250592
0.09806669482528574
0.0991090945735506
0.10000557769971372
0.10042197744115589
0.10185985252888477
0.10354581706443024
0.10489297184484797
0.1063386480151261
0.10730588132694142
0.10875122835628705
0.11011931751172174
0.11079854780248545
0.11122905426391054
0.11210979642774567
0.11334726844625106
0.1136596001767859
0.1140543395656669
0.11468065534676766
0.11540056058744728
0.11619520518132823
0.11683699938689918
0.11806278020396034
0.11914022096056513
0.12063042538957207
0.12142824763800691
0.12205622924870113
0.12322888944782112
0.12383107972695168
0.1247902034054083
0.12556202817354328
0.1268384900171991
0.12772425734651552
0.12882721786154333
0.12970231050720038
0.1300186047036218
0.13135587492608672
0.1323696106816597
0.13303869738112206
0.13392802669206766
0.1348908307713321
0.13522827899856382
0.13566542113237756
0.13596094860486196
0.13641115178225693
0.13724382270104069
0.13774655568368105
0.13872520312678815
0.14014323715636215
0.1412739170760672
0.14252862988768084
0.1433367681803934
0.14359312742612504
0.14447558800827928
0.14500394381798512
0.1458109626084203
0.1467576996508374
0.1482873554681154
0.15017540149704284
0.15148747359295203
0.15240498201695243
0.15283944248017634
0.1538225007622236
0.1548484657759538
0.15546088759314844
0.15580004854550478
0.15703174254144028
0.15826442053451534
0.1591455315370279
0.15949856483000507
0.16009405197255985
0.16122916225323639
0.16245878865008626
0.16303605317294617
0.16440722119129011
0.1658797653370979
0.16757007753617661
0.16834426195695767
0.16910271836312
0.16965901764472296
0.17044039740675088
0.17061977147649127
0.17145523921382919
0.1717656927633724
0.17249398266878524
0.17315361125639084
0.17342456131295145
0.17411694578866854
0.17446884276726626
0.17522491851925343
0.17618554022019325
0.17700341523421934
0.17797516240484337
0.1791357984047136
0.17978204471398315
0.18030133103024454
0.18146093495562118
0.1822881964568355
0.1834478841427625
0.18461083136211298
0.18590390878257618
0.18647938404944914
0.18645310737396115
0.1862632994423251
0.18644485116006196
0.1867500231227322
0.1875358645595118
0.18869017221613316
0.18953865565372502
0.19052271548539249
0.1918390757995021
0.19261565044757092
0.19379517654528505
0.1941109066681565
0.1949758835072947
0.19566118555532108
0.19720551635047648
0.19786627212118793
0.19882769205098116
0.20009175597531698
0.20131435270008008
0.20225721531624505
0.20286084982940808
0.20364190321288247
0.20438916633208032
0.20488691718007457
0.20558939496871154
0.2063804235989966
0.20734629887339903
0.20814628495531232
0.2094240874432983
0.21034089754566473
0.2107997129563775
0.21108724447324645
0.21166591086837228
0.21224410284944212
0.21263272654134668
0.212822648729525
0.21347950969153423
0.21470538187644533
0.21513883835493286
0.2155008627399382
0.21635853383325535
0.21745708606444616
0.21787933776336504
0.2186415158424601
0.21936791343856815
0.21991004887645269
0.22035954443459888
0.22011120190096958
0.22077914462071535
0.22119393986570207
0.22127469716330966
0.22179305136102917
0.22276639605437687
0.22375097350937662
0.22429870176061567
0.22520770900709586
0.2256971290114829
0.22656978393722452
0.22714543350818653
0.22745253768181248
0.22786840985464077
0.22887697175867106
0.22998840173226737
0.23072039185638804
0.23188239183317105
0.2327871064772905
0.2335428899111624
0.23390387556789294
0.2346741275479107
0.23551070216956466
0.23644361034152062
0.23714290066448662
0.23784139266880253
0.23857175752056228
0.2392099279830627
0.24050125138613426
0.24167747560322525
0.2429551163284231
0.24435516506914307
0.2454644455733759
0.2461025529120184
0.24675603084549957
0.2477542213581705
0.24854232485447092
0.24944352724156504
0.25085792099533466
0.2513902183806206
0.25211524715830314
0.2530999516318076
0.2532853376149878
0.2536520964310651
0.2546494401309623
0.25562235998253924
0.2565852726011325
0.2572410452815035
0.25795034348094015
0.2593460981074749
0.25962175972232326
0.26005637155656747
0.2608569036390747
0.26158541077556124
0.2619940247807575
0.2621202572460538
0.26235413294012055
0.26324746171615704
0.2642110826077101
0.2663116867759965
0.2673579571698572
0.2681522417453065
0.268584753317987
0.26919498718415924
0.2699315849675696
0.2702403593544608
0.27112062050002406
0.2719932751896818
0.27330849267154894
0.27440871530571925
0.275215058380268
0.27520925639559446
0.2767638991861806
0.2774180131467215
0.2784793853112593
0.27894741154953234
0.2799084311290189
0.2808186095819048
0.28113038734025103
0.2813128630358821
0.28186827909414286
0.2821584250011518
0.2819434671896265
0.2823588937534986
0.28317991453659336
0.2840179551484042
0.2852913242399098
0.2862215530597798
0.28705740415427755
0.28813690327541247
0.28801468143500464
0.288139306828872
0.288413313453621
0.2889846569242431
0.2898066658718748
0.28998160820980795
0.2902964439388505
0.290768684099428
0.2915540233582972
0.29209591803701984
0.29298340432530867
0.2938255797849459
0.29405675240456414
0.2946866848178809
0.2953890410791541
0.2960032970866294
0.2968002794652006
0.2977153105565077
0.298514309838395
0.29880862470495
0.29970594128726213
0.3003042783927585
0.3012321112033918
0.30189842702667297
0.3020652628771504
0.30206068983154155
0.30195082125277684
0.30219816486744083
0.3015298989630924
0.31935570801284124
0.31993621128679695
0.24210365239407966
0.2705532180481187
0.26671116580991006
0.2673427313160453
0.2667672636633653
0.26629004423789393
0.2689085742259781
0.2699878932796791
0.27166621087270326
0.27075140140104714
0.2615816019215682
0.2659650231398808
0.26021017270363667
0.24762951239745828
0.2616985551611896
0.25529025610047484
0.25408337630870803
0.30953542294785696
0.25297515560746303
0.24034810415504862
0.2367895125104541
0.2984110457617378
0.27151449550232337
0.2571308355315799
0.23712271668030063
0.2398512444651597
0.2531022088958355
0.2527326414183817
0.251427430240987
0.2516766207735553
0.25222617365098055
0.2525885125731543
0.25291675722759765
0.2533205236245266
0.25304012658901465
0.25273990314038647
0.25243937229450064
0.251513513868725
0.25129676493506525
0.2511134564824801
0.25086267138151375
0.2502817327898153
0.25107452520008233
0.25145514930682034
0.25140124816286535
0.25128442401009576
0.25148467272817765
0.25162321831651013
0.2515640640432494
0.25066446795780795
0.251181240320135
0.2512227374796638
0.25148687250161
0.25072620029009984
0.2502573579695021
0.2502436779942581
0.24983181420449277
0.2496187904539632
0.25000287430611867
0.2502597376610706
0.2501967405274045
0.2498202343886378
0.24955095796660792
0.24875150617363306
0.24850156108906443
0.2518228436237962
0.2563505701698896
0.2533993895693498
0.24415247278439575
0.24113239222012167
0.24764991434996556
0.2520012224527233
0.252227852153922
0.2516426761646778
0.2518534344383701
0.25236089089991404
0.2538912011497309
0.25645160396604816
0.24497931741722687
0.24218680227490264
0.24552910720882032
0.2517558017254154
0.25429147958461784
0.25415413760995664
0.25387066313178797
0.25369629374709884
0.2528468012510091
0.2495923785519098
0.24372152870334984
0.2613395151646821
0.34116407669072657
0.2664140592327714
0.2758566751360891
0.2800530448756617
0.2832041898263829
0.2872327896815256
0.29124633958767315
0.29534456760183436
0.2982995095530728
0.30062558024824193
0.3033837113536222
0.30678679648115104
0.30949950625228795
0.3124963563018006
0.31537603417459914
0.31795293599176744
0.31957364554649975
0.3211292734526141
0.32209838451201644
0.3227946942020823
0.3241640523098298
0.3267662623908173
0.3293092580607958
0.33033338778363575
0.3316505096651207
0.33277786640037155
0.3340726951709783
0.3347625564543517
0.33624023701182315
0.3391347142386277
0.3408660500588164
0.3420592015982696
0.3425277023331098
0.34369832272129835
0.3442036619841572
0.34472273760641314
0.3461237768963044
0.3478977901593414
0.3498033326562567
0.3517048914276967
0.3526912306972236
0.35420493590060914
0.35600541585394635
0.3557773881041621
0.3561721191194883
0.35630895704254384
0.35742887312648014
0.3583344322901521
0.3591064119365809
0.3597979190144118
0.36106454399571075
0.36215491883737216
0.3633342581874695
0.3638515416161759
0.3645992497023075
0.36618941115822423
0.36768143558161615
0.36934949768237424
0.37025896407334613
0.37103982450004236
0.3722443778897264
0.37345953881216837
0.3745892714937109
0.37595792499873026
0.37767343582536683
0.3794667770402566
0.38119776039189357
0.3831872224106727
0.3841960224960794
0.38552377325278986
0.38623709123161665
0.3872879778475993
0.38801337480481124
0.389129548660523
0.38979676629257454
0.39021932798586023
0.3908418141727201
0.3912608738930474
0.3925662519134404
0.3941560184057837
0.3960333466228236
0.39822299411313866
0.3998242420884329
0.4017106915800352
0.4036496747116062
0.40478849667246947
0.406206408723381
0.40831595639910656
0.409537399750799
0.410424838688056
0.4112815030009564
0.41213975477574966
0.412923903982817
0.4138682331574175
0.4144947759716662
0.41491355403545105
0.415764286166139
0.41637899188378136
0.4170829767161039
0.41741684008981317
0.4177400425632193
0.4191554500766167
0.42046503262328866
0.4215877489623051
0.4225436894863295
0.42403462181850265
0.4251359454462715
0.42621629513778975
0.42661480139848185
0.42669857391362276
0.4270112629421713
0.4277302665856179
0.4290264690378144
0.43001824313626164
0.43115080227829133
0.43244591345791306
0.43356604723541786
0.43412056375214547
0.43428352391798813
0.43473633236426423
0.4352603334510703
0.43638457064169356
0.4372178187314356
0.43785497033131665
0.43841118853928096
0.43944879286497773
0.4407295147662364
0.4419679858497624
0.44307596441427083
0.4448863739722646
0.4460553748268728
0.44731497823785854
0.4487147905242577
0.4496776054761718
0.4508783812469531
0.4520509900406025
0.4525816611977592
0.45422662947411746
0.45532732519503766
0.45632219747407404
0.45713430656575293
0.4583852890417434
0.45964260049319416
0.46040867728226353
0.46241695088148593
0.46403818508887246
0.4655051734408264
0.46658926486637337
0.4675879482994425
0.4685344200805765
0.46902001305443647
0.46931205294762407
0.46988892806860916
0.47044173227465697
0.4707891560416502
0.4710134752467699
0.47208238510062506
0.4729602397891595
0.47341918341252326
0.4742228043726685
0.4754124292187742
0.4769763696966869
0.4779530139713364
0.4792413236533962
0.48027121547891205
0.4812711109268754
0.48181124069004055
0.48316230327349297
0.4837574347907204
0.4848348842397153
0.48582074392891966
0.48686594731388316
0.4875398578986702
0.4889570347753454
0.48987043677392017
0.4909158288960192
0.49219404106158515
0.4927636161016274
0.4933508934265804
0.4936159631830966
0.49355183250336143
0.4939261234795297
0.4938728472006935
0.49428254267320365
0.49532960677188953
0.4965804296003584
0.4976756464984455
0.4995294170873035
0.5010206260831851
0.5019923937036525
0.5032310743512136
0.5035684564576017
0.5042456641546922
0.5053472135127245
0.5060045810102258
0.5068491267968567
0.5076904345942739
0.5087637532693937
0.5096433576681989
0.5109573128673399
0.5123188474952577
0.5134192283687389
0.5140388677218152
0.5145908259469868
0.5155951013537255
0.5161019229640856
0.5168491408786274
0.5181770022105621
0.5187167445687919
0.519093824194661
0.5186490460012789
0.5193445809442695
0.5199095315940403
0.5201437787611511
0.5208199114495297
0.5216995869691854
0.5223719742824633
0.523179139321998
0.5238445910633782
0.5248593716619383
0.5254267861950378
0.527015633090215
0.5284360301616963
0.529685780050324
0.5313531714463502
0.5333667832003969
0.5348437753437805
0.535594998680299
0.5360589596418973
0.5371438949256638
0.5375724620267636
0.538208272214536
0.5385699867007342
0.539898717371516
0.540738749873508
0.541856261076855
0.5428552920410489
0.5429782837426695
0.5434474583284391
0.544030027446588
0.5448034042407781
0.5456562344793893
0.5464856264936538
0.546823893597027
0.5479455379382986
0.5487268438931733
0.5496467615409016
0.5502186803887992
0.5506795821177708
0.5509551036853788
0.550985495602843
0.5519290454980686
0.5526777008056024
0.5540201353216369
0.5564815832395444
0.5584779062258725
0.5604422779076597
0.5620291939629776
0.5630160557541755
0.5640050751332
0.5645200484633285
0.5650382094628665
0.5658833492546184
0.5665969047087183
0.5669427313181775
0.5678425754524472
0.5681830915113614
0.5691405434354706
0.5698013208569168
0.5707718673690976
0.5721146434277562
0.5733656446505696
0.574355721992972
0.5749814752951341
0.5753243350609004
0.5758441859296246
0.576174503058712
0.5773514172755596
0.577996978162805
0.5789798238110406
0.5801766745621304
0.5814852907763155
0.5824891048748153
0.5832024967959268
0.5837552297881605
0.5840520738735642
0.5844225503419036
0.5851365942647031
0.5862809362389666
0.587220694433556
0.5880859949045731
0.5888866887522946
0.5900446140766946
0.5901160991834119
0.5907701298640194
0.5912901013401156
0.5919651492920869
0.5922465584951615
0.5924510181071343
0.6132403721316315
0.6028163872728838
0.5292759511404881
0.5593806957141926
0.5516069451634711
0.5548406720357185
0.5553497018246797
0.5556479846852864
0.5561725348062864
0.5532274498056665
0.5583586332701247
0.5553014655392846
0.5505346512941119
0.5433750510792094
0.5407587521678923
0.5436859998190864
0.5479569735487797
0.5422003215872466
0.5494095065261395
0.5843761857448406
0.5267913505949657
0.51188011676411
0.525775818806851
0.5650855063343793
0.5414949897300848
0.5027391494608151
0.5095933893326303
0.5227678936494597
0.5337101163681133
0.5317827755587372
0.531283702625132
0.5316626067103374
0.5320056022509205
0.53187730010727
0.5317394230554822
0.531868477646741
0.5324585335960837
0.5323293602956976
0.532919705486256
0.533182235142384
0.5336665691974825
0.5330351415372064
0.5325158890497367
0.5324265313022659
0.5320888026524155
0.5318643205558962
0.5314039325320319
0.5310478588543134
0.5306167968838369
0.5302113124776137
0.5298769581839579
0.529636818833228
0.530233049488888
0.5303947624657204
0.531079680152281
0.5320197216179993
0.5321763366697507
0.5319955066679249
0.5314361077805332
0.5317733903577555
0.5309184211450381
0.5297302702353069
0.5278763654504912
0.5268638112601799
0.5263515176823325
0.5252958794749703
0.5265713531015053
0.5300612096998776
0.5338228535583192
0.5285382593629042
0.5152629514419651
0.5143990265443918
0.5233264567175219
0.5276951668321239
0.5269127115805875
0.5257629353772093
0.5255026813799524
0.5253343388936912
0.5262381572711303
0.5258407026998294
0.5163320044969152
0.5146508216454734
0.5210233190297274
0.5272711962213885
0.5275515269011076
0.5274080242676918
0.5276058975946364
0.5276630085765354
0.5273512241545483
0.5230730658950933
0.519434634614968
0.5275187935639248
0.6122276870649237
0.5386520270432531
0.5507096100935366
0.5560266402424356
0.5590917113977255
0.5623810279054376
0.5659264653540992
0.5690644403739602
0.5717356329732014
0.5744575791412779
0.576570676703467
0.5788878093319341
0.581722320133528
0.585003008483184
0.587837669065469
0.590219182538198
0.5922094680010922
0.5939079424726696
0.5947262769817173
0.5947099099553332
0.5956004915735762
0.5965975086424911
0.5978613532915151
0.5993738083212667
0.6018935448090071
0.6038317897337881
0.6046377872741996
0.6059939701733756
0.6079359967276096
0.6097375002987508
0.6113609319237646
0.6132041154541519
0.6148957879653896
0.6155564989238334
0.6177179129515058
0.6195466442134013
0.6208484193730961
0.6224492423212169
0.6238025208911939
0.6251626336486015
0.6263788432639052
0.6277368427044027
0.6291429750550386
0.6308518349914463
0.6329190648200596
0.6351252418544331
0.6369287217050467
0.638498994231691
0.6394154490784211
0.6406169248719109
0.6410883131974707
0.6421455895295292
0.6428780536599297
0.6434689647953326
0.6450955926587106
0.6460901315118381
0.6468526310865725
0.6479147799920926
0.6500253060441451
0.6516561800518472
0.6534359711180219
0.6554881386163355
0.6570001144652029
0.6581384653513658
0.6586316179476148
0.65922744044085
0.659253111639179
0.6593837110617037
0.6601172429551072
0.6615173305971178
0.663211799257794
0.6646055745764168
0.6659799207679087
0.6668353211249213
0.6684560744683508
0.669497054644707
0.6707190767377522
0.6724972308760225
0.6740344434958527
0.6757492570457164
0.6774044476624943
0.678760270535687
0.6804852404184615
0.6822975097232937
0.6838980603237358
0.6851702397639001
0.6857743870134343
0.6865318098535246
0.6872799557502208
0.6870752416885271
0.6872863578171851
0.6879791362054481
0.6896301306860768
0.6907952002024883
0.6921064894694294
0.6938485925587021
0.6957859937149904
0.6967285116638107
0.6981186423572358
0.6994209176057278
0.7000672446275588
0.7014727026437592
0.7021874588666123
0.7031070626146111
0.7042343756598887
0.7049431395339049
0.705323450681499
0.7058208667657727
0.7061897850626326
0.7068694135906325
0.7071339654703184
0.7082447730261553
0.7097056446930137
0.7105291611112687
0.7113634629583435
0.712997559251412
0.7144170662489908
0.7150112002333786
0.7157317129424707
0.7173040693499259
0.7188784890966139
0.7200927166959402
0.7210267214279373
0.7222889408613093
0.7235210575849269
0.7241553260179616
0.7248761488822355
0.7259720194854014
0.7270164650702274
0.7279725689440875
0.7295028398245845
0.7302929288694628
0.7313257474277883
0.7324582530399061
0.7337106413602745
0.7349289924823742
0.7358122272274835
0.737279086275203
0.7382539745904413
0.7389768906102521
0.7396912687062686
0.7404786211504348
0.7419528647568812
0.7434624148950276
0.7445648300585151
0.7461811348411623
0.7475071231041915
0.7489822132092665
0.7499257978737857
0.7513766210334453
0.752729696180886
0.7536130073958399
0.7543671732617789
0.7556314721919047
0.7557447686261345
0.7559486265338613
0.7565541098763129
0.7575713420181358
0.7580280341935446
0.7585086202190399
0.7595836662268625
0.760317101685429
0.7611451670366756
0.7614620871834232
0.762551495847719
0.7635653259658011
0.7643327471660764
0.7655191522601332
0.7668993818580853
0.7671291640435889
0.7676869500785412
0.7689050823022663
0.7699345486469282
0.7699111201476923
0.7705069021978415
0.771436658258722
0.7725057122146055
0.7733544355108755
0.7743972063817448
0.7754907451263572
0.7764598446769562
0.7778769097661868
0.7793495438019854
0.7809730375864452
0.7818904255343864
0.7828081958170915
0.7835079314267367
0.7844267331640045
0.7846215479645349
0.7840477514376616
0.7849380953951793
0.7861747822927848
0.7872600898018906
0.7884276255073015
0.7894718413049561
0.7914494071580078
0.7917619514337502
0.7924746096139285
0.7933233491745318
0.7940683108911929
0.7942565362120184
0.7946539665488819
0.7948079076048513
0.794899087210646
0.7957193403981413
0.7959057688659054
0.7962147646298093
0.7962020569463936
0.7972421771448374
0.7973282296851686
0.7980966470550613
0.7993932348454207
0.7997050746229744
0.8002998526411302
0.8006478437588576
0.8012508100447623
0.8018601149609252
0.8028122950546824
0.8032336510700809
0.8042243285416237
0.8051507327182018
0.806169099000106
0.8066050685364308
0.8073610383483671
0.8086455219736364
0.8092293640356372
0.8107768541744355
0.8115967463212561
0.8116303729244155
0.8122204537501809
0.8130194281048989
0.8137148173262512
0.814430114661757
0.8158433052495537
0.8171135232429099
0.8179529224207941
0.8187311283428161
0.8187801208686203
0.8191229158302216
0.8198114428911588
0.8205528974375628
0.8209114835635922
0.822268045412381
0.8236425412874868
0.8242272820920244
0.8248054611495546
0.824968673975568
0.8254267297756579
0.8257379421102584
0.82656180961462
0.827381682879848
0.8279626302945999
0.8286001095814263
0.8295503589878637
0.8303713065745436
0.8312337992826392
0.8314913056964488
0.8325293802831019
0.8337786481423521
0.8344139286470483
0.8353278788654555
0.8359690444931179
0.8358582927999713
0.8361136193410963
0.836983302889572
0.8372236186587204
0.8375807650935931
0.8385093533233684
0.8394761337043954
0.8402164715949998
0.8408089905721912
0.841493690212145
0.842652869835854
0.8433118286798771
0.8440386957057142
0.8450912933675468
0.8456920132269927
0.8466870613055868
0.847133720997071
0.847861444239835
0.8480879372965626
0.8480176692120536
0.8484960823358783
0.8488518107764591
0.8495995441791513
0.8498810017936689
0.8502319619996677
0.8509401974633859
0.8520036510517774
0.8528307469760819
0.8538338323354275
0.8541378314572452
0.8547388702664127
0.8554924094320817
0.8559297191071288
0.8570808924084845
0.8579574795737959
0.8587002907586581
0.8578722224048332
0.870188148894107
0.8709211460624221
0.7983445186781368
0.8298585958119166
0.8207825690897464
0.8227772605099066
0.8227124213750734
0.8220748966106962
0.8212689216699884
0.8205115145839049
0.8220606848171819
0.8226931519139976
0.8188567784532407
0.8152027659357981
0.8170417696028704
0.8190716881205863
0.8194966456004577
0.811582340709447
0.8354018522205359
0.8560168855492023
0.7980333354810708
0.8017281027090212
0.8237810509808495
0.8520635492488865
0.8161166635754449
0.7741501114306596
0.7783708247035946
0.7902074462028794
0.7997674870204879
0.7989603438028154
0.7988903911786733
0.799579840522485
0.8004581590816946
0.801096392558754
0.8017500291891826
0.8020501326433981
0.8017438079902544
0.800663153133338
0.7994829179495783
0.7981680581695001
0.7975369929997509
0.7965550096790693
0.7964154824208535
0.7963914010365181
0.796332293519754
0.7961604776077678
0.7957042283246045
0.795218173756536
0.7947622570233308
0.7948942264439549
0.794653488329783
0.7945036979509003
0.7935649736153602
0.7936393234190139
0.7932979986181349
0.7928815301590082
0.7923180680357017
0.7913766984756005
0.7910204893347539
0.7906821415008138
0.7907641280035367
0.7903153807437272
0.7899412755823005
0.7898295665420468
0.7898665774383898
0.7893691272043887
0.7920545722397407
0.7981774428501104
0.8027293112501696
0.7920413453747784
0.778164282686282
0.7810058567594558
0.7909008562533084
0.7933393687972403
0.7930526690687965
0.7927097348097498
0.792961314351815
0.7933641620288294
0.7957567211226899
0.7923930348585209
0.7822356686482136
0.7764715245447454
0.7863365546325687
0.7927116290176803
0.7935560361346824
0.7937680147794193
0.7936528954446662
0.7940935590175897
0.79411663839612
0.7895857660478335
0.7829419483318404
0.7756090402835147
0.883129398295371
0.8032362991525658
0.8131991792808517
0.819491936622259
0.8250509011368772
0.8289907741506589
0.8329921724640935
0.8363575635570114
0.8380740339865826
0.8411112945670431
0.8450647183316121
0.8490273774180224
0.8515800506546339
0.8535696877245469
0.8555039187902115
0.8571551407798943
0.8594886957089137
0.8615422251342848
0.863699492889968
0.866613073759247
0.8685004501162955
0.8704166757770597
0.8728578622670993
0.8747188435088287
0.876099121433041
0.8777601964574309
0.8800056438728829
0.8810018682587325
0.8819530855768214
0.8836966038863938
0.8852880530696661
0.8863016951546947
0.8870105679947429
0.8880556107767299
0.8902562805177086
0.8917164325417881
0.8934380539381145
0.8956826515551732
0.8972436872356657
0.8988214728567947
0.8991816334648903
0.900220094459718
0.9013385385079263
0.9030141042037612
0.9047336434378992
0.9067938707140181
0.9085734671631243
0.90984549402174
0.910342189394408
0.9111313900583898
0.9118189541224113
0.9126629793893335
0.913768316022727
0.9144107394652694
0.9162540965765799
0.9172222127374416
0.9186107575905922
0.9199145816016543
0.9211848564222845
0.9229973410214544
0.9244021504581739
0.9254740724681497
0.9267262946189334
0.9277862295823951
0.9287397932456387
0.9293541198879317
0.9299769298649754
0.9308732989369477
0.9311387601311194
0.9327262326399361
0.9340362660843105
0.9355445539308732
0.9362327887356638
0.9369970974015885
0.9378727463233386
0.9385016651307119
0.939510442758331
0.9400347349156433
0.9409802751155457
0.9424224085918911
0.9439238636710008
0.945399781785653
0.9466539913924673
0.9473389329679065
0.9482958207504983
0.9486962587202096
0.9492665637437028
0.9497085636182541
0.9511011366771169
0.9523263512514191
0.9532409284401189
0.9552050968577901
0.9566939088048796
0.9565283117318654
0.9566824940821766
0.9573490332553718
0.9583318294756777
0.9581065046135656
0.958608557666473
0.9594506654753145
0.9600907823605483
0.9608511921719165
0.9616155075718351
0.9617781570036718
0.9626201642813604
0.9636282783123792
0.9641081493262484
0.9643806869829292
0.9654342339590837
0.9664053709217673
0.96675763828734
0.9667924822080913
0.9678347857482534
0.9687901098842213
0.9696880575523359
0.970407810537415
0.971645661668185
0.972787868889491
0.973058395808011
0.9730397504044606
0.9735134121619488
0.9741053921564939
0.9744348364097779
0.9746897965668444
0.9754589515613642
0.9764054038980754
0.977185880640026
0.9786679987929243
0.9791885574660959
0.9801305559781394
0.9806102675208792
0.9808723266497192
0.9812893253917868
0.9821373677219765
0.982966756812652
0.9831849126334711
0.9839306847154822
0.9849803993278138
0.9852334028907
0.9853800718445624
0.9859814919609042
0.9865195297604961
0.9876193092831884
0.9884743719977569
0.9891415829215289
0.9897078142223645
0.9904839388319749
0.9909049612394862
0.9911570866352648
0.9915391042338032
0.9919783827441944
0.9927353298708516
0.9934229534637418
0.9944829769988409
0.9953137728294712
0.9962840510162839
0.9968720870893218
0.9972346060479971
0.9974703194598415
0.9982578292934553
0.998270970187042
0.9985092335787211
0.9990160740253873
0.9995692544564043
0.999723254974258
1.0000093437357092
1.0005014427243855
1.0008808412095036
1.0012144138421895
1.0017144793199741
1.0016008039829976
1.00128678462981
1.001816419937679
1.0020708700525676
1.00291518295134
1.0032419639997583
1.0038217526347366
1.0038851374124653
1.0038649734354166
1.004776962434101
1.0052408855125887
1.0051401528409807
1.0055024341885161
1.0059384406379779
1.006509961736612
1.0065967802792688
1.0076505124768516
1.0077734307977253
1.008436119018854
1.0092778503829507
1.0094613719487184
1.010157451569065
1.0109518012772187
1.0116292216092402
1.012211285030237
1.0128398917481338
1.0134116819582124
1.0134879773779513
1.0138167195163323
1.0144921331219072
1.0147243323257757
1.014698781389132
1.014468700195188
1.0144269810397955
1.0143909150239336
1.0143789847869522
1.0143791525596082
1.0148684655722433
1.015207678530368
1.0152590047756136
1.0160360140307232
1.0164139935025265
1.0165503806702372
1.0168739006857797
1.0168798584251475
1.0178187945685575
1.0186349655219027
1.0186829368009205
1.0188937478316247
1.019526123905082
1.0198365368781068
1.0202626889162525
1.0205478845711913
1.021406097268113
1.0220414343030244
1.0221914273316077
1.021968684339266
1.0217652013828742
1.0217409724224253
1.0213031295507298
1.0218629417303922
1.0223461009999706
1.0226180652819523
1.023165292582535
1.0234310257383086
1.0239080487781722
1.0239547719971815
1.0243488139620633
1.0247829786622804
1.0251809756221562
1.0257962005433348
1.026066880519539
1.0269553121713997
1.0270529365739576
1.0272895714516106
1.0271798046273506
1.0272718291580671
1.027007059978622
1.0270696264809938
1.0277002906886836
1.0290057162416177
1.0294330394110076
1.0296763688440798
1.0303081811336297
1.0299659989072516
1.028965164592053
1.0284021063818969
1.0287475985711294
1.028899865285304
1.0290168482973756
1.03019995173819
1.0315036724527402
1.0325201167114104
1.0325149934074016
1.032466979687231
1.0326038651498124
1.0325495505852154
1.0326823510372722
1.0330667449228048
1.0334133175783617
1.0335207126985038
1.0336016499454517
1.033717062791372
1.0337255076685212
1.033465193648423
1.0335806437764847
1.0335447438219334
1.033812350739824
1.0343720645070518
1.034668042065633
1.0350259752856625
1.0351664428803729
1.035605057865604
1.035735159509192
1.0360641968250959
1.0364598295800553
1.037273786896417
1.0373794193270829
1.037300136924018
1.0380670115378425
1.0388571995452964
1.038684217026733
1.0391698462394252
1.0386752955921936
1.0391873438358132
1.0386879670772693
1.0379669367200752
1.0373240763125142
1.0367736046738645
1.0553296454399326
1.041005975650913
0.9731211558697918
1.007078194471862
0.9991296363681155
1.0005029055722037
0.9992630261088705
0.9980217206009567
0.9966465788462521
0.9923770175431108
0.998819579214887
0.9941883905850983
0.9929636581170737
0.9991389428900241
0.9883744603277091
0.9921980447488974
0.9923858007343825
0.986854892408884
1.0154174622287164
1.0188392092100529
0.9846503491208737
0.9554082430218325
1.0214194023288319
1.0095581059509986
0.9920231462753754
0.9577971521237517
0.9586639530546559
0.9683454069060683
0.9784997377724621
0.9788496235734296
0.9794254152207238
0.9807498085193862
0.9809548582685701
0.9809883769421098
0.9803186332447514
0.979482213157545
0.9793888325977104
0.9789563083681931
0.9787331664339545
0.9788993938099606
0.9791504820481443
0.9787972815215509
0.9776211860914542
0.9767125895662389
0.9761828308052674
0.9753866082619388
0.9753341966052038
0.9749014933736936
0.9744383034516705
0.9744301097155608
0.9742249110452506
0.9734408797064789
0.9728767484507228
0.9726169139222627
0.9723336383496367
0.9724124360803338
0.9720549281642548
0.9711030593877937
0.9711174388996865
0.9706373351706327
0.9697540918303553
0.9684377683126905
0.9669760485461774
0.9665311126105439
0.965598675280343
0.9655669241969649
0.9685748676135453
0.973824976976248
0.9749737957525565
0.9645803511171867
0.9530340747097678
0.9557528076353544
0.9642707402102481
0.9674451313325018
0.9677615392692104
0.9676152376052733
0.9665290937577611
0.965966986937474
0.9727734440962551
1.0566286876862998
1.109889088217534
1.1209253953334828
1.0628263574195596
1.0128763021220148
0.9967783208965147
0.9917713837862749
0.9892337703250643
0.9377079335974879
0.8669633012145461
0.807796021744055
0.8623961750772724
0.937015011493342
0.9645592934213283
0.9676783629938408
0.9684156484660291
0.968641871868588
0.9688265015042233
0.9693814769968602
0.9538088723078307
0.9804873877574665
0.9864220115575406
1.0164287975613306
0.9847880122103211
0.9920888978535141
0.9977609505726134
1.0015745558725733
1.005589957454016
1.0087906044893982
1.011102416476104
1.0127530724169258
1.0148805046392178
1.017333094676735
1.0196884708446354
1.021581579149013
1.023752443473209
1.0251374007560818
1.026771107406866
1.0285331026925235
1.0296679884495052
1.0305501985241923
1.0314629535056266
1.03267929105595
1.0334486704773187
1.0336625610479508
1.0344750741267477
1.034586164107264
1.0340495441355957
1.0340593215746698
1.0345182522389031
1.035119180136546
1.035751817537096
1.0373908018211684
1.0378995173726557
1.0388874842640161
1.0397652493255722
1.040196799448059
1.0411549495867045
1.042120356617535
1.0431276015134305
1.0441886251763197
1.0442381476005922
1.0442561204006435
1.0444920688005868
1.0451965556022609
1.0460819678217934
1.0463215783501154
1.0474734856623737
1.0489413909973824
1.0494339700706747
1.0495657864421735
1.049451987058368
1.0494084493220552
1.0500165933027914
1.0508478919031843
1.051954869713796
1.0518450063297193
1.0522838839888549
1.053043027171058
1.0534520117373298
1.0538670855664212
1.0545278125916693
1.0552866897258861
1.056164845090216
1.0567337913463435
1.0566760396938557
1.0566072905309751
1.056477923298565
1.0572576472436463
1.0574107052134116
1.0577361252810438
1.0591791080850035
1.0603770461579287
1.0602257507127646
1.060775148342664
1.0604847508239328
1.0606799325295369
1.0607223679287283
1.0603650464241001
1.0597531462490746
1.059960730091361
1.0601826407352182
1.0605337585875987
1.0609008953745944
1.0618680860874328
1.0628597672526146
1.0631302907346196
1.0636843931927118
1.0635816415322006
1.063711208649691
1.063816728175571
1.0634589846278242
1.0634952919176595
1.0640433632601973
1.0645187814495853
1.0649651191395761
1.065049116422206
1.0658887629120701
1.0663043995627877
1.0660746703772366
1.066276399681656
1.0662600023738769
1.0668686171654798
1.066989465853318
1.0674745527050562
1.0674932438279299
1.0680053317522287
1.068379730233602
1.06839615559924
1.0687517599555512
1.0685722299739273
1.0686339507239497
1.0678783605503477
1.0675141907245296
1.0674252292050634
1.0674126371483101
1.067342012090137
1.0675760556940752
1.067791974128997
1.068441724648281
1.0682662903783195
1.0682678162829875
1.0687864615080334
1.0684162423982817
1.06889883931176
1.0688108681495805
1.0692215866736698
1.0699272523367716
1.0705549178515499
1.0705939526091948
1.0702367737111262
1.0698201698944665
1.0695220344966339
1.0692924770019252
1.0689405738671411
1.0690900641418177
1.0693275052328175
1.0693759796205313
1.0694291843810382
1.0691630069291858
1.0692102540878512
1.069081879947665
1.0689095621669802
1.068958776695368
1.0696241502685087
1.0694865143836418
1.070041428824231
1.0710728270087593
1.0711524108882826
1.0717444918821935
1.073065837938197
1.0737260475915917
1.0739501908145193
1.074326796779157
1.074532392023893
1.0742535776082793
1.0742710616254463
1.0737511338168741
1.0734946290915235
1.0731832426408474
1.0736088227695744
1.0744423955189297
1.0742216457075682
1.0744024364286158
1.0748633726856216
1.0749375449494873
1.0752428184064302
1.0747271357174346
1.0747496461759183
1.0751411645083353
1.0752615279377207
1.0749198969650293
1.074037584316227
1.0740324253471165
1.07437300659638
1.0749445932824662
1.0752004123902918
1.076045727566987
1.0759536919961779
1.0759449134786514
1.0758760500273261
1.0757991856431186
1.0759399873622508
1.0763484426550685
1.0769992773530377
1.0779187370888639
1.0787768164839198
1.0795101415204444
1.0798366297636746
1.0793506172521306
1.0787602427307394
1.0786411174236816
1.078364128529856
1.078525035402798
1.0777345005941033
1.076592741775552
1.0760476771007872
1.0757435609782098
1.0749265476713676
1.074358350966395
1.074467255095766
1.0755196866471028
1.0766902819299524
1.0777070292669593
1.0784875220161942
1.078601379635187
1.0787766596494504
1.0781996282360422
1.077815705829436
1.0771558126088734
1.0774556843795424
1.0776523133598988
1.0782345319306388
1.0787561014702987
1.079035248885951
1.0794031037927152
1.0794138101755095
1.0796468616851966
1.0796192259467465
1.079625038513537
1.0798199489134215
1.0800977108011913
1.0803474267675786
1.0805891514600834
1.0805988976455703
1.0804341771284074
1.0807089026170233
1.0806920825512212
1.0802882116718826
1.080056905389859
1.0804534535798787
1.081077337634713
1.0812703578387326
1.0815725859963894
1.082414544028968
1.0823001494412423
1.0825257750546131
1.0826755633131324
1.082751521014633
1.082997370593083
1.083354381353946
1.0835853822152761
1.0837869509536389
1.0834903995467697
1.0835787509641739
1.083026049397456
1.0825889763087733
1.0820504423522936
1.0821535677161707
1.0827485205224434
1.0829811398529554
1.0837119146917686
1.084181600089696
1.0844082494560345
1.0847420793940814
1.0847815847176268
1.0841925771792777
1.0835426990940873
1.0834194935153132
1.0831317293028462
1.082632692809996
1.082430956821245
1.082753686606045
1.0827133006253988
1.0821905208488378
1.0819348091356487
1.0823047677315207
1.0829141919802396
1.083753249059062
1.0846657879173984
1.0850683929983216
1.0852245424324323
1.0848323772895454
1.083971228054414
1.083793123121046
1.0840315071832258
1.0839718300733148
1.0832893922272984
1.083148246750918
1.0830282605880086
1.0826058286333475
1.081772161186181
1.0814788585482695
1.0815580590313796
1.0818732063256353
1.081973389976464
1.0816440071647353
1.0807265388021405
1.0800470660397619
1.0799693907941623
1.0799008302078787
1.0788027406432157
1.078914121609611
1.079367732957105
1.080157967504582
1.0802191468602063
1.0799941288887782
1.0807779237750803
1.0811491438008645
1.0803342455756912
1.077548634045607
1.1572321112308832
1.0049380135537105
1.0486368942718016
1.053169189807814
1.0505924844136014
1.049449367311903
1.0481598520596804
1.0478712368512055
1.046794845885029
1.0456607370781417
1.0444595672567365
1.0429011141713462
1.0420568251395232
1.0416441434782167
1.0412249409139742
1.0411670885937878
1.041143590207706
1.0414819106261746
1.0420023053492253
1.0413314537299605
1.040895501678483
1.0404528314158392
1.0396767959947013
1.0393636007499893
1.0387836518413596
1.038141356418124
1.0375837777680124
1.0372875172141578
1.03718034411551
1.0371357101832084
1.0367381731045413
1.0369430885155344
1.036538556944345
1.037054822310484
1.036997885448494
1.0368085425768239
1.0370042340772132
1.0366209574715792
1.0359456838943768
1.035311363843803
1.0347938121154865
1.034744932229135
1.034373490185698
1.033818535601936
1.0335726411288053
1.033313957091561
1.0332922242842688
1.0332627632892486
1.0335076356905029
1.033171288743128
1.0334685896514468
1.0329679599037331
1.0327414140266207
1.0321742968162806
1.0320323729476952
1.0323705190503194
1.0328705790134867
1.0328424694253688
1.032754462437595
1.0325046820791637
1.0323697152645905
1.0319084778142218
1.0318352663711263
1.0320087009060124
1.031896974038622
1.031493870171326
1.0306323500307784
1.0299823164089381
1.029151410145467
1.0286478529495888
1.0277839920095464
1.0282012014482895
1.0282307109987074
1.0276490163521512
1.0275399024094753
1.0272635469173435
1.027077624414921
1.026485406206114
1.0264486290258565
1.0260708536444816
1.0260511935905665
1.0255723801691596
1.025807167447147
1.0261604987439636
1.0259960364463951
1.0259954770168054
1.0258699898516634
1.026062623069957
1.026019480745214
1.025560828894879
1.0246455451080023
1.0244414742071244
1.0238048732626581
1.0230945872814508
1.022991876674655
1.0235703942640624
1.0233877419708155
1.0235419890299706
1.0233614110499532
1.0235418388364803
1.0229117423923721
1.022689594363832
1.022654369527855
1.0228015456352384
1.0222531581397842
1.022172291771177
1.022181533791892
1.0219132028917421
1.0215490413040156
1.0216015082548822
1.0208542000723557
1.020683220312952
1.0199405788327596
1.0200924042463864
1.019971185690897
1.0199322302310916
1.0201442810921135
1.0201165735247477
1.0199506975126953
1.0194285317972034
1.0187731331637888
1.0185123981491502
1.0186641626782058
1.0188682952809525
1.0193107224526534
1.0196356662305857
1.020099823844705
1.0202623151170234
1.0202992243065385
1.0202108255446678
1.0204783193984617
1.0200398339612797
1.018687664966046
1.017618574008381
1.017265732638697
1.01683566946453
1.01632459120585
1.0163981874386994
1.0168872602500925
1.0174614902812198
1.0173664951922607
1.0168244452359196
1.0168491740976537
1.0172549900231518
1.0165848621785254
1.0165717517719624
1.016481072882941
1.016309492970001
1.016390493415785
1.0162574360446404
1.0162483551939714
1.0160084476499605
1.0159322763503291
1.0158277857940918
1.0160945481373165
1.0157681966433652
1.0150537450192227
1.014770572175212
1.0151243522974347
1.0150016932878558
1.0147557359720758
1.0143199931585463
1.0138742903165618
1.0139706309017364
1.013563223372165
1.0131333446289628
1.0138547463686725
1.0146364269867725
1.0149623014886253
1.015426128825381
1.0149313847397134
1.0147976103018799
1.0146423769050787
1.0143080160095217
1.0133698611792472
1.0125205499239855
1.011823514377111
1.0116983193473226
1.010840238347133
1.0103945895901505
1.009981020767906
1.0098753686080604
1.0106590557903217
1.0110077350327957
1.0111107365731833
1.011257195737947
1.0110695865001955
1.0103660399220862
1.0106116149197175
1.0104301298662128
1.0105364866966329
1.0114411057445716
1.0127384243143307
1.013343865556584
1.0131189301162198
1.0134985542385313
1.0136987406531244
1.0128085201279835
1.0116738726821413
1.0111457952800555
1.010352090821769
1.0099096147772606
1.0092244436026026
1.0091817806123724
1.008626176391817
1.0084398192957562
1.0085409406724937
1.0083431970090964
1.0081099743448259
1.0082179026563554
1.0085899067018806
1.0083796449472855
1.0089714322062617
1.009264172695569
1.009563016331275
1.0091644673189137
1.0090298863211469
1.0087500061371242
1.0085162181578153
1.0080134701941488
1.0080993668361595
1.008818829363579
1.009462329212561
1.0096208865428333
1.0099590762382373
1.010011747184143
1.0097113654836616
1.008956934468144
1.0085553295143725
1.0079021732862576
1.0080230074434822
1.00831209182594
1.0073654670354346
1.006594570374213
1.007082734513238
1.006948368970352
1.006837653282463
1.0063799924402004
1.0063238689094318
1.0065953273236001
1.0063788495295314
1.0058028475130238
1.0049172091881484
1.0053265626075134
1.005287436005122
1.004538823656218
1.004522588540903
1.0041813712569185
1.0042057924148269
1.0037145642647838
1.0033492552353505
1.0029845867010854
1.0026652867190033
1.0027146691224325
1.0030297372101158
1.003164690555871
1.0036895547161409
1.00383967058135
1.0044217370231672
1.0037507003311912
1.003225866741122
1.0026113954769642
1.0016813144626637
1.0005795599485316
1.000096365681196
0.9997788690144002
0.9996818988494909
0.9991493029664389
1.0000538634055112
1.0005190970799345
1.0003847129266317
0.9998746023089989
0.9994739368084888
0.9997020092315229
0.9989563634966333
0.9983314481153255
0.9978978077527061
0.9975113963376332
0.9970141485881385
0.9964576803578016
0.9966583461703057
0.9964975142252986
0.9962523563528033
0.9958582587883689
0.9963436928631829
0.99584588103581
0.9956659564994157
0.9959408239105927
0.9958500575610606
0.9959683827654632
0.9955630625949368
0.9951376281015966
0.9948492075158137
0.9945904517509249
0.9939792000063385
0.9927634254150385
0.9917911903722008
0.9913784292696435
0.9905152020520164
0.9903622178502585
0.9896894585334113
0.9895139936127069
0.9897075676196003
0.9894411408768179
0.989532620848761
0.9897959375196751
0.9906964093768866
0.9916155208251611
0.9917869865923643
0.992052006463458
0.9921993069496706
0.9918345724103208
0.9916613633155311
0.9908197235335634
0.9901457910086776
0.9899595390374897
0.9897446721706877
0.9898542135775243
0.9901567677070785
0.9907804578476487
0.9911211701504895
0.9904738431262542
0.9907393768955652
0.9908129990560017
0.990827621225548
0.990345256124886
0.9901758922621511
0.9907207745976641
0.9909624119755889
0.9903961459563734
0.9900152186367226
0.9901204827016549
0.9898327866837912
0.9897988755302248
0.9895139348012654
0.9892283893429796
0.9897334836828209
0.98960105165408
0.9896011218994933
0.9899182039024358
0.9905981600837447
0.9907185072666161
0.9913063361922962
0.9908897062932602
0.9901747851185457
0.9900612818460781
0.9894443897681304
0.9887779390156082
0.987830970230437
0.9873561063284001
0.9872630497989403
0.9869733374373725
0.987145697411855
0.9871294410433776
0.9873290918734056
0.9869892539464653
0.9869061938560437
0.9867902232318053
0.9864905458207435
0.986254925872986
0.9857893811233132
0.9861599855396148
0.9863567261494968
0.9852565978066983
0.9850002205762728
0.9851936177252439
0.9849648536112281
0.9849352946618681
0.9850470619368298
0.9851155115155193
0.984769748296709
0.9844316376176636
0.9839106374778628
0.9836208322150738
0.9831873823855881
0.9833247236404646
0.9834758581504847
0.9836647717353263
0.9837669123621909
0.9839709898072971
0.9836680583350175
0.9833190987536534
0.9826850051699515
0.9825777417132409
0.9816806417646728
0.9810295898023716
0.9801225700162712
0.9795924824186883
0.9791931338898204
0.9797835791208952
0.9803079123448113
0.9808295330251703
0.9807258891931371
0.9814381695809641
0.981769919520153
0.9810711231394178
0.9809232991635966
0.980951510901195
0.9807291626726792
0.9807733887679759
0.9807719017312515
0.9801526187353734
0.9791909281082558
0.9786432796942632
0.9780718606410579
0.9780481547352144
0.9782420185540611
0.9779789624238596
0.9780940438439858
0.9776351386897063
0.9771725463976771
0.9765789662381253
0.9760201731074752
0.9756366908460489
0.9750586100455451
0.9747177949700488
0.9742201576267788
0.9745514172960017
0.9746649356216773
0.9741740246226449
0.9737845334267494
0.9740480257847701
0.9732059546406724
0.9723769041449621
0.9720341902352141
0.9717084066001263
0.9713692032428355
0.9709261626140907
0.9710522222801222
0.9707396787370921
0.9704621581356319
0.9704734763521319
0.9708066396233854
0.9715263201259698
0.9713747398025567
0.9713308854675047
0.971759927429472
0.9710326482945295
0.9700074786770783
0.9695018692907135
0.9700719765722923
0.9698502721190468
0.9700193826903435
0.9700819131215848
0.969753486852454
0.9699475563060654
0.9695158951167405
0.9690763033418788
0.9692047079373547
0.9688996051245056
0.9694024548933462
0.9688394252771066
0.9694012587492927
0.9698984258561802
0.9695421182932356
0.9691182227206977
0.9689269660618709
0.9688234834860036
0.968702659409572
0.9687638304962576
0.9684263962979155
0.967523996313791
0.967231146416942
0.9673932267403282
0.9674048382859148
0.9678450640988466
0.9676474449344943
0.9675146781959014
0.9677108107800724
0.96737717754233
0.9672114486157363
0.9665953828728487
0.9664760472417016
0.966402513929052
0.9658484782483293
0.9656669538592011
0.9652160264939699
0.964878849869199
0.9643892776628673
0.9643310311856648
0.9647537811822434
0.9652085192114139
0.9655271253492972
0.9661271661091027
0.9659927176119786
0.9654539679371781
0.965473851706109
0.964923961653386
0.9640093279999907
0.9632989249123429
0.9626391720805701
0.9629866783494926
0.9632931189343703
0.9632893246236318
0.9639750283768298
0.9636984674088703
0.963437856274385
0.9625203208081465
0.9622081098265011
0.9622464444424236
0.9621427187518765
0.9620320602436139
0.9619540481954201
0.961428795577997
0.9613766425217656
0.961045029715853
0.9603037461115937
0.9599356571100293
0.959002604635349
0.9590414685541534
0.9590260696764998
0.9583482368109368
0.9577146269398233
0.9572633404225362
0.9576937283707182
0.9574145850796842
0.9574910226229241
0.9576016663699596
0.9575547186465504
0.9578945760173281
0.9575254865537901
0.957662263534904
0.957465830277573
0.957599427865772
0.957552359563779
0.9577491411633352
0.9576561904421316
0.957236698442071
0.9572041485492501
0.9567473850943923
0.9569479103498335
0.9572623122913999
0.9568441227829196
0.9566412107551739
0.9566876327149251
0.9567766862846016
0.9566853770346044
0.9561094496861099
0.9560460599301177
0.9566548374551611
0.9568534784126222
0.956639122706112
0.9565352222145953
0.9560760708447338
0.9562938792071352
0.9558221154143218
0.9550007588080278
0.9542171593867262
0.9538679983842727
0.9529610933532027
0.9527205393687024
0.9524437170700095
0.9527413005604288
0.952886245961741
0.9522764999219456
0.9522975198086722
0.9527551322679528
0.9528838389747806
0.9528237249477962
0.9518189231640222
0.9518181311106249
0.9515000578966293
0.951609500198865
0.9515114201286752
0.9516652078182728
0.9512172855089638
0.951570942894719
0.9507785477666346
0.9505909824367363
0.9500929028556535
0.9497200044067008
0.9493548704517122
0.9501423671839386
0.9504742070898582
0.9506392547252478
0.9511158355436549
0.950901826972118
0.9505772057367528
0.9492112536874249
0.9485999680572645
0.948749173218325
0.9490743912958429
0.948810568707823
0.9493950548675282
0.9496940889471859
0.949918104069216
0.9501853560263077
0.9497876930017736
0.9491341449489185
0.9487566398422453
0.948420872182798
0.948026421784212
0.9480512233377447
0.9484147418162021
0.9482868266427025
0.9486895287568299
0.9487513296027856
0.948801903788128
0.9485297014054231
0.9478876317982075
0.947150923338026
0.9464064948010502
0.9457225710318908
0.9457144238948442
0.9454263549450231
0.9455158545207183
0.9463433922504318
0.9470726790430418
0.9475164917409843
0.9474835212532537
0.9476309743126584
0.9473623884969817
0.9467464921461931
0.946221247329394
0.9459089121951042
0.9453427754889467
0.9447261904559164
0.9445774401107853
0.9443624254613905
0.9437388950458685
0.943525934376576
0.9431004453621568
0.94322081647223
0.9433203981977509
0.9438194116292116
0.9441957925412677
0.9441228391305883
0.943930852795678
0.9436904669105496
0.9427479904700706
0.9415600120979544
0.941332669296687
0.9408633970309975
0.9402475544749967
0.9398483190197171
0.940681238225517
0.940877427927945
0.9406205515110694
0.9408131780627116
0.9412967983263225
0.9412574997811495
0.9406245344638223
0.9404413106932823
0.9402697410461093
0.9399813747394827
0.9400407360642183
0.9396007152244858
0.9395977606114687
0.9398754887619717
0.9391517825515511
0.9384792417985859
0.937849861597934
0.9373509249942388
0.9373569937114015
0.9379553664848946
0.9384863481130131
0.9384137088661565
0.937960884646091
0.938178384182563
0.9375998631276273
0.9367119846982503
0.9362844350930863
0.9363855897908805
0.936138179668153
0.9363089258904735
0.9364528506369129
0.9366763488067923
0.9369850908977905
0.9366857656590091
0.9370604581388774
0.937330652778807
0.9371775019015227
0.9366467155590783
0.9358387071597163
0.9355662735108516
0.9353098822327479
0.9348408599679755
0.9344864613872834
0.9337332972438264
0.933706940723309
0.9337374967712018
0.9339305640299685
0.934497671054912
0.9342764311971117
0.9344497706357036
0.9344307869133924
0.9338411800470984
0.9329532240193054
0.932244280672813
0.932387000386077
0.9323139365472692
0.9326485142497104
0.9326036823618516
0.9324819207187134
0.9321521874772725
0.9313582084198299
0.9304440442807693
0.9297099940380955
0.9287456765414772
0.9289818516533122
0.9292154375538494
0.9292719087656498
0.9289296505160533
0.9291905113876802
0.9290108989316118
0.9293230011412521
0.9287308175361428
0.927917786683634
0.9275543310050413
0.9277172000537861
0.9273725060505568
0.9272008387766946
0.9267920140909134
0.927163347811901
0.9275507670354171
0.9278024565237091
0.9288069640254728
0.9294014776907804
0.9292731945662545
0.9287601060638757
0.9282647608994555
0.9278703727728737
0.9272082018687645
0.9265403550025391
0.9261246368264375
0.9257202726468592
0.9258066097183445
0.9256645680422676
0.9263435202819658
0.9266939752362596
0.9269171950895343
0.9271161509202923
0.9273293770752412
0.9272518763007073
0.9269613544921541
0.9265741697391271
0.925346130184399
0.9245619033239418
0.9237672725854299
0.9233201414417639
0.9230152761047538
0.9232601489188302
0.923625381108773
0.9241067493461174
0.9246568643073102
0.9246304134090577
0.924730920795919
0.9242877539499726
0.9235062902848356
0.9233096699237135
0.9231012939444646
0.9226341689300863
0.9227688190828983
0.9227513821629514
0.9228937760500086
0.9223557309455739
0.9222989176522253
0.9222103833317691
0.9222597051685033
0.9222013988620356
0.9220043262271251
0.9221230094554118
0.9220429708630953
0.9219710513748205
0.9219191437235186
0.9218319556457977
0.9219442074312094
0.9221876736957934
0.9223390212590229
0.9224937983002328
0.9223218108321457
0.9222265941055717
0.9221581558212779
0.9217536524603721
0.9220161760547183
0.9229265523642859
0.9231172805212036
0.9230779368879143
0.9229601975751023
0.9231628670455533
0.923818305406623
0.924002416139171
0.9232909964878744
0.9230519878905501
0.9231168622332107
0.9230200031391111
0.9218926110699123
0.9210857981685063
0.9206928413563451
0.9205687272224631
0.9206260656499158
0.9207877220670135
0.9202903888137979
0.9202883587358383
0.9200998540063674
0.9200774222477344
0.9198402298251387
0.9198236574371548
0.9198171134339536
0.9199256628149828
0.9199917552547476
0.9199441658929809
0.9198611048357123
0.9201911231357344
0.9202536692434911
0.920430210761627
0.9206102530110309
0.9204254481021771
0.9201853804627917
0.9200808685384055
0.9198221194050096
0.9193799329262264
0.9186249827754338
0.9182074618316829
0.9178707598053012
0.917867798426124
0.9178250382896366
0.9174761831479403
0.9174192536699664
0.9165018624550224
0.9164011153498302
0.915883980344147
0.9158861535537421
0.9167515171005632
0.9162103140723474
0.916832447367163
0.9172072652939218
0.9169073116512768
0.9168952616648228
0.9167117919796488
0.916725127636723
0.9160745889435078
0.916105971347334
0.9165411913388204
0.9165776879040608
0.9158641510061106
0.9153824219132043
0.9150693472780294
0.915229888477915
0.9151061036040545
0.9150781008500507
0.9150474679622237
0.9153122351194423
0.9152363950546708
0.9150724201142958
0.9142512121914369
0.9139128449028786
0.9135812954004666
0.9131671803007246
0.9129917614409461
0.9126420097880182
0.9119900874124209
0.910845153628691
0.9096226604425922
0.9094674458060408
0.9093125126362751
0.9089294926993337
0.909381953142961
0.9099632073742202
0.9102339721179451
0.9105227664615728
0.911227342469747
0.9115051941978761
0.911523765072483
0.9117650906015947
0.911412592074488
0.9110810501507955
0.9101510184791693
0.9099086475797112
0.9093992075009093
0.9086420354272088
0.9083168983676732
0.9082402406450927
0.9080069225028754
0.9072627794737527
0.9073934623227068
0.9079865061537118
0.9079715155076058
0.9080362565473005
0.907916294508127
0.9076151782173549
0.9075297773993711
0.9075382411002644
0.9070978418999177
0.9066290576767841
0.9067600521858186
0.9065547142558829
0.9059067842847619
0.9059932299932965
0.9054464019103254
0.9051068037373032
0.9052560384127817
0.9050076708797403
0.9051090247439009
0.9046751919499072
0.9040208661372445
0.903797489366729
0.9029694834660351
0.9019132782057301
0.9003042309617394
0.9023912358360732
