-0.0064743872804442016
-0.005653936405486787
-0.005803823426014334
-0.005749436099552298
-0.004767241878593938
-0.004057098807668194
-0.003601094452828324
-0.0039447290623952835
-0.0038296729272848076
-0.003668961942824716
-0.003673875429255798
-0.003055864405912087
-0.0023797962312767707
-0.0016911558344221333
-0.0009886903208306465
-0.0009587522893658667
-0.0011623606823688898
-0.0016863715321253504
-0.001654707913318571
-0.0008711710886223533
-0.00027072536021166896
-1.6568434791423793e-05
0.00042435394968042586
0.00107798481036152
0.001335725601699711
0.0014093776438422526
0.0018832955515896775
0.002039851777496562
0.0019481852985867452
0.0015339160835606957
0.0019228034180366323
0.0025230107107444503
0.0034115212671301364
0.0044143191887453
0.0053029086492318404
0.005831189024136344
0.005483298019262454
0.0054508360831237645
0.004870380042822399
0.004462637718409884
0.0035619533889254588
0.0025469768855617453
0.0022188952084941133
0.0027624460738689236
0.003284432125230079
0.003348948697285302
0.0030476273836509376
0.0029297391705691393
0.0029941770520827125
0.0028839243068730087
0.003035914888882178
0.0028321378679719077
-0.0019650358570556937
-0.013672159705375775
0.021162404734997853
0.015082590038081843
0.01585234372341013
0.025163608852508453
-0.014095243212426821
0.014842621759241344
0.034531323992972006
0.014867087496820175
0.016633876761243966
0.01867479359384813
0.02030115460837011
0.022573519190509043
0.025463141277254134
0.027789001884128275
0.02953161313651344
0.03172143076239609
0.033981202410183514
0.03593162417733486
0.03762397574541509
0.039076658695631844
0.040663505814705965
0.04243057571830217
0.04397933547422119
0.0451328056340095
0.04583029172706956
0.046684251913643116
0.04750961914905428
0.04847096762190955
0.04952945331014085
0.051139220632554744
0.052591830485662884
0.0532825997047365
0.053486644851208555
0.05374641935108291
0.0540501296971573
0.05512673432536267
0.05606172937383938
0.05766998621257916
0.059005254216576764
0.05974765795072584
0.060187667003115196
0.06051484086001221
0.061387706423048215
0.062435121463302885
0.06323888024372464
0.0642376332420485
0.06494377949738103
0.06586117822602594
0.06677191484212792
0.06738052428163283
0.06775261677172083
0.06864943175045862
0.06960689756939695
0.06983562403469694
0.07012099417026013
0.07063839666815268
0.0713224333447096
0.07176072106420169
0.0722847441447755
0.07328089386903856
0.0741582565181038
0.07525714861987091
0.07600775455314579
0.07667059625126842
0.07746824901666616
0.07794611126437954
0.0787913615922572
0.07935795782044379
0.08055850513170214
0.08138239036687833
0.08230760041662798
0.08302301244581826
0.08344971269890407
0.08426244561296575
0.08485357794346315
0.08533257667275705
0.0859163531056301
0.0868216041641315
0.08717391050919555
0.08772118711483524
0.08800956509764209
0.0885107469238466
0.08928270661207409
0.08989079350288431
0.09077504198558438
0.09187127279815427
0.09276085364318293
0.0936172284751744
0.09413275182869268
0.09444027844852461
0.09499419952855626
0.09533509382472356
0.09583540223547536
0.09641627530253037
0.09750225281931857
0.09879245731089221
0.09980990893348146
0.10060135027871007
0.10094324172485748
0.10160186048814834
0.10237761638801705
0.10284375608973484
0.10319822663273583
0.10428813092413595
0.10537417664015196
0.10613482292325005
0.10646635508504641
0.10705119785455718
0.10779459009104413
0.10854960873811302
0.10903585400290965
0.1100283433551938
0.1109882103395201
0.11220831304021457
0.11305443662604847
0.11379061229278321
0.11445331654364836
0.11523525405443108
0.1155437443276025
0.11619674470060509
0.11661574330070203
0.11724060338407864
0.11780368184620447
0.11825921122151971
0.11913245944610402
0.11954313370456676
0.12007208735515862
0.12092297129249373
0.12162230008276681
0.12234402384383214
0.12305169053275318
0.1234422080712324
0.12388706817929358
0.12462872057497949
0.12504141558029516
0.1254789691558368
0.12612278927000176
0.1269435016451599
0.1274084550759862
0.12763130674092377
0.12782345143043675
0.12828672230268504
0.1287843846842247
0.1296052352029837
0.13040579951503609
0.13105125457580555
0.13194480501419817
0.1329994839343272
0.13343529246411598
0.13425122532515613
0.1344937150306119
0.13514301483343966
0.13564150931027302
0.13654965674524785
0.13711247587877748
0.13760587961625592
0.13833742746500396
0.13917022264560414
0.13994089663491163
0.14061588516500376
0.14133998405664203
0.14209655002219226
0.14284495566785546
0.1435523451230966
0.14424118524634863
0.1451489591979933
0.14609960634340993
0.14701261537357838
0.1478178010916533
0.1483323477451003
0.14881060154393233
0.14910525390964202
0.14930091110267232
0.1496711918094432
0.1497493011526199
0.15023900282457428
0.15122416956680626
0.1518387006609719
0.15239700517787674
0.15316289018827245
0.15407408936486564
0.1545102241597301
0.1549700463027245
0.15567793814417957
0.15610201783729385
0.15661944102053937
0.15671763635101107
0.15732820986752158
0.1577820115405799
0.158222256959102
0.15886751744844696
0.15966074478136558
0.160254189023966
0.16078826959745238
0.16153446521619
0.16198511858084752
0.1626104934847332
0.16326021669462332
0.16357887235637825
0.16407861384806377
0.16491116471239026
0.16551826641342823
0.1660912689142985
0.16690584914120288
0.16752006101918546
0.16793624420400777
0.16810045873693003
0.16862578177025664
0.16920354270525917
0.16981358016930914
0.1703969525678011
0.17108801487240188
0.17166576385735602
0.1722579703514455
0.1731690305056377
0.17418634332059438
0.17521849870279496
0.17611879894631713
0.17683953009178333
0.17730854507572202
0.1778164095079944
0.17840107430579813
0.17896705337410737
0.1797067954613538
0.18064611858681945
0.18126585562095418
0.18199099797671983
0.18285124927775673
0.18319981821769013
0.18373121508627668
0.1844441830497435
0.18526019545946446
0.18595876495153887
0.18640028256199748
0.1869360991039677
0.18799294910489392
0.1884647054342177
0.1887937482986295
0.1894881473007255
0.19015775591801576
0.19069043897785878
0.19086499062126075
0.19088192149567904
0.19146193708257184
0.19210470158938112
0.1934067131615209
0.19397367646593447
0.19454000363293678
0.19486203650238143
0.19541893809664246
0.19597760085412172
0.19629584800819386
0.19699316971606715
0.19762589275198938
0.19842785507802066
0.19925322322346103
0.19979817944301068
0.19991894681608224
0.200979874836132
0.20166104400205867
0.20249198364072085
0.2030103121991149
0.20401348692027158
0.2048990810089932
0.20543776159290647
0.20574384582434013
0.2063726811909016
0.20673009993719357
0.206662198046997
0.2071018324145167
0.20768524775800326
0.20824577002744818
0.20914601236658914
0.20979528544973555
0.21044553751625195
0.21117346162201342
0.21128690222179877
0.21166517576572494
0.2118051193800495
0.21220180332318295
0.2128774751018223
0.2131017928883605
0.2135178162143022
0.2139152362250902
0.21459955378458825
0.21515728624329
0.21579104476648783
0.21658061389073016
0.2169796253137443
0.2175482624348066
0.21797779647500423
0.2184178216866477
0.21913298718612614
0.21986814575998406
0.22039819651910775
0.2205582960768666
0.22128506942490692
0.22173707217174807
0.22237621698538967
0.22291956032423685
0.22328088714063143
0.22366101695404308
0.2238398655396995
0.22427591189698792
0.2241949340238546
0.23992967579332558
0.21567637183143976
0.1848924405521857
0.2068435341914067
0.2048239240248221
0.2050442194432677
0.20470587394306716
0.20438567376992992
0.2058150915098521
0.2060397026006547
0.20855515498316227
0.20682834390571447
0.2028216908798044
0.20737678301283413
0.20046326609457335
0.19756012435165257
0.20346980129357953
0.20048389695549593
0.19973433496607665
0.22033709857285652
0.19852890743402585
0.19230080644178893
0.19286324067616165
0.21778157192555772
0.21111275728279633
0.20480652142273748
0.19177968017258015
0.19485142428978938
0.20142183987018716
0.20102415676038962
0.20055062162840806
0.20092895017075055
0.2014138371110037
0.2017290778483204
0.20178794509945552
0.20170459156486312
0.20145400555349444
0.20111684361270799
0.20095341463591085
0.20052303268184676
0.2006866930111608
0.2007237328192741
0.20075646173448494
0.20057249400653368
0.20081408969024417
0.2011405638249033
0.20118057075792603
0.201097082191357
0.20116931459306645
0.20136726592439147
0.20134929206689223
0.20109006565165236
0.20167088467443803
0.20177278225543785
0.20205139843451267
0.20171346206586696
0.20151465704900237
0.20148433105995348
0.201119133964661
0.2007538316899666
0.20098012815894448
0.20126382530917827
0.20124685435183395
0.20114559340074253
0.20109049748409982
0.20052714149572984
0.20025668678899466
0.2016645541224716
0.2039165906340008
0.20214833154557477
0.19677850059578025
0.19645857475270648
0.200123180815566
0.20248260238421736
0.20282682828818124
0.20254675203231687
0.2027058772074023
0.2029328412134456
0.20377075826861865
0.2048175980313448
0.1976193479323717
0.1960508447495037
0.1989292534226675
0.20254985761949895
0.20404243480736362
0.20410494402707494
0.20384600345731888
0.20388896974444382
0.20371130440672147
0.19894992017898405
0.19848531725115504
0.19114246388464617
0.25921485486221013
0.21146299294351065
0.21840966722385233
0.22198659314925565
0.22409612533587597
0.22651350293529152
0.228712877311208
0.2306991062516348
0.23215801455088703
0.23353059208439417
0.23530653117495257
0.23731418870948492
0.23892674318242837
0.2406061841863076
0.24231181961282314
0.24393172000301366
0.2448265135244445
0.24593032401068368
0.24675306245834464
0.24735306046383457
0.24825312626663432
0.24986552935411713
0.2512973660519767
0.25187132274457036
0.2528558951593698
0.2537073588019167
0.254768037786034
0.25549851319063316
0.25682216834410726
0.258910530325073
0.2602166663914209
0.26114967250165133
0.2616107396904254
0.2624240219517392
0.26298261569513975
0.2632981119646883
0.2643930374976009
0.265639181995246
0.267072950334478
0.2683956349022975
0.2693831354393773
0.27049263030747944
0.27173289823720476
0.27191866263690884
0.2723731674810544
0.27263924889247654
0.27363969938587585
0.274559769314791
0.2752506491546725
0.2760321821153709
0.2771347551528078
0.2780616601913229
0.27884971087055127
0.2794877435420858
0.2800609336783925
0.28115645116698756
0.2824250615777924
0.28352524135954216
0.2842632087330308
0.2850319135947921
0.285818473657471
0.28656421063886034
0.28732136755603227
0.28839969826937467
0.2895728785537888
0.2910498494619136
0.2921981787886947
0.29374153395241925
0.2947693703280933
0.29589699196845304
0.29665381955555686
0.2975564038476583
0.29827876304036915
0.29934566919101135
0.2997117495994736
0.30014149144205887
0.30081499157959884
0.3012083538340306
0.3020484550601455
0.30314288354034075
0.30434205002974896
0.30578263036468295
0.30668768390997186
0.30800993217145517
0.30927883239867165
0.310193775879612
0.31152750606523777
0.3131336038046245
0.31411096103317465
0.3150340648797652
0.31583053246943477
0.31664577997220195
0.31721834132772114
0.31805200971877523
0.3185932094783071
0.31915665366404594
0.31996598382017716
0.3207583146295826
0.3216527534332256
0.3222960717505449
0.3229313911817498
0.3240452613709193
0.3250281861133395
0.3259058181823129
0.32678494261867447
0.3278871313634399
0.32890001677494796
0.32958033283594373
0.33021261321474676
0.3306829074232599
0.3312778002200217
0.3319701964229651
0.3327276580233139
0.33354967151729853
0.33449614434697567
0.3355385348649835
0.33645107104839234
0.3370412546800139
0.3376749693247077
0.3381991994244717
0.3388588874601126
0.3398566429037049
0.34061384143030865
0.34121284244967215
0.34179293504960345
0.3426200594220048
0.3435566717873129
0.34451568251889336
0.34546147914874975
0.3465797632281627
0.347460618663499
0.34842675021414576
0.349630424684104
0.35045111346496155
0.35134025801877405
0.3521658079624938
0.35258723197193925
0.35368117142936456
0.35438325349154715
0.3551337122129856
0.355713939762869
0.35655580213546223
0.35761000930900044
0.3583119112345245
0.35980253106987753
0.36082522449419047
0.36196346465199297
0.3630313782997418
0.36403985489446283
0.36497438413960515
0.3656234735236974
0.3660462425259565
0.36672353387603124
0.36726313525623827
0.36762950394292854
0.36792070144494265
0.36875371530704265
0.3694566619610431
0.36994105186688486
0.3707186221010475
0.37170538769369293
0.37278171726907744
0.3736572577728318
0.37455915966202014
0.3754205025970124
0.3760225613041846
0.37661207375142675
0.37765356689977286
0.37840350326969957
0.37946556590951985
0.3803253013445677
0.3812291211728504
0.3820847832519891
0.38320217788991
0.3839203080727638
0.38464930818264204
0.38550670625570116
0.3860880267415707
0.3867712747619761
0.3873605339069715
0.3877578182642205
0.38847394587268164
0.3888323969426264
0.3894163262642833
0.3901489737416948
0.3909097396996262
0.39176030105391607
0.3929884337156762
0.39388609138053376
0.39479835647415973
0.39577226280645655
0.396276649981761
0.39697646941465
0.3978150515950418
0.398580601733951
0.3991554535015089
0.3998695017337904
0.4007767483702774
0.4015115448742453
0.4023327568333788
0.40333915108129514
0.40427756150749494
0.4049551363389005
0.4055671118363646
0.40638296324685763
0.4070584922042732
0.4078729672627109
0.40899574174019243
0.4095171858940987
0.4100764792259275
0.4100901931336714
0.41062008926581767
0.41101847876625835
0.4112705406144837
0.411877077597925
0.41255757487761907
0.4132002355201232
0.41391098309148494
0.41454153404154326
0.41541237555056326
0.41609884508654016
0.4172391173496421
0.41836954849715974
0.4194034269049782
0.42041108438552693
0.42167439107349575
0.4227178259931535
0.4234040914723442
0.4241667473219232
0.425177310996894
0.42593082803453725
0.4265471349567411
0.4269852235904313
0.4277659116787391
0.4284444757866736
0.4291555297070941
0.4300041284828202
0.4305147474783298
0.4312151401365994
0.4317574613258412
0.4323818928950625
0.4330209050076515
0.43381626851719507
0.4342068297189905
0.4350327774438362
0.43580576298870133
0.43676955034787673
0.43758783207353374
0.43817373080919736
0.43856097627617224
0.4390053518281736
0.43981381429374444
0.4402619092348649
0.44125672148160006
0.44275550197591507
0.443959798772815
0.44516652905411774
0.4463053045237379
0.44710691845806
0.4479974160056213
0.44850070563983585
0.44913044425888543
0.4498000080696563
0.45044299401118276
0.4509448041006485
0.4517054807510612
0.452255529742088
0.45324609422170653
0.45375379069207816
0.4543288004558728
0.45537742276703025
0.456262446028812
0.45694864653040973
0.4574751534176074
0.4581506015864559
0.458954759966693
0.4595347642998626
0.46052368648073144
0.4611296748266523
0.46188167189998053
0.46266105523322515
0.4635730014671596
0.4641854423269305
0.4646689480860154
0.46514282536394574
0.46551220878615845
0.4658447773580954
0.46638722611359995
0.46713315020553076
0.467988563080373
0.4688283724547831
0.469421673509955
0.4703398146868878
0.4705725887389056
0.4710120566994443
0.47131350617862483
0.47185665545375444
0.4719345515543052
0.47193035204952977
0.491969582117451
0.4581651854062397
0.42993403972370664
0.4513615191282832
0.4477361463627388
0.44984864513636236
0.45062900542510853
0.45110022111798237
0.45149429052995155
0.4487865525609667
0.45445189901272637
0.45187547348577356
0.4504943666371603
0.4491735808326125
0.44400429520541085
0.44961133551509963
0.45098573810740183
0.4483020660484511
0.4511408160114548
0.4691125544360859
0.43459639261613997
0.43320785338938955
0.4397942450716629
0.45901634220833337
0.44625213879967096
0.4318155769154832
0.4322710213231051
0.43980113966440615
0.4449784612292782
0.4436312349105276
0.4431258407207123
0.44320452019178763
0.44340013195811107
0.44355668929548964
0.4436523891815605
0.4437768190064393
0.4442029480072922
0.4441782467817741
0.4444270640054743
0.4446966394826659
0.44512351258195304
0.4446288581935047
0.44424677436868376
0.44406103450747964
0.4439463587205696
0.4438655291977416
0.4436139396687176
0.4435163495716186
0.44327574070104475
0.443047542351632
0.44281960020094574
0.44277049913425875
0.44322505958116265
0.44333265404621086
0.44375449126765815
0.44431335053739085
0.44434977339338616
0.44434203679270157
0.4441831694532336
0.4443602327517235
0.44370424940925157
0.4429461475919396
0.44182356301224623
0.4411933871218419
0.4410079021151397
0.44058673437966706
0.44145530828199414
0.4435780441171162
0.4458204175292492
0.4418822828513973
0.4347780168338966
0.4352616762218038
0.44022113156443926
0.4427396934544546
0.4426525805724435
0.4422579242287205
0.4421302588446478
0.4422976161815743
0.44257901815523054
0.4420945776101794
0.43568044284168866
0.4351138570650508
0.43916567488456715
0.4430814963205341
0.4434801108277857
0.44331602489101235
0.44331511357411735
0.4433924644154887
0.4435079359979099
0.4382055675705245
0.4403479106102945
0.4326235814798693
0.49560415267548935
0.4504991519359
0.45844746291952293
0.4625527537116753
0.4643948523840524
0.4663432571227151
0.46859029305497574
0.47071322866212245
0.4724381451762965
0.4742838077007843
0.4759426019397642
0.47732800323830576
0.47910343190008636
0.4811289641211067
0.4829388544652031
0.48444216540627844
0.48595503494671305
0.48730732873037524
0.4882199966278635
0.48870836984447213
0.4894790328254554
0.4903776926078161
0.4914889408041468
0.4928204044305419
0.4947397822058916
0.4962242104893099
0.4969449893808511
0.4977754874563378
0.49911865554625745
0.5003993813862094
0.5015271570882417
0.5029471059982938
0.5041214452120125
0.505120693780866
0.5066960641477092
0.507981059894412
0.5090986091066515
0.5104667440169693
0.5117584841140932
0.5128864888455128
0.513954278365733
0.5151183939861966
0.5161991931029671
0.5174479929641819
0.5187821081027472
0.5204324133660607
0.5219344683738099
0.5230775698945793
0.5238171743721421
0.5247449371458429
0.5254733071959999
0.5268909107815206
0.5278450464251626
0.5287579318768821
0.5301300581145364
0.531322194885309
0.5322773275038646
0.5333896575478839
0.5350657402690987
0.5364865945995992
0.5379053716678702
0.5394329744780194
0.5407686524278484
0.5419034603602527
0.5427870960070312
0.5436906369962998
0.5440180722676984
0.5444810367918117
0.5452530243438817
0.5460830949077642
0.5473116541302011
0.5484473056420278
0.5497134579567993
0.5505675671194122
0.5518755156458269
0.5531474465544665
0.5541098147212932
0.5553722757151981
0.556638432474114
0.5578356118734434
0.5590792218111761
0.5603047664869693
0.5616669023960392
0.5629110414815254
0.5639250246535755
0.5649499434439643
0.5655377677524032
0.5664256980904209
0.5670850365738153
0.5674988026318258
0.5681085967432623
0.568899569908433
0.5701463410425485
0.5710677753051224
0.5721585025334869
0.5736052014867594
0.5751462700381477
0.5759723743857222
0.5772183889058572
0.5782283037814921
0.5789653744255259
0.5801791675345335
0.5811927317418638
0.5822065662481586
0.5832755549405466
0.58400502643741
0.5844776281788844
0.5850294059354498
0.5855639027628557
0.5860431982494884
0.5865796468687112
0.587579582839101
0.5886713029383536
0.5895579954989872
0.5905025944419203
0.5918567720583474
0.5927634198481136
0.5937121962588554
0.5946937448002821
0.5957607968112975
0.5968409391383191
0.5976370517015207
0.5984211257715665
0.5994074835261857
0.6004735874577237
0.6013137632198923
0.6022017768657771
0.6031050628272283
0.6041141773371402
0.605116514184551
0.6061226217338794
0.6067209902557175
0.6076907369456394
0.6088004056890045
0.6097155183188849
0.6105896146220023
0.6115899649721038
0.6129240976275607
0.6138562040307505
0.6145272856035934
0.6152322727981848
0.615966098444474
0.6171212193392409
0.6181583666100972
0.6189586115077514
0.6199987557459615
0.621070463598625
0.622162274727588
0.6229321566907334
0.6240301866148611
0.6251818076889172
0.6260048764214989
0.6266816498994738
0.6277432533829838
0.628250896805436
0.6287790339007069
0.6295941478221924
0.630552250701506
0.6311955085285889
0.6319110405348428
0.6328763785089112
0.6336805025673341
0.6344743010943451
0.6349701483417494
0.6359219125383829
0.6367309409396013
0.6373781203720967
0.6382275414747988
0.6391157384987131
0.6395349969675944
0.6400029122526194
0.6408044885365582
0.641750861612847
0.6419326715936614
0.6423967848466774
0.6431202774480427
0.6440576831179886
0.6448476819586693
0.6458059187629538
0.6467012661260629
0.6474473679556817
0.6484186732866807
0.649541410331742
0.6507475679112502
0.6516691754873934
0.6523867794182491
0.6529993879300754
0.6537579736956237
0.6543129221115999
0.6544506140322014
0.6552888608480921
0.6564121503910618
0.6576002803162396
0.6585075750935897
0.6592555518680089
0.6603990222841478
0.6607412286980348
0.6615065311013274
0.662259985808029
0.6629712844954311
0.663423992554082
0.6639511587051173
0.6644992576502358
0.6648612222634396
0.6657006935168172
0.6663259756978513
0.6668498596824725
0.6671716709720089
0.6680920415643411
0.6683967201884444
0.6689909758837307
0.6700217681136387
0.6706088128258817
0.6712521095282918
0.6717481771909158
0.6724111466817035
0.6730582164416149
0.6739206072294248
0.674390194684838
0.6752034421824015
0.6758070106164339
0.6764738398900118
0.6769576185852461
0.677511228833441
0.6782889421573292
0.6788513487386999
0.680079001783771
0.6808296788283759
0.681150296041758
0.6819519038377942
0.6825844102226267
0.6832107999047677
0.6839621543423903
0.6851181637383729
0.6860074121576348
0.6867757243696264
0.6874289660639694
0.6877522983823997
0.688243822373722
0.6889300420359769
0.6896608180057316
0.690368797378051
0.6918325319142268
0.6929397080397427
0.6937064993969385
0.6944242915422162
0.6948154713250059
0.6954500674127734
0.6958706360555151
0.6966138971550407
0.6973622807261984
0.6977184442107758
0.698172299316306
0.6988373763913356
0.6993328181102586
0.7000362858140394
0.7002430015877484
0.7008957420483957
0.7017375297178895
0.7022489298037159
0.7029494433794787
0.7034067433054326
0.7037134934493784
0.7042086044103875
0.7048525171428649
0.7052749362611207
0.7057805152199169
0.7064978789081544
0.7073630439608527
0.7078202052340076
0.7082758290498575
0.7090710637293832
0.7101172645535913
0.7107452296554316
0.7114296242111339
0.7123281834661191
0.7128636237626936
0.7135462392243174
0.713989035438681
0.7145987921260007
0.7150351795455151
0.7152933905371869
0.7157699537856322
0.7162152925750176
0.7168185485047687
0.7174223841550456
0.7180045052119928
0.7185575206996124
0.7191833504919649
0.7196855447636598
0.7205147084985777
0.7207069644354016
0.7211151460638038
0.7218988705258496
0.7224856546655375
0.7234955537511261
0.724196432243782
0.7248448530802943
0.72404907263344
0.7383335541338704
0.7170550874039119
0.6837229964963308
0.7069658148237354
0.7023731153871466
0.7038063452926325
0.7037596227634579
0.703618680942027
0.7032529655573794
0.7037201613094668
0.7061281711127644
0.7046862399023549
0.7035970610686698
0.7033171360687165
0.7007259313306795
0.704715460853664
0.7042673735279187
0.7005081092865667
0.7123499241953798
0.7248655726512463
0.6886915211967626
0.6968915571978367
0.7080540782873118
0.7241963448523929
0.704607416389578
0.683396710005939
0.6844647936087805
0.6914513973660205
0.6958242798362887
0.695068917107644
0.6949460329146998
0.6954282721466988
0.6959845267259138
0.6961055904103713
0.6961620613025167
0.6962288612469169
0.6961513890258733
0.6956405097200434
0.6949863621071778
0.6943389764922635
0.6939429335139032
0.6935770336431489
0.6934015751175754
0.6933869406243082
0.6934254964639893
0.6932058742059611
0.6929706672438328
0.6926829443582593
0.6923828561039054
0.6924897471079879
0.6924237772134822
0.6924896952482618
0.6920175317311933
0.6921764650156019
0.6918730447047753
0.6916165126558745
0.6911545117782354
0.6905969510452682
0.6902159092294645
0.6900253961707783
0.6898571428451793
0.689454811550361
0.6891719900828549
0.689238162897123
0.6895146645930249
0.6894699366239679
0.6911686844878465
0.694740935496415
0.6971247862258602
0.6902904077221176
0.6829165446828451
0.6855207399927981
0.6908825996361347
0.692243836111195
0.692226255101389
0.6922278392560052
0.6924343647569712
0.6927871414964447
0.694163115028691
0.6916941512226876
0.6843341390425791
0.6821663965875492
0.688195376065616
0.6919793296951168
0.6924288097572057
0.6924569477048594
0.6923367406762099
0.6925941077244917
0.6927689463008871
0.68800054106613
0.6869120517596441
0.6668368611765291
0.7507874513775651
0.7008221600466502
0.7081060468482708
0.7126552388954136
0.7161274708613665
0.7185095254721382
0.7208853817555028
0.7228389475333032
0.7240138284242561
0.7261479128357534
0.7285485134663494
0.731057179192888
0.732796218546306
0.7342333106906263
0.7356104362073017
0.7368293927167948
0.7385684638919647
0.7399300920486244
0.741705765742803
0.7440334012166522
0.7454345976014015
0.7469466058948177
0.7486613807586124
0.749931382831231
0.7512136163241273
0.7526896202367793
0.754200596157807
0.7549864282930533
0.7561079316570867
0.757525739111049
0.7589768437282701
0.7600707399466916
0.7609556872705601
0.7619259033432692
0.763671308702075
0.7648573729148057
0.7662064587704981
0.7681916064943283
0.7697127178696107
0.7711608725812257
0.7719937803659366
0.7727765164747168
0.7736049925443744
0.7746991744158582
0.7758196238160173
0.7773292062201049
0.7788690755379174
0.780124732812813
0.7808684797096045
0.781671652207706
0.7824598047113814
0.7832346126222288
0.7842969070977853
0.7850527158969429
0.7863605743148807
0.7873483729558531
0.788615381014818
0.7898222743449551
0.79103910183006
0.7924243323542116
0.79370451856992
0.7949002940383547
0.7959585604371527
0.7967713736751505
0.7975059645849226
0.7981474572718917
0.7989443606190386
0.7998602641139111
0.8004769009170857
0.8016926372143578
0.8026918442715226
0.8036734543224789
0.8042938664181114
0.8051103330835527
0.806135529700354
0.8069648025476691
0.8079549453114939
0.808751307232518
0.8095736476394363
0.8106321802153702
0.8117208103317041
0.8128022605081083
0.8138990841981434
0.8146966709903811
0.8154923493709925
0.8160859268299875
0.816741883931898
0.8173265039336086
0.8184448532942157
0.8192913715586521
0.8200022093543969
0.8212289530488205
0.8222070715214237
0.8225926996793032
0.8231649406034031
0.8239016467499772
0.8247852277666056
0.8249990931263381
0.825576897838618
0.8263355477675368
0.8268999448325616
0.827482164494182
0.8281829027596629
0.8283944757661043
0.8289235766558333
0.8295503702428562
0.8300624502714894
0.8304888756115653
0.831483675236928
0.8323012893682217
0.8327565378017394
0.833160349573308
0.8340242638490029
0.8346581143589136
0.8352872660397236
0.8359565537841677
0.836791424615952
0.8376261858440609
0.8380109832181749
0.838323903095667
0.8389907965781574
0.8399300539210685
0.8404540986801806
0.8410836879903879
0.8418697517962809
0.8426439682719766
0.8432297515747648
0.8442661109986004
0.8447624802913057
0.8453976477179168
0.8458801681328684
0.8463017090012036
0.8469698165127176
0.8475800057805101
0.8482567686074706
0.8487779633976934
0.8493327060459389
0.8500025852031529
0.8503196429226714
0.8505662817164956
0.8512799858297629
0.8518894606360958
0.8527446248690232
0.8535756972887087
0.8543208196620794
0.8547745329792558
0.8552895262051153
0.8554920424895816
0.8557019559789123
0.8562131622394263
0.8567294410179623
0.857562814379754
0.8581739033008232
0.8589824540566154
0.8595915673428326
0.8603044085905291
0.8606166144431108
0.8609577071860531
0.8612470254712399
0.8621373118761424
0.862326299037163
0.8626266426463514
0.8630645552635025
0.863475504005048
0.863662275096485
0.8640303263239685
0.8646650430355765
0.8651260393903257
0.8656499037144382
0.8662788794961837
0.866415692168844
0.8663332700146557
0.8668028166345674
0.8672985263963101
0.8679877000656083
0.8681230744060557
0.8685456101617458
0.8687764004209915
0.8687771148622679
0.8693330631387393
0.8697905588173164
0.8700221014661089
0.8703983672015713
0.8709278455985849
0.8715787195461661
0.8718956638405188
0.8729002924293546
0.8731400618760747
0.8736069456079391
0.8740509900122501
0.874386247576442
0.8748038553957923
0.8752422524639482
0.8756971576473785
0.8761716113637862
0.8766370103306841
0.8771997469082667
0.8775756468284327
0.8780155136028099
0.8787039393437431
0.8792914178563512
0.8795200808861671
0.879648578101314
0.8796113040695972
0.8797029103448452
0.8798129633518036
0.8798966904442804
0.8802820811668198
0.8806425019964768
0.88093307524802
0.8815023608688929
0.8818210121727771
0.8820315908990715
0.8823479067857938
0.8824582705685745
0.8831224817000355
0.8839145234755961
0.8842922632020506
0.8846644024350111
0.8851639135682409
0.8854944721987145
0.8858467779043125
0.8857694329102662
0.8863133607635905
0.886927991430365
0.8872987187330378
0.8873362820406788
0.8873971762972092
0.8876369924222426
0.8875970131121323
0.8880266680135994
0.8882950614528132
0.8884785178287191
0.8887616816768716
0.8889037192829771
0.8892303586601035
0.8894925652694338
0.8899325908408969
0.890467858852935
0.8910738732618428
0.8917714339159136
0.8921586740046926
0.8927568877764444
0.8929554555600197
0.8932912025299892
0.8932975544084517
0.8934324721920093
0.8935715088526642
0.8937510219700299
0.8941884314357568
0.8949446519481864
0.8952529525843328
0.8957384563476286
0.8962190846281496
0.8961062624031073
0.8958142927639668
0.895601589884378
0.8958331932050679
0.8960676713019436
0.8963097037406255
0.8971366391741707
0.8979836412416217
0.8987282771322107
0.8988306447564027
0.8988393056374449
0.8990512570081305
0.8991916256885081
0.8995091450246605
0.8998178808329635
0.9001818159055182
0.9003029683035223
0.9006255117402459
0.90083347133878
0.9008622653466286
0.9008243140930493
0.9009799345439481
0.9009173196730847
0.9011021809192955
0.9014241579379343
0.9014684438209537
0.9017297748005756
0.9019557151096755
0.9024710402129243
0.9027646043618814
0.9033430125409571
0.9037950130264994
0.9043806438755809
0.9044357440244744
0.9043530605293585
0.9048576153616877
0.9054031590109841
0.9055684698970433
0.9058024741159268
0.9057246409506882
0.9061510500935609
0.9060753984577349
0.9056054701289543
0.905227188901988
0.9048357638689618
0.9244880572789267
0.8841856616610823
0.8605774569295748
0.8852412973500963
0.881903024355859
0.8823960864148597
0.8815504032867332
0.880871661135895
0.880444664191017
0.8766800107303195
0.8832017807111637
0.8802557947083228
0.8802255726247948
0.8853534714723006
0.8748783158779472
0.8815094178454904
0.879620135644994
0.8761643549899135
0.8790322701864873
0.8904539222401814
0.8705408821619681
0.8624051371908307
0.8996434339627708
0.8912944697641739
0.8795060122431185
0.8585600002519707
0.8625242233382644
0.8698389116108443
0.8745013361472121
0.874407943014606
0.8745605330544652
0.8750103416464462
0.874874991511528
0.8748532617721211
0.8745098807871522
0.8740224967041731
0.8738200078163475
0.8734345108807352
0.8730942467776804
0.873240281180259
0.8733541709591903
0.8731471142025896
0.8726447208135193
0.8723281276005329
0.8721149115735924
0.8716165594617323
0.8715981369269272
0.8713546875777322
0.8710978983534435
0.8708689965226282
0.8705703360534512
0.8701920578704992
0.8698023472632482
0.8696744788415689
0.8694190788863733
0.8694401186140671
0.8691946953292451
0.8686120831540906
0.8685510520250005
0.868295830534035
0.8678242084996449
0.8671050566815567
0.8662279329532353
0.8660637442233249
0.8654619373277846
0.8654059623928169
0.8671799720158258
0.8701303327323525
0.870385285133403
0.862825532425456
0.8567516952597968
0.859208454736903
0.8637260478039174
0.8653191711516416
0.8655491154252801
0.8653936083572695
0.8647631911765918
0.8644051462763124
0.8713860911153581
0.9254226093511164
0.9675998009549457
0.9676311419735636
0.923665996699777
0.8915833518790292
0.8813417868661123
0.8781956798779538
0.8755062859954647
0.8342947103683924
0.7604505975461464
0.7311691996305968
0.7838226656457685
0.8449430814670165
0.8617049073530668
0.8637992258390774
0.8644136235143048
0.864681142402624
0.8649375478776059
0.8657564864343702
0.8530148101002965
0.8723472807930017
0.8787561606826798
0.8961359473835352
0.8765683698870187
0.8818787029922972
0.8852810272407815
0.8874166949256287
0.889616045179601
0.8912974937225707
0.8925908990986343
0.8933116040964434
0.8946580601215417
0.8961706457478661
0.8977481046839375
0.8990558274266399
0.9005311846560661
0.9016187537033266
0.9026475781458104
0.9038573020969314
0.9046947392587404
0.9053176689347677
0.9059486983024619
0.9068403386819259
0.9074082146498238
0.9077447344931162
0.9084499578401267
0.9088399802343288
0.9087760984974023
0.9089546577183348
0.909627786564536
0.9102211078870153
0.9106748529743389
0.911934328217046
0.9124913011376844
0.9133971806606626
0.9143150785341483
0.9147739763376105
0.9155229347758868
0.9162558964300759
0.9169425110441488
0.9177870581511186
0.9178007529873855
0.9180809535100681
0.9184087730323826
0.9190538289127211
0.9197561281864473
0.9200915288231579
0.9207151579977583
0.9213755370906881
0.9215657460487376
0.921802489164382
0.9218137601410556
0.921976295318731
0.9227604783045443
0.9235297869971562
0.9242880741025711
0.9243167987223112
0.9245016057872842
0.9251613733509604
0.9257654406539347
0.9260800632135862
0.926494888609167
0.9270736559622407
0.9277402142938521
0.9280406012973149
0.9281168781615529
0.9282214232281586
0.9283730409547893
0.9289520440807278
0.929274635915164
0.9296368172699357
0.9306809873149211
0.9314439991852724
0.9316661516098388
0.9321932274938064
0.9322392726395
0.932590631681534
0.9326078609513102
0.932626808759777
0.932451811972424
0.9326457509910645
0.9329884857793314
0.9334335503866534
0.9338247874182618
0.9345205169348795
0.935258591267858
0.9355614220479315
0.9359358564795915
0.9360350491893094
0.9361382322391557
0.9363562985967716
0.9360606954596143
0.9360315456370828
0.9364238910371722
0.936891942094687
0.9372728208492963
0.9374801375291235
0.93802873683297
0.93843009269429
0.9385765575008312
0.9388052336389278
0.938880889282575
0.9392542412179927
0.9395392025011478
0.9400347747906318
0.9402487653994429
0.9406562661738676
0.9409320258529107
0.9410258855645776
0.9411451182807941
0.9411159433528778
0.9412136439414867
0.9407836229186867
0.9407044420277243
0.9408165301655019
0.9410283317920775
0.941051505667557
0.9411805740850188
0.9414556969565303
0.94190866608625
0.9420780913512812
0.9423577519032333
0.9426586496372208
0.9426016183187018
0.9430075639162743
0.942960825790129
0.9431319378452185
0.9436017904861892
0.9441893726162934
0.9441743759188234
0.9440604371531007
0.9440522759436537
0.9442089134329582
0.9441492945935456
0.944011038931416
0.944048148490323
0.9441890186470413
0.9441895391042593
0.944149196329223
0.943878380044953
0.9439434680193178
0.9439610466921348
0.9439058080694819
0.9441146762338718
0.9446030994907687
0.9447075180045997
0.9450606277021357
0.9457286669112684
0.9459897989925978
0.9463486715382481
0.9470331965018205
0.9475208389039937
0.9478722471262246
0.9483513226515446
0.9485613812279601
0.9484689018951872
0.9485841606854496
0.9484914854646505
0.948579224283022
0.9483173403768062
0.948588414067005
0.9490074575973398
0.9488517917169234
0.9489740923481439
0.9491060480804986
0.949121515909595
0.9495197535289909
0.9495439966601498
0.9496799152618989
0.9500934202110113
0.9504398295797186
0.9502434677766555
0.9498884931627622
0.9499282814522153
0.950162002064423
0.9506181695547463
0.9505525820999373
0.951030451939717
0.9510981557401822
0.9510678935260298
0.951173392621914
0.9513550831082799
0.951639836546294
0.9520430414562302
0.952564933049649
0.9531445378393162
0.9537789922944339
0.9540890659418814
0.9541469509436634
0.9539608832781519
0.9536894445663887
0.9537100453694723
0.9536383749223426
0.9538067289559985
0.9535796356793154
0.9528063008660793
0.9525592649155407
0.9524518673197876
0.9521861639037041
0.9522348562645485
0.9525237404723509
0.953270634683511
0.9540568918532771
0.9546334476667506
0.9552061885187579
0.9554062742790973
0.9555012366906559
0.9550959137131332
0.954958025546034
0.9545763167083695
0.9547879067592411
0.9549832531888972
0.9553501688977475
0.95567761855125
0.9558956317264912
0.9561921215335945
0.9564786378091781
0.9564967910884546
0.9563767198038602
0.9563009027268777
0.9562709650091435
0.956604486753036
0.9570940493947298
0.957377085354341
0.9575756708045011
0.9575250361790427
0.9577986591394526
0.9577102503933497
0.9574387972085328
0.957189833639945
0.9573640328048993
0.9576952034162808
0.9579374313162047
0.9581974146352024
0.958661779318593
0.9587038760746486
0.9589291503094293
0.9592609771821037
0.9595576016090717
0.9598502130530632
0.960359272175172
0.9606838916330136
0.9609747343937842
0.9608908848531427
0.9607108798491891
0.9601847630561805
0.9598853088295867
0.959468810894442
0.9596261746294935
0.9599638290899377
0.9602596014858774
0.9606861008388338
0.9608985873550367
0.9611938858164469
0.9613032571467035
0.9613180778786532
0.9610100858290979
0.9607673432053964
0.960834304715026
0.9607512438612921
0.9604947656004215
0.9605223918514181
0.9607400294907743
0.9608178240791269
0.96073555509157
0.960757978734038
0.9611273008744744
0.9616540357830073
0.9622715159070722
0.9629303775362837
0.9630614001477401
0.9632234684365294
0.9631013588915455
0.9626430535619878
0.9626967709632814
0.9628423119479624
0.962859473527982
0.9624915734241717
0.9622992759774295
0.9622733644217419
0.9620955277261017
0.9616398526260821
0.9614232528218246
0.9615300579592859
0.9619563726251082
0.9621736678910139
0.9621106054169455
0.9619060311023074
0.9617129665059528
0.961850998854684
0.9620262371639163
0.9613898854306266
0.9614887532803578
0.961732190702861
0.9621831258135704
0.9622270556002035
0.9621388156967822
0.9626699999101858
0.9629863172739793
0.9624957848147079
0.9600729640044694
1.0049931540189487
0.899953170735261
0.939843867659527
0.9442407367364302
0.9431221288652704
0.9427768452466743
0.9421798588660085
0.9420271095975233
0.941514467253219
0.940834808534262
0.9402868050242233
0.9395904711385711
0.9392665362992602
0.9390078554238136
0.9387017410428479
0.9386242545291194
0.9386065186761026
0.9386763294516087
0.9389844779920198
0.9388964152422
0.9386871387613835
0.9384873410483054
0.9378703508523617
0.9375110271857108
0.9372237082354727
0.9366584383947637
0.9362075978517858
0.9359749716514444
0.9358976162762925
0.9359724486936613
0.9355687640037126
0.935468550710438
0.9352821401079164
0.9355699604690769
0.9355019546925556
0.9354756846007627
0.9357200721636234
0.9355197515436889
0.9349937358714769
0.9346581091942171
0.934474203679236
0.9342363250289673
0.9338468908039504
0.9336306848327135
0.933477417823311
0.9331045816530903
0.9327889688923153
0.9326252542844511
0.9324540697537267
0.9321696984229977
0.9321955227062629
0.9319630112019258
0.9319130094082583
0.9316727856589622
0.9316317445330834
0.9317274987941865
0.9319770210578925
0.9318460903956606
0.9316418079138478
0.9313783201812726
0.9310975155741747
0.9305972224372842
0.9304786433161513
0.9305501168608489
0.9306061877103914
0.9304200820867994
0.9299434717944584
0.9296115111830963
0.9289929740078254
0.9287946683160961
0.9282652207780023
0.9284563570121205
0.9284195125958536
0.9280482758315537
0.9278983905701024
0.927701536912838
0.9276060832335471
0.9273608002290777
0.9272351480532953
0.927139409876696
0.9269734466595811
0.9266667393240082
0.926623173696651
0.9265665575554699
0.926415387226637
0.9264229992410864
0.9262795534032938
0.9264357839579255
0.9264207498022757
0.92611680638552
0.925409627932683
0.9251079569360662
0.9247460697155888
0.9241982811810074
0.9239980418791407
0.924281762467273
0.9240603274984996
0.9241494586839257
0.9240189124397711
0.9240616267793736
0.9236377916070011
0.9235907716730893
0.9235176205872436
0.9234711027279018
0.9229751468595033
0.9227748422368397
0.9226787293945681
0.9224363650543944
0.9222534758791822
0.9222276696098476
0.9219191370186958
0.9218303014895722
0.9212609781405868
0.9213370680107144
0.9211277529502682
0.9210392715941605
0.921059371318996
0.921004509613649
0.9208952961709987
0.9205719950840056
0.919985885617025
0.9198020908334857
0.9198227117765682
0.919805181990196
0.9201184530431396
0.9202866334427476
0.9205309167612686
0.9205306081670009
0.920467451526458
0.9204411967567064
0.920650107739655
0.9203078971295287
0.9193902951891912
0.9186273769490515
0.9182862490163282
0.9178326743076887
0.9174041244569099
0.9170723575451095
0.9172913081824597
0.9176227609292309
0.9176781992264815
0.917421965935092
0.9174774919003856
0.9179338901626585
0.9177314321669966
0.9176947353515562
0.9176300674835544
0.9173848614606014
0.917277382889856
0.9170869296343697
0.9170424166623349
0.9168778894984987
0.9167188337700103
0.916535729397966
0.9165622612632197
0.9162479025947827
0.9157141338425073
0.9153769722747401
0.9155481067965848
0.9154542330684737
0.9153637234111346
0.9150895528132977
0.9148919119561275
0.914877593842161
0.9146217046356527
0.9143494044878083
0.9147947612052989
0.9152703578537359
0.9153580300320904
0.9155197769311699
0.9153104707365118
0.9150234734375157
0.9147006079501142
0.9141886497057296
0.9137087470358907
0.9131791621305038
0.9128726624736655
0.9128491122419935
0.912363866550899
0.9120054108634282
0.9119017839320405
0.9116976395755257
0.9120220169851829
0.9121874388413874
0.9123471314983526
0.9125226017705956
0.9125656092415104
0.9120842242683095
0.9120472556792826
0.9117564699700932
0.911612161782375
0.9119498299754047
0.9124332707716737
0.9128364634196324
0.9129587018163159
0.9132099207877625
0.9133541964619457
0.9128441396075337
0.9119085367673949
0.9113894731599747
0.9107986736327919
0.9103047970797529
0.9095767399905038
0.909445093350823
0.9091581684778504
0.9091684273023576
0.9089819833465924
0.9088538343034523
0.9086971329242014
0.9086349549454065
0.9088225881492201
0.9086096744030097
0.9090912927647153
0.9091519961602469
0.9091797958875542
0.9090249950867885
0.9087132041446453
0.9084163184100653
0.9080844658601485
0.907935528811105
0.9081034083140419
0.9085297270758691
0.9088565402602765
0.9090305021846121
0.9093955077415199
0.9092819174278289
0.9091130088797726
0.9086586248881926
0.9084615765473139
0.9081993763819732
0.9081221253048987
0.9081690840110515
0.9074407611275749
0.9069166618309202
0.9070177090468325
0.9068005772194582
0.9065917930021429
0.9062322176424985
0.9062488791142084
0.9064383837103324
0.9062880510016406
0.9057705153418025
0.9052809618172531
0.9055063337192832
0.9053967843068463
0.9046921907648177
0.9045542760809427
0.9042111276620005
0.903895461306932
0.9035114746904184
0.9033853178343914
0.9032345050634616
0.9031416204891795
0.9033966107757307
0.9036388817193051
0.9036312641460321
0.9037059876129895
0.9036828770091526
0.903926362735702
0.9035482482513703
0.9030997893227788
0.9027780544411055
0.9023271403881128
0.901512981251556
0.9011014726328765
0.900835631337583
0.9007060431997141
0.9005014290958125
0.9011203284922757
0.9015412485977076
0.901524310689359
0.9013109596856838
0.9011834860154178
0.9011789622392808
0.9006826928069526
0.9001355527513998
0.9000041059982867
0.8997155421376443
0.8993286497328571
0.8988703790711295
0.8988790232263613
0.8989167277856449
0.8987649046801874
0.8985127400441227
0.8986549316131262
0.8983612122875893
0.8981323561252061
0.8980938067641803
0.8979931919111267
0.8979291708816741
0.897832411970637
0.8976601604472321
0.897617836618268
0.8975022342686249
0.8970389539786732
0.8961072202233842
0.8953404195180732
0.895093572620909
0.8947168699424238
0.8944007584882208
0.8938124823805547
0.8937404754029491
0.8938074772708698
0.8934885497699114
0.8935685164565143
0.8937812764027219
0.8943164920658008
0.8947208598805353
0.8949195784309055
0.8950295380034864
0.8949280277043168
0.8947028325854699
0.8946667049049165
0.8941071454713511
0.8937680716884094
0.8936043369725745
0.8935052523976047
0.8934150825911834
0.8933951183139897
0.8935546236437361
0.8937783769565816
0.8935116245124718
0.8937470513246453
0.8938537651759345
0.8939344204964481
0.8937442814121576
0.8936229608142807
0.8936502215057144
0.8937084638891819
0.8932950808644095
0.892965257693877
0.8930266959638495
0.8928367848604225
0.8928903199401818
0.8927568124008114
0.8924695023310566
0.892728693816918
0.8926604796591908
0.8924345840029426
0.8923452747781835
0.8928047231811996
0.8929368867221922
0.8932294794717303
0.8929029724775356
0.8924745142202429
0.8924276915553967
0.8919247014769471
0.8914339250158302
0.8909048461528396
0.8904627647054278
0.8903034376416054
0.8899991128596773
0.8898806960924244
0.8897225077045686
0.8898118311802716
0.8895929430077417
0.8895215004524677
0.8893794446295514
0.8892413452512477
0.889089366112224
0.8888702822195264
0.8889451182607653
0.8890805811610957
0.8886437698492514
0.8886576940760788
0.888726974357981
0.8885415215167397
0.888553253458031
0.8884787903550383
0.8884292303805864
0.8880807186749563
0.8876815066897031
0.8873771369409914
0.8871731274093971
0.8868482148432104
0.8869597427556849
0.8869924780976454
0.8871414011430451
0.8869947332598013
0.8869584128192013
0.8868107225893573
0.8865223862128904
0.8860196907670749
0.885861822829558
0.8854064173324727
0.8851020410803337
0.884556607552784
0.8842768293671074
0.884138165187057
0.8843379526628862
0.8845859388888235
0.8847575767084287
0.8844879305453373
0.8848870491912332
0.8850043110724074
0.8847757988474972
0.8846169270713976
0.8845464053477561
0.8843942410246592
0.8844477364668619
0.8845264177915215
0.8842335397897289
0.883744948979975
0.88358044477432
0.8832116243250457
0.883030602478208
0.8831170287148762
0.8829817279070421
0.8829222356157724
0.8825149081606397
0.8821428258900728
0.8817521457548249
0.8813052691269138
0.88103782296701
0.8806564942611836
0.8802926395421059
0.8799378440131206
0.880103553385663
0.8802262576064024
0.8798563007408048
0.8798096184564991
0.8799048097782144
0.8794380554673352
0.8788428836323524
0.8785084729075169
0.8781855461606979
0.877858242200273
0.8775949578493084
0.8775857191917119
0.8773072165118646
0.8771265178100123
0.8772084733308371
0.8773861667306696
0.8777934609488501
0.8776685176848567
0.8775884248423967
0.8777457456599
0.8773484747517841
0.8767246595748205
0.8764523728671637
0.8766353986596805
0.8764322691746296
0.8766225467249843
0.876691446167694
0.8763907862282928
0.8764292896545899
0.8760961832814916
0.87575044155987
0.8755321201469632
0.8752333136391955
0.8754683838310395
0.8751330923322218
0.875463551243158
0.8757793332628266
0.8756538802280645
0.8753063038798405
0.8751694909936707
0.8750814140817692
0.8748313989959029
0.8747151125146666
0.8743483895935982
0.8736882468197343
0.8734873242258624
0.8734909097286243
0.8734694323210282
0.8735472127102343
0.873315067432641
0.8733579277381461
0.8734242252188276
0.8731308399627321
0.8730511564241299
0.8727811260198658
0.872671085295567
0.8724226971927522
0.8720401448633526
0.8718965330142302
0.8715426434078758
0.8715354097108307
0.8712529168212332
0.8712073459543833
0.8713522840094591
0.8716098523179628
0.8717833287157756
0.8718532119104029
0.8718084533892538
0.8714714572043212
0.8714296955347263
0.8709774664886085
0.8704727141665997
0.8701994504104708
0.8698422115381043
0.8698472626744297
0.8697977114967209
0.8698151439018522
0.8701472438240115
0.8698554928982896
0.8697147639532568
0.8691286393245212
0.8690264165205411
0.8691358504880254
0.8688386643086924
0.8686909353727389
0.8684227037277791
0.8680402676251099
0.867803814093607
0.8675877041803745
0.8672164123672741
0.8671919063186184
0.8666657496418102
0.8667359325976034
0.8667397491285825
0.8664531761120076
0.865913279012643
0.8654433435422181
0.8655588222885262
0.8654007613242355
0.8654131877555971
0.8652295434691926
0.8652187407815847
0.8654621997868307
0.8653197669632812
0.8655162123982696
0.8653680779362513
0.8654759308786614
0.8654088378018447
0.8652856894089478
0.8649387235802047
0.8644879603006502
0.8643850005618114
0.864070509642771
0.8641788205985982
0.864383479895964
0.8641879684381668
0.8640205222516785
0.8639069916380361
0.8639775558738454
0.8638542660834135
0.8634898061045654
0.8633628831116086
0.8636621735967495
0.8637240040098927
0.8636270493822225
0.8636011334298873
0.863305463477812
0.863483104650152
0.8632604264180165
0.8628385892249076
0.8625359854418657
0.862381205309458
0.861875153112364
0.8617823241096739
0.861799883570263
0.8618946680763471
0.8616836468666184
0.8610842413973668
0.8609303390040269
0.8609529518268825
0.8607792935649106
0.8605699678131637
0.860030660521253
0.8599680573062454
0.8598736777525308
0.8599580240247088
0.8599317299004655
0.8600263293455314
0.8598205780603707
0.8599400909598397
0.8592525244888267
0.8594196302310202
0.8591256770038811
0.8588215724267899
0.8584392918534037
0.8588523638486025
0.858959918048314
0.8588956138392629
0.8589423579726484
0.8587944503478172
0.8587449054579729
0.858007726792616
0.8575978371762286
0.8575653478906644
0.8576952081299482
0.8574185738102377
0.8577465957237558
0.8579946788678248
0.8582178670764108
0.858277751993218
0.8580551319805155
0.8577226177942396
0.8574223461862224
0.8570407892710437
0.8569266309427207
0.8568585226483904
0.8569353659165864
0.8565962400583453
0.8567138016388481
0.8565717562187037
0.8563978932676952
0.8561731599357207
0.8557024102073267
0.8554014535748813
0.8550480095357785
0.8547856581244306
0.8548974301453528
0.854716897850115
0.8549385604389922
0.8553746797457342
0.8556098414937071
0.8555758002645333
0.8553828518810174
0.8551766577518731
0.8549327430001896
0.8546413835798462
0.8542933534013781
0.8541563428263452
0.8538504752533025
0.853477615048068
0.8534672387494217
0.853339269200998
0.8530248141742618
0.8527810906859724
0.8526196634536153
0.8528191561694417
0.852765337878588
0.852939591413341
0.8530938335307502
0.8530837572383954
0.8531726925358352
0.8529824573146346
0.8524891066366432
0.8518680147522691
0.8517524003019221
0.8512992847975068
0.8508791287863282
0.8507374265656974
0.8513294765148943
0.8514103068545676
0.8514205873514916
0.8515058806883689
0.8516749943299532
0.8514220250712862
0.8509192215212541
0.850691587562825
0.8505327114867995
0.8503679797499878
0.8503419580158337
0.850100378814326
0.8500115309262384
0.8501099624466081
0.8494854134245317
0.8488892728736673
0.848467653057985
0.848279877905648
0.8483516902067941
0.848680405535356
0.8490721873459681
0.8491024761901302
0.8486243586432582
0.8485780823834514
0.8481114601651117
0.8476293163021001
0.8474336424919953
0.8475003582590421
0.847281241700319
0.8472778446102857
0.8473485243206523
0.8472106596784091
0.8471983732711504
0.8468172531211732
0.8467769620844091
0.8469053575896731
0.8469258651204455
0.8466883934490458
0.8463041150662737
0.8463075366472504
0.8461257697027268
0.8459946035491618
0.8457387003274898
0.845297964537175
0.8453138570299769
0.8454105845960217
0.8453408315731034
0.8454839936347046
0.8452278748523846
0.8451284139667189
0.84480747706829
0.8441420774399203
0.8436051776334518
0.8432079422896298
0.8432757409921897
0.8433213432775967
0.8434960399107224
0.8436698270672262
0.8436719773700655
0.8435160455623961
0.8430062253231858
0.8424595175977229
0.8419126807773597
0.8410531026286052
0.8409707949177546
0.8408311515255821
0.8408422068614274
0.8408846629153984
0.841163654431988
0.8413892407700332
0.8415544116130605
0.8413933125045046
0.8408890645108719
0.840575331780185
0.8405921811721178
0.840313010152833
0.8400443127850563
0.8397759648048374
0.8399286125656239
0.8400434597499804
0.8400267989223204
0.8404848733910661
0.8406948397570587
0.8407332963960128
0.8404037214772083
0.8402893295766106
0.8400753504758668
0.839705107550933
0.8394605912682888
0.8391957341380066
0.838719483966055
0.8386166397305446
0.8383578396150578
0.8385036194752519
0.8385338263942573
0.8385105079302634
0.838688614707971
0.838808430994523
0.8386841322494037
0.8384089562410675
0.8381013647072898
0.8375371702832298
0.8370555760761847
0.8364817983533289
0.8363788662101342
0.8364290397885715
0.836556199235735
0.836599183777856
0.8366988934958782
0.8368726974801085
0.8365955236359933
0.8364479681576528
0.8358826069883328
0.8354111671329282
0.8351878511479693
0.8350927426802882
0.8349978839214954
0.8351536964486823
0.8351504784906605
0.8353128460623153
0.8350178660396675
0.8348238007998371
0.8346120975822341
0.8347115812881348
0.8346459348305407
0.8346166100329232
0.8347571952263344
0.8346804825264121
0.834896080529743
0.834739527686199
0.8345040365530424
0.8343748386760882
0.8344913015570671
0.8345120042922032
0.834451837024238
0.834428466825397
0.8344246123296247
0.8343167529351846
0.8341720378029261
0.8341073911778958
0.8346790986108291
0.8346829783959596
0.8345077962417514
0.8344533522501313
0.8346429856988072
0.8351702570941241
0.8352735765281225
0.8348528624439138
0.8348046728666715
0.8346917063986398
0.8345611379461024
0.8337997703710688
0.8333161082537018
0.833124081317535
0.8329060409939423
0.832779989153274
0.8328281673394843
0.8323787004961999
0.8323601689343608
0.8322491070213074
0.832361440445143
0.8322241379034211
0.8322429977692701
0.8321479801188691
0.8320100733845129
0.8318519877510111
0.8317722074690047
0.831636041565099
0.8317470401827302
0.8316587415012823
0.8316344707778893
0.8316209980031863
0.8313095615226073
0.8310656554199759
0.8308390242628384
0.8305800898179738
0.8300004206544496
0.8294584751574295
0.8288954246638164
0.8285481605798289
0.8285611080431075
0.8285414553150109
0.8286302798651995
0.8287455489352658
0.8282438694477366
0.828080756063294
0.827694653916581
0.8275376600670518
0.8277178545996356
0.8273648294625607
0.8278680560328316
0.8282171157813721
0.8280608024531361
0.8280307703515152
0.8280948986223632
0.8282024817470345
0.827972780487023
0.8279085530673677
0.8282162008409477
0.828279801343682
0.8277383399498343
0.8272031391196412
0.8267605832063846
0.8266802219401157
0.8265969689707409
0.8265034830617375
0.8265603206767761
0.8268373266658314
0.8268265361082844
0.826740098734741
0.8261705357587769
0.8259573206700846
0.8256382036676362
0.825314256064861
0.82516480130955
0.8249819505474673
0.8246171561502414
0.8240373775203205
0.823313461797627
0.8230948982703227
0.8229886510424499
0.8227388026200457
0.8230211137061941
0.8233652576759402
0.8236462251705512
0.8238227153381722
0.8242471500700043
0.8243979361805168
0.8243324884794127
0.824367318392916
0.8240518543579745
0.8236906641112242
0.823201182392688
0.8229911056085518
0.8227239938178389
0.8222949900894448
0.8220602041976383
0.8220443229488539
0.821770766734376
0.8213339353333268
0.821391338547505
0.8217183108512339
0.8217200804775647
0.8218008648654486
0.8217969215795908
0.8216443747636765
0.8215093816386356
0.8211667635890629
0.8206264699831376
0.8201510726985367
0.8201808605968831
0.820024407236045
0.8197983927444069
0.8197112628056908
0.8195273337226446
0.8192785559737334
0.8191603404355132
0.8190487109179907
0.8189007822645505
0.818759761083682
0.8184002450220631
0.8182973762526884
0.8179031197040079
0.817453656029394
0.8165976241624331
0.8188714764016001
