-0.011745540807737627
-0.011231122049954512
-0.01088613571915301
-0.01054371024511858
-0.00940652807886289
-0.008885191220734882
-0.008755626302935329
-0.009252822963249613
-0.009219317958791514
-0.008955149317344223
-0.008669506248700712
-0.007646402354553439
-0.006806493384200722
-0.00624371731642494
-0.005541707419188825
-0.005525398182777454
-0.00540027017616479
-0.005886954781427639
-0.005653889395773417
-0.004945291110330797
-0.004284962650668556
-0.004049882287974532
-0.003694924366498176
-0.003244129730345809
-0.0030397199043451575
-0.0031125426437978313
-0.0028061097609532546
-0.00261242745310384
-0.0027288278827471042
-0.0030667600093783583
-0.0025034656050122927
-0.0017912509890769127
-0.0009585964440571547
0.0002342658091471963
0.0012383345075711039
0.0018318163610156453
0.0014589294728061877
0.0014603867804342807
0.0009333757912980845
0.0004656835591891773
-0.0004002457977463933
-0.002153923761008682
-0.0015300393211577891
-0.00039526652779212166
0.00028276978457373583
-0.00043284670107441876
-0.0009608397362364488
-0.0009280384763078017
-0.0008634084296450738
-0.0009895299399996847
-0.000750787815969827
-0.0009840565522236983
-0.006568909719182477
-0.020467666787148123
0.013508132190028933
0.00622846975059059
0.005337061225278375
0.011341586693836836
-0.024975075892599723
-0.003994615797026795
0.011627461572545756
0.0018954789948723554
0.004487224246438926
0.006822750502265331
0.00822172239829164
0.009928982276378267
0.012413553887629858
0.014199031245536958
0.015636777418758258
0.01738663803346608
0.018998105583058766
0.020488647909821446
0.02179647469994586
0.022758275257942412
0.024035569924548056
0.025360818672594182
0.026597084019665238
0.0275898905708246
0.028212155917077528
0.028863790405848543
0.029616815374716905
0.03039295698221841
0.03137191454815634
0.03269327805849112
0.033769156864118625
0.03427503783875845
0.03456146523058154
0.034808079284107125
0.035265881791266565
0.03622723851763904
0.03705055858460542
0.03843642141261578
0.039474533912222276
0.04006693963931346
0.04027871165481593
0.04056127256944037
0.041151633370129934
0.041879773662739206
0.04241183444316297
0.04318712585550969
0.043762728582600836
0.04441615316089539
0.04509821350733102
0.04567151252120651
0.04601439802562597
0.0469192494118151
0.04773671213096989
0.047923635963652456
0.048154321472556744
0.04861726732884519
0.049283369723340756
0.04954347900563841
0.050008616523713655
0.050889950701577674
0.051667274296873136
0.05257051023502034
0.05329750801071523
0.053977779752552066
0.054587928801088675
0.05500362703309347
0.055791940685681655
0.056255922643894035
0.057418512688953656
0.05821145687705974
0.0590477916941703
0.0596833634151272
0.0601652666965452
0.06071573095640527
0.061095561574364875
0.06147951631857454
0.06191051631241133
0.06278699086053119
0.06314672626451143
0.06374907010606409
0.06403387334403214
0.06456054449464142
0.0653021485675908
0.06596291241248595
0.06679996141498248
0.06773529061905033
0.06850432192674079
0.06916152776892118
0.06953074365284233
0.0698638539597244
0.07025350528869474
0.07050066882809278
0.0708476220490029
0.07124556312837686
0.07210970149492016
0.0731009852178169
0.07397112660374618
0.0746995344095889
0.07499514134719805
0.07549154035111072
0.07614219169404868
0.07653519033802804
0.07689731567635136
0.0779163251154838
0.07892905469297026
0.07962946861636112
0.07995025021256709
0.08052977079555584
0.08107730400994799
0.08159501878212641
0.08203575441789139
0.08283890443714564
0.0835424328407312
0.08452743079223356
0.08540952396059387
0.08613455925761482
0.08685046599311105
0.08763268237827118
0.08800573075315812
0.08856749744399305
0.08904076856936684
0.08961391374172535
0.09012871714111129
0.09067653617580385
0.09164021627482177
0.09208027917321701
0.09249567177311122
0.09329168682864396
0.09393174250704055
0.09452845456332652
0.09500963659677297
0.09527228974985703
0.0956799367538181
0.09621261338465865
0.096418025142025
0.09649451166237397
0.09687876822394614
0.0974632980764518
0.09787299058925472
0.09822040642440508
0.09860352742449258
0.09920765787399657
0.09980156546497096
0.10063992052471965
0.10126361316448755
0.10180755403684581
0.10265584977860101
0.10357968800173975
0.1038451134723885
0.10447924971509168
0.10468511921183958
0.10522658049651214
0.105631671187749
0.10622172694263354
0.10673557775757225
0.1069949733988933
0.10746026320984746
0.10809815761836616
0.10878273729424492
0.1094934028328016
0.1101890244785218
0.11095024186724824
0.11182397491174591
0.11253382020028911
0.11317156607002465
0.11405028936029045
0.11507626703745874
0.11580687933871842
0.11655625286464757
0.11709866513946168
0.11767228007927527
0.1178249254302769
0.11782931522928743
0.11819042444349144
0.11821262736416732
0.11861874939109429
0.11948356341198674
0.12018863181399142
0.12084507639684601
0.121565068365781
0.12238259101507537
0.12282566735791262
0.12313431153285673
0.12383295049698528
0.12419800231771444
0.12474938931350962
0.12502085357603182
0.12560274249092468
0.1260760473780188
0.12669603685699815
0.12740475049215585
0.12810791914485992
0.12850579678126067
0.12903305351587074
0.12969784332073708
0.13012911336552985
0.13063084825848753
0.13131760828784173
0.13164203969366112
0.13218371584477528
0.13292826118924986
0.13328319875400865
0.13377670744325376
0.1344175777952188
0.13488653829013292
0.13513292135043045
0.13519875032144857
0.1356016088814296
0.13604996297310643
0.1364985650832034
0.13702397851945833
0.13771132597420155
0.1382127670257529
0.1387819915356369
0.13950292006538942
0.14044077717927894
0.1413501898899809
0.14200061588490417
0.14252707235098705
0.14291154115757382
0.1433465988392418
0.14372450077961196
0.1441794176339256
0.14483842957124815
0.14554021738256184
0.14620367424112096
0.1469288733859282
0.1477268981007313
0.14815705851904132
0.14877077441388248
0.14934155450913408
0.15007911319792708
0.15064551112674207
0.15097990120224447
0.15142897691548146
0.15231637460360342
0.1528861782901649
0.1531624366696605
0.1538037691315509
0.15444392848924302
0.15503864607640944
0.1552373573088642
0.1551458157734583
0.15556917476577925
0.15605151108021664
0.15695422635428308
0.15728153611397308
0.15773388457675191
0.15800067809457866
0.15853091355288407
0.15900060879739777
0.15932359233506038
0.15992944432408868
0.16044220153314318
0.1609875362812565
0.16167547718233194
0.162089739974382
0.16227379202632614
0.1630878626611077
0.16378255942972725
0.16449828280545162
0.16504176252390618
0.1660660148158979
0.1669393167225374
0.1675914487192342
0.16795933721856915
0.16862488223928096
0.16901593740521445
0.16902156347568226
0.16947330174502578
0.16993791436870823
0.17035967746697017
0.1710733564299288
0.1715821516447134
0.17213960419723914
0.17269174079531388
0.17292301261519583
0.1734281102341514
0.17350102234326376
0.17381037652265288
0.17441287971679606
0.1746618852276368
0.175128502352028
0.17548851228792128
0.17612231899773378
0.17668797034642508
0.17719486498707743
0.1779581309436223
0.17844106176833438
0.17897905124326946
0.17927217417292932
0.17962508398665683
0.1802993410465889
0.18094456336172224
0.18134013985946412
0.1814331317628249
0.18207463349372932
0.18245346906124285
0.18294826987638863
0.1834301269730188
0.18388869927237195
0.18446118051529387
0.18478438768316083
0.18531478541176147
0.1855274515542357
0.20021665968356775
0.16354645210376118
0.1562868346312387
0.17498869226305067
0.17388030313227815
0.17389496350687889
0.1736751790829181
0.1734334885359479
0.17426835015178913
0.1740656072611425
0.17699962703839178
0.17486681515804814
0.1734417353589225
0.1780826629493108
0.17058981279004168
0.17252543032874973
0.17435542435977447
0.17308071738300648
0.17255981429476097
0.17573793638535629
0.17130578334730726
0.16827715758515907
0.1709001047590154
0.17746683500746765
0.1809118881730328
0.17864436436831627
0.1691081619187199
0.1723515142021042
0.17558165535736298
0.17516991443139357
0.1751122173221186
0.17555511486934816
0.17600766884101526
0.17629936048590344
0.17622353903538446
0.17589662553503135
0.17566094503573432
0.17530531384886874
0.17521043580661594
0.17502779208840766
0.17538165704920855
0.17552887098767112
0.17570335691097053
0.17571787461489288
0.1756838719353251
0.1759832710839448
0.17607023205545638
0.1760034112819876
0.17601163552551086
0.17623928972833214
0.17624190607871365
0.17630286449857457
0.17691570685158953
0.1770478046433249
0.177333661400964
0.17720709295375053
0.17714330658875252
0.17710465759280114
0.1767627938447451
0.1763213523079683
0.1764687550853574
0.1767658691332321
0.17677191126404868
0.1768082729067949
0.17686026724284576
0.17641495915677824
0.1761342496389598
0.1765854093718093
0.1776996008660564
0.17652280253368724
0.1730915145014725
0.17412166601899887
0.1763598140483662
0.17772329234996442
0.17812631635531087
0.1779987899661364
0.1781320985919184
0.17821881637021136
0.17871053682806254
0.17900059506399313
0.17393936318994413
0.17298286598680424
0.1756293265295911
0.17794688556654073
0.1789179124187365
0.1790803472356341
0.17883367362008432
0.1789853077431163
0.17914355598457765
0.17362869099252118
0.17586721152505763
0.1560439382446282
0.21824024394795194
0.18398745979888026
0.18968616326773394
0.1929533672860526
0.1945420930906225
0.19615385956217446
0.19744614617297546
0.19837637557653504
0.19908726704979415
0.1999830980024703
0.20126794108561774
0.20257788482365185
0.2036403616474986
0.20466109812856112
0.20577971233193515
0.20692111200863678
0.2074529475134169
0.20833084928971846
0.20908040143150872
0.2096322435947107
0.21029766324503657
0.21141516283576706
0.21229142004756718
0.21264029022503766
0.21345858790649433
0.21417210500268927
0.21511570909356187
0.2158664915587739
0.21711313401024931
0.21879843836829566
0.21989197455772314
0.2206949079533422
0.22115225836908323
0.22178687156695961
0.222372092550631
0.22258579914382584
0.22352766779824915
0.2245098779131983
0.22570775917358862
0.2267410066395979
0.22772908781045417
0.2286364775109146
0.22959663942883396
0.2299892999032822
0.2304736916618374
0.2308043948174429
0.2317451125155737
0.23267243782711042
0.23332276776371833
0.23414931366585043
0.2351698607313563
0.23601503086829825
0.23660743721209215
0.23730584450504072
0.237791775666435
0.23863997117136923
0.23979687457588053
0.24061311319812612
0.24126533106287312
0.24202795814216693
0.24260552154134327
0.24311654655220633
0.24368741558719295
0.24462058490469687
0.24552259991799982
0.24684138567274208
0.24769838798709526
0.24901868972329252
0.2500560442441003
0.25108360132628466
0.251862183717527
0.2526906168476878
0.2534114571581481
0.2544537294562555
0.2546692412529231
0.25510257317015816
0.25580158028303823
0.25618209380452217
0.256789556633498
0.2576363161076193
0.25849640173321164
0.25956244849045507
0.26011940482074136
0.26115955246716516
0.2620934112422044
0.26289641548318327
0.26418805473616613
0.2655424275073835
0.2663977416743625
0.2673386779756198
0.26810504720367395
0.2688987925704281
0.2693655600001732
0.2701438979994541
0.27064242623162754
0.27127820347834336
0.2720668326471962
0.2729479760024832
0.2739376417917864
0.2747356875809108
0.2755270654910151
0.27649016701807066
0.27730976285836495
0.2780648527923168
0.27890556918484694
0.2798133861359085
0.2807820524392862
0.28126235168502073
0.28201151912287925
0.28267507417807847
0.28341106885894685
0.28409016134163867
0.2845782525160636
0.285315385707817
0.28616881538131783
0.28708484556851865
0.28789358295487955
0.2885016001439481
0.2893706920280675
0.2899306329545754
0.2906581644646338
0.29159267903471053
0.29231185277974514
0.2928917785088499
0.29348380830476467
0.29420569270051833
0.2949702502978512
0.2957895308534589
0.2966542365159892
0.29742645785611177
0.29816324058181204
0.2989826362022894
0.30008824176402715
0.3008378674593564
0.30157119640468455
0.30222321692343945
0.30259001735902924
0.3034084424069881
0.3039112176398019
0.3045394695824414
0.30500375636142707
0.3056410586823216
0.3065937137169036
0.307263528210655
0.3084953211640733
0.30921874419684947
0.3101926102575763
0.311252435016426
0.312265808191973
0.3131943661691195
0.3139252037583279
0.3144133373151228
0.31514083677974225
0.3156738367470289
0.3160496778935677
0.31637431454402903
0.3170893804102514
0.3177048730469849
0.31820198609406564
0.31896653096523697
0.3198518669311523
0.3206843910552727
0.3215093796735795
0.3222180776663321
0.3229951461560625
0.3233982864928392
0.3240124902821198
0.32489919871291284
0.3257265375091891
0.3267809067444221
0.32757758005239174
0.328410708102334
0.3293572459286485
0.3303247494471923
0.3309452437221856
0.33151604782595345
0.33216303885275916
0.33275023206154236
0.33348146542967394
0.33423281926890896
0.33486081114465005
0.33574785706925764
0.33631217181359285
0.3369832180598231
0.3375586572265975
0.33807439474926015
0.33880262833165137
0.33971794202986255
0.3403188240292081
0.34120133785941337
0.342042857034078
0.34263074674384064
0.34334187204462885
0.3440489706362005
0.3448686120958136
0.345308616853835
0.3459590353035486
0.3467832459207192
0.34744563847726845
0.3480204788163983
0.34884930287431387
0.349706728076873
0.35041327064744315
0.35105525478105354
0.3517768941934237
0.35253677682436696
0.3533848804547526
0.35440511150500764
0.3549174065567521
0.35556780674156074
0.3558107666998676
0.3562578434265918
0.3565729523523674
0.35683392154114996
0.3574056606721227
0.3579865688318359
0.35861436613895314
0.35927690497622844
0.3598900055306258
0.36068887749487577
0.36143487453229134
0.36235085947935564
0.36333630766489144
0.36426225033230536
0.3649400408551153
0.36582819501004515
0.36665485131784
0.36730863786836676
0.36822064116193615
0.36919401903250904
0.37011001103842406
0.37071656632784367
0.3711928420352798
0.3716995088323507
0.37229733874325643
0.37280516402221364
0.3735785467037059
0.37428297934615995
0.3750989810406795
0.3756211782654678
0.37617113722220474
0.37670324027178265
0.3774815895289657
0.37789829777997225
0.3785763971966051
0.37934522253646535
0.38033094475136425
0.38127240791590106
0.3819208051549106
0.382363912571569
0.38301527994083884
0.38375619869158234
0.38405401344949613
0.38487501456158163
0.3858924613441004
0.38670074504628626
0.38752865462734676
0.38844335980411804
0.38915234981000224
0.389993586441832
0.39049103422808956
0.3911765616568949
0.3917583374771753
0.39236603866241504
0.392945840491884
0.3936369334003682
0.39429174885745133
0.3952988696148245
0.39573002560965886
0.3961072669992604
0.3970088124366673
0.39771084671793316
0.39824510879912856
0.39872199247884405
0.39956373484923363
0.4005100469852272
0.40121489492043794
0.40210982108331733
0.40269602315857594
0.4033325959444505
0.40390324556877255
0.4046168568125816
0.4050336110529881
0.40540217373105963
0.4058366231518384
0.40624227624245557
0.40655589086619126
0.4070125420380484
0.4075592571888128
0.40837249740378156
0.4091995612298881
0.40968916588878523
0.4104874149919844
0.4108008335166525
0.4111330201171567
0.41132520859787947
0.4118024085345882
0.41177854808387704
0.4116700190207275
0.43133418711036076
0.38583958447291766
0.38026308401531594
0.3973519308353285
0.3958007469623726
0.3973526316866843
0.39826865722532295
0.3988263393343303
0.3991551683917841
0.39656610393861685
0.40249853188402723
0.40016247745901806
0.40047422430868446
0.40207284570931406
0.39562706672417014
0.4025740033631063
0.4025001203867129
0.40135293827905333
0.4020064707541124
0.41148073878170854
0.38849891362672706
0.39387172170202933
0.3968034582040689
0.4059817601453104
0.39863071333446404
0.3963537906428173
0.3936098373183425
0.39831776267187935
0.40061263365986066
0.39955546458642277
0.3990469097685025
0.3989754769325128
0.3990973968117063
0.39939638388959947
0.39960887224459973
0.39973098968628845
0.40007515521289644
0.40010269002481236
0.40018074326508346
0.40045384165280684
0.40085198427418833
0.4004257165216538
0.4001122170281573
0.39987828611008647
0.39987513675464664
0.3998661335186643
0.3997189432370604
0.3997505949302712
0.39960521260964865
0.3994656572886412
0.39929092120943965
0.3993373392847741
0.39972106462729995
0.3998015998364561
0.4000918968253467
0.40046016499708664
0.4004364917552039
0.4005153018550899
0.4005567002895838
0.40065365394870744
0.4000971635413583
0.39955408627025596
0.39879716179312374
0.39835817505267296
0.39833609433154327
0.3982321618320155
0.3988972858722386
0.4003364613257355
0.40181919951471423
0.39855429459564384
0.39453554952986236
0.39569300106050975
0.398668468987898
0.40026195676561993
0.4005225150683715
0.40050541865447614
0.4004440475769955
0.4007792548255159
0.4007494485972806
0.40022151506535436
0.39535466201407543
0.3953453747748395
0.398236852811987
0.40098664637010695
0.40144440279112475
0.40127002520267263
0.40116972156385783
0.4012571923349653
0.4015862919195907
0.39577181840824005
0.4008045486079577
0.38517597543784154
0.43729238548077215
0.40642271438222344
0.41231638933251613
0.4158158104462951
0.4170464228772159
0.41832437173135384
0.41992220690541404
0.4215376228062036
0.42278940127784403
0.4241969219805375
0.4256285645579128
0.42654810019149164
0.4277939877833655
0.42919194194006804
0.4304894471650702
0.43155365684031866
0.43282781841952345
0.43400702185922807
0.4349668564509365
0.4357075997890416
0.436418303451395
0.43726778459047866
0.43830273456046265
0.4395437024851795
0.44116290090433385
0.44242042086707084
0.4430985904341768
0.4436662460978189
0.4447099849555814
0.44573032192993867
0.44661026967048023
0.4478186012703648
0.448734273835324
0.4499027912093823
0.45118513974581087
0.45219826773491734
0.4532237039734292
0.45447549486484556
0.4557364657255428
0.45674841644396846
0.4577419959166469
0.4588091696270936
0.4597273021269314
0.4607460719505497
0.46171362974409097
0.46308599912187454
0.46443734170819145
0.4653668577260235
0.4660180370190027
0.466808943282809
0.46766580419526455
0.46926357140751634
0.470328542807779
0.47140241541765693
0.4726472908424493
0.4739382265720444
0.4749896757125106
0.4761270963257796
0.4775859573815755
0.47890180187347525
0.4801400719427944
0.4814053924088614
0.48265292140917115
0.4837859578646962
0.48486483503673944
0.4859222352740247
0.4864005525819581
0.4870296996568657
0.4878209150382689
0.4883659770630874
0.48936158156640464
0.49036817117483333
0.49158022655124456
0.4924336901166577
0.493585236234565
0.4949726425093462
0.49580518371306365
0.4968097981347859
0.4979404269632447
0.49887878928730695
0.499916608885517
0.5010770144626104
0.502257733384828
0.5032178073606413
0.5039385068184954
0.5048397952839964
0.5054194581218876
0.506372642208869
0.5069875769856125
0.5077105831034752
0.5085197162063009
0.5093597867599255
0.5104044462207843
0.5112040628564395
0.5121845090655156
0.5134835059507881
0.5148264081997262
0.515594305746678
0.5167682621801679
0.5176319968693743
0.5184144393245095
0.5195323999799206
0.5206953681794896
0.5217563180649323
0.5227961445808755
0.5235359698891626
0.524054716927577
0.5246336755202884
0.5252509616129672
0.5256300905789163
0.5263024875679077
0.5272469877455738
0.5281541320610235
0.5290724126928464
0.5300721601837087
0.5312863784618151
0.531936596647675
0.5330626942715938
0.5341747607291879
0.5349891605419833
0.5358221641591717
0.536409219204311
0.5371183279433811
0.5379667548586239
0.5389498523941221
0.5398929818208577
0.540864590857548
0.5416715844981418
0.5426630334705966
0.5436884868047828
0.5444325126885269
0.5449350209488447
0.5458732317045648
0.5469714820135537
0.5477179567981901
0.5484199256918164
0.549478833844414
0.5507466033037396
0.5516573187509051
0.5523024831002641
0.553002774844143
0.5537098370914937
0.5547053966304208
0.555506342467632
0.5561555022323695
0.5569075661983611
0.5578521338458419
0.5587523054867488
0.5594353360992074
0.560356969405569
0.5614078634429327
0.5622008109343284
0.5628388882183213
0.5637991439785233
0.5645039608950868
0.5651942375841297
0.5661141667951322
0.5670427050431911
0.567779245696111
0.5686122506927442
0.5695227346499356
0.5703622030082867
0.5711388681231799
0.5717241789209124
0.5726071208837149
0.5733137484265013
0.5739008069751069
0.5745817360821316
0.575223916819027
0.5757379134295972
0.5761608933396585
0.5767541916537042
0.5776590180958063
0.5779434473166459
0.5783417261710954
0.578962087042703
0.5798336685696802
0.5805943051825662
0.5815102749535583
0.5823065266259158
0.5829411295950445
0.5836895550469275
0.5846373435966202
0.5856348330736527
0.5865585504638969
0.5871760712188279
0.5877451161817447
0.5884235939614334
0.5891586091851323
0.5896520453294712
0.5904642435745485
0.5915308344402004
0.5927703755734142
0.5935475498867339
0.5941474071495353
0.5948738298472178
0.595230867330177
0.5960224918450269
0.5967283041247776
0.5974227712975502
0.5980077207251139
0.598599754783235
0.599344932672928
0.5998422897898364
0.600691370076155
0.6015360791138243
0.602167407208804
0.6026564779848166
0.603516973774093
0.6039309654400824
0.6044381402980654
0.6053360347477477
0.6060606819273354
0.6067282379718726
0.607298343906945
0.6079913150001741
0.6086572671819598
0.609474763316796
0.6099684664922165
0.6106929990027904
0.6111351495655499
0.6116262103349647
0.6121338936096536
0.6125863240759779
0.6131106522491755
0.6136623410902312
0.6147300755884388
0.6154461450819357
0.6159102576004293
0.616817628881601
0.6173669012814906
0.6179587911940261
0.6187281741827069
0.6197555929827824
0.6204543566149974
0.6211871253440425
0.6217778849245461
0.6222383871392894
0.6228042756454721
0.6234893416083859
0.6242147782898161
0.6250974542852804
0.6266147751651497
0.6275882914158707
0.6284461080493956
0.629233706738547
0.6297388699997248
0.6304617362313312
0.6309369830281435
0.6316399409252511
0.6323525796493736
0.6325963511688637
0.6329583941837459
0.6334808850930715
0.6338135738781161
0.6344375290797395
0.6346188495333983
0.6350789229310425
0.6357169705056582
0.6361664303820497
0.6367602256364904
0.63712559271159
0.637641093774082
0.638256096945033
0.6387871242695113
0.6393005950623208
0.6398803902830787
0.6404921417005474
0.6413064990890813
0.6416220720535114
0.6420092482886907
0.6428597504880023
0.64384946191246
0.6444619301432088
0.6451250884638438
0.6459466285154053
0.6464494290305441
0.6469758281836826
0.647416692659486
0.6479674660690836
0.6485088006699913
0.6489312511997536
0.6494068895105092
0.6498970334742968
0.6504280506675774
0.6511930753357339
0.6518907768181553
0.6523661823177257
0.6527732002120586
0.6531129436574488
0.6538551465801528
0.6539915309244798
0.6543032839624994
0.6551021010727335
0.6557636224447418
0.6567028844224468
0.6573159085787752
0.6579171342411125
0.6571374977477434
0.6724062567537521
0.6401220580746568
0.6264122354054278
0.6455194243296448
0.6431683885358468
0.6443208876839955
0.6442832234576502
0.6443905731076923
0.6442449875010748
0.6453244846722477
0.6481619142605557
0.6456827838965336
0.6459672023763844
0.6473743211351757
0.642568012194584
0.6475373472202028
0.6466527374916492
0.6449709935751265
0.6508239601828018
0.6592899162022683
0.6340206140546085
0.6444732844422444
0.650190591940543
0.6602627426541461
0.6488527927966447
0.6380200092935787
0.6375117780613735
0.6420733729475909
0.6438526762441891
0.6431232037600583
0.642973853782713
0.6433524879588057
0.6437477105480234
0.6436101893361801
0.6433680773591838
0.6433182255486762
0.6433551795436827
0.6431291880133961
0.6427380841859776
0.6424244356536453
0.6421459037709795
0.6420880456251887
0.6418946214659363
0.6418847104182032
0.641972097936107
0.6417285725050579
0.641603886703447
0.6414153296591208
0.6411931556441927
0.6412875074400045
0.6413089216553318
0.6414826938969426
0.6412438107891099
0.6414450358138959
0.6411605677480955
0.6409840039043077
0.6405727336495022
0.6402070773301021
0.6398136191768198
0.6396970235057605
0.6394036502660005
0.639024526953678
0.6387873473331321
0.6389424610746611
0.6393387081703424
0.6395203413337576
0.6407257406118994
0.6430226818195673
0.6443225237137055
0.6394149388957872
0.6352926756811267
0.6377781816094692
0.6408734713275479
0.6416960697681724
0.6418130481176854
0.6419868914791328
0.6421708899595492
0.6424986312302523
0.6433663119816915
0.641344709404771
0.6353833742397619
0.6350138326089511
0.6391247867821396
0.6416131800338349
0.6418651965684673
0.6418014141675795
0.6416786632919818
0.6418443820779427
0.6420951002532707
0.6372079285752782
0.6388971034735459
0.6124507716230363
0.6846164779186622
0.6496150904936925
0.6555594806319804
0.6592368900319909
0.6616657557236112
0.6632689011328778
0.6648319864012074
0.6660796395214491
0.6669837256430928
0.6686662219701086
0.670290411033718
0.6720720800803209
0.6734043024921421
0.6745651221736659
0.6756636949158469
0.6766665186852451
0.6781083479834902
0.6791240255057941
0.6807089021692205
0.6827435649453548
0.6839016713439545
0.6852115709536966
0.686563140004369
0.687537652492432
0.6887708637696704
0.6901543321264536
0.6912980723002691
0.6919787083102137
0.6931853546972193
0.6944403067233766
0.6958212390575722
0.69695526234269
0.6979282469084687
0.6988610496265387
0.7003788227942582
0.7014278431013146
0.7025906611866899
0.7044460839639058
0.7059472331865833
0.7073305724434412
0.7083998538164598
0.7090547274822162
0.7097382195625985
0.7105417095219068
0.7113626140050764
0.7125968739731484
0.7140168797253139
0.7152643522083496
0.7161316248672027
0.716941783282364
0.7177802300058665
0.7185204292386765
0.7195612026353145
0.7203737041127797
0.7214138131840311
0.7224114530650589
0.7236176927269309
0.7247761207166055
0.7259662245339478
0.7271378280205902
0.728355702625793
0.7296134048234573
0.7305746933462623
0.7312639457215282
0.7318890502545646
0.7325441259638718
0.7334280759960702
0.7343537467023928
0.7351459713100688
0.7361758395015686
0.7370196333651287
0.7377379045182818
0.7383244052593352
0.7391669509245349
0.7402669213888616
0.7411963712561478
0.7421771965880753
0.7431095933909554
0.7438703339013816
0.7447370660271098
0.7456192836620557
0.7465034998693361
0.7475216306009814
0.7483755400016184
0.7490906136812395
0.7497807608848764
0.7504795440259955
0.7511354740912859
0.752116711602765
0.7527738817122686
0.753382849811536
0.7542408811443356
0.7549636528796957
0.7556248936530221
0.7564061638640163
0.75717795349728
0.7580119269120695
0.7584453873827244
0.7590610679246905
0.7597779889136479
0.7603045260685681
0.7607976506553147
0.7614666003535768
0.7617026351473205
0.7620752828430697
0.7625114162080946
0.7630396007441098
0.7635429699258833
0.7645083958758502
0.7652492485914488
0.7657559875589391
0.7663442832559163
0.7671190028993775
0.7675921165962597
0.7680868702834175
0.7687309254075441
0.7693643060898355
0.7700453443213459
0.7704872769232568
0.7709659794412702
0.7717294887862618
0.7728423848033557
0.773463729815382
0.7742806337021597
0.7750751519137392
0.7757632504589272
0.7762516870421342
0.7770651671014384
0.7775494417039107
0.7780311935878055
0.778515118438863
0.7790164001769457
0.779810062073183
0.7803013248097769
0.7809017745048799
0.7815744887798046
0.7820337167111673
0.7825136781408224
0.7828627629386571
0.7831593866524622
0.7839292327641922
0.7845744260738957
0.7853072826619407
0.7861263599341847
0.7869104380323546
0.7873078923577014
0.7876923198916855
0.7877855831146292
0.787974390650736
0.7885501912422379
0.7891049701548464
0.7899765566342052
0.790549378219364
0.7912321925855027
0.7917304645995134
0.7923145873776518
0.7924888781200052
0.7928192577550812
0.793135378476939
0.7940770531674859
0.7943539634622234
0.7946853471801665
0.7950887958825601
0.7954286287793699
0.7956317851575985
0.7960408176180982
0.796746843191172
0.7972486384807368
0.7978676486505625
0.7985610795842885
0.7988231362617672
0.7988565127070786
0.7992960149830116
0.7999123545681813
0.8005239586227424
0.8005636296092045
0.8009075389252504
0.8012220319252545
0.8012331855756937
0.8016111134910584
0.8020653954696801
0.802463075778673
0.8028463337080989
0.8034225480788885
0.804113098450943
0.8045451056211437
0.8055251824056062
0.8058233774152495
0.8061923589024815
0.8064375598268998
0.8068486853903037
0.8071270573091559
0.8073874780573128
0.8077311256664477
0.8081517745305609
0.8085355696219592
0.809093779383294
0.8096194815536735
0.8101149106460488
0.810809842454661
0.8115749606216389
0.8119307306346847
0.812238517054377
0.8122034655844981
0.812358908005301
0.8125299526342293
0.8126554593866165
0.812988888964108
0.8133599137295311
0.8137701104842232
0.8142355342879778
0.8145245215079023
0.8147721960134886
0.8150849098358008
0.815247476640288
0.8157743252657745
0.8165543024524428
0.8170969264026156
0.8175497297367043
0.8179828083998203
0.8183234398590182
0.8186388223983425
0.8183802070798036
0.8187669925113292
0.8193712699940353
0.8198523644337528
0.8200200808913853
0.8202131637543766
0.8205850024221513
0.8207439548928336
0.8211085311552031
0.8212695416792346
0.8214087441021025
0.82155987622404
0.8216400660553114
0.821891513601069
0.8222614619055599
0.8227244792803138
0.8233102989482622
0.8240203220816862
0.8247590506022031
0.8252045707472694
0.8256576755789666
0.8259067150530507
0.8262920180691785
0.8263564292990022
0.8265127937089803
0.8268537332896853
0.827091719714548
0.8274325018092933
0.8279141198014708
0.8281629091709953
0.828769500099403
0.8291745363754096
0.8291763941510352
0.8292388568499238
0.8292013316356185
0.8293759905220373
0.8296515743102634
0.8299561314622503
0.8306049828921612
0.8312236256360624
0.8318323573426109
0.8319884704309033
0.8320254686125518
0.8322749529372895
0.8325126632401544
0.8329225420183547
0.8331934487880429
0.8335660650690964
0.8336940961060316
0.8341374426376429
0.834391675612484
0.8344306441856824
0.8345038743153624
0.8346795799276797
0.8346036075986605
0.8347470960090313
0.8349502046533755
0.8348686446986141
0.8350816745580322
0.8353503512243269
0.8359040313865845
0.8362793267882263
0.8369824203988877
0.8374626047497215
0.8379340723651628
0.8379639063731701
0.8378795223320288
0.8382529172736103
0.838676138743828
0.8390105963321984
0.8391187880541777
0.8392493136299355
0.8396329032224347
0.8397691141479677
0.8394247368333939
0.8391787451967249
0.8388668434665104
0.8590672631984237
0.805775504666167
0.8043056074594663
0.8243228487892134
0.8232897183497307
0.8233426768361877
0.8226940918756644
0.8222966314033642
0.8223437068633994
0.8188315073239238
0.8253928814593021
0.8232894967699351
0.8238565298786554
0.8284607357634388
0.8181302436530662
0.8261651043937869
0.8232373031002997
0.8208190862804283
0.8108396741653728
0.8262612787552456
0.8134861486825153
0.8159035842753297
0.8387554497797403
0.8321626516707616
0.8232474452269901
0.8089414243160802
0.8144543584800686
0.8205856639632323
0.8225021353345872
0.8221871027351942
0.822128091971336
0.8221406082099761
0.821835058133007
0.8217857041871267
0.8216055045583526
0.8212926384774871
0.8210355954256661
0.8206736121370063
0.8202747869495434
0.8204107248654081
0.8204560154147134
0.8203220305431089
0.8201564881745519
0.8201358966176799
0.820080951957755
0.8197315350616291
0.8197301070877889
0.8195812846797514
0.8194276958043301
0.8190884399261619
0.8187430485575516
0.8185676469525095
0.818265146669511
0.818203261301222
0.8179617991547415
0.8179539598809338
0.8177645789117403
0.817366595037239
0.8172678585876575
0.8171250782157362
0.8168592668342897
0.8164387008659898
0.8158538751567643
0.8158300600297154
0.8153935683515054
0.8153254814907428
0.816482524216966
0.8182830106104048
0.8180910298238262
0.8119481230795906
0.8086105055348113
0.8109362782876773
0.813453701600752
0.8142561910612115
0.814442903503315
0.8142827937332676
0.8138802398860072
0.8136242259457316
0.8206924146249096
0.8598195701835247
0.8964551573236516
0.8909840152936039
0.8540858163398858
0.8309368767575364
0.8236235198509111
0.8214078279237932
0.8186425438306648
0.7825880987538446
0.7071942457119466
0.6928557885738676
0.7445359109300166
0.7989071164538537
0.8102777143189361
0.8118596572616957
0.8124126110384428
0.812700777669642
0.8129930710642972
0.8139439911531252
0.8026177789965293
0.8182772273107694
0.8249232352452495
0.8359895222946375
0.8224585487253675
0.8267736055616888
0.8290410655748656
0.8303377644521565
0.8316290890423935
0.8325509383391569
0.8333351404098994
0.8335908699362021
0.8345468378627037
0.8355894212834316
0.8367779216035885
0.8377929515654534
0.8389205552474946
0.839859430176949
0.8405858135152827
0.8415194017991353
0.842208114663358
0.8427014041400555
0.8431915707008797
0.8439208624949139
0.8443879867360764
0.8447858212156989
0.8454373996968163
0.8459668882978612
0.8461393756783055
0.8464023257901673
0.8471825537273525
0.8477720717622499
0.8481363706929603
0.8492060914149848
0.8497871930201988
0.8506520288589858
0.8515899931384363
0.8520625647823862
0.8527069273704778
0.8533236663363463
0.853849965809508
0.8545862746385181
0.8545820556807822
0.8549933700647805
0.8553671251482805
0.8559824655679512
0.8565932083687742
0.8569765040596792
0.8573359941654505
0.857592610137341
0.8576316340377691
0.8579208405254863
0.8579946466823994
0.858260218317069
0.8591324208054207
0.8598707345441421
0.8604546762969586
0.8605526949186071
0.860610466686499
0.8612205464409116
0.8619221551122371
0.8621865520371687
0.8624784266179157
0.862967139080418
0.8635278988956702
0.8636940062728007
0.8638372973954014
0.8640284895767503
0.8643205997829014
0.8647992424992685
0.8652066012660402
0.8655871632643818
0.8664319269298799
0.8669774756989442
0.8673863520583759
0.8679022670693776
0.8681165335472837
0.8685459812575326
0.8685506074626012
0.8687576899276155
0.8688011448340988
0.8689882614409162
0.869391408301388
0.8698834462861808
0.8702867334400954
0.8708467323586029
0.8714580032754798
0.8717769877045873
0.8720615881230315
0.8722617530178637
0.872351744033888
0.8726260838073719
0.8723615508755094
0.8722996724967945
0.8726141549256596
0.8730785224172377
0.8734266717041563
0.8736956480825823
0.8740987237934198
0.8744929392600412
0.8748275010626286
0.8750696506175637
0.875191332736924
0.8754470532442492
0.8758140708250626
0.8763148858334195
0.8766265261851994
0.876981733384687
0.8772081736625651
0.8773407505472463
0.8773417974434156
0.8773878000423531
0.8775034905502551
0.8772362541028562
0.8772995676793216
0.8775121806457212
0.8778361791139612
0.8779062524562671
0.8779828332804905
0.8782875583702969
0.8786421368052346
0.878983991837762
0.8794027197133563
0.8795947437018145
0.8796943062789119
0.8800619262185314
0.8800358046104032
0.8800871134309929
0.8804390595608981
0.8810065999986652
0.8809645875736377
0.880972268874088
0.8811683289682473
0.8815523529011204
0.8815777033893557
0.8815462714635535
0.8815271906645756
0.8816197753541533
0.8815963188461233
0.8815092023033154
0.8812360666028365
0.8813100749850511
0.8814006300643696
0.8814039310207328
0.8816926260031236
0.8820925741018987
0.8823180198150786
0.8825702271410881
0.8830565868625231
0.8834084930447554
0.8836507613662754
0.8840168757836323
0.8844182345601947
0.8848332752820773
0.8853635855877385
0.8855758758299936
0.8855765640386412
0.8857407102154513
0.8858616612885386
0.8861215218787712
0.8858843892447855
0.8860782097157204
0.886289988636545
0.8861668647216009
0.8862599203079079
0.886227385777937
0.8862135013896488
0.8866582210902711
0.8869524271315073
0.8871450498048892
0.8875695480623493
0.8880289804007176
0.8879052531824685
0.8878139475860298
0.8878762095047646
0.8880564997984446
0.8884549576908863
0.88822866695476
0.888522814126082
0.8886703876121843
0.888629383549719
0.888822063919208
0.8891330318408605
0.8894897611383156
0.8898903408568111
0.8903477608979545
0.8907574382145423
0.8912800801996908
0.8913785281525999
0.8913021115336579
0.8912660162911625
0.8911540454842134
0.8912445093423677
0.8912754981185859
0.8914475757325988
0.8915022032219214
0.890913080411343
0.8908150588229174
0.8908060204905764
0.8908159720198724
0.8911731089136252
0.8915519831606434
0.8921461087017151
0.8927401968149395
0.8930966568666463
0.8935655217700398
0.8938087216010524
0.8938635252112587
0.8935440564516787
0.893529185404333
0.8932865687581175
0.8934540179490904
0.8936487231033964
0.8939079873813018
0.8941383770917256
0.8943258231467613
0.8945866304040341
0.8950110516260124
0.8949217557900837
0.894755466732417
0.894638834833548
0.8944964730570045
0.8948578747289583
0.8954673607083053
0.8957710523014697
0.8960640573839666
0.8960704657043603
0.8963435374006673
0.8962193343144139
0.8960140899768578
0.895756297764988
0.8958193224174097
0.8960041363070648
0.8962709680549407
0.8965098289546088
0.8967853969634054
0.8969057393913517
0.8971308379368373
0.8975536841165893
0.897960641906291
0.8982766342830532
0.898861717585785
0.8992331463418823
0.8995686261138569
0.8995911275063292
0.8992769442916968
0.8987641198855427
0.8985334750899934
0.8981779951655162
0.898362478086155
0.8985714833736849
0.8988988323023385
0.8991731939123664
0.8992570809877071
0.8995867039966532
0.8995838460230146
0.8995863244591664
0.899418840154008
0.8993796652610508
0.8995417103148823
0.899561001140515
0.8994258019956342
0.8995681093665047
0.899733200933139
0.8998700858059908
0.9000080722129362
0.9001695635332327
0.9005385674459512
0.9010239576843911
0.9015306493310772
0.9020626723457263
0.9020579037224494
0.9022229314385779
0.9022358496925454
0.9019789663157747
0.9021485948843991
0.9022477143303308
0.9023032952553155
0.9020926640226083
0.9018747905906852
0.9018959163386085
0.9018403772724789
0.9015736983460326
0.9013954499586021
0.9015160574232391
0.9019979557748448
0.9022738068482888
0.9023439045430506
0.9024957772523909
0.9025459167390484
0.9027918028849448
0.9030889406419351
0.9026834578243321
0.9027760691157312
0.9029144195757389
0.9031957049680646
0.9032310099702021
0.9032111591007842
0.9036160379777385
0.9039049040105367
0.9035765544342163
0.9013351289839006
0.9288736754129815
0.8474607493260363
0.8854473543533897
0.8897765102007383
0.8893869510911048
0.8894405842140599
0.8891898622691725
0.8891050459706822
0.888874277937314
0.8884218442623222
0.8882004239079667
0.8879351496221836
0.8878713918791286
0.887689711396612
0.8874401411072846
0.8873528374967852
0.8873379829103009
0.8872735388643258
0.887475564313417
0.8876788959983197
0.8875829573028338
0.8875045958645386
0.886967128281192
0.8865847404035715
0.8864437364325293
0.8859169793830834
0.8855195078936725
0.8853186988700876
0.8852562523566837
0.8853908179488877
0.8849840594532982
0.8847312818078897
0.8846539316897021
0.8848275295483734
0.8847539893145864
0.8848092556127322
0.8850779912068285
0.8849691485797438
0.8845177618600271
0.8843314818694241
0.8843143994611107
0.8839820214288834
0.8835835911130766
0.8835367594481023
0.8834298061705638
0.8829998939338549
0.8825373411963386
0.8823064997820523
0.8819272867853386
0.8816689032629326
0.8815589892336709
0.8814605368510221
0.881498807099077
0.881422030080303
0.8814314303257775
0.88140598866612
0.8815302420800953
0.8813479008808064
0.8810854806519741
0.8808151392323271
0.8804614157289669
0.8799415947488154
0.8798003317886637
0.8798208248382671
0.8799607945462761
0.879883188044536
0.8795990326762984
0.8794261085701753
0.8789137559390047
0.8788680759993498
0.8785058351622302
0.878583934794036
0.8785139133944267
0.8782479055712549
0.8780776346504159
0.8779205319105853
0.8778703126428602
0.8777984972405597
0.8776284075670147
0.8776736879928031
0.8774345731940885
0.8772139189014325
0.8770311768214031
0.876769586961223
0.8766250626167579
0.8766367603532269
0.876484335179109
0.8766223644019098
0.8766213843308066
0.8763947951308404
0.8757916693450233
0.8754411983005371
0.8752166679420542
0.8747501281307858
0.8745011244813835
0.8746374465688783
0.8743966202623418
0.8744531935109033
0.87434766313468
0.8743215207508203
0.8740008162143156
0.874041360327718
0.8739492461169379
0.8738058812742334
0.8733361412193629
0.8730761174696711
0.872927327195906
0.8726979461357205
0.8726056931667654
0.8725407502873302
0.8724516054918657
0.8724038420778824
0.8719211777945004
0.8719593998928784
0.8717060365799537
0.871592792275695
0.8715169164324372
0.8714484776580996
0.8713675955001504
0.8711437267274066
0.8705922618436431
0.8704469371756536
0.8704019863257494
0.8702736253448178
0.8705223183383827
0.8706121170488286
0.8707464632195504
0.8706647546919898
0.8705515651364177
0.8705563823627257
0.8707360019102518
0.8704419287136531
0.8697416103007639
0.8691317784193867
0.8687965072051438
0.8683311767292681
0.8679438910824397
0.8674094425983147
0.8674933321486433
0.8677033962532364
0.8678340512435919
0.8677207262846781
0.8677916508017516
0.8682733402324119
0.8683047171612321
0.8682562271413532
0.868204564783861
0.8679225457059015
0.8677208276268916
0.8675016764292343
0.8674394473965167
0.8673126104227677
0.8671121124798509
0.8668897011999032
0.8667961178261713
0.8664877555704915
0.8660443282541497
0.8656801723245041
0.86575998404616
0.8656805029587826
0.865667717130664
0.8654743326406735
0.8654007227759104
0.8653310753123734
0.8651509452673966
0.864957434417231
0.8652647686236121
0.8655873232872177
0.865555894303823
0.8655666009840643
0.865500013734911
0.8651364050053335
0.8647297234726319
0.8641289665538334
0.8638781899642124
0.8635084682337628
0.8633972365219428
0.863424508689329
0.863125680652782
0.8628108215000672
0.8628621655141077
0.8626087750592585
0.8627034975826136
0.8627772907456832
0.8629653289609371
0.8631553047869199
0.8633136206121679
0.8629433164414212
0.862765076059065
0.8624196400220333
0.8621499993252462
0.8622041920908213
0.8622806940003452
0.8625827623511566
0.8628785876663639
0.8630656040623782
0.8631819243663564
0.8628619493473089
0.8620258688100217
0.8615113120999343
0.8610219650383034
0.860502388230999
0.8597528881844545
0.8595767497200484
0.8594241645208671
0.8595327313056583
0.8592025046836418
0.8591091529506304
0.8589907122138891
0.858843481089932
0.8589389288728898
0.8587246891308717
0.8591512230439422
0.8590959078925858
0.8589881856656938
0.8589552589707258
0.8585548630563945
0.8582494745465359
0.857868589711315
0.857896558119583
0.8581054290529831
0.8583851759320141
0.8585536457841343
0.8587353100055015
0.8591137234931612
0.8589170025496718
0.8588138305778281
0.8585094700982169
0.8584147000637845
0.858347977929831
0.858171684235607
0.8580975801036071
0.857478408173645
0.8570777075592738
0.8569851963136298
0.8567266813440113
0.8564688628619828
0.8561583302436475
0.8562113842165966
0.8563599119036985
0.8562426517376951
0.8557543492561919
0.8554628381318056
0.8555962192751682
0.8554514584577084
0.8547688743191174
0.8545701198509627
0.8542260058645416
0.8537402957529846
0.8534099299032357
0.8534033491339118
0.8533594642446497
0.8533797873742676
0.8537375816023799
0.8539434539738997
0.8538645509411126
0.8537142040614137
0.8536044802230539
0.8536786755919694
0.8534470222114597
0.8530367506136072
0.8528613839231761
0.8526500533508373
0.8519796919030682
0.8516040261087168
0.8513640124991745
0.8512181153748257
0.8511774921604994
0.851653561035658
0.8520523243565941
0.8520941095707227
0.8520291383740262
0.8520382606188822
0.8519174387431598
0.8515458574621122
0.8510376050694369
0.8510572551210771
0.8508176150376499
0.8504859003052164
0.8500767284277936
0.849989361754389
0.850126334565818
0.8500211788438795
0.8498399806719996
0.8498105509880978
0.8496188779134789
0.8493655559381014
0.849170298190974
0.8490647590861597
0.8489095649397796
0.8489670866584872
0.8489214266200498
0.8490021511694951
0.8489581255274748
0.8485688309648405
0.8477791176275571
0.8471150340910094
0.8469511442965418
0.8468177038876276
0.8464200288072019
0.8458739943041264
0.8458537162980702
0.8458574320965045
0.8455122542164583
0.8455864642603909
0.8457739458442453
0.8461265334102578
0.8462735294082223
0.8464858743501762
0.8465183037735006
0.8462923880816399
0.8461369626730444
0.8461693756996091
0.845750856440245
0.8455792120282754
0.8454267359401169
0.8453855425110632
0.8451955170980129
0.8450142936174453
0.8449417065417797
0.8451069803596276
0.8450305152055806
0.8452508885391853
0.845374148235901
0.8454878201318982
0.8454437940557933
0.8453464950903455
0.8451149449597395
0.8450814898459784
0.8447445483184275
0.8444402772224543
0.8444798025949468
0.8443387839487382
0.8444360421451602
0.8443782512005844
0.8440900588250951
0.8442262988839666
0.8441901936617463
0.8438513150546673
0.8435588102160573
0.8439080047299271
0.8440460764499802
0.8441910511114472
0.8439096055696733
0.8436243787710915
0.8436108964100559
0.8431648573313555
0.8427619180159411
0.8424417841140409
0.8420160938939417
0.8418236315629378
0.8415120005708296
0.8412481954327091
0.8410190410351641
0.8410532008337046
0.84089478753838
0.8408291537506797
0.8406740553284245
0.8406167449664997
0.8405065862318429
0.840410732767633
0.8403376846213405
0.8404425086668952
0.8403373558705279
0.8404864308259817
0.8404936526743495
0.8403298554694956
0.8403622328561126
0.8401946545641426
0.8400860898131199
0.8397362038640799
0.8393064412257228
0.8391103866725558
0.8389492750065588
0.8386786310720216
0.838777252313295
0.8387507880712257
0.8388797158469045
0.8386086437086064
0.8384521243251534
0.8383820547165273
0.8381240299425088
0.8376870335656366
0.8375038633877167
0.8372693051163727
0.8371382667193148
0.8367736263210404
0.836619002841317
0.8366106808356752
0.8366151394338817
0.8367249521608296
0.8367215985500579
0.8363689512214373
0.8366114889963677
0.8366215068485345
0.8366281367015369
0.8364637410252982
0.8363438525710366
0.8362267802006493
0.8362849103163049
0.8364036758216565
0.8362740003169066
0.8360219594158347
0.8360490273143483
0.8357815061670397
0.8355218263497047
0.8355545337952838
0.8354831106486333
0.8353363315016658
0.8349547928961064
0.8346279656362705
0.8343387355131746
0.833947817136633
0.8337383890274906
0.833455436369003
0.8330800618281344
0.8327966872062915
0.8328796214304937
0.833006918598765
0.8326974387998847
0.8328221609713738
0.8328332017749366
0.8325541058806667
0.8320758733760476
0.8317456142436683
0.8314241159409838
0.8311027616789917
0.8309293554669173
0.8308524676475068
0.8305909853992508
0.8304586976472025
0.8305759718201896
0.8306759302843116
0.8309270313602902
0.8308154066260066
0.8307171945298428
0.830738654775114
0.8305063879804114
0.8300832500236917
0.8299276246553888
0.8299171097033746
0.829723267702421
0.8299241287423047
0.8299962126907486
0.8297094359162123
0.8296701563288521
0.8293863273638672
0.8290875106688657
0.8286958262517675
0.8284001678965406
0.8285013482998862
0.8282799258597794
0.8284946974900906
0.8287197869661498
0.8287097611954789
0.8284003444594119
0.8282907534595706
0.828210379379652
0.8278957687890683
0.8276907535238711
0.8273093862414396
0.826770372072706
0.8266154131303226
0.8265397512227723
0.826501729338585
0.8263982870159281
0.8261488786817144
0.8262795525092684
0.8262809324382052
0.8260076711729332
0.8259710103283266
0.8258739975933743
0.8257686043224998
0.8254327888246024
0.8251359781708641
0.8250113225917447
0.8247059518648288
0.8248636896316465
0.8246847364004161
0.8246455033387426
0.8246515354230669
0.8248105188712374
0.8249114303990147
0.8247162348110529
0.8247163212778915
0.8244802018378927
0.8244076174490349
0.8240042189062198
0.8237044072499041
0.8236497131595347
0.8234437312668713
0.8232775548368982
0.8230500077778962
0.8230780535409624
0.8232333515476025
0.8229340056429991
0.8228532177926926
0.8224327985827086
0.8224355698675612
0.8225805535108264
0.8221866370871003
0.8220203729373015
0.8216570314939585
0.8213460036486663
0.8210173998795277
0.8208590414126351
0.8206727454951143
0.820820030922913
0.8204973221450408
0.8205831646193285
0.8205965888546239
0.8205056457625429
0.8200126050490529
0.819533345102059
0.8194913692474303
0.8193938494465112
0.8193742703219336
0.819043482018809
0.8190507518491018
0.8192460116715821
0.8192169071680266
0.8194431868299523
0.8193192017655904
0.8194141823851061
0.8193370769208775
0.8190539635317541
0.8185799901492413
0.8181135912299399
0.8179754265680922
0.8177320719169604
0.8177942757229805
0.817944063698246
0.8178598912657904
0.8177101779999307
0.8175166710995916
0.8175779906684673
0.817438710607818
0.8171799843137931
0.817021294702354
0.8171658416675437
0.8171592668085279
0.8171210127202777
0.8171340890375333
0.8169201597943512
0.8170777173716604
0.8169795819198638
0.8167575044333476
0.8166953984694354
0.8166378087720507
0.8163321829919447
0.8163132164801596
0.8164779668203898
0.8164713518343062
0.816082347319057
0.8154881121350774
0.8152467486017043
0.8150518616063472
0.8147270208599755
0.8144430892458475
0.8141365291998685
0.8140430204040556
0.8140604876804814
0.8141322859376307
0.8141418847863606
0.8142068901091607
0.8141222243360742
0.8141246649924001
0.8134895128499228
0.8138339541281621
0.8136420640779949
0.8133723564368345
0.8129815025542495
0.8132073621809345
0.8132027735275418
0.8130237933962705
0.8128556191871452
0.8127407620356668
0.812828755318583
0.8124059633452116
0.8120967717357106
0.8119734352268342
0.8120056165470008
0.8117225763614451
0.8119223661518696
0.8121449738281442
0.8123677485800082
0.8123239499766731
0.8121888514698865
0.8120168542169003
0.8117551993582109
0.8113507478151665
0.811376735521975
0.8112621723037131
0.8111956779667785
0.8107509467661668
0.8107259380798573
0.8104819695266627
0.8101958880074789
0.8099948892008695
0.8096097994118864
0.8095267186933089
0.8093687669031426
0.8093172016707005
0.8094889332706071
0.8093621693026608
0.8096499133981292
0.8098903234933854
0.8098784227190398
0.8096054545263077
0.8093325171948992
0.8089494994714805
0.8087179202517936
0.8085888292966728
0.8083294064373702
0.8082800581419658
0.8081043251354804
0.8078533273441437
0.8079121380687398
0.8078276910708018
0.8076677737384584
0.8074086688406706
0.8073792724993445
0.8076183260180475
0.8074878077190065
0.8074996813054057
0.8075428540254914
0.8075642162922989
0.8077936124059137
0.8076284525166771
0.8073596647199295
0.8070220160794266
0.8069622658045397
0.8065172286807615
0.8061949159419939
0.8061819803386876
0.806653595659583
0.806676746317879
0.8068206052717027
0.8068522320011975
0.8068640923317685
0.8065042877163545
0.80606656504997
0.8058167259975964
0.8056641967071447
0.8055612822552403
0.8054925689916413
0.805350210609246
0.8052184160836232
0.8052271992889263
0.804652228861022
0.8040942884112081
0.8037765487880105
0.8037443543613526
0.8038490384544905
0.8040429250605866
0.8043651069624457
0.8044468598521171
0.8039560956418419
0.8037779314838956
0.803367258683854
0.8030879821040251
0.8030082461914497
0.803057742493123
0.802852772716402
0.8027623039701917
0.8027963611625221
0.8024778151142176
0.8023050144578304
0.8018829968522552
0.801635214057175
0.8016927099951062
0.8018000467299069
0.8017092323940295
0.8015368190195523
0.8016781682154499
0.8015337134377162
0.8015714753397549
0.801364819797593
0.8010802981838493
0.8011173151833108
0.8012471285084317
0.8010459653446708
0.800977154924601
0.800703596680021
0.8004677356322265
0.7999958221457387
0.7992925261363313
0.798931154440525
0.7986897730980382
0.7987201112952461
0.7988250466427603
0.7989198027412284
0.7992028994199134
0.7992670056957415
0.7991979746049579
0.7988302337748637
0.7984672542561996
0.7980140241469919
0.7972068156721692
0.7969652665499758
0.7966390085114484
0.7966273559093162
0.796862169115071
0.797150225954142
0.7975784116892439
0.7976701168489648
0.7977245599886854
0.7973747034244908
0.7970858321677569
0.7970296717312836
0.7967832622039711
0.7964660497892372
0.7962679401617994
0.7963112449424854
0.7962898061072621
0.7961389701216259
0.7963238280738628
0.7963415207901978
0.796463347310892
0.7962255291838747
0.7963016139151882
0.7961778393273634
0.7959535603920171
0.7959207094011637
0.7957312827937911
0.7952190896256529
0.7950216547366445
0.794704475401453
0.7945836690718949
0.7944537519732562
0.7943071643506279
0.7944748466018103
0.7945479579541638
0.794400260223752
0.7941327571155241
0.7938649621913711
0.7936326903326452
0.7933024124523061
0.7928390612372784
0.7929082285943194
0.7931359216304804
0.7932042243941874
0.7930860851123975
0.7929949655707587
0.7929806140665077
0.7925780787494612
0.7923064918385196
0.7916800335075129
0.7913636055569745
0.7911269417600972
0.7910884670482
0.7911797414172
0.7913461351315743
0.791350026654515
0.7915223810684686
0.7913489335867143
0.791086242373643
0.7908129547074666
0.7909375193479506
0.7908682028147933
0.7909227519358222
0.7910742881117957
0.7909992383580706
0.7913585951072042
0.7911497196675391
0.7908400770066648
0.7905901542985276
0.7906431154877039
0.7905984958087933
0.7904308563862406
0.7904817948220226
0.7905236214416512
0.7903960514921379
0.7903812304742032
0.7901529987394845
0.7905553717341007
0.7904658273333377
0.7902227259186699
0.7901999295876458
0.7903830450254342
0.7908462329378746
0.7909091567225983
0.7906337954219335
0.7906810153547321
0.7904791284813543
0.7903317053495981
0.789753350021647
0.7894312632962995
0.7893397012981299
0.7890746978796819
0.7888569509049531
0.7888483899757196
0.7884228563374008
0.7883960740336221
0.7883237335287774
0.7885034495438474
0.7884160919425622
0.7884526679353279
0.788313413461327
0.7880522786692781
0.7877821039991428
0.7876862282570166
0.7875235099297924
0.787524998706228
0.7873612776301778
0.7872366007860204
0.787126370499264
0.7867516182328224
0.7865057928985679
0.7862181021250548
0.7859590750244559
0.7853106645185611
0.7848752213484275
0.7842394060798832
0.7838868609670928
0.7839077628515991
0.783899663827698
0.7842073282238292
0.7844086965679155
0.7841148729440938
0.783920576420026
0.7835999907027981
0.7833634133237065
0.7832010233491719
0.7829420871576673
0.7833858603656659
0.7837220410250973
0.7836375478540657
0.7835985246948614
0.7837864519437203
0.7839411588021902
0.7839218762587807
0.7838098439273845
0.7840537055920114
0.7841308580634926
0.7836754344216961
0.7831134977228595
0.7826062011705621
0.782405388671216
0.7823424016540841
0.7822161741675809
0.7823167470340523
0.782599872439026
0.7826216066350912
0.7825739380449636
0.7821301975424468
0.7819795585536877
0.781666657801221
0.7813877939469291
0.7812513212438519
0.7811519209271918
0.7809306905191516
0.7806334894661352
0.7801588624751443
0.7799086245024637
0.7798267202455373
0.7796434575804018
0.7798406939878106
0.7800662828268001
0.7803523516968542
0.7804726897764719
0.7807570538701329
0.7808443071718372
0.7807368501828775
0.7806684322885766
0.7803714854997177
0.7799954710914384
0.7797262643494474
0.7795323346229721
0.7793863869763037
0.7791214674205629
0.7789318571126208
0.7789463641007345
0.7786526888501263
0.7783695132631139
0.7783902766599041
0.778584213199995
0.7785943629625443
0.7786831690245226
0.7787372351153228
0.7786589730368373
0.7784991837582679
0.7779810248334622
0.7773907840247476
0.7769120802094129
0.7768912648024153
0.776759253726126
0.7767441969742295
0.776570279211888
0.7765677996288043
0.7763644320919486
0.776112491446879
0.7760692309371159
0.7757966610248753
0.7758020456505694
0.7755899344644724
0.775547319695668
0.7753699378229942
0.775223844941226
0.77474432076278
0.7771115966843635
