-0.017016694335031054
-0.016808307694422236
-0.015968448012291688
-0.015337984390684862
-0.01404581427913184
-0.01371328363380157
-0.013910158153042333
-0.014560916864103941
-0.014608962990298222
-0.014241336691863732
-0.013665137068145624
-0.01223694030319479
-0.011233190537124672
-0.010796278798427747
-0.010094724517547005
-0.01009204407618904
-0.00963817966996069
-0.010087538030729927
-0.009653070878228264
-0.00901941113203924
-0.008299199941125443
-0.008083196141157638
-0.007814202682676779
-0.007566244271053138
-0.007415165410390026
-0.007634462931437915
-0.007495515073496187
-0.007264706683704242
-0.007405841064080954
-0.007667436102317412
-0.0069297346280612175
-0.006105512688898276
-0.005328714155244446
-0.003945787570450907
-0.0028262396340896327
-0.002167556302105053
-0.0025654390736500783
-0.002530062522255203
-0.00300362846022623
-0.0035312706000315292
-0.004362444984418245
-0.00685482440757911
-0.005278973850809691
-0.003552979129453167
-0.002718892556082607
-0.004214642099434139
-0.004969306856123835
-0.004785816123184743
-0.004720993911372861
-0.004862984186872378
-0.004537490520821832
-0.004800250972419304
-0.01117278358130926
-0.027263173868920472
0.005853859645060012
-0.002625650536900663
-0.005178221272853379
-0.0024804354648347814
-0.035854908572772626
-0.022831853353294934
-0.011276400847880494
-0.011076129507075464
-0.007659428268366113
-0.0050292925893174675
-0.0038577098117868296
-0.002715554637752509
-0.0006360335019944194
0.0006090606069456411
0.0017419417010030754
0.0030518453045360674
0.004015008755934017
0.005045671642308031
0.005968973654476635
0.00643989182025298
0.007407634034390147
0.008291061626886191
0.009214832565109285
0.0100469755076397
0.010594020107085496
0.01104332889805397
0.01172401160037953
0.01231494634252727
0.013214375786171823
0.014247335484427491
0.014946483242574367
0.015267475972780407
0.01563628560995453
0.01586973921713134
0.016481633885375824
0.017327742709915404
0.018039387795371446
0.0192028566126524
0.01994381360786779
0.020386221327901084
0.020369756306516676
0.020607704278868537
0.020915560317211652
0.021324425862175533
0.0215847886426013
0.022136618468970887
0.02258167766782064
0.022971128095764834
0.023424512172534113
0.0239625007607802
0.024276179279531115
0.025189067073171575
0.025866526692542836
0.026011647892607972
0.026187648774853363
0.0265961379895377
0.027244306101971913
0.027326236947075137
0.027732488902651814
0.028499007534116785
0.02917629207564247
0.02988387185016976
0.03058726146828466
0.03128496325383571
0.031707608585511186
0.032061142801807406
0.032792519779106105
0.03315388746734428
0.034278520246205174
0.035040523387241146
0.03578798297171262
0.036343714384436135
0.03688082069418633
0.03716901629984478
0.037337545205266595
0.03762645596439203
0.03790467951919256
0.03875237755693089
0.039119542019827286
0.039776953097292934
0.0400581815904222
0.040610342065436254
0.04132159052310751
0.04203503132208757
0.0428248808443806
0.043599308439946395
0.04424779021029864
0.04470582706266795
0.04492873547699197
0.045287429470924186
0.04551281104883322
0.045666243831462006
0.04585984186253043
0.04607485095422335
0.046717150170521735
0.047409513124741585
0.04813234427401089
0.048797718540467716
0.049047040969538616
0.04938122021407311
0.049906767000080315
0.05022662458632123
0.05059640471996689
0.051544519306831627
0.052483932745788574
0.0531241143094722
0.053434145340087766
0.054008343736554505
0.05436001792885186
0.054640428826139786
0.055035654832873135
0.055649465519097496
0.0560966553419423
0.056846548544252536
0.057764611295139275
0.05847850622244643
0.05924761544257376
0.06003011070211129
0.060467717178713756
0.06093825018738099
0.061465793838031656
0.06198722409937206
0.062453752436018105
0.06309386113008797
0.06414797310353951
0.06461742464186725
0.06491925619106381
0.0656604023647942
0.06624118493131428
0.0667128852828209
0.06696758266079275
0.06710237142848166
0.06747280532834263
0.0677965061943378
0.06779463470375482
0.06751005416891112
0.06763474717789053
0.06798309450774366
0.06833752610252325
0.06880950610788639
0.0693836034185484
0.07012859344530811
0.07081874624571721
0.0716746058464556
0.07212142681393902
0.07256385349788608
0.07336689454300385
0.07415989206915229
0.07425493448066103
0.07470727410502721
0.07487652339306727
0.07531014615958462
0.07562183306522498
0.07589379714001923
0.07635867963636703
0.07638406718153068
0.07658309895469095
0.07702609259112819
0.07762457795357822
0.07837092050059943
0.07903806490040158
0.07980393371230421
0.08080299415563635
0.08151529527748164
0.08210194689370066
0.08295161952258759
0.08405292773150755
0.08460114330385846
0.08529470463764185
0.08586498253382308
0.0865339586146182
0.08654459695091175
0.08635771935590253
0.08670965707753969
0.08667595357571477
0.08699849595761432
0.0877429572571672
0.08853856296701094
0.08929314761581528
0.08996724654328955
0.0906910926652851
0.09114111055609515
0.09129857676298893
0.091987962849791
0.09229398679813502
0.09287933760647986
0.09332407080105257
0.09387727511432781
0.0943700832154577
0.09516981675489433
0.09594198353586474
0.09655509350835427
0.09675740453855534
0.0972778374342891
0.09786122142528415
0.09827310815021215
0.09865120303224187
0.0993749998810601
0.09970520703094402
0.10028881784148677
0.10094535766610947
0.10104813109458909
0.101462145972209
0.10192930644923472
0.10225301556108041
0.10232959849685314
0.10229704190596711
0.10257743599260258
0.10289638324095367
0.10318354999709767
0.10365100447111557
0.10433463707600124
0.10475977019414975
0.10530601271982828
0.10583680962514115
0.1066952110379635
0.10748188107716684
0.1078824328234912
0.10821461461019075
0.10851453723942564
0.10887678817048922
0.10904792725342578
0.10939178189374382
0.10997006368114254
0.11043431617830425
0.11114149286128777
0.11186674879513656
0.11260254692370586
0.11311429882039249
0.11381033374148827
0.11423892596852468
0.1148980309363897
0.11533225730194527
0.11555951984249145
0.11592185472699522
0.11663980010231294
0.11730765114611211
0.11753112504069152
0.1181193909623763
0.11873010106047026
0.11938685317496008
0.11960972399646766
0.11940971005123753
0.11967641244898665
0.11999832057105216
0.12050173954704528
0.12058939576201169
0.12092776552056707
0.12113931968677588
0.12164288900912565
0.12202361674067384
0.12235133666192693
0.12286571893211022
0.12325851031429698
0.12354721748449238
0.12409773114120283
0.12438130050575334
0.12462863723657
0.1251958504860834
0.12590407485739585
0.12650458197018238
0.12707321284869744
0.12811854271152423
0.1289795524360816
0.1297451358455619
0.13017482861279814
0.13087708328766035
0.13130177487323536
0.13138092890436753
0.13184477107553483
0.13219058097941316
0.13247358490649214
0.13300070049326845
0.1333690178396913
0.13383367087822634
0.13421001996861437
0.1345591230085929
0.13519104470257787
0.135196925306478
0.13541894972212282
0.1359482843317698
0.13622197756691307
0.13673918848975386
0.1370617883507524
0.1376450842108793
0.13821865444956016
0.138598685207667
0.13933564799651443
0.13990249822292444
0.1404098400517323
0.1405665518708544
0.14083234628666597
0.14146569490705166
0.14202098096346044
0.1422820831998205
0.1423079674487832
0.1428641975625517
0.14316986595073766
0.14352032276738758
0.14394069362180073
0.14449651140411246
0.14526134407654462
0.14572890982662218
0.146353658926535
0.1468599690846168
0.16050364357380992
0.11141653237608258
0.12768122871029175
0.14313385033469464
0.1429366822397342
0.1427457075704901
0.14264448422276904
0.14248130330196587
0.14272160879372614
0.14209151192163033
0.1454440990936213
0.1429052864103818
0.14406177983804055
0.14878854288578747
0.14071635948551003
0.14749073630584686
0.14524104742596944
0.145677537810517
0.1453852936234453
0.13113877419785608
0.14408265926058866
0.14425350872852924
0.1489369688418692
0.1371520980893776
0.1507110190632693
0.15248220731389506
0.14643664366485967
0.14985160411441906
0.14974147084453882
0.14931567210239752
0.1496738130158291
0.1501812795679458
0.15060150057102684
0.1508696431234865
0.15065913297131342
0.15008865950519962
0.14986788451797423
0.1494937840850295
0.14946745697732106
0.14953255149496855
0.15007662108725633
0.15033400915606812
0.1506502520874561
0.15086325522325206
0.15055365418040603
0.15082597834298625
0.1509598933529867
0.1509097403726182
0.15085395645795527
0.15111131353227283
0.15113452009053507
0.15151566334549676
0.15216052902874103
0.15232282703121194
0.1526159243674153
0.1527007238416341
0.15277195612850267
0.15272498412564883
0.15240645372482922
0.15188887292597
0.1519573820117703
0.15226791295728592
0.15229696817626343
0.15247095241284728
0.15263003700159172
0.1523027768178266
0.1520118124889249
0.151506264621147
0.151482611098112
0.15089727352179974
0.14940452840716476
0.15178475728529128
0.15259644728116642
0.15296398231571148
0.15342580442244047
0.15345082789995598
0.15355831997643452
0.15350479152697716
0.1536503153875064
0.15318359209664142
0.15025937844751655
0.1499148872241048
0.1523293996365147
0.1533439135135825
0.1537933900301094
0.15405575044419326
0.15382134378284976
0.15408164574178881
0.15457580756243383
0.1483074618060583
0.15324910579896023
0.12094541260461024
0.17726563303369372
0.1565119266542499
0.16096265931161555
0.1639201414228496
0.16498806084536904
0.16579421618905743
0.16617941503474287
0.16605364490143526
0.16601651954870128
0.1664356039205464
0.16722935099628292
0.16784158093781879
0.1683539801125688
0.1687160120708146
0.16924760505104716
0.1699105040142599
0.17007938150238927
0.17073137456875326
0.1714077404046728
0.17191142672558685
0.17234220022343885
0.17296479631741699
0.17328547404315764
0.17340925770550497
0.17406128065361887
0.17463685120346184
0.17546338040108972
0.17623446992691463
0.17740409967639137
0.17868634641151832
0.17956728272402536
0.18024014340503308
0.18069377704774103
0.18114972118218003
0.1817615694061223
0.1818734863229634
0.1826622980988974
0.18338057383115058
0.18434256801269927
0.18508637837689831
0.18607504018153104
0.18678032471434974
0.18746038062046316
0.18805993716965558
0.18857421584262044
0.18896954074240924
0.18985052564527155
0.19078510633942986
0.19139488637276414
0.19226644521632996
0.1932049663099048
0.19396840154527362
0.19436516355363304
0.19512394546799566
0.1955226176544775
0.1961234911757509
0.19716868757396866
0.19770098503671008
0.19826745339271543
0.19902400268954182
0.19939256942521555
0.1996688824655523
0.20005346361835363
0.20084147154001908
0.20147232128221082
0.20263292188357057
0.20319859718549585
0.2042958454941658
0.2053427181601072
0.20627021068411622
0.20707054787949708
0.20782482984771733
0.20854415127592707
0.2095617897214997
0.20962673290637265
0.21006365489825748
0.2107881689864776
0.21115583377501376
0.21153065820685055
0.2121297486748978
0.21265075343667433
0.21334226661622724
0.2135511257315108
0.21430917276287514
0.21490799008573716
0.21559905508675453
0.21684860340709455
0.21795125121014247
0.2186845223155503
0.21964329107147437
0.22037956193791314
0.22115180516865424
0.2215127786726253
0.22223578628013296
0.22269164298494804
0.2233997532926408
0.22416768147421534
0.22513763737538384
0.22622253015034727
0.2271753034112767
0.22812273980028033
0.22893507266522195
0.22959133960339034
0.2302238874023207
0.23102619575101946
0.23173964090837712
0.23266408810362443
0.23294437053409772
0.23381042503101168
0.23466724093289704
0.23554433749787207
0.2362101262603123
0.23642884700881336
0.23708109989833542
0.23784148641566
0.2386311562720539
0.2393360948613668
0.2399619456078823
0.24106641473142726
0.2416620664846791
0.24245744146915496
0.24332871516571622
0.24400986412918169
0.24457071456802765
0.24517468155992594
0.24579132597903186
0.24638382880838944
0.24706337918802435
0.24784699388322867
0.2482731524840608
0.24886586250012516
0.249538522190433
0.25054605884395026
0.2512246214537513
0.251802134790595
0.2522806258843851
0.2525928027461193
0.25313571338461166
0.25343918178805663
0.2539452269518972
0.2542935729599851
0.25472631522918104
0.2555774181248067
0.25621514518678545
0.2571881112582691
0.2576122638995085
0.2584217558631595
0.25947349173311024
0.26049176148948316
0.2614143481986338
0.2622269339929583
0.262780432104289
0.2635581396834533
0.2640845382378196
0.26446985184420685
0.2648279276431154
0.26542504551346024
0.2659530841329267
0.26646292032124647
0.2672144398294265
0.2679983461686117
0.268587064841468
0.26936150157432726
0.26987699567064405
0.2705697897151127
0.2707740116814938
0.27141290681281294
0.27214483052605276
0.2730495717486787
0.2740962475793244
0.27482985876021576
0.27559229503181765
0.27662970860530794
0.2774473210044746
0.2779701793716074
0.27838278746926487
0.27881937144981717
0.27941243738151406
0.2801916560973718
0.2811051046308464
0.2819638040250796
0.2830217682658336
0.28379194668455926
0.28455010985536294
0.2849683407115001
0.28523904979889403
0.28584495560938666
0.28644745034404895
0.2867515566778824
0.287604319244667
0.28831345126169944
0.28898484350592024
0.2897072746746078
0.29028288967735916
0.2911566224576762
0.2914617802061611
0.2920485688733068
0.29278974347116105
0.2933797320802916
0.29370820079941773
0.2943594546673326
0.29513589464625095
0.29587140495598585
0.29654339772574245
0.2971708251399897
0.29801506144446077
0.29889679364679433
0.2998144812698228
0.3003176272194054
0.301059134257194
0.3015313402660639
0.3018955975873659
0.3021274259384764
0.3023973024678162
0.3029342437463204
0.30341556278605275
0.30402849675778304
0.30464282686097194
0.3052384770197083
0.3059653794391882
0.3067709039780425
0.30746260160906913
0.3083030668326232
0.30912107375963244
0.3094689973247037
0.30998199894659456
0.3105918766425265
0.3112131842643893
0.31227453500194907
0.31321072706812414
0.3142891940423109
0.3148859976989462
0.3154004604801284
0.3156331059859623
0.31615020169983926
0.31645479833733314
0.3171529649245915
0.31805121121399005
0.3189828219447597
0.3194848952050944
0.3199603815493469
0.3203855755359138
0.3211469105407363
0.321589765840954
0.32212001694937387
0.3228846820842294
0.32389233915485177
0.3249569837582683
0.32566787950062387
0.3261668488669657
0.3270252080535041
0.32769858308942024
0.3278461176641274
0.32849330764156326
0.3290294207122857
0.3294416913197575
0.3298907802005758
0.33058141508449823
0.3311977811619445
0.33198975687804266
0.3324813628163432
0.3332226790549044
0.33371666688469426
0.33428908331364726
0.3349468768831195
0.3355683860496752
0.33632796797281467
0.3373516450079425
0.3377062605272395
0.33788573354264806
0.3386402021063043
0.3391592474070544
0.3395415710678474
0.33996883154008073
0.3409768681120114
0.3420653340037614
0.34289502554101325
0.3436959556859032
0.34426237149049954
0.3447835199889205
0.3451454359043199
0.34566071215800365
0.34588177977904566
0.3461353993761039
0.346530420939731
0.34697234369875274
0.34726700437428715
0.3476378579624968
0.3479853641720949
0.34875643172719006
0.34957075000499305
0.34995665826761546
0.3506350152970809
0.35102907829439933
0.35125398353486914
0.35133691101713405
0.351748161615422
0.35162254461344883
0.3514096859919252
0.3706987921032705
0.31351398353959564
0.3305921283069252
0.3433423425423738
0.3438653475620065
0.3448566182370062
0.3459083090255374
0.3465524575506783
0.3468160462536167
0.344345655316267
0.35054516475532804
0.34844948143226256
0.35045408198020866
0.35497211058601563
0.34724983824292943
0.3555366712111129
0.35401450266602397
0.3544038105096556
0.35287212549677005
0.3538489231273312
0.3424014346373142
0.35453559001466906
0.3538126713364749
0.3529471780822875
0.35100928786925717
0.3608920043701514
0.35494865331357983
0.35683438567935255
0.35624680609044307
0.3554796942623179
0.35496797881629266
0.35474643367323794
0.3547946616653016
0.3552360784837093
0.35556535530763894
0.3556851603661376
0.35594736241850067
0.3560271332678506
0.35593442252469265
0.35621104382294777
0.3565804559664236
0.35622257484980296
0.35597765968763084
0.35569553771269335
0.3558039147887237
0.355866737839587
0.3558239468054033
0.35598484028892385
0.3559346845182526
0.35588377222565043
0.35576224221793357
0.3559041794352895
0.3562170696734373
0.35627054562670135
0.3564293023830352
0.3566069794567825
0.3565232101170216
0.3566885669174782
0.356930231125934
0.3569470751456914
0.3564900776734651
0.35616202494857235
0.35577076057400125
0.355522962983504
0.3556642865479469
0.35587758928436386
0.356339263462483
0.3570948785343549
0.3578179815001793
0.3552263063398904
0.3542930822258281
0.3561243258992158
0.35711580641135665
0.35778422007678523
0.3583924495642995
0.3587529130802318
0.3587578363093432
0.35926089346945744
0.3589198790393307
0.3583484525205294
0.35502888118646214
0.35557689248462815
0.3573080307394069
0.3588917964196797
0.3594086947544638
0.35922402551433286
0.3590243295535983
0.359121920254442
0.3596646478412715
0.3533380692459557
0.361261186605621
0.3377283693958138
0.378980618286055
0.3623462768285469
0.36618531574550933
0.3690788671809149
0.36969799337037934
0.37030548633999255
0.3712541207558523
0.37236201695028476
0.3731406573793916
0.3741100362602907
0.3753145271760614
0.37576819714467746
0.3764845436666447
0.37725491975902936
0.37804003986493734
0.3786651482743588
0.37970060189233384
0.3807067149880809
0.38171371627400963
0.38270682973361103
0.38335757407733456
0.38415787657314115
0.38511652831677845
0.3862670005398171
0.3875860196027761
0.38861663124483176
0.38925219148750256
0.38955700473930005
0.3903013143649054
0.39106126247366796
0.3916933822527187
0.3926900965424358
0.3933471024586355
0.3946848886378987
0.39567421534391256
0.39641547557542267
0.39734879884020696
0.3984842457127218
0.3997144473369925
0.4006103440424241
0.4015297134675608
0.40249994526799054
0.40325541115089575
0.4040441509369175
0.4046451513854348
0.40573958487768835
0.40694021504257305
0.40765614555746765
0.4082188996658632
0.408872949419775
0.40985830119452915
0.41163623203351213
0.4128120391903955
0.41404689895843166
0.41516452357036215
0.4165542582587798
0.41770202392115663
0.4188645351036753
0.4201061744940523
0.42131700914735126
0.4223747722177186
0.4233778103397033
0.4245371903904939
0.4256684553691396
0.42694257406644764
0.42815383355174963
0.4287830328962178
0.4295783625219197
0.4303888057326561
0.43064885921841056
0.43141150900260816
0.4322890367076389
0.43344699514568985
0.4342998131139032
0.4352949568233031
0.4367978384642259
0.4375005527048341
0.43824732055437365
0.43924242145237535
0.43992196670117045
0.44075399595985787
0.4418492624382515
0.44284856437361697
0.4435245732397571
0.44395198898341526
0.44472964712402846
0.44530114849137203
0.4463195863273171
0.4468901173974097
0.4479223635751246
0.44893083566933956
0.44982000361141794
0.45066255139902006
0.45134035040775655
0.4522105155975443
0.4533618104148167
0.45450654636130494
0.4552162371076338
0.4563181354544787
0.45703568995725646
0.45786350422349303
0.4588856324253078
0.4601980046171153
0.4613060698817061
0.46231673422120456
0.46306691334091515
0.4636318056762697
0.46423794510512695
0.46493802046307886
0.46521698290834423
0.4660253282671041
0.46691439265204665
0.4676369611836934
0.4685868298867057
0.46964172592549713
0.4707159848652829
0.4711097734472365
0.4724131922843322
0.4736557766580936
0.47421752427266906
0.4748033891800244
0.47518138670710125
0.4758155301151956
0.476526026191062
0.47742611733052054
0.478472200421823
0.4795274048493188
0.4802381061690553
0.48121188960405303
0.48226045942501455
0.48274240364317433
0.483149051641972
0.4840557264634904
0.48514255833810294
0.4857203952774953
0.4862502367616305
0.4873677027167242
0.48856910897991845
0.48945843347105966
0.49007768059693474
0.49077327689010114
0.4914535757385133
0.4922895739216007
0.4928543183251667
0.49335239295698774
0.4938163766507607
0.49463380409305857
0.49534233624590956
0.49593851550768125
0.4966837521962769
0.4976339191969483
0.49839674544715795
0.49899612653716874
0.4998550345740628
0.5007570249847375
0.5016094412675525
0.5026341857680718
0.5035331593848762
0.5043629828636331
0.5053134608506458
0.50616909079096
0.5070439034492392
0.5078034351520146
0.5084782095000755
0.5092923292290469
0.5098965559134014
0.5104234935781171
0.5109359306894643
0.5113320951393409
0.5119408298916
0.5123188744266977
0.5127038947708502
0.5135671745787658
0.5139542230396306
0.5142866674955133
0.5148038966373634
0.5156096540213717
0.5163409284064631
0.5172146311441628
0.5179117871257687
0.5184348912344072
0.5189604368071745
0.5197332768614985
0.5205220982360552
0.5214479254404005
0.5219653630194067
0.5224908444334141
0.523089214227243
0.5240042962586648
0.5248534766267412
0.5256396263010049
0.5266495184893388
0.5279404708305887
0.5285875246798779
0.5290392624310617
0.5293486374102878
0.5297205059623193
0.5305384525887263
0.5311966224415262
0.5318742580996693
0.5325914488961456
0.5332483508613528
0.5341906076956202
0.5348233573162332
0.535682046635493
0.5367461825297973
0.5374849547351356
0.5381412849976243
0.5389419059838448
0.5394652106917203
0.5398853047124
0.5406503013818567
0.541512551028789
0.5422043664154534
0.5428485106229741
0.5435714833186448
0.5442563179223046
0.5450289194041672
0.545546738299595
0.5461825558231792
0.546463288514666
0.5467785807799175
0.5473101686340613
0.5476614193185148
0.5479323623410219
0.5484733334417626
0.5493811493931066
0.5500626113354956
0.5506702191591005
0.5516833539254076
0.5521493923403545
0.5527067824832843
0.5534941940230236
0.554393022227192
0.5549013010723598
0.5555985263184587
0.5561268037851227
0.5567244758961791
0.5573647289172223
0.5580486411807949
0.5587687385739005
0.5598261111925098
0.5613970184160726
0.5622368747919986
0.5631857167018526
0.5640431219348778
0.5646622686744438
0.5654734050498889
0.5660033300007719
0.5666659846954615
0.5673428785725488
0.5674742581269516
0.5677444890511857
0.5681243937948075
0.5682943296459736
0.5688387723454397
0.5689946974790481
0.5692621038136895
0.5696964112934269
0.5700839309603835
0.570571007893502
0.5708444421177473
0.5715686940987855
0.5723035894796786
0.5727217313961578
0.573326253863521
0.5739802653462407
0.5744864044929404
0.57524995421731
0.5754239388730154
0.5757426675275239
0.5766484372466214
0.5775816592713285
0.5781786306309862
0.5788205527165535
0.5795650735646914
0.5800352342983945
0.5804054171430479
0.580844349880291
0.5813361400121665
0.5819824217944676
0.5825691118623202
0.5830438252353862
0.5835787743735761
0.584037552830386
0.5849637665164222
0.5857770484243179
0.586174843935839
0.5863630499321524
0.5865403425512377
0.5871955846617278
0.587276097413558
0.5874914218611949
0.5883053316196174
0.5890415902239462
0.5899102150937676
0.5904353849137682
0.5909894154019306
0.5902259228620468
0.6064789593736337
0.5631890287454017
0.5691014743145248
0.5840730338355543
0.5839636616845468
0.5848354300753584
0.5848068241518425
0.5851624652733577
0.5852370094447703
0.5869288080350287
0.5901956574083469
0.5866793278907122
0.588337343684099
0.5914315062016349
0.5844100930584886
0.5903592335867417
0.5890381014553797
0.5894338778636864
0.5892979961702237
0.5937142597532903
0.5793497069124544
0.5920550116866522
0.5923271055937741
0.5963291404558994
0.5930981692037112
0.5926433085812185
0.5905587625139664
0.5926953485291615
0.5918810726520894
0.5911774904124725
0.5910016746507263
0.5912767037709126
0.591510894370133
0.5911147882619887
0.5905740934158508
0.5904075898504356
0.5905589700614922
0.5906178663067488
0.5904898062647773
0.5905098948150269
0.5903488740280556
0.5905990576072285
0.5903876678142973
0.5903824802120983
0.5905186994082247
0.5902512708041545
0.5902371061630611
0.5901477149599825
0.5900034551844799
0.590085267772021
0.5901940660971815
0.5904756925456233
0.5904700898470264
0.59071360661219
0.5904480907914157
0.5903514951527409
0.5899909555207691
0.5898172036149358
0.5894113291241752
0.5893686508407427
0.5889501576868219
0.5885942423569949
0.5884027045834093
0.5886467592521992
0.58916275174766
0.5895707460435472
0.5902827967359523
0.5913044281427197
0.5915202612015508
0.5885394700694567
0.5876688066794082
0.5900356232261403
0.5908643430189611
0.5911483034251497
0.5913998411339816
0.5917459437022605
0.5919074151621273
0.59221012096406
0.5925695089346921
0.5909952675868544
0.5864326094369446
0.5878612686303529
0.5900541974986633
0.5912470303725532
0.5913015833797289
0.5911458806302996
0.5910205859077535
0.5910946564313937
0.5914212542056543
0.5864153160844264
0.5908821551874478
0.5580646820695434
0.6184455044597592
0.5984080209407346
0.6030129144156899
0.6058185411685681
0.6072040405858559
0.6080282767936175
0.608778591046912
0.6093203315095951
0.6099536228619296
0.6111845311044637
0.6120323086010867
0.6130869809677537
0.6140123864379782
0.6148969336567056
0.6157169536243919
0.6165036446536953
0.6176482320750157
0.6183179589629639
0.6197120385956381
0.6214537286740573
0.6223687450865075
0.6234765360125756
0.6244648992501256
0.6251439221536332
0.6263281112152136
0.6276190440161278
0.628395548442731
0.6289709883273741
0.630262777737352
0.6313548743357043
0.6326656343868742
0.6338397847386885
0.6349008065463773
0.6357961959098084
0.6370863368864415
0.6379983132878233
0.6389748636028817
0.6407005614334833
0.6421817485035557
0.6435002723056567
0.6448059272669828
0.6453329384897156
0.6458714465808225
0.6463842446279553
0.6469056041941355
0.6478645417261918
0.6491646839127105
0.6504039716038861
0.651394770024801
0.6522119143570221
0.6531006553003516
0.6538062458551241
0.6548254981728436
0.6556946923286164
0.6564670520531816
0.6574745331742646
0.6586200044390438
0.6597299670882559
0.6608933472378354
0.6618513236869689
0.6630068866816661
0.6643265156085597
0.6651908262553721
0.6657565177679059
0.6662721359242065
0.6669407946558518
0.6679117913731019
0.6688472292908745
0.669815041703052
0.6706590417887794
0.6713474224587348
0.6718023547140847
0.672354944100559
0.6732235687655169
0.6743983130773693
0.6754279399646264
0.6763994478646569
0.6774678795493927
0.6781670201633269
0.6788419518388493
0.6795177569924074
0.6802047392305637
0.6811441770038195
0.6820544090128557
0.6826888779914866
0.6834755949397654
0.6842172041200931
0.6849444442489632
0.6857885699113144
0.686256391865885
0.686763490268675
0.6872528092398509
0.6877202342379678
0.6886570876267409
0.6896473871246295
0.6904542602445827
0.6912386260575334
0.6918916816391106
0.692545238010763
0.6932204300597591
0.6937091073045748
0.6941131368164475
0.6947502979474907
0.6950107945285368
0.6952269890303061
0.6954724621733331
0.6960167512167303
0.6965970642402013
0.6975331165147723
0.6981972078146761
0.6987554373161389
0.6995282169385246
0.7002137419497523
0.7005261188336058
0.7008864745271113
0.7015052970309203
0.701937187563719
0.7024645027986308
0.7029635706283388
0.7036080557868734
0.7044681809943661
0.705754715685643
0.7064733609505833
0.7074775794139314
0.7082805520311976
0.7088825326458779
0.7092736225095035
0.7098642232042764
0.7103364031165156
0.7106647394576943
0.7111500687448575
0.711731091352688
0.7126503076336484
0.7130226438390437
0.7135467804022891
0.7143710141619157
0.7147347273763957
0.7150247710784919
0.7154058829546427
0.7157524915884288
0.7165784796986217
0.7172593915116956
0.7178699404548581
0.7186770225796606
0.7195000564026299
0.719841251736147
0.7200951135782557
0.7200791237396769
0.7202468253225598
0.7208872202450495
0.7214804992917303
0.7223902988886565
0.7229248531379047
0.72348193111439
0.723869361856194
0.7243247661647744
0.7243611417968997
0.7246808083241092
0.7250237314826382
0.7260167944588295
0.7263816278872839
0.7267440517139816
0.7271130365016176
0.7273817535536917
0.727601295218712
0.7280513089122278
0.7288286433467673
0.7293712375711479
0.7300853935866869
0.7308432796723932
0.7312305803546904
0.7313797553995014
0.7317892133314557
0.7325261827400525
0.7330602171798766
0.7330041848123531
0.7332694676887549
0.7336676634295176
0.7336892562891194
0.7338891638433775
0.7343402321220439
0.734904050091237
0.7352943002146264
0.735917250559192
0.7366474773557201
0.7371945474017687
0.7381500723818578
0.7385066929544242
0.7387777721970241
0.7388241296415494
0.7393111232041655
0.7394502592225196
0.7395327036506775
0.7397650936855169
0.7401319376973354
0.7404341289132342
0.7409878118583212
0.7416633162789141
0.7422143076892875
0.742915745565579
0.7438585033869267
0.7443413803832022
0.7448284560074401
0.7447956270993988
0.7450149056657567
0.745246941916655
0.7454142283289527
0.7456956967613964
0.7460773254625854
0.7466071457204264
0.7469687077070626
0.7472280308430277
0.7475128011279057
0.7478219128858078
0.7480366827120015
0.7484261688315136
0.7491940814292894
0.7499015896031807
0.7504350570383975
0.7508017032313998
0.7511524075193221
0.7514308668923726
0.7509909812493412
0.7512206242590679
0.7518145485577056
0.7524060101344677
0.7527038797420919
0.753029151211544
0.7535330124220598
0.7538908966735349
0.7541903942968067
0.754244021905656
0.754338970375486
0.7543580707712083
0.7543764128276457
0.7545526685420346
0.7550303585416861
0.7555163677197306
0.7561527390435896
0.7569667709015294
0.7577466672884925
0.7582504674898463
0.758558463381489
0.7588579745460818
0.7592928336083679
0.7594153041895528
0.7595931152259515
0.7601359577267064
0.760432417459066
0.7606765721828298
0.7608835876547551
0.761072865757658
0.7618005438511775
0.7621299881226696
0.762246525898963
0.7626634209358807
0.762801073386859
0.7629187878390065
0.7632354773185832
0.7636025591838753
0.7640733266101517
0.7644636100305031
0.764936437553011
0.7651462961054039
0.7652116315876586
0.7654986488664486
0.7658337007918008
0.7663359390120488
0.7665690167431224
0.7669503142326745
0.7670852239085408
0.76764937353504
0.7679498798861878
0.7679990230247361
0.7681834345376757
0.7683792253114113
0.7682898955242361
0.768392011098767
0.7684762513688168
0.7682688455762745
0.7684335743154886
0.7687449873389782
0.7693370225602447
0.769794049214571
0.7706218282568184
0.7711301964729436
0.7714875008547448
0.7714920687218657
0.7714059841346991
0.7716482191855328
0.7719491184766719
0.7724527227673536
0.7724351019924285
0.7727739863091827
0.7731147563513084
0.7734628298382005
0.7732440035378334
0.7731303014914618
0.772897923064059
0.7936464691179208
0.7273653476712516
0.7480337579893578
0.7634044002283304
0.7646764123436025
0.7642892672575156
0.7638377804645958
0.7637216016708332
0.7642427495357819
0.7609830039175283
0.7675839822074405
0.7663231988315473
0.767487487132516
0.771568000054577
0.7613821714281852
0.7708207909420834
0.7668544705556054
0.765473817570943
0.7426470781442583
0.7620686352703099
0.7564314152030626
0.7694020313598289
0.7778674655967097
0.7730308335773493
0.7669888782108617
0.7593228483801896
0.7663844936218729
0.7713324163156202
0.7705029345219622
0.7699662624557824
0.7696956508882067
0.7692708747735062
0.768795124754486
0.7687181466021323
0.768701128329553
0.7685627802508012
0.7682511830349846
0.7679127133932773
0.7674553271214064
0.7675811685505574
0.7675578598702364
0.7674969468836284
0.7676682555355844
0.767943665634827
0.7680469923419175
0.7678465106615259
0.7678620772486506
0.7678078817817707
0.7677574932552166
0.7673078833296956
0.7669157610616519
0.7669432360345196
0.7667279460757737
0.7667320437608751
0.7665045194231098
0.7664678011478004
0.7663344624942354
0.7661211069203874
0.7659846651503145
0.7659543258974374
0.7658943251689345
0.7657723450504229
0.7654798173602932
0.7655963758361058
0.7653251993752263
0.7652450005886688
0.7657850764181062
0.766435688488457
0.7657967745142494
0.7610707137337254
0.7604693158098258
0.7626641018384516
0.7631813553975867
0.7631932109707814
0.7633366915813499
0.7631719791092657
0.7629972885954226
0.7628433056151508
0.7699987381344612
0.7942165310159331
0.8253105136923574
0.8143368886136444
0.7845056359799945
0.7702904016360436
0.7659052528357099
0.7646199759696326
0.761778801665865
0.7308814871392969
0.6539378938777467
0.6545423775171386
0.7052491562142646
0.7528711514406909
0.7588505212848053
0.759920088684314
0.7604115985625806
0.7607204129366599
0.7610485942509885
0.7621314958718802
0.7522207478927622
0.764207173828537
0.771090309807819
0.7758430972057397
0.7683487275637163
0.7716685081310803
0.7728011039089496
0.7732588339786842
0.773642132905186
0.7738043829557433
0.7740793817211646
0.773870135775961
0.7744356156038655
0.7750081968189972
0.7758077385232397
0.7765300757042669
0.7773099258389231
0.7781001066505713
0.7785240488847549
0.7791815015013392
0.7797214900679755
0.7800851393453432
0.7804344430992973
0.781001386307902
0.7813677588223289
0.7818269079382816
0.7824248415535058
0.7830937963613935
0.783502652859209
0.7838499938619997
0.784737320890169
0.7853230356374846
0.7855978884115818
0.7864778546129235
0.7870830849027132
0.787906877057309
0.7888649077427242
0.7893511532271619
0.789890919965069
0.7903914362426167
0.7907574205748672
0.7913854911259176
0.7913633583741787
0.7919057866194927
0.7923254772641783
0.7929111022231813
0.7934302885511012
0.7938614792962004
0.7939568303331427
0.7938096831839938
0.7936975220268004
0.7940391918865906
0.7941755332237432
0.794544141315407
0.7955043633062973
0.796211682091128
0.7966212784913462
0.796788591114903
0.7967193275857136
0.7972797195308629
0.7980788695705396
0.7982930408607511
0.7984619646266645
0.7988606221985952
0.7993155834974883
0.7993474112482863
0.79955771662925
0.799835555925342
0.8002681586110135
0.8006464409178093
0.8011385666169164
0.8015375092588277
0.8021828665448387
0.8025109522126161
0.803106552506913
0.8036113066449487
0.8039937944550672
0.8045013308335311
0.8044933539738921
0.8048885710954539
0.8051504776957735
0.805330771890768
0.8057943308234444
0.8063333421857082
0.8067486794619292
0.8071729477823262
0.8076574152831015
0.8079925533612433
0.8081873197664713
0.8084884568464181
0.8085652558286204
0.8088958690179722
0.8086624062914045
0.8085677993565062
0.8088044188141471
0.8092651027397886
0.8095805225590164
0.809911158636041
0.8101687107538698
0.8105557858257924
0.8110784446244259
0.8113340675961995
0.8115017761912731
0.8116398652705057
0.8120889391489775
0.8125949968762074
0.813004286970956
0.8133072005955063
0.8134843214722195
0.813655615529915
0.813538476606037
0.8136596567318284
0.8137933371590236
0.8136888852870257
0.813894693330919
0.8142078311259405
0.8146440264358449
0.8147609992449771
0.8147850924759623
0.8151194197840637
0.8153756075242192
0.8158898923242427
0.8164476875234793
0.8165308377664081
0.8167869942391219
0.8171162885207884
0.8171107834306774
0.8170422890167673
0.8172763286356068
0.8178238273810369
0.817754799228452
0.8178841005950751
0.8182843819928409
0.8188957923692827
0.819006112185166
0.8190815039956908
0.8190062328388282
0.8190505320612651
0.8190030985879874
0.818869208277408
0.81859375316072
0.8186766819507845
0.8188402134366045
0.8189020539719837
0.8192705757723755
0.8195820487130288
0.8199285216255576
0.8200798265800404
0.8203845068137776
0.820827187096913
0.8209528511943027
0.821000555065444
0.8213156302163959
0.82179430343793
0.8223758485239323
0.8225903704320273
0.822684226182095
0.8228972597454529
0.8232318371124268
0.8236638194745204
0.8234514381127649
0.8235680053644356
0.82357251967575
0.8234819377262784
0.823545748267672
0.8233487234753756
0.8233054868697027
0.8237966886515515
0.8243608576028648
0.8246101843478794
0.8250456759136873
0.8256181312217166
0.8255670385882816
0.8257394020092974
0.8258241375573141
0.825950997532466
0.8262917458270265
0.8259047518095827
0.826015176312447
0.8262426194841865
0.8261908735734083
0.8264707352165019
0.8269109805734411
0.8273396857303372
0.827737640257392
0.8281305887462601
0.8283703385897685
0.828781168104948
0.8286679903633183
0.8284572721236524
0.8285711493041733
0.828618646402038
0.828778973315263
0.8289126213148291
0.829088422509199
0.8294247707645275
0.8290198599566065
0.8290708527302941
0.8291601736613653
0.8294457801360408
0.8301113615627019
0.8305802258489359
0.8310215827199191
0.8314235017766018
0.8315598660665421
0.8319248550213216
0.8322111689230075
0.8322258137318616
0.8319921991902242
0.8321003452626321
0.8319968208078655
0.8321201291389398
0.8323141930178957
0.8324658058648562
0.8325991356322013
0.8327560145670315
0.8329811392744737
0.8335434654428466
0.8333467204917127
0.8331342136609738
0.8329767669402184
0.8327219811048656
0.8331112627048807
0.833840672021881
0.8341650192485985
0.8345524439634319
0.8346158952296779
0.8348884156618819
0.8347284182354782
0.8345893827451829
0.8343227618900311
0.83427461202992
0.8343130691978488
0.8346045047936766
0.8348222432740154
0.834909014608218
0.8351076027080548
0.8353325255642454
0.8358463910510749
0.8363636822035102
0.8367030555130432
0.8373641629963982
0.8377824010507512
0.8381625178339297
0.8382913701595157
0.8378430087342044
0.837343476714905
0.8371816413504001
0.8368871794365904
0.8370987815428164
0.8371791376574321
0.8375380631187995
0.8376602869858989
0.8376155746203775
0.8379795221768594
0.8378644348993257
0.8378545710396796
0.8378275944789181
0.8379919873167054
0.8382491159147386
0.838370758419738
0.8383568383908467
0.8386138268815911
0.8387263723755036
0.8389223475328548
0.8392805893343023
0.8395811483324274
0.8399498340174281
0.8403938795857749
0.8407897827550823
0.8411949671551691
0.8410544072971586
0.8412223944406265
0.8413703404935454
0.8413148790695615
0.841600418805517
0.841653116712699
0.841747116982649
0.841693754621045
0.8414503052039409
0.8415184682554753
0.841585226818856
0.8415075440659833
0.8413676470953797
0.8415020568871924
0.8420395389245812
0.8423739458055637
0.8425772036691558
0.8430855234024744
0.8433788669721439
0.8437326069152055
0.8441516441199538
0.8439770302180376
0.8440633849511047
0.8440966484486169
0.8442082841225587
0.8442349643402007
0.8442835025047861
0.8445620760452911
0.8448234907470942
0.8446573240537246
0.8425972939633316
0.8527541968070143
0.7949683279168116
0.8310508410472525
0.8353122836650464
0.8356517733169393
0.8361043231814456
0.8361998656723366
0.8361829823438411
0.8362340886214091
0.8360088799903824
0.8361140427917102
0.836279828105796
0.836476247458997
0.8363715673694104
0.8361785411717214
0.8360814204644509
0.836069447144499
0.8358707482770429
0.8359666506348142
0.8364613767544395
0.836478775844284
0.8365218506807718
0.8360639057100221
0.8356584536214322
0.8356637646295858
0.8351755203714032
0.8348314179355593
0.834662426088731
0.834614888437075
0.8348091872041141
0.8343993549028837
0.8339940129053416
0.8340257232714877
0.8340850986276699
0.834006023936617
0.8341428266247015
0.8344359102500336
0.8344185456157988
0.8340417878485771
0.8340048545446311
0.8341545952429855
0.8337277178287994
0.8333202914222029
0.8334428340634911
0.8333821945178166
0.8328952062146194
0.832285713500362
0.8319877452796537
0.8314005038169505
0.8311681081028675
0.8309224557610789
0.8309580625001184
0.8310846047898958
0.8311712745016436
0.8312311161184717
0.8310844785380535
0.8310834631022983
0.8308497113659522
0.8305291533901005
0.8302519582833815
0.8298253158837591
0.8292859670603466
0.8291220202611762
0.8290915328156853
0.8293154013821609
0.8293462940022727
0.8292545935581385
0.8292407059572544
0.8288345378701839
0.8289414836826035
0.8287464495464583
0.8287115125759513
0.8286083141929999
0.8284475353109562
0.8282568787307293
0.8281395269083325
0.8281345420521733
0.8282361942520415
0.828021667080734
0.8282079661089102
0.8278956997285958
0.8277610984788568
0.8274391799461552
0.826972616366976
0.8268347380068788
0.8268505214653674
0.8266891169549242
0.826808944845894
0.8268220188593375
0.8266727838761609
0.8261737107573637
0.8257744396650081
0.8256872661685195
0.825301975080564
0.8250042070836263
0.8249931306704836
0.8247329130261838
0.8247569283378808
0.824676413829589
0.824581414722267
0.8243638408216301
0.8244919489823466
0.8243808716466323
0.8241406598205652
0.8236971355792224
0.8233773927025024
0.8231759249972441
0.8229595272170467
0.8229579104543487
0.822853830964813
0.8229840739650358
0.8229773826661924
0.8225813774484141
0.8225817317750425
0.8222843202096394
0.8221463129572295
0.8219744615458784
0.8218924457025503
0.8218398948293022
0.8217154583708076
0.8211986380702612
0.8210917835178214
0.8209812608749306
0.8207420686994396
0.8209261836336257
0.8209376006549096
0.8209620096778322
0.8207989012169786
0.8206356787463776
0.8206715679687451
0.8208218960808484
0.8205759602977777
0.8200929254123366
0.8196361798897219
0.8193067653939595
0.8188296791508474
0.8184836577079697
0.8177465276515198
0.817695356114827
0.8177840315772421
0.8179899032607023
0.8180194866342643
0.8181058097031175
0.8186127903021653
0.8188780021554677
0.8188177189311501
0.8187790620841677
0.8184602299512017
0.8181642723639271
0.817916423224099
0.8178364781306985
0.8177473313470368
0.8175053911896913
0.8172436730018403
0.8170299743891228
0.8167276085462003
0.8163745226657919
0.8159833723742681
0.815971861295735
0.8159067728490915
0.8159717108501935
0.8158591124680493
0.8159095335956933
0.8157845567825858
0.8156801858991404
0.8155654643466539
0.8157347760419253
0.8159042887206993
0.8157537585755554
0.8156134250369589
0.8156895567333101
0.8152493365731514
0.8147588389951496
0.8140692834019374
0.814047632892534
0.813837774337022
0.81392181057022
0.8139999051366644
0.8138874947546648
0.813616232136706
0.813822547096175
0.8135199105429911
0.8133849781800442
0.8133671426499791
0.8135835264235218
0.8137880078032441
0.8140616319828254
0.8138024086145329
0.8134828964388475
0.8130828100739734
0.8126878368681172
0.8124585542062378
0.8121281172290167
0.8123290612826808
0.812798473516412
0.8129212873369939
0.8130096522707672
0.8128797590870841
0.8121432008526486
0.8116331510398938
0.811245256443815
0.8106999793822451
0.8099290363784051
0.8097084060892736
0.8096901605638838
0.8098970353089591
0.8094230260206912
0.8093644715978083
0.8092842915035768
0.8090520072344575
0.8090552695965595
0.8088397038587338
0.8092111533231691
0.8090398196249248
0.8087965754438333
0.8088855228546631
0.8083965219681437
0.8080826306830063
0.8076527135624815
0.8078575874280611
0.8081074497919243
0.8082406247881593
0.808250751307992
0.8084401178263909
0.8088319392448025
0.8085520876715148
0.8085146522758836
0.8083603153082413
0.8083678235802552
0.8084965794776887
0.8082212431663152
0.8080260761961628
0.807516055219715
0.8072387532876275
0.806952683580427
0.8066527854685643
0.8063459327218228
0.8060844428447966
0.8061738893189849
0.8062814400970647
0.8061972524737497
0.8057381831705813
0.805644714446358
0.8056861048310531
0.8055061326085705
0.8048455578734172
0.8045859636209824
0.8042408840670825
0.8035851301990371
0.8033083851160531
0.8034213804334323
0.8034844234258378
0.8036179542593556
0.8040785524290289
0.8042480262284943
0.8040978377361931
0.803722420509838
0.8035260834369552
0.8034309884482369
0.8033457961715492
0.8029737119044357
0.8029447134052468
0.8029729663135617
0.8024464025545804
0.802106579584557
0.8018923936607659
0.8017301875499374
0.8018535552251862
0.8021867935790402
0.8025634001154807
0.8026639084520865
0.8027473170623686
0.8028930352223467
0.8026559152470388
0.8024090221172718
0.8019396573874741
0.8021104042438674
0.8019196879376553
0.8016431508775756
0.8012830777844575
0.8010997002824168
0.8013359413459912
0.8012774530075716
0.8011672212998766
0.8009661703630694
0.8008765435393685
0.8005987557509966
0.8002467896177679
0.8001363262611928
0.7998899589978851
0.8001017613463373
0.8001826927928676
0.8003864657207223
0.8004140167863248
0.8000987079510078
0.7994510150317299
0.7988896486639456
0.7988087159721746
0.7989185378328313
0.798439299126183
0.797935506227698
0.7979669571931913
0.7979073869221394
0.797535958663005
0.7976044120642675
0.7977666152857686
0.7979365747547149
0.7978261989359094
0.7980521702694467
0.7980070695435147
0.797656748458963
0.797571092760619
0.7976720464943019
0.7973945674091387
0.7973903523681413
0.7972491349076593
0.7972658326245217
0.7969759516048425
0.7966334689209008
0.7963287894398234
0.7964355837626736
0.7965494058986894
0.7967547257537253
0.7968945312958673
0.7970412197673482
0.7971433066994291
0.7970700293664104
0.7965796684137647
0.7964545158027749
0.7961940157724455
0.7959152967510315
0.7959329092260442
0.7958407830370539
0.7959817643501387
0.7959996900003574
0.7957106153191336
0.7957239039510151
0.7957199076643017
0.7952680461063919
0.7947723456539312
0.7950112862786546
0.7951552661777682
0.7951526227511643
0.7949162386618109
0.7947742433219401
0.7947941012647153
0.7944050131857638
0.7940899110160522
0.7939787220752422
0.7935694230824556
0.7933438254842704
0.793024888281982
0.7926156947729938
0.7923155743657596
0.7922945704871377
0.7921966320690181
0.7921368070488917
0.7919686660272975
0.7919921446817518
0.791923806351462
0.7919511833157395
0.7917302509819157
0.7918044361726946
0.7920309418918046
0.7923151675758847
0.792260330990718
0.7921181894222513
0.792171212254194
0.7919105187732468
0.7917429492456535
0.7913916890532036
0.7909313757617427
0.79084363640412
0.7907254226037205
0.7905090473008327
0.7905947618709052
0.7905090980448061
0.7906180305507639
0.7902225541574116
0.7899458358311054
0.7899533868436972
0.7897256736721273
0.7893543763641983
0.7891459039458752
0.7891321929002726
0.7891744923582958
0.7889906450892967
0.7889611763155264
0.7890831964842936
0.7888923262048771
0.7888639654328358
0.7886856203916871
0.7882499718975374
0.7883359288015023
0.7882387026246618
0.7884804745555767
0.7883105549791987
0.7881412997943171
0.7880593193766393
0.7881220841657479
0.7882809338517915
0.7883144608440843
0.7882989698516942
0.7885176098543767
0.7883513880090336
0.7880130502212015
0.7879920388756912
0.7879844933902246
0.7877504273875591
0.7873946776315731
0.7871131053824684
0.7869253252715244
0.7865903651463523
0.7864389550879712
0.7862543784768222
0.785867484114163
0.7856555303994623
0.7856556894753244
0.7857875795911274
0.7855385768589647
0.7858347034862487
0.7857615937716587
0.7856701562939981
0.7853088631197427
0.7849827555798197
0.7846626857212695
0.7843472811577105
0.7842637530845261
0.7841192161033016
0.7838747542866371
0.7837908774843927
0.7839434703095423
0.7839656938379538
0.7840606017717304
0.7839622955671566
0.7838459642172888
0.783731563890328
0.7836643012090387
0.7834418404725627
0.783402876443614
0.7831988207470688
0.7830142662302123
0.7832257107596251
0.7833009792138033
0.7830280856041316
0.7829110230031143
0.7826764714462427
0.7824245797778613
0.7818595323565718
0.7815670221538855
0.7815343127687329
0.781426759387337
0.7815258437370233
0.781660240669473
0.7817656421628933
0.7814943850389834
0.7814120159254705
0.7813393446775349
0.7809601385822338
0.7806663945330756
0.7802703828892809
0.7798524973256776
0.7797435020347828
0.7795885927169204
0.7795340263561417
0.7792493613216219
0.7789826899307877
0.7792011772803908
0.7791376396575828
0.7788845023831342
0.7788908642325235
0.7789668691668828
0.7788661233494325
0.7784428804564525
0.7782318114783758
0.7781261121692593
0.7778692603217817
0.7781919695524623
0.7781165559795991
0.7780836607231019
0.7779507868366747
0.7780111854245118
0.778039532082254
0.7775792577117031
0.7776241891665291
0.7774889464714643
0.7773855393633435
0.777030971323831
0.7769361003332086
0.7770999759085986
0.7770452509956384
0.7767078469993668
0.7763023040590715
0.7763409631800726
0.7763194592711933
0.7760125183877088
0.7759916716321285
0.7757369578408959
0.7758447232145812
0.7760252565336273
0.7755346098655083
0.7753498105018639
0.7748913592601381
0.7746517396722228
0.7742309856654483
0.7741303786448959
0.7741290786229544
0.7744481555272076
0.7743288946482714
0.7744303966410534
0.7744534285806652
0.7745581154130783
0.7741119310854627
0.7736233466618999
0.7734239162063342
0.7733869375687867
0.77333535288827
0.7728574205684255
0.772882762916619
0.7730298235563333
0.7731140473727722
0.7733701612616352
0.7732703255949295
0.7733524338915507
0.7732653160399104
0.7728222376545604
0.7722212567182779
0.7717392221592294
0.7715658525743728
0.7713936341911497
0.7714097308473629
0.771504647500528
0.771531814093414
0.771399833748183
0.7711263505611471
0.7711784254630892
0.7710231551322226
0.7708701625230209
0.7706797062930995
0.7706695097383378
0.7705945296071631
0.770614976058333
0.7706670446451793
0.7705348561108902
0.7706723300931688
0.7706987374217111
0.7706764196417875
0.7708548114970052
0.7708944122346434
0.7707892128715252
0.7708441088506455
0.7711560500705166
0.7710480355922653
0.7704810477714957
0.769891982872788
0.7695631581993817
0.7691507713858121
0.7686747481550406
0.7683162106785313
0.7682423978784838
0.7681179835018659
0.7682472976084322
0.7683065478505525
0.7683520396722558
0.7683874508727899
0.7684238706117776
0.7683092390249604
0.7677265012110188
0.768248278025304
0.7681584511521087
0.767923140446879
0.7675237132550953
0.7675623605132664
0.7674456290067697
0.7671519729532781
0.7667688804016419
0.7666870737235164
0.766912605179193
0.7668041998978072
0.7665957062951927
0.7663815225630038
0.7663160249640534
0.7660265789126524
0.7660981365799834
0.7662952687884637
0.7665176300836056
0.7663701479601283
0.7663225709592575
0.7663110906395608
0.7660880525301994
0.7656607063592893
0.7658268401012294
0.765665821959036
0.7654559900169706
0.7649056534739882
0.7647380745208664
0.7643921828346218
0.7639938827472624
0.7638166184660183
0.763517188616446
0.7636519838117366
0.7636895242705068
0.7638487452169704
0.7640804363958614
0.7640074407552068
0.7643612663572661
0.7644059672410366
0.7641470039443724
0.7636351087880823
0.763282182508781
0.7627223411910878
0.7625030975033975
0.7625362750134993
0.7623654594733622
0.7624037734575863
0.7623581750176582
0.7622290396402195
0.762357037388058
0.7623161129406055
0.7623107333026551
0.7620362469953689
0.7621388815450738
0.7624174958666534
0.762210277559425
0.7620597711974704
0.7619918745202326
0.7620446753462025
0.7624145322759923
0.7622744477187197
0.7622302228032158
0.7621760174065839
0.7621721313071572
0.7617351725640161
0.7615107030976597
0.7616265341116777
0.7619777148042717
0.7619431857811902
0.7622206231919139
0.7621985833140261
0.7620531903335839
0.7615865503614229
0.7612139085786859
0.7609418644323678
0.7607956819274898
0.7607545847604928
0.760643179967449
0.7606000424041661
0.760425301241008
0.7603444361312445
0.7598190442975122
0.7592993039487488
0.759085444518036
0.7592088308170571
0.7593463867021868
0.7594054445858173
0.7596580265789231
0.759791243514104
0.7592878326404255
0.7589777805843398
0.7586230572025962
0.75854664790595
0.7585828498909042
0.7586151267272038
0.758424303732485
0.7582467633300978
0.7582441980043918
0.757744970550026
0.7574116556445104
0.7569487405833373
0.7564934660299408
0.7564800624005392
0.7566742283393684
0.7567300713390133
0.7567695229728311
0.7570487997836493
0.7569416571727057
0.7571483471303481
0.7569909392676961
0.7568626318305236
0.7569207733366448
0.7570836724208416
0.7567510991162382
0.7564703162144972
0.7561793185076575
0.7558070572977342
0.7551841672231875
0.7544429748327423
0.7542571312475982
0.7541716039064467
0.7541644815983024
0.7543287500079241
0.7543435655717344
0.7547359717726007
0.7548620340214176
0.7548799036475198
0.7546542422265418
0.7544749909146764
0.7541153675166239
0.7533605287157332
0.7529597381821971
0.7524468654973148
0.752412504957205
0.7528396753147436
0.7531367974762959
0.7537675826084546
0.753785822084869
0.7540558074728663
0.7538603423381097
0.7535963325553287
0.7534671622904494
0.7532535142551092
0.7528877867934181
0.7527599155187614
0.7526938773193468
0.7525361524645438
0.7522511413209316
0.7521627827566595
0.751988201823337
0.7521933982257711
0.7520473368905409
0.7523138982537657
0.7522803281788599
0.7522020132331014
0.7523808275340385
0.7522668314495757
0.7517186952852508
0.7514266697427446
0.7510511111878481
0.750663718668538
0.750373677552255
0.7501038207709925
0.7502610784956496
0.7502874849138047
0.7501163881981002
0.7498565579899809
0.7496285596754525
0.7497282103820606
0.7495492488284277
0.7491963241212279
0.7494375909785046
0.7498428034723893
0.7498522495526397
0.749572986446939
0.7492910376456391
0.7490885306529068
0.7485606338629289
0.7481650155193865
0.747477460026693
0.7473160439810208
0.7470660323722251
0.7470841914161118
0.7473615989129045
0.7475385738144663
0.7475495748183696
0.747731916074622
0.7476800011337612
0.7473486839474489
0.7470138118326991
0.7471634574077664
0.7470904707990459
0.7472288938387213
0.747391380997257
0.747317994189729
0.7478211096846654
0.7475599116488794
0.7471761174602871
0.746805469920967
0.7467949294183408
0.7466849873253835
0.7464098757482431
0.7465351228186482
0.7466226305536777
0.7464753500490913
0.7465904231454802
0.7461986063010733
0.7464316448573723
0.7462486762707157
0.7459376555955886
0.7459465069251603
0.7461231043520612
0.7465222087816251
0.746544736917074
0.7464147283999532
0.7465573578427929
0.7462665505640689
0.7461022727530937
0.7457069296722253
0.7455464183388973
0.7455553212787249
0.7452433547654215
0.7449339126566322
0.744868612611955
0.7444670121786019
0.7444319791328834
0.7443983600362474
0.7446454586425517
0.7446080459817035
0.7446623381013855
0.7444788468037847
0.7440944839540431
0.7437122202472746
0.7436002490450285
0.7434109782944857
0.743302957229726
0.7430638137590735
0.7428387307941516
0.7426317429953417
0.7421936749430375
0.7419459303771601
0.7415971799872713
0.7413380602309381
0.7406209083826727
0.7402919675394253
0.7395833874959499
0.7392255613543567
0.7392544176600909
0.7392578723403852
0.7397843765824588
0.7400718442005652
0.7399858764404509
0.7397603967767579
0.7395053274890151
0.7391891665803614
0.7386841920987081
0.738519344852774
0.7389036646985003
0.7392269662688224
0.7392142932549953
0.7391662790382075
0.7394780052650776
0.739679835857346
0.7398709720305383
0.7397111347874014
0.739891210343075
0.7399819147833031
0.7396125288935579
0.739023856326078
0.7384518191347398
0.7381305554023164
0.7380878343374272
0.7379288652734243
0.7380731733913285
0.7383624182122206
0.738416677161898
0.7384077773551861
0.7380898593261168
0.7380017964372907
0.7376951119348057
0.7374613318289973
0.7373378411781538
0.7373218913069163
0.737244224888062
0.7372296014119499
0.7370042631526618
0.7367223507346046
0.7366647894486247
0.7365481125407578
0.7366602742694273
0.7367673079776601
0.7370584782231573
0.7371226642147716
0.7372669576702615
0.7372906781631575
0.7371412118863423
0.7369695461842373
0.7366911166414609
0.7363002780716528
0.7362513463062067
0.7360735636373924
0.7360487801347685
0.7359479447516809
0.7358035100276034
0.7358484052526151
0.7355346109658766
0.7354050911929009
0.7353892147723032
0.7354501155487561
0.7354686454475237
0.7355654731835967
0.7356775486510546
0.735673571309998
0.7354889858779001
0.7347952860778615
0.7341550980663575
0.7336730877202893
0.7336016690079477
0.7334941002162071
0.7336900012040519
0.7334292956180852
0.7336082655349638
0.7334503082101637
0.7330646424582448
0.7330897509562411
0.7326925397852002
0.7328443302174568
0.7327796239068817
0.7327972631386478
0.7328367559419806
0.732994033853058
0.7328910173631268
0.735351716967127
